-0.499999628408871 -0.400002107398015 0.000100365882313 0.000074318225818 -0.000421479602930 0.020073176462690 0.016903753321529 -0.095865948901430 7.854721224530900
-0.499998834223909 -0.400006611444752 0.000397099795240 0.000158836992425 -0.000900809347437 0.059346782585345 -0.002331552182433 0.013222889503339 7.592897183713197
-0.499998098327751 -0.400010784919251 0.000883656137760 0.000147179231513 -0.000834694899920 0.097311268503911 -0.021566857686395 0.122311727908109 7.331073142895511
-0.499997901603036 -0.400011900600553 0.001553489308852 0.000039344943081 -0.000223136260380 0.133966634218388 -0.040802163192577 0.231400566317319 7.069249102077818
-0.499998724932400 -0.400007231267697 0.002400053707496 -0.000164665872882 0.000933866571207 0.169312879728777 -0.060037468698759 0.340489404717648 6.807425061260081
-0.500001049198482 -0.399994049699723 0.003416803732671 -0.000464853216375 0.002636313594795 0.203350005035078 -0.079272774200501 0.449578243126858 6.545601020442465
-0.500005355283919 -0.399969628675671 0.004597193783357 -0.000861217087378 0.004884204810429 0.236078010137290 -0.098508079711124 0.558667081531627 6.283776979624650
-0.500012124071349 -0.399931240974581 0.005934678258534 -0.001353757485933 0.007677540218087 0.267496895035413 -0.117743385210645 0.667755919938617 6.021952938807084
-0.500021836443409 -0.399876159375492 0.007422711557182 -0.001942474411987 0.011016319817780 0.297606659729449 -0.136978690719047 0.776844758343387 5.760128897989292
-0.500034973282736 -0.399801656657444 0.009054748078279 -0.002627367865582 0.014900543609497 0.326407304219395 -0.156213996218568 0.885933596743715 5.498304857171587
-0.500052015471970 -0.399705005599478 0.010824242220805 -0.003408437846675 0.019330211593216 0.353898828505253 -0.175449301731412 0.995022435157367 5.236480816354017
-0.500073443893747 -0.399583478980633 0.012724648383740 -0.004285684355332 0.024305323769003 0.380081232587023 -0.194684607235374 1.104111273557695 4.974656775536190
-0.500099739430704 -0.399434349579949 0.014749420966064 -0.005259107391509 0.029825880136791 0.404954516464704 -0.213919912730454 1.213200111966906 4.712832734718597
-0.500131382965480 -0.399254890176466 0.016892014366755 -0.006328706955161 0.035891880696626 0.428518680138297 -0.233155218247738 1.322288950369455 4.451008693900915
-0.500168855380712 -0.399042373549224 0.019145882984794 -0.007494483046400 0.042503325448473 0.450773723607802 -0.252390523751700 1.431377788774224 4.189184653082823
-0.500212637559038 -0.398794072477262 0.021504481219160 -0.008756435665158 0.049660214392344 0.471719646873216 -0.271625829246780 1.540466627185655 3.927360612265696
-0.500263210383095 -0.398507259739621 0.023961263468833 -0.010114564811392 0.057362547528272 0.491356449934544 -0.290861134759623 1.649555465583763 3.665536571447747
-0.500321054735521 -0.398179208115340 0.026509684132792 -0.011568870485190 0.065610324856191 0.509684132791783 -0.310096440263585 1.758644303992973 3.403712530629943
-0.500386651498953 -0.397807190383459 0.029143197610016 -0.013119352686508 0.074403546376156 0.526702695444933 -0.329331745771988 1.867733142399963 3.141888489812672
-0.500460481556030 -0.397388479323018 0.031855258299486 -0.014766011415368 0.083742212088156 0.542412137893996 -0.348567051267068 1.976821980802512 2.880064448994424
-0.500543025789388 -0.396920347713057 0.034639320600181 -0.016508846671703 0.093626321992168 0.556812460138968 -0.367802356784352 2.085910819211723 2.618240408176775
-0.500634765081667 -0.396400068332616 0.037488838911081 -0.018347858455625 0.104055876088227 0.569903662179852 -0.387037662279432 2.194999657614272 2.356416367359504
-0.500736180315502 -0.395824913960735 0.040397267631164 -0.020283046767022 0.115030874376298 0.581685744016650 -0.406272967787835 2.304088496019041 2.094592326541411
-0.500847752373532 -0.395192157376453 0.043358061159411 -0.022314411605961 0.126551316856394 0.592158705649357 -0.425508273296238 2.413177334428251 1.832768285723874
-0.500969962138394 -0.394499071358810 0.046364673894800 -0.024441952972443 0.138617203528535 0.601322547077976 -0.444743578795759 2.522266172830800 1.570944244906336
-0.501103290492726 -0.393742928686847 0.049410560236313 -0.026665670866421 0.151228534392689 0.609177268302508 -0.463978884308602 2.631355011237790 1.309120204088798
-0.501248218319166 -0.392921002139602 0.052489174582928 -0.028985565287964 0.164385309448878 0.615722869322952 -0.483214189803682 2.740443849642560 1.047296163270706
-0.501405226500351 -0.392030564496117 0.055593971333624 -0.031401636236983 0.178087528697091 0.620959350139305 -0.502449495316526 2.849532688047329 0.785472122452324
-0.501574795918918 -0.391068888535430 0.058718404887382 -0.033913883713566 0.192335192137327 0.624886710751567 -0.521684800816047 2.958621526454319 0.523648081636185
-0.501757407457507 -0.390033247036582 0.061855929643181 -0.036522307717646 0.207128299769599 0.627504951159748 -0.540920106324450 3.067710364861309 0.261824040817271
-0.501953541998753 -0.388920912778613 0.065000000000000 -0.039226908249268 0.222466851593905 0.628814071363834 -0.560155411828411 3.176799203263858 0.000000000000000
-0.502163680425295 -0.387729158540562 0.068144070356819 -0.042027685308410 0.238350847610225 0.628814071363834 -0.579390717336814 3.285888041670848 -0.261824040817538
-0.502388303619770 -0.386455257101469 0.071281595112618 -0.044924638895094 0.254780287818579 0.627504951159746 -0.598626022836335 3.394976880077838 -0.523648081635630
-0.502627892464817 -0.385096481240374 0.074406028666376 -0.047917769009276 0.271755172218968 0.624886710751568 -0.617861328344738 3.504065718480387 -0.785472122452613
-0.502882927843072 -0.383650103736317 0.077510825417072 -0.051007075650999 0.289275500811370 0.620959350139305 -0.637096633848699 3.613154556885156 -1.047296163271261
-0.503153890637173 -0.382113397368338 0.080589439763687 -0.054192558820243 0.307341273595796 0.615722869322949 -0.656331939352661 3.722243395296587 -1.309120204087688
-0.503441261729758 -0.380483634915477 0.083635326105200 -0.057474218517006 0.325952490572279 0.609177268302510 -0.675567244861064 3.831332233699136 -1.570944244907446
-0.503745522003465 -0.378758089156773 0.086641938840589 -0.060852054741312 0.345109151740775 0.601322547077973 -0.694802550365026 3.940421072101685 -1.832768285722763
-0.504067152340930 -0.376934032871266 0.089602732368836 -0.064326067493137 0.364811257101283 0.592158705649359 -0.714037855864547 4.049509910513116 -2.094592326541966
-0.504406633624793 -0.375008738837997 0.092511161088919 -0.067896256772459 0.385058806653849 0.581685744016650 -0.733273161377390 4.158598748913445 -2.356416367359504
-0.504764446737689 -0.372979479836005 0.095360679399819 -0.071562622579346 0.405851800398416 0.569903662179852 -0.752508466881352 4.267687587318214 -2.618240408176487
-0.505141072562258 -0.370843528644330 0.098144741700514 -0.075325164913753 0.427190238335007 0.556812460138970 -0.771743772380873 4.376776425729645 -2.880064448995134
-0.505536991981136 -0.368598158042012 0.100856802389984 -0.079183883775658 0.449074120463655 0.542412137893994 -0.790979077893716 4.485865264129973 -3.141888489812672
-0.505952685876962 -0.366240640808090 0.103490315867208 -0.083138779165126 0.471503446784305 0.526702695444931 -0.810214383388796 4.594954102539184 -3.403712530629099
-0.506388635132372 -0.363768249721605 0.106038736531167 -0.087189851082070 0.494478217297001 0.509684132791785 -0.829449688901640 4.704042940941733 -3.665536571448302
-0.506845320630005 -0.361178257561597 0.108495518780840 -0.091337099526578 0.517998432001709 0.491356449934544 -0.848684994405602 4.813131779348723 -3.927360612265840
-0.507323223252498 -0.358467937107104 0.110854117015206 -0.095580524498606 0.542064090898453 0.471719646873214 -0.867920299909564 4.922220617755713 -4.189184653082823
-0.507822823882489 -0.355634561137168 0.113107985633245 -0.099920125998154 0.566675193987232 0.450773723607800 -0.887155605413525 5.031309456160482 -4.451008693900915
-0.508344603402615 -0.352675402430828 0.115250579033936 -0.104355904025222 0.591831741268034 0.428518680138296 -0.906390910921928 5.140398294563031 -4.712832734717898
-0.508889042695514 -0.349587733767124 0.117275351616260 -0.108887858579831 0.617533732740849 0.404954516464706 -0.925626216421449 5.249487132970021 -4.974656775535991
-0.509456622643824 -0.346368827925095 0.119175757779195 -0.113515989661939 0.643781168405699 0.380081232587026 -0.944861521934293 5.358575971381452 -5.236480816355193
-0.510047824130182 -0.343015957683782 0.120945251921721 -0.118240297271610 0.670574048262607 0.353898828505250 -0.964096827429373 5.467664809779560 -5.498304857172176
-0.510663128037226 -0.339526395822225 0.122577288442818 -0.123060781408757 0.697912372311504 0.326407304219389 -0.983332132942216 5.576753648186550 -5.760128897986938
-0.511303015247593 -0.335897415119463 0.124065321741466 -0.127977442073468 0.725796140552437 0.297606659729455 -1.002567438446178 5.685842486593540 -6.021952938808361
-0.511967966643922 -0.332126288354536 0.125402806216643 -0.132990279265699 0.754225352985405 0.267496895035413 -1.021802743950140 5.794931325000530 -6.283776979623124
-0.512658463108849 -0.328210288306483 0.126583196267329 -0.138099292985450 0.783200009610407 0.236078010137297 -1.041038049449661 5.904020163400858 -6.545601020444547
-0.513374985525012 -0.324146687754346 0.127599946292504 -0.143304483232698 0.812720110427412 0.203350005035074 -1.060273354966945 6.013109001812289 -6.807425061260419
-0.514118014775050 -0.319932759477164 0.128446510691148 -0.148605850007533 0.842785655436473 0.169312879728772 -1.079508660462025 6.122197840217058 -7.069249102077402
-0.514888031741599 -0.315565776253976 0.129116343862240 -0.154003393309843 0.873396644637559 0.133966634218385 -1.098743965970428 6.231286678621828 -7.331073142893274
-0.515685517307298 -0.311043010863823 0.129602900204760 -0.159497113139695 0.904553078030668 0.097311268503919 -1.117979271474390 6.340375517022157 -7.592897183714697
-0.516510952354783 -0.306361736085744 0.129899634117687 -0.165087009497067 0.936254955615778 0.059346782585346 -1.137214576982792 6.449464355435808 -7.854721224531680
-0.517364817766693 -0.301519224698779 0.130000000000000 -0.170773082381981 0.968502277392957 0.020073176462687 0.022357285973662 -0.126794469470504 -4.014635292537427
-0.518218124246454 -0.296679883173551 0.130000000000000 -0.170661295952113 0.967868305045605 0.000000000000000 1.169196478745249 -6.630842733452713 0.000000000000000
-0.519042200814246 -0.292006312716659 0.130000000000000 -0.164815313558386 0.934714091378341 0.000000000000000 1.130862167961766 -6.413438053665121 0.000000000000000
-0.519838005827838 -0.287493078211109 0.130000000000000 -0.159161002718577 0.902646901110016 0.000000000000000 1.092527857182723 -6.196033373879750 0.000000000000000
-0.520606497645002 -0.283134744539906 0.130000000000000 -0.153698363432664 0.871666734240617 0.000000000000000 1.054193546408122 -5.978628694098820 0.000000000000000
-0.521348634623505 -0.278925876586056 0.130000000000000 -0.148427395700623 0.841773590770123 0.000000000000000 1.015859235629080 -5.761224014306787 0.000000000000000
-0.522065375121117 -0.274861039232563 0.130000000000000 -0.143348099522478 0.812967470698589 0.000000000000000 0.977524924850037 -5.543819334525857 0.000000000000000
-0.522757677495608 -0.270934797362433 0.130000000000000 -0.138460474898228 0.785248374025960 0.000000000000000 0.939190614070995 -5.326414654742706 0.000000000000000
-0.523426500104748 -0.267141715858672 0.130000000000000 -0.133764521827873 0.758616300752246 0.000000000000000 0.900856303296393 -5.109009974950673 0.000000000000000
-0.524072801306305 -0.263476359604284 0.130000000000000 -0.129260240311391 0.733071250877493 0.000000000000000 0.862521992512910 -4.891605295171964 0.000000000000000
-0.524697539458049 -0.259933293482276 0.130000000000000 -0.124947630348826 0.708613224401633 0.000000000000000 0.824187681733868 -4.674200615384372 0.000000000000000
-0.525301672917750 -0.256507082375653 0.130000000000000 -0.120826691940157 0.685242221324711 0.000000000000000 0.785853370959266 -4.456795935596780 0.000000000000000
-0.525886160043176 -0.253192291167419 0.130000000000000 -0.116897425085360 0.662958241646727 0.000000000000000 0.747519060180224 -4.239391255813629 0.000000000000000
-0.526451959192099 -0.249983484740581 0.130000000000000 -0.113159829784459 0.641761285367659 0.000000000000000 0.709184749396741 -4.021986576024927 0.000000000000000
-0.527000028722286 -0.246875227978143 0.130000000000000 -0.109613906037476 0.621651352487534 0.000000000000000 0.670850438626580 -3.804581896246217 0.000000000000000
-0.527531326991508 -0.243862085763111 0.130000000000000 -0.106259653844343 0.602628443006303 0.000000000000000 0.632516127843097 -3.587177216457516 0.000000000000000
-0.528046812357533 -0.240938622978491 0.130000000000000 -0.103097073205127 0.584692556924016 0.000000000000000 0.594181817068495 -3.369772536671034 0.000000000000000
-0.528547443178132 -0.238099404507288 0.130000000000000 -0.100126164119785 0.567843694240661 0.000000000000000 0.555847506285012 -3.152367856887883 0.000000000000000
-0.529034177811074 -0.235338995232507 0.130000000000000 -0.097346926588360 0.552081854956221 0.000000000000000 0.517513195510411 -2.934963177100292 0.000000000000000
-0.529507974614128 -0.232651960037153 0.130000000000000 -0.094759360610808 0.537407039070720 0.000000000000000 0.479178884726927 -2.717558497316030 0.000000000000000
-0.529969791945064 -0.230032863804233 0.130000000000000 -0.092363466187173 0.523819246584140 0.000000000000000 0.440844573952326 -2.500153817532880 0.000000000000000
-0.530420588161651 -0.227476271416750 0.130000000000000 -0.090159243317411 0.511318477496475 0.000000000000000 0.402510263177724 -2.282749137743068 0.000000000000000
-0.530861321621659 -0.224976747757711 0.130000000000000 -0.088146692001523 0.499904731807760 0.000000000000000 0.364175952389800 -2.065344457961027 0.000000000000000
-0.531292950682857 -0.222528857710122 0.130000000000000 -0.086325812239574 0.489578009517955 0.000000000000000 0.325841641619640 -1.847939778175656 0.000000000000000
-0.531716433703014 -0.220127166156986 0.130000000000000 -0.084696604031476 0.480338310627076 0.000000000000000 0.287507330840597 -1.630535098390284 0.000000000000000
-0.532132729039900 -0.217766237981311 0.130000000000000 -0.083259067377273 0.472185635135125 0.000000000000000 0.249173020057114 -1.413130418602693 0.000000000000000
-0.532542795051285 -0.215440638066100 0.130000000000000 -0.082013202276987 0.465119983042112 0.000000000000000 0.210838709278072 -1.195725738820652 0.000000000000000
-0.532947590094938 -0.213144931294360 0.130000000000000 -0.080959008730597 0.459141354348008 0.000000000000000 0.172504398507911 -0.978321059033060 0.000000000000000
-0.533348072528629 -0.210873682549096 0.130000000000000 -0.080096486738057 0.454249749052843 0.000000000000000 0.134170087724428 -0.760916379248799 0.000000000000000
-0.533745200710126 -0.208621456713313 0.130000000000000 -0.079425636299435 0.450445167156599 0.000000000000000 0.095835776940945 -0.543511699462318 0.000000000000000
-0.534139932997199 -0.206382818670016 0.130000000000000 -0.078946457414730 0.447727608659287 0.000000000000000 0.057501466170784 -0.326107019678057 0.000000000000000
-0.534533227747619 -0.204152333302212 0.130000000000000 -0.078658950083876 0.446097073560897 0.000000000000000 0.019167155391742 -0.108702339892686 0.000000000000000
-0.534926043319153 -0.201924565492905 0.130000000000000 -0.078563114306918 0.445553561861434 0.000000000000000 -0.019167155391742 0.108702339891575 0.000000000000000
-0.535319338069573 -0.199694080125100 0.130000000000000 -0.078658950083876 0.446097073560892 0.000000000000000 -0.057501466166343 0.326107019678057 0.000000000000000
-0.535714070356646 -0.197455442081804 0.130000000000000 -0.078946457414708 0.447727608659282 0.000000000000000 -0.095835776945385 0.543511699463428 0.000000000000000
-0.536111198538143 -0.195203216246021 0.130000000000000 -0.079425636299435 0.450445167156599 0.000000000000000 -0.134170087728869 0.760916379247689 0.000000000000000
-0.536511680971834 -0.192931967500757 0.130000000000000 -0.080096486738079 0.454249749052837 0.000000000000000 -0.172504398499029 0.978321059035281 0.000000000000000
-0.536916476015487 -0.190636260729017 0.130000000000000 -0.080959008730574 0.459141354348014 0.000000000000000 -0.210838709282513 1.195725738818432 0.000000000000000
-0.537326542026872 -0.188310660813806 0.130000000000000 -0.082013202276987 0.465119983042106 0.000000000000000 -0.249173020061555 1.413130418606023 0.000000000000000
-0.537742837363758 -0.185949732638130 0.130000000000000 -0.083259067377295 0.472185635135136 0.000000000000000 -0.287507330836156 1.630535098388064 0.000000000000000
-0.538166320383916 -0.183548041084995 0.130000000000000 -0.084696604031476 0.480338310627076 0.000000000000000 -0.325841641615199 1.847939778175656 0.000000000000000
-0.538597949445113 -0.181100151037405 0.130000000000000 -0.086325812239552 0.489578009517955 0.000000000000000 -0.364175952398682 2.065344457958807 0.000000000000000
-0.539038682905121 -0.178600627378367 0.130000000000000 -0.088146692001545 0.499904731807749 0.000000000000000 -0.402510263168843 2.282749137746398 0.000000000000000
-0.539489479121708 -0.176044034990884 0.130000000000000 -0.090159243317389 0.511318477496481 0.000000000000000 -0.440844573956767 2.500153817531769 0.000000000000000
-0.539951296452644 -0.173424938757963 0.130000000000000 -0.092363466187173 0.523819246584140 0.000000000000000 -0.479178884731368 2.717558497316030 0.000000000000000
-0.540425093255698 -0.170737903562610 0.130000000000000 -0.094759360610830 0.537407039070720 0.000000000000000 -0.517513195505970 2.934963177101402 0.000000000000000
-0.540911827888640 -0.167977494287829 0.130000000000000 -0.097346926588360 0.552081854956227 0.000000000000000 -0.555847506285012 3.152367856887883 0.000000000000000
-0.541412458709239 -0.165138275816625 0.130000000000000 -0.100126164119785 0.567843694240666 0.000000000000000 -0.594181817068495 3.369772536669924 0.000000000000000
-0.541927944075264 -0.162214813032005 0.130000000000000 -0.103097073205127 0.584692556924016 0.000000000000000 -0.632516127843097 3.587177216457516 0.000000000000000
-0.542459242344486 -0.159201670816974 0.130000000000000 -0.106259653844343 0.602628443006303 0.000000000000000 -0.670850438622139 3.804581896241777 0.000000000000000
-0.543007311874673 -0.156093414054536 0.130000000000000 -0.109613906037453 0.621651352487512 0.000000000000000 -0.709184749401182 4.021986576029368 0.000000000000000
-0.543573111023596 -0.152884607627698 0.130000000000000 -0.113159829784459 0.641761285367659 0.000000000000000 -0.747519060180224 4.239391255815850 0.000000000000000
-0.544157598149022 -0.149569816419464 0.130000000000000 -0.116897425085360 0.662958241646738 0.000000000000000 -0.785853370959266 4.456795935596780 0.000000000000000
-0.544761731608723 -0.146143605312841 0.130000000000000 -0.120826691940157 0.685242221324722 0.000000000000000 -0.824187681733868 4.674200615382151 0.000000000000000
-0.545386469760467 -0.142600539190832 0.130000000000000 -0.124947630348826 0.708613224401633 0.000000000000000 -0.862521992517351 4.891605295171964 0.000000000000000
-0.546032770962024 -0.138935182936445 0.130000000000000 -0.129260240311413 0.733071250877493 0.000000000000000 -0.900856303291953 5.109009974952894 0.000000000000000
-0.546701593571164 -0.135142101432684 0.130000000000000 -0.133764521827873 0.758616300752257 0.000000000000000 -0.939190614070995 5.326414654740486 0.000000000000000
-0.547393895945655 -0.131215859562554 0.130000000000000 -0.138460474898228 0.785248374025960 0.000000000000000 -0.977524924850037 5.543819334521416 0.000000000000000
-0.548110636443267 -0.127151022209061 0.130000000000000 -0.143348099522478 0.812967470698567 0.000000000000000 -1.015859235629080 5.761224014313449 0.000000000000000
-0.548852773421770 -0.122942154255210 0.130000000000000 -0.148427395700623 0.841773590770134 0.000000000000000 -1.054193546403681 5.978628694094379 0.000000000000000
-0.549621265238934 -0.118583820584007 0.130000000000000 -0.153698363432642 0.871666734240606 0.000000000000000 -1.092527857187164 6.196033373881971 0.000000000000000
-0.550417070252527 -0.114070586078457 0.130000000000000 -0.159161002718577 0.902646901110016 0.000000000000000 -1.130862167966207 6.413438053665121 0.000000000000000
-0.551241146820319 -0.109397015621566 0.130000000000000 -0.164815313558409 0.934714091378341 0.000000000000000 -1.169196478740808 6.630842733452713 0.000000000000000
-0.552094453300079 -0.104557674096338 0.130000000000000 -0.170661295952113 0.967868305045605 0.000000000000000 -0.022357285973662 0.126794469470504 -4.014635292538538
-0.552948318711989 -0.099715162709373 0.129899634117687 -0.170773082381981 0.968502277392957 -0.020073176462693 1.137214576982792 -6.449464355433587 -7.854721224529460
-0.553773753759474 -0.095033887931294 0.129602900204760 -0.165087009497067 0.936254955615790 -0.059346782585340 1.117979271474390 -6.340375517028818 -7.592897183714697
-0.554571239325173 -0.090511122541141 0.129116343862240 -0.159497113139695 0.904553078030645 -0.097311268503913 1.098743965970428 -6.231286678617387 -7.331073142895494
-0.555341256291722 -0.086144139317953 0.128446510691148 -0.154003393309843 0.873396644637559 -0.133966634218391 1.079508660466466 -6.122197840217058 -7.069249102076292
-0.556084285541760 -0.081930211040770 0.127599946292504 -0.148605850007510 0.842785655436473 -0.169312879728772 1.060273354958063 -6.013109001810069 -6.807425061261529
-0.556800807957923 -0.077866610488633 0.126583196267329 -0.143304483232720 0.812720110427423 -0.203350005035080 1.041038049454102 -5.904020163403079 -6.545601020442327
-0.557491304422850 -0.073950610440581 0.125402806216643 -0.138099292985450 0.783200009610407 -0.236078010137292 1.021802743954581 -5.794931325002750 -6.283776979623679
-0.558156255819179 -0.070179483675654 0.124065321741466 -0.132990279265677 0.754225352985394 -0.267496895035410 1.002567438441737 -5.685842486589099 -6.021952938807806
-0.558796143029546 -0.066550502972892 0.122577288442818 -0.127977442073468 0.725796140552448 -0.297606659729449 0.983332132937775 -5.576753648188770 -5.760128897989159
-0.559411446936590 -0.063060941111335 0.120945251921721 -0.123060781408779 0.697912372311504 -0.326407304219395 0.964096827438254 -5.467664809781780 -5.498304857171621
-0.560002648422948 -0.059708070870022 0.119175757779195 -0.118240297271588 0.670574048262595 -0.353898828505253 0.944861521925411 -5.358575971377011 -5.236480816353528
-0.560570228371258 -0.056489165027993 0.117275351616260 -0.113515989661961 0.643781168405710 -0.380081232587021 0.925626216430331 -5.249487132972241 -4.974656775537101
-0.561114667664157 -0.053401496364289 0.115250579033936 -0.108887858579809 0.617533732740849 -0.404954516464706 0.906390910917487 -5.140398294563031 -4.712832734717898
-0.561636447184283 -0.050442337657949 0.113107985633245 -0.104355904025222 0.591831741268034 -0.428518680138296 0.887155605413525 -5.031309456160482 -4.451008693900915
-0.562136047814274 -0.047608961688012 0.110854117015206 -0.099920125998154 0.566675193987232 -0.450773723607800 0.867920299909564 -4.922220617755713 -4.189184653083378
-0.562613950436767 -0.044898641233520 0.108495518780840 -0.095580524498606 0.542064090898453 -0.471719646873217 0.848684994405602 -4.813131779348723 -3.927360612265285
-0.563070635934400 -0.042308649073512 0.106038736531167 -0.091337099526578 0.517998432001709 -0.491356449934544 0.829449688897199 -4.704042940941733 -3.665536571448302
-0.563506585189810 -0.039836257987027 0.103490315867208 -0.087189851082092 0.494478217297001 -0.509684132791785 0.810214383397678 -4.594954102539184 -3.403712530629655
-0.563922279085636 -0.037478740753105 0.100856802389984 -0.083138779165104 0.471503446784305 -0.526702695444933 0.790979077884835 -4.485865264129973 -3.141888489812117
-0.564318198504514 -0.035233370150787 0.098144741700514 -0.079183883775680 0.449074120463655 -0.542412137893994 0.771743772389755 -4.376776425729645 -2.880064448995134
-0.564694824329083 -0.033097418959112 0.095360679399819 -0.075325164913731 0.427190238335007 -0.556812460138970 0.752508466876911 -4.267687587315994 -2.618240408175931
-0.565052637441979 -0.031068159957120 0.092511161088919 -0.071562622579346 0.405851800398427 -0.569903662179849 0.733273161372949 -4.158598748917886 -2.356416367360614
-0.565392118725842 -0.029142865923851 0.089602732368836 -0.067896256772482 0.385058806653837 -0.581685744016652 0.714037855868987 -4.049509910510896 -2.094592326540856
-0.565713749063308 -0.027318809638344 0.086641938840589 -0.064326067493137 0.364811257101283 -0.592158705649357 0.694802550369467 -3.940421072101685 -1.832768285723874
-0.566018009337014 -0.025593263879640 0.083635326105200 -0.060852054741289 0.345109151740775 -0.601322547077976 0.675567244852182 -3.831332233701357 -1.570944244906336
-0.566305380429599 -0.023963501426779 0.080589439763687 -0.057474218517028 0.325952490572268 -0.609177268302508 0.656331939357102 -3.722243395292146 -1.309120204088798
-0.566576343223700 -0.022426795058800 0.077510825417072 -0.054192558820243 0.307341273595807 -0.615722869322952 0.637096633848699 -3.613154556885156 -1.047296163270706
-0.566831378601955 -0.020980417554743 0.074406028666376 -0.051007075650999 0.289275500811381 -0.620959350139305 0.617861328344738 -3.504065718484828 -0.785472122452058
-0.567070967447002 -0.019621641693648 0.071281595112618 -0.047917769009276 0.271755172218957 -0.624886710751565 0.598626022840776 -3.394976880075617 -0.523648081636741
-0.567295590641477 -0.018347740254555 0.068144070356819 -0.044924638895072 0.254780287818579 -0.627504951159749 0.579390717327932 -3.285888041668628 -0.261824040816983
-0.567505729068019 -0.017155986016504 0.065000000000000 -0.042027685308432 0.238350847610236 -0.628814071363834 0.560155411832852 -3.176799203268299 0.000000000000000
-0.567701863609266 -0.016043651758535 0.061855929643181 -0.039226908249268 0.222466851593894 -0.628814071363834 0.540920106324450 -3.067710364856868 0.261824040817538
-0.567884475147854 -0.015008010259687 0.058718404887382 -0.036522307717646 0.207128299769610 -0.627504951159746 0.521684800816047 -2.958621526456540 0.523648081635364
-0.568054044566422 -0.014046334299000 0.055593971333624 -0.033913883713566 0.192335192137327 -0.624886710751570 0.502449495316526 -2.849532688047329 0.785472122453168
-0.568211052747607 -0.013155896655514 0.052489174582928 -0.031401636236983 0.178087528697091 -0.620959350139304 0.483214189808123 -2.740443849644780 1.047296163270706
-0.568355980574046 -0.012333970108270 0.049410560236313 -0.028985565287942 0.164385309448867 -0.615722869322950 0.463978884299721 -2.631355011235570 1.309120204088243
-0.568489308928378 -0.011577827436307 0.046364673894800 -0.026665670866444 0.151228534392689 -0.609177268302509 0.444743578804641 -2.522266172830800 1.570944244907158
-0.568611518693241 -0.010884741418664 0.043358061159411 -0.024441952972420 0.138617203528535 -0.601322547077973 0.425508273287356 -2.413177334428251 1.832768285722763
-0.568723090751270 -0.010251984834382 0.040397267631164 -0.022314411605984 0.126551316856394 -0.592158705649359 0.406272967792276 -2.304088496016821 2.094592326541966
-0.568824505985106 -0.009676830462501 0.037488838911081 -0.020283046767022 0.115030874376310 -0.581685744016650 0.387037662283873 -2.194999657618713 2.356416367359504
-0.568916245277384 -0.009156551082059 0.034639320600181 -0.018347858455603 0.104055876088216 -0.569903662179852 0.367802356775471 -2.085910819209502 2.618240408176487
-0.568998789510742 -0.008688419472099 0.031855258299486 -0.016508846671726 0.093626321992168 -0.556812460138970 0.348567051275950 -1.976821980802512 2.880064448995134
-0.569072619567819 -0.008269708411658 0.029143197610016 -0.014766011415346 0.083742212088156 -0.542412137893994 0.329331745767547 -1.867733142399963 3.141888489812672
-0.569138216331252 -0.007897690679777 0.026509684132792 -0.013119352686508 0.074403546376156 -0.526702695444931 0.310096440263585 -1.758644303990753 3.403712530629099
-0.569196060683677 -0.007569639055496 0.023961263468833 -0.011568870485190 0.065610324856202 -0.509684132791785 0.290861134755183 -1.649555465588204 3.665536571448302
-0.569246633507735 -0.007282826317855 0.021504481219160 -0.010114564811414 0.057362547528261 -0.491356449934544 0.271625829255662 -1.540466627181214 3.927360612265840
-0.569290415686060 -0.007034525245893 0.019145882984794 -0.008756435665136 0.049660214392355 -0.471719646873214 0.252390523747259 -1.431377788776445 4.189184653082823
-0.569327888101292 -0.006822008618651 0.016892014366755 -0.007494483046400 0.042503325448473 -0.450773723607800 0.233155218243297 -1.322288950371675 4.451008693900915
-0.569359531636068 -0.006642549215167 0.014749420966064 -0.006328706955183 0.035891880696615 -0.428518680138296 0.213919912739335 -1.213200111962465 4.712832734717898
-0.569385827173026 -0.006493419814483 0.012724648383740 -0.005259107391486 0.029825880136802 -0.404954516464706 0.194684607230933 -1.104111273562136 4.974656775535991
-0.569407255594802 -0.006371893195639 0.010824242220805 -0.004285684355332 0.024305323768992 -0.380081232587026 0.175449301726971 -0.995022435150705 5.236480816355193
-0.569424297784036 -0.006275242137672 0.009054748078279 -0.003408437846697 0.019330211593238 -0.353898828505250 0.156213996223009 -0.885933596750377 5.498304857172176
-0.569437434623364 -0.006200739419625 0.007422711557182 -0.002627367865582 0.014900543609486 -0.326407304219389 0.136978690719047 -0.776844758341166 5.760128897986938
-0.569447146995424 -0.006145657820536 0.005934678258534 -0.001942474411987 0.011016319817780 -0.297606659729455 0.117743385215086 -0.667755919940838 6.021952938808361
-0.569453915782853 -0.006107270119446 0.004597193783357 -0.001353757485911 0.007677540218076 -0.267496895035413 0.098508079702242 -0.558667081527187 6.283776979623124
-0.569458221868290 -0.006082849095393 0.003416803732671 -0.000861217087400 0.004884204810440 -0.236078010137297 0.079272774207162 -0.449578243126858 6.545601020444547
-0.569460546134372 -0.006069667527419 0.002400053707496 -0.000464853216364 0.002636313594806 -0.203350005035074 0.060037468698759 -0.340489404724309 6.807425061260419
-0.569461369463736 -0.006064998194563 0.001553489308852 -0.000164665872870 0.000933866571184 -0.169312879728772 0.040802163185916 -0.231400566312878 7.069249102077402
-0.569461172739021 -0.006066113875865 0.000883656137760 0.000039344943059 -0.000223136260380 -0.133966634218385 0.021566857695277 -0.122311727908109 7.331073142893274
-0.569460436842863 -0.006070287350365 0.000397099795240 0.000147179231536 -0.000834694899920 -0.097311268503919 0.002331552177992 -0.013222889503339 7.592897183714697
-0.569459642657901 -0.006074791397102 0.000100365882313 0.000158836992425 -0.000900809347437 -0.059346782585346 -0.016903753321529 0.095865948901430 7.854721224531680
-0.569459271066772 -0.006076898795117 0.000000000000000 0.000074318225818 -0.000421479602930 -0.020073176462687 -0.029727290327131 0.168591841172017 8.029270585074855
-0.569459642657901 -0.006074791397102 0.000100365882313 -0.000074318225818 0.000421479602930 0.020073176462687 -0.016903753321529 0.095865948901430 7.854721224531680
-0.569460436842863 -0.006070287350365 0.000397099795240 -0.000158836992425 0.000900809347437 0.059346782585346 0.002331552177992 -0.013222889503339 7.592897183714697
-0.569461172739021 -0.006066113875865 0.000883656137760 -0.000147179231536 0.000834694899920 0.097311268503919 0.021566857695277 -0.122311727908109 7.331073142893274
-0.569461369463736 -0.006064998194563 0.001553489308852 -0.000039344943059 0.000223136260380 0.133966634218385 0.040802163185916 -0.231400566312878 7.069249102077402
-0.569460546134372 -0.006069667527419 0.002400053707496 0.000164665872870 -0.000933866571184 0.169312879728772 0.060037468698759 -0.340489404724309 6.807425061260419
-0.569458221868290 -0.006082849095393 0.003416803732671 0.000464853216364 -0.002636313594806 0.203350005035074 0.079272774207162 -0.449578243126858 6.545601020444547
-0.569453915782853 -0.006107270119446 0.004597193783357 0.000861217087400 -0.004884204810440 0.236078010137297 0.098508079702242 -0.558667081527187 6.283776979623124
-0.569447146995424 -0.006145657820536 0.005934678258534 0.001353757485911 -0.007677540218076 0.267496895035413 0.117743385215086 -0.667755919940838 6.021952938808361
-0.569437434623364 -0.006200739419625 0.007422711557182 0.001942474411987 -0.011016319817780 0.297606659729455 0.136978690719047 -0.776844758341166 5.760128897986938
-0.569424297784036 -0.006275242137672 0.009054748078279 0.002627367865582 -0.014900543609486 0.326407304219389 0.156213996223009 -0.885933596750377 5.498304857172176
-0.569407255594802 -0.006371893195639 0.010824242220805 0.003408437846697 -0.019330211593238 0.353898828505250 0.175449301726971 -0.995022435150705 5.236480816355193
-0.569385827173026 -0.006493419814483 0.012724648383740 0.004285684355332 -0.024305323768992 0.380081232587026 0.194684607230933 -1.104111273562136 4.974656775535991
-0.569359531636068 -0.006642549215167 0.014749420966064 0.005259107391486 -0.029825880136802 0.404954516464706 0.213919912739335 -1.213200111962465 4.712832734717898
-0.569327888101292 -0.006822008618651 0.016892014366755 0.006328706955183 -0.035891880696615 0.428518680138296 0.233155218243297 -1.322288950371675 4.451008693900915
-0.569290415686060 -0.007034525245893 0.019145882984794 0.007494483046400 -0.042503325448473 0.450773723607800 0.252390523747259 -1.431377788776445 4.189184653082823
-0.569246633507735 -0.007282826317855 0.021504481219160 0.008756435665136 -0.049660214392355 0.471719646873214 0.271625829255662 -1.540466627181214 3.927360612265840
-0.569196060683677 -0.007569639055496 0.023961263468833 0.010114564811414 -0.057362547528261 0.491356449934544 0.290861134755183 -1.649555465588204 3.665536571448302
-0.569138216331252 -0.007897690679777 0.026509684132792 0.011568870485190 -0.065610324856202 0.509684132791785 0.310096440263585 -1.758644303990753 3.403712530629099
-0.569072619567819 -0.008269708411658 0.029143197610016 0.013119352686508 -0.074403546376156 0.526702695444931 0.329331745767547 -1.867733142399963 3.141888489812672
-0.568998789510742 -0.008688419472099 0.031855258299486 0.014766011415346 -0.083742212088156 0.542412137893994 0.348567051275950 -1.976821980802512 2.880064448995134
-0.568916245277384 -0.009156551082059 0.034639320600181 0.016508846671726 -0.093626321992168 0.556812460138970 0.367802356775471 -2.085910819209502 2.618240408176487
-0.568824505985106 -0.009676830462501 0.037488838911081 0.018347858455603 -0.104055876088216 0.569903662179852 0.387037662283873 -2.194999657618713 2.356416367359504
-0.568723090751270 -0.010251984834382 0.040397267631164 0.020283046767022 -0.115030874376310 0.581685744016650 0.406272967792276 -2.304088496016821 2.094592326541966
-0.568611518693241 -0.010884741418664 0.043358061159411 0.022314411605984 -0.126551316856394 0.592158705649359 0.425508273287356 -2.413177334428251 1.832768285722763
-0.568489308928378 -0.011577827436307 0.046364673894800 0.024441952972420 -0.138617203528535 0.601322547077973 0.444743578804641 -2.522266172830800 1.570944244907158
-0.568355980574046 -0.012333970108270 0.049410560236313 0.026665670866444 -0.151228534392689 0.609177268302509 0.463978884299721 -2.631355011235570 1.309120204088243
-0.568211052747607 -0.013155896655514 0.052489174582928 0.028985565287942 -0.164385309448867 0.615722869322950 0.483214189808123 -2.740443849644780 1.047296163270706
-0.568054044566422 -0.014046334299000 0.055593971333624 0.031401636236983 -0.178087528697091 0.620959350139304 0.502449495316526 -2.849532688047329 0.785472122453168
-0.567884475147854 -0.015008010259687 0.058718404887382 0.033913883713566 -0.192335192137327 0.624886710751570 0.521684800816047 -2.958621526456540 0.523648081635364
-0.567701863609266 -0.016043651758535 0.061855929643181 0.036522307717646 -0.207128299769610 0.627504951159746 0.540920106324450 -3.067710364856868 0.261824040817538
-0.567505729068019 -0.017155986016504 0.065000000000000 0.039226908249268 -0.222466851593894 0.628814071363834 0.560155411832852 -3.176799203268299 0.000000000000000
-0.567295590641477 -0.018347740254555 0.068144070356819 0.042027685308432 -0.238350847610236 0.628814071363834 0.579390717327932 -3.285888041668628 -0.261824040816983
-0.567070967447002 -0.019621641693648 0.071281595112618 0.044924638895072 -0.254780287818579 0.627504951159749 0.598626022840776 -3.394976880075617 -0.523648081636741
-0.566831378601955 -0.020980417554743 0.074406028666376 0.047917769009276 -0.271755172218957 0.624886710751565 0.617861328344738 -3.504065718484828 -0.785472122452058
-0.566576343223700 -0.022426795058800 0.077510825417072 0.051007075650999 -0.289275500811381 0.620959350139305 0.637096633848699 -3.613154556885156 -1.047296163270706
-0.566305380429599 -0.023963501426779 0.080589439763687 0.054192558820243 -0.307341273595807 0.615722869322952 0.656331939357102 -3.722243395292146 -1.309120204088798
-0.566018009337014 -0.025593263879640 0.083635326105200 0.057474218517028 -0.325952490572268 0.609177268302508 0.675567244852182 -3.831332233701357 -1.570944244906336
-0.565713749063308 -0.027318809638344 0.086641938840589 0.060852054741289 -0.345109151740775 0.601322547077976 0.694802550369467 -3.940421072101685 -1.832768285723874
-0.565392118725842 -0.029142865923851 0.089602732368836 0.064326067493137 -0.364811257101283 0.592158705649357 0.714037855868987 -4.049509910510896 -2.094592326540856
-0.565052637441979 -0.031068159957120 0.092511161088919 0.067896256772482 -0.385058806653837 0.581685744016652 0.733273161372949 -4.158598748917886 -2.356416367360614
-0.564694824329083 -0.033097418959112 0.095360679399819 0.071562622579346 -0.405851800398427 0.569903662179849 0.752508466876911 -4.267687587315994 -2.618240408175931
-0.564318198504514 -0.035233370150787 0.098144741700514 0.075325164913731 -0.427190238335007 0.556812460138970 0.771743772389755 -4.376776425729645 -2.880064448995134
-0.563922279085636 -0.037478740753105 0.100856802389984 0.079183883775680 -0.449074120463655 0.542412137893994 0.790979077884835 -4.485865264129973 -3.141888489812117
-0.563506585189810 -0.039836257987027 0.103490315867208 0.083138779165104 -0.471503446784305 0.526702695444933 0.810214383397678 -4.594954102539184 -3.403712530629655
-0.563070635934400 -0.042308649073512 0.106038736531167 0.087189851082092 -0.494478217297001 0.509684132791785 0.829449688897199 -4.704042940941733 -3.665536571448302
-0.562613950436767 -0.044898641233520 0.108495518780840 0.091337099526578 -0.517998432001709 0.491356449934544 0.848684994405602 -4.813131779348723 -3.927360612265285
-0.562136047814274 -0.047608961688012 0.110854117015206 0.095580524498606 -0.542064090898453 0.471719646873217 0.867920299909564 -4.922220617755713 -4.189184653083378
-0.561636447184283 -0.050442337657949 0.113107985633245 0.099920125998154 -0.566675193987232 0.450773723607800 0.887155605413525 -5.031309456160482 -4.451008693900915
-0.561114667664157 -0.053401496364289 0.115250579033936 0.104355904025222 -0.591831741268034 0.428518680138296 0.906390910917487 -5.140398294563031 -4.712832734717898
-0.560570228371258 -0.056489165027993 0.117275351616260 0.108887858579809 -0.617533732740849 0.404954516464706 0.925626216430331 -5.249487132972241 -4.974656775537101
-0.560002648422948 -0.059708070870022 0.119175757779195 0.113515989661961 -0.643781168405710 0.380081232587021 0.944861521925411 -5.358575971377011 -5.236480816353528
-0.559411446936590 -0.063060941111335 0.120945251921721 0.118240297271588 -0.670574048262595 0.353898828505253 0.964096827438254 -5.467664809781780 -5.498304857171621
-0.558796143029546 -0.066550502972892 0.122577288442818 0.123060781408779 -0.697912372311504 0.326407304219395 0.983332132937775 -5.576753648188770 -5.760128897989159
-0.558156255819179 -0.070179483675654 0.124065321741466 0.127977442073468 -0.725796140552448 0.297606659729449 1.002567438441737 -5.685842486589099 -6.021952938807806
-0.557491304422850 -0.073950610440581 0.125402806216643 0.132990279265677 -0.754225352985394 0.267496895035410 1.021802743954581 -5.794931325002750 -6.283776979623679
-0.556800807957923 -0.077866610488633 0.126583196267329 0.138099292985450 -0.783200009610407 0.236078010137292 1.041038049454102 -5.904020163403079 -6.545601020442327
-0.556084285541760 -0.081930211040770 0.127599946292504 0.143304483232720 -0.812720110427423 0.203350005035080 1.060273354958063 -6.013109001810069 -6.807425061261529
-0.555341256291722 -0.086144139317953 0.128446510691148 0.148605850007510 -0.842785655436473 0.169312879728772 1.079508660466466 -6.122197840217058 -7.069249102076292
-0.554571239325173 -0.090511122541141 0.129116343862240 0.154003393309843 -0.873396644637559 0.133966634218391 1.098743965970428 -6.231286678617387 -7.331073142895494
-0.553773753759474 -0.095033887931294 0.129602900204760 0.159497113139695 -0.904553078030645 0.097311268503913 1.117979271474390 -6.340375517028818 -7.592897183714697
-0.552948318711989 -0.099715162709373 0.129899634117687 0.165087009497067 -0.936254955615790 0.059346782585340 1.137214576982792 -6.449464355433587 -7.854721224529460
-0.552094453300079 -0.104557674096338 0.130000000000000 0.170773082381981 -0.968502277392957 0.020073176462693 -0.022357285973662 0.126794469470504 -4.014635292538538
-0.551241146820319 -0.109397015621566 0.130000000000000 0.170661295952113 -0.967868305045605 0.000000000000000 -1.169196478740808 6.630842733452713 0.000000000000000
-0.550417070252527 -0.114070586078457 0.130000000000000 0.164815313558409 -0.934714091378341 0.000000000000000 -1.130862167966207 6.413438053665121 0.000000000000000
-0.549621265238934 -0.118583820584007 0.130000000000000 0.159161002718577 -0.902646901110016 0.000000000000000 -1.092527857187164 6.196033373881971 0.000000000000000
-0.548852773421770 -0.122942154255210 0.130000000000000 0.153698363432642 -0.871666734240606 0.000000000000000 -1.054193546403681 5.978628694094379 0.000000000000000
-0.548110636443267 -0.127151022209061 0.130000000000000 0.148427395700623 -0.841773590770134 0.000000000000000 -1.015859235629080 5.761224014313449 0.000000000000000
-0.547393895945655 -0.131215859562554 0.130000000000000 0.143348099522478 -0.812967470698567 0.000000000000000 -0.977524924850037 5.543819334521416 0.000000000000000
-0.546701593571164 -0.135142101432684 0.130000000000000 0.138460474898228 -0.785248374025960 0.000000000000000 -0.939190614070995 5.326414654740486 0.000000000000000
-0.546032770962024 -0.138935182936445 0.130000000000000 0.133764521827873 -0.758616300752257 0.000000000000000 -0.900856303291953 5.109009974952894 0.000000000000000
-0.545386469760467 -0.142600539190832 0.130000000000000 0.129260240311413 -0.733071250877493 0.000000000000000 -0.862521992517351 4.891605295171964 0.000000000000000
-0.544761731608723 -0.146143605312841 0.130000000000000 0.124947630348826 -0.708613224401633 0.000000000000000 -0.824187681733868 4.674200615382151 0.000000000000000
-0.544157598149022 -0.149569816419464 0.130000000000000 0.120826691940157 -0.685242221324722 0.000000000000000 -0.785853370959266 4.456795935596780 0.000000000000000
-0.543573111023596 -0.152884607627698 0.130000000000000 0.116897425085360 -0.662958241646738 0.000000000000000 -0.747519060180224 4.239391255815850 0.000000000000000
-0.543007311874673 -0.156093414054536 0.130000000000000 0.113159829784459 -0.641761285367659 0.000000000000000 -0.709184749401182 4.021986576029368 0.000000000000000
-0.542459242344486 -0.159201670816974 0.130000000000000 0.109613906037453 -0.621651352487512 0.000000000000000 -0.670850438622139 3.804581896241777 0.000000000000000
-0.541927944075264 -0.162214813032005 0.130000000000000 0.106259653844343 -0.602628443006303 0.000000000000000 -0.632516127843097 3.587177216457516 0.000000000000000
-0.541412458709239 -0.165138275816625 0.130000000000000 0.103097073205127 -0.584692556924016 0.000000000000000 -0.594181817068495 3.369772536669924 0.000000000000000
-0.540911827888640 -0.167977494287829 0.130000000000000 0.100126164119785 -0.567843694240666 0.000000000000000 -0.555847506285012 3.152367856887883 0.000000000000000
-0.540425093255698 -0.170737903562610 0.130000000000000 0.097346926588360 -0.552081854956227 0.000000000000000 -0.517513195505970 2.934963177101402 0.000000000000000
-0.539951296452644 -0.173424938757963 0.130000000000000 0.094759360610830 -0.537407039070720 0.000000000000000 -0.479178884731368 2.717558497316030 0.000000000000000
-0.539489479121708 -0.176044034990884 0.130000000000000 0.092363466187173 -0.523819246584140 0.000000000000000 -0.440844573956767 2.500153817531769 0.000000000000000
-0.539038682905121 -0.178600627378367 0.130000000000000 0.090159243317389 -0.511318477496481 0.000000000000000 -0.402510263168843 2.282749137746398 0.000000000000000
-0.538597949445113 -0.181100151037405 0.130000000000000 0.088146692001545 -0.499904731807749 0.000000000000000 -0.364175952398682 2.065344457958807 0.000000000000000
-0.538166320383916 -0.183548041084995 0.130000000000000 0.086325812239552 -0.489578009517955 0.000000000000000 -0.325841641615199 1.847939778175656 0.000000000000000
-0.537742837363758 -0.185949732638130 0.130000000000000 0.084696604031476 -0.480338310627076 0.000000000000000 -0.287507330836156 1.630535098388064 0.000000000000000
-0.537326542026872 -0.188310660813806 0.130000000000000 0.083259067377295 -0.472185635135136 0.000000000000000 -0.249173020061555 1.413130418606023 0.000000000000000
-0.536916476015487 -0.190636260729017 0.130000000000000 0.082013202276987 -0.465119983042106 0.000000000000000 -0.210838709282513 1.195725738818432 0.000000000000000
-0.536511680971834 -0.192931967500757 0.130000000000000 0.080959008730574 -0.459141354348014 0.000000000000000 -0.172504398499029 0.978321059035281 0.000000000000000
-0.536111198538143 -0.195203216246021 0.130000000000000 0.080096486738079 -0.454249749052837 0.000000000000000 -0.134170087728869 0.760916379247689 0.000000000000000
-0.535714070356646 -0.197455442081804 0.130000000000000 0.079425636299435 -0.450445167156599 0.000000000000000 -0.095835776945385 0.543511699463428 0.000000000000000
-0.535319338069573 -0.199694080125100 0.130000000000000 0.078946457414708 -0.447727608659282 0.000000000000000 -0.057501466166343 0.326107019678057 0.000000000000000
-0.534926043319153 -0.201924565492905 0.130000000000000 0.078658950083876 -0.446097073560892 0.000000000000000 -0.019167155391742 0.108702339891575 0.000000000000000
-0.534533227747619 -0.204152333302212 0.130000000000000 0.078563114306918 -0.445553561861434 0.000000000000000 0.019167155391742 -0.108702339892686 0.000000000000000
-0.534139932997199 -0.206382818670016 0.130000000000000 0.078658950083876 -0.446097073560897 0.000000000000000 0.057501466170784 -0.326107019678057 0.000000000000000
-0.533745200710126 -0.208621456713313 0.130000000000000 0.078946457414730 -0.447727608659287 0.000000000000000 0.095835776940945 -0.543511699462318 0.000000000000000
-0.533348072528629 -0.210873682549096 0.130000000000000 0.079425636299435 -0.450445167156599 0.000000000000000 0.134170087724428 -0.760916379248799 0.000000000000000
-0.532947590094938 -0.213144931294360 0.130000000000000 0.080096486738057 -0.454249749052843 0.000000000000000 0.172504398507911 -0.978321059033060 0.000000000000000
-0.532542795051285 -0.215440638066100 0.130000000000000 0.080959008730597 -0.459141354348008 0.000000000000000 0.210838709278072 -1.195725738820652 0.000000000000000
-0.532132729039900 -0.217766237981311 0.130000000000000 0.082013202276987 -0.465119983042112 0.000000000000000 0.249173020057114 -1.413130418602693 0.000000000000000
-0.531716433703014 -0.220127166156986 0.130000000000000 0.083259067377273 -0.472185635135125 0.000000000000000 0.287507330840597 -1.630535098390284 0.000000000000000
-0.531292950682857 -0.222528857710122 0.130000000000000 0.084696604031476 -0.480338310627076 0.000000000000000 0.325841641619640 -1.847939778175656 0.000000000000000
-0.530861321621659 -0.224976747757711 0.130000000000000 0.086325812239574 -0.489578009517955 0.000000000000000 0.364175952389800 -2.065344457961027 0.000000000000000
-0.530420588161651 -0.227476271416750 0.130000000000000 0.088146692001523 -0.499904731807760 0.000000000000000 0.402510263177724 -2.282749137743068 0.000000000000000
-0.529969791945064 -0.230032863804233 0.130000000000000 0.090159243317411 -0.511318477496475 0.000000000000000 0.440844573952326 -2.500153817532880 0.000000000000000
-0.529507974614128 -0.232651960037153 0.130000000000000 0.092363466187173 -0.523819246584140 0.000000000000000 0.479178884726927 -2.717558497316030 0.000000000000000
-0.529034177811074 -0.235338995232507 0.130000000000000 0.094759360610808 -0.537407039070720 0.000000000000000 0.517513195510411 -2.934963177100292 0.000000000000000
-0.528547443178132 -0.238099404507288 0.130000000000000 0.097346926588360 -0.552081854956221 0.000000000000000 0.555847506285012 -3.152367856887883 0.000000000000000
-0.528046812357533 -0.240938622978491 0.130000000000000 0.100126164119785 -0.567843694240661 0.000000000000000 0.594181817068495 -3.369772536671034 0.000000000000000
-0.527531326991508 -0.243862085763111 0.130000000000000 0.103097073205127 -0.584692556924016 0.000000000000000 0.632516127843097 -3.587177216457516 0.000000000000000
-0.527000028722286 -0.246875227978143 0.130000000000000 0.106259653844343 -0.602628443006303 0.000000000000000 0.670850438626580 -3.804581896246217 0.000000000000000
-0.526451959192099 -0.249983484740581 0.130000000000000 0.109613906037476 -0.621651352487534 0.000000000000000 0.709184749396741 -4.021986576024927 0.000000000000000
-0.525886160043176 -0.253192291167419 0.130000000000000 0.113159829784459 -0.641761285367659 0.000000000000000 0.747519060180224 -4.239391255813629 0.000000000000000
-0.525301672917750 -0.256507082375653 0.130000000000000 0.116897425085360 -0.662958241646727 0.000000000000000 0.785853370959266 -4.456795935596780 0.000000000000000
-0.524697539458049 -0.259933293482276 0.130000000000000 0.120826691940157 -0.685242221324711 0.000000000000000 0.824187681733868 -4.674200615384372 0.000000000000000
-0.524072801306305 -0.263476359604284 0.130000000000000 0.124947630348826 -0.708613224401633 0.000000000000000 0.862521992512910 -4.891605295171964 0.000000000000000
-0.523426500104748 -0.267141715858672 0.130000000000000 0.129260240311391 -0.733071250877493 0.000000000000000 0.900856303296393 -5.109009974950673 0.000000000000000
-0.522757677495608 -0.270934797362433 0.130000000000000 0.133764521827873 -0.758616300752246 0.000000000000000 0.939190614070995 -5.326414654742706 0.000000000000000
-0.522065375121117 -0.274861039232563 0.130000000000000 0.138460474898228 -0.785248374025960 0.000000000000000 0.977524924850037 -5.543819334525857 0.000000000000000
-0.521348634623505 -0.278925876586056 0.130000000000000 0.143348099522478 -0.812967470698589 0.000000000000000 1.015859235629080 -5.761224014306787 0.000000000000000
-0.520606497645002 -0.283134744539906 0.130000000000000 0.148427395700623 -0.841773590770123 0.000000000000000 1.054193546408122 -5.978628694098820 0.000000000000000
-0.519838005827838 -0.287493078211109 0.130000000000000 0.153698363432664 -0.871666734240617 0.000000000000000 1.092527857182723 -6.196033373879750 0.000000000000000
-0.519042200814246 -0.292006312716659 0.130000000000000 0.159161002718577 -0.902646901110016 0.000000000000000 1.130862167961766 -6.413438053665121 0.000000000000000
-0.518218124246454 -0.296679883173551 0.130000000000000 0.164815313558386 -0.934714091378341 0.000000000000000 1.169196478745249 -6.630842733452713 0.000000000000000
-0.517364817766693 -0.301519224698779 0.130000000000000 0.170661295952113 -0.967868305045605 0.000000000000000 0.022357285973662 -0.126794469470504 -4.014635292537427
-0.516510952354783 -0.306361736085744 0.129899634117687 0.170773082381981 -0.968502277392957 -0.020073176462687 -1.137214576982792 6.449464355435808 -7.854721224531680
-0.515685517307298 -0.311043010863823 0.129602900204760 0.165087009497067 -0.936254955615778 -0.059346782585346 -1.117979271474390 6.340375517022157 -7.592897183714697
-0.514888031741599 -0.315565776253976 0.129116343862240 0.159497113139695 -0.904553078030668 -0.097311268503919 -1.098743965970428 6.231286678621828 -7.331073142893274
-0.514118014775050 -0.319932759477164 0.128446510691148 0.154003393309843 -0.873396644637559 -0.133966634218385 -1.079508660462025 6.122197840217058 -7.069249102077402
-0.513374985525012 -0.324146687754346 0.127599946292504 0.148605850007533 -0.842785655436473 -0.169312879728772 -1.060273354966945 6.013109001812289 -6.807425061260419
-0.512658463108849 -0.328210288306483 0.126583196267329 0.143304483232698 -0.812720110427412 -0.203350005035074 -1.041038049449661 5.904020163400858 -6.545601020444547
-0.511967966643922 -0.332126288354536 0.125402806216643 0.138099292985450 -0.783200009610407 -0.236078010137297 -1.021802743950140 5.794931325000530 -6.283776979623124
-0.511303015247593 -0.335897415119463 0.124065321741466 0.132990279265699 -0.754225352985405 -0.267496895035413 -1.002567438446178 5.685842486593540 -6.021952938808361
-0.510663128037226 -0.339526395822225 0.122577288442818 0.127977442073468 -0.725796140552437 -0.297606659729455 -0.983332132942216 5.576753648186550 -5.760128897986938
-0.510047824130182 -0.343015957683782 0.120945251921721 0.123060781408757 -0.697912372311504 -0.326407304219389 -0.964096827429373 5.467664809779560 -5.498304857172176
-0.509456622643824 -0.346368827925095 0.119175757779195 0.118240297271610 -0.670574048262607 -0.353898828505250 -0.944861521934293 5.358575971381452 -5.236480816355193
-0.508889042695514 -0.349587733767124 0.117275351616260 0.113515989661939 -0.643781168405699 -0.380081232587026 -0.925626216421449 5.249487132970021 -4.974656775535991
-0.508344603402615 -0.352675402430828 0.115250579033936 0.108887858579831 -0.617533732740849 -0.404954516464706 -0.906390910921928 5.140398294563031 -4.712832734717898
-0.507822823882489 -0.355634561137168 0.113107985633245 0.104355904025222 -0.591831741268034 -0.428518680138296 -0.887155605413525 5.031309456160482 -4.451008693900915
-0.507323223252498 -0.358467937107104 0.110854117015206 0.099920125998154 -0.566675193987232 -0.450773723607800 -0.867920299909564 4.922220617755713 -4.189184653082823
-0.506845320630005 -0.361178257561597 0.108495518780840 0.095580524498606 -0.542064090898453 -0.471719646873214 -0.848684994405602 4.813131779348723 -3.927360612265840
-0.506388635132372 -0.363768249721605 0.106038736531167 0.091337099526578 -0.517998432001709 -0.491356449934544 -0.829449688901640 4.704042940941733 -3.665536571448302
-0.505952685876962 -0.366240640808090 0.103490315867208 0.087189851082070 -0.494478217297001 -0.509684132791785 -0.810214383388796 4.594954102539184 -3.403712530629099
-0.505536991981136 -0.368598158042012 0.100856802389984 0.083138779165126 -0.471503446784305 -0.526702695444931 -0.790979077893716 4.485865264129973 -3.141888489812672
-0.505141072562258 -0.370843528644330 0.098144741700514 0.079183883775658 -0.449074120463655 -0.542412137893994 -0.771743772380873 4.376776425729645 -2.880064448995134
-0.504764446737689 -0.372979479836005 0.095360679399819 0.075325164913753 -0.427190238335007 -0.556812460138970 -0.752508466881352 4.267687587318214 -2.618240408176487
-0.504406633624793 -0.375008738837997 0.092511161088919 0.071562622579346 -0.405851800398416 -0.569903662179852 -0.733273161377390 4.158598748913445 -2.356416367359504
-0.504067152340930 -0.376934032871266 0.089602732368836 0.067896256772459 -0.385058806653849 -0.581685744016650 -0.714037855864547 4.049509910513116 -2.094592326541966
-0.503745522003465 -0.378758089156773 0.086641938840589 0.064326067493137 -0.364811257101283 -0.592158705649359 -0.694802550365026 3.940421072101685 -1.832768285722763
-0.503441261729758 -0.380483634915477 0.083635326105200 0.060852054741312 -0.345109151740775 -0.601322547077973 -0.675567244861064 3.831332233699136 -1.570944244907446
-0.503153890637173 -0.382113397368338 0.080589439763687 0.057474218517006 -0.325952490572279 -0.609177268302510 -0.656331939352661 3.722243395296587 -1.309120204087688
-0.502882927843072 -0.383650103736317 0.077510825417072 0.054192558820243 -0.307341273595796 -0.615722869322949 -0.637096633848699 3.613154556885156 -1.047296163271261
-0.502627892464817 -0.385096481240374 0.074406028666376 0.051007075650999 -0.289275500811370 -0.620959350139305 -0.617861328344738 3.504065718480387 -0.785472122452613
-0.502388303619770 -0.386455257101469 0.071281595112618 0.047917769009276 -0.271755172218968 -0.624886710751568 -0.598626022836335 3.394976880077838 -0.523648081635630
-0.502163680425295 -0.387729158540562 0.068144070356819 0.044924638895094 -0.254780287818579 -0.627504951159746 -0.579390717336814 3.285888041670848 -0.261824040817538
-0.501953541998753 -0.388920912778613 0.065000000000000 0.042027685308410 -0.238350847610225 -0.628814071363834 -0.560155411828411 3.176799203263858 0.000000000000000
-0.501757407457507 -0.390033247036582 0.061855929643181 0.039226908249268 -0.222466851593905 -0.628814071363834 -0.540920106324450 3.067710364861309 0.261824040817271
-0.501574795918918 -0.391068888535430 0.058718404887382 0.036522307717646 -0.207128299769599 -0.627504951159748 -0.521684800816047 2.958621526454319 0.523648081636185
-0.501405226500351 -0.392030564496117 0.055593971333624 0.033913883713566 -0.192335192137327 -0.624886710751567 -0.502449495316526 2.849532688047329 0.785472122452324
-0.501248218319166 -0.392921002139602 0.052489174582928 0.031401636236983 -0.178087528697091 -0.620959350139305 -0.483214189803682 2.740443849642560 1.047296163270706
-0.501103290492726 -0.393742928686847 0.049410560236313 0.028985565287964 -0.164385309448878 -0.615722869322952 -0.463978884308602 2.631355011237790 1.309120204088798
-0.500969962138394 -0.394499071358810 0.046364673894800 0.026665670866421 -0.151228534392689 -0.609177268302508 -0.444743578795759 2.522266172830800 1.570944244906336
-0.500847752373532 -0.395192157376453 0.043358061159411 0.024441952972443 -0.138617203528535 -0.601322547077976 -0.425508273296238 2.413177334428251 1.832768285723874
-0.500736180315502 -0.395824913960735 0.040397267631164 0.022314411605961 -0.126551316856394 -0.592158705649357 -0.406272967787835 2.304088496019041 2.094592326541411
-0.500634765081667 -0.396400068332616 0.037488838911081 0.020283046767022 -0.115030874376298 -0.581685744016650 -0.387037662279432 2.194999657614272 2.356416367359504
-0.500543025789388 -0.396920347713057 0.034639320600181 0.018347858455625 -0.104055876088227 -0.569903662179852 -0.367802356784352 2.085910819211723 2.618240408176775
-0.500460481556030 -0.397388479323018 0.031855258299486 0.016508846671703 -0.093626321992168 -0.556812460138968 -0.348567051267068 1.976821980802512 2.880064448994424
-0.500386651498953 -0.397807190383459 0.029143197610016 0.014766011415368 -0.083742212088156 -0.542412137893996 -0.329331745771988 1.867733142399963 3.141888489812672
-0.500321054735521 -0.398179208115340 0.026509684132792 0.013119352686508 -0.074403546376156 -0.526702695444933 -0.310096440263585 1.758644303992973 3.403712530629943
-0.500263210383095 -0.398507259739621 0.023961263468833 0.011568870485190 -0.065610324856191 -0.509684132791783 -0.290861134759623 1.649555465583763 3.665536571447747
-0.500212637559038 -0.398794072477262 0.021504481219160 0.010114564811392 -0.057362547528272 -0.491356449934544 -0.271625829246780 1.540466627185655 3.927360612265696
-0.500168855380712 -0.399042373549224 0.019145882984794 0.008756435665158 -0.049660214392344 -0.471719646873216 -0.252390523751700 1.431377788774224 4.189184653082823
-0.500131382965480 -0.399254890176466 0.016892014366755 0.007494483046400 -0.042503325448473 -0.450773723607802 -0.233155218247738 1.322288950369455 4.451008693900915
-0.500099739430704 -0.399434349579949 0.014749420966064 0.006328706955161 -0.035891880696626 -0.428518680138297 -0.213919912730454 1.213200111966906 4.712832734718597
-0.500073443893747 -0.399583478980633 0.012724648383740 0.005259107391509 -0.029825880136791 -0.404954516464704 -0.194684607235374 1.104111273557695 4.974656775536190
-0.500052015471970 -0.399705005599478 0.010824242220805 0.004285684355332 -0.024305323769003 -0.380081232587023 -0.175449301731412 0.995022435157367 5.236480816354017
-0.500034973282736 -0.399801656657444 0.009054748078279 0.003408437846675 -0.019330211593216 -0.353898828505253 -0.156213996218568 0.885933596743715 5.498304857171587
-0.500021836443409 -0.399876159375492 0.007422711557182 0.002627367865582 -0.014900543609497 -0.326407304219395 -0.136978690719047 0.776844758343387 5.760128897989292
-0.500012124071349 -0.399931240974581 0.005934678258534 0.001942474411987 -0.011016319817780 -0.297606659729449 -0.117743385210645 0.667755919938617 6.021952938807084
-0.500005355283919 -0.399969628675671 0.004597193783357 0.001353757485933 -0.007677540218087 -0.267496895035413 -0.098508079711124 0.558667081531627 6.283776979624650
-0.500001049198482 -0.399994049699723 0.003416803732671 0.000861217087378 -0.004884204810429 -0.236078010137290 -0.079272774200501 0.449578243126858 6.545601020442465
-0.499998724932400 -0.400007231267697 0.002400053707496 0.000464853216375 -0.002636313594795 -0.203350005035078 -0.060037468698759 0.340489404717648 6.807425061260081
-0.499997901603036 -0.400011900600553 0.001553489308852 0.000164665872882 -0.000933866571207 -0.169312879728777 -0.040802163192577 0.231400566317319 7.069249102077818
-0.499998098327751 -0.400010784919251 0.000883656137760 -0.000039344943081 0.000223136260380 -0.133966634218388 -0.021566857686395 0.122311727908109 7.331073142895511
-0.499998834223909 -0.400006611444752 0.000397099795240 -0.000147179231513 0.000834694899920 -0.097311268503911 -0.002331552182433 0.013222889503339 7.592897183713197
