-0.500006479054091 -0.399963255458324 0.000189739368999 -0.001295810818247 0.007348908335236 0.037947873799726 -0.525946743885619 2.982792206653873 14.722633744855967
-0.500026106776780 -0.399851941111481 0.000747544581619 -0.003925544537675 0.022262869368506 0.111561042524005 -0.537380368741402 3.047635515494029 14.037860082304517
-0.500059169008687 -0.399664435876751 0.001656296296296 -0.006612446381382 0.037501046945976 0.181750342935528 -0.548813993614949 3.112478824336407 13.353086419753096
-0.500105951590434 -0.399399118671413 0.002898875171468 -0.009356516349457 0.053063441067658 0.248515775034294 -0.560247618484055 3.177322133176563 12.668312757201639
-0.500166740362643 -0.399054368412745 0.004458161865569 -0.012157754441877 0.068950051733541 0.311857338820302 -0.571681243344280 3.242165442012279 11.983539094650197
-0.500241821165936 -0.398628564018027 0.006317037037037 -0.015016160658599 0.085160878943602 0.371775034293553 -0.583114868217827 3.307008750854656 11.298765432098822
-0.500331479840935 -0.398120084404538 0.008458381344307 -0.017931734999688 0.101695922697875 0.428268861454047 -0.594548493078051 3.371852059699254 10.613991769547226
-0.500436002228260 -0.397527308489556 0.010865075445816 -0.020904477465078 0.118555182996372 0.481338820301783 -0.605982117951598 3.436695368534970 9.929218106995918
-0.500555674168534 -0.396848615190361 0.013520000000000 -0.023934388054836 0.135738659839046 0.530984910836763 -0.617415742816263 3.501538677377347 9.244444444444566
-0.500690781502379 -0.396082383424231 0.016406035665295 -0.027021466768917 0.153246353225933 0.577207133058985 -0.628849367680928 3.566381986217504 8.559670781892947
-0.500841610070415 -0.395226992108446 0.019506063100137 -0.030165713607322 0.171078263157021 0.620005486968450 -0.640282992550034 3.631225295055440 7.874897119341395
-0.501008445713266 -0.394280820160285 0.022802962962963 -0.033367128570072 0.189234389632298 0.659379972565157 -0.651716617414699 3.696068603897817 7.190123456790176
-0.501191574271551 -0.393242246497026 0.026279615912209 -0.036625711657146 0.207714732651787 0.695330589849108 -0.663150242288246 3.760911912740195 6.505349794238824
-0.501391281585894 -0.392109650035948 0.029918902606310 -0.039941462868587 0.226519292215488 0.727857338820302 -0.674583867148471 3.825755221578131 5.820576131687361
-0.501607853496916 -0.390881409694331 0.033703703703704 -0.043314382204329 0.245648068323379 0.756960219478739 -0.686017492017577 3.890598530418288 5.135802469135586
-0.501841575845238 -0.389555904389454 0.037616899862826 -0.046744469664417 0.265101060975470 0.782639231824417 -0.697451116882242 3.955441839258445 4.451028806584367
-0.502092734471482 -0.388131513038595 0.041641371742112 -0.050231725248828 0.284878270171762 0.804894375857339 -0.708884741751348 4.020285148098601 3.766255144032615
-0.502361615216270 -0.386606614559034 0.045760000000000 -0.053776148957585 0.304979695912255 0.823725651577502 -0.720318366620454 4.085128456938758 3.081481481481974
-0.502648503920224 -0.384979587868049 0.049955665294925 -0.057377740790687 0.325405338196949 0.839133058984912 -0.731751991485119 4.149971765783356 2.396707818930199
-0.502953686423964 -0.383248811882920 0.054211248285322 -0.061036500748113 0.346155197025866 0.851116598079563 -0.743185616354225 4.214815074616851 1.711934156378159
-0.503277448568114 -0.381412665520925 0.058509629629630 -0.064752428829884 0.367229272398950 0.859676268861453 -0.754619241218890 4.279658383461449 1.027160493827228
-0.503620076193294 -0.379469527699344 0.062833689986283 -0.068525525035978 0.388627564316257 0.864812071330590 -0.766052866083555 4.344501692299385 0.342386831275743
-0.503981855140126 -0.377417777335455 0.067166310013717 -0.072355789366396 0.410350072777754 0.866524005486968 -0.777486490952661 4.409345001146203 -0.342386831275743
-0.504363071249231 -0.375255793346538 0.071490370370370 -0.076243221821160 0.432396797783485 0.864812071330590 -0.788920115821767 4.474188309977478 -1.027160493827228
-0.504764010361233 -0.372981954649871 0.075788751714678 -0.080187822400268 0.454767739333373 0.859676268861453 -0.800353740686433 4.539031618822076 -1.711934156378714
-0.505184958316751 -0.370594640162733 0.080044334705075 -0.084189591103701 0.477462897427483 0.851116598079560 -0.811787365555539 4.603874927660012 -2.396707818929644
-0.505626200956409 -0.368092228802404 0.084240000000000 -0.088248527931478 0.500482272065783 0.839133058984912 -0.823220990420204 4.668718236504610 -3.081481481481130
-0.506088024120826 -0.365473099486163 0.088358628257888 -0.092364632883579 0.523825863248306 0.823725651577506 -0.834654615289310 4.733561545342546 -3.766255144033726
-0.506570713650627 -0.362735631131288 0.092383100137174 -0.096537905960026 0.547493670975019 0.804894375857337 -0.846088240153975 4.798404854182703 -4.451028806584101
-0.507074555386431 -0.359878202655058 0.096296296296296 -0.100768347160796 0.571485695245932 0.782639231824417 -0.857521865018640 4.863248163022860 -5.135802469135586
-0.507599835168860 -0.356899192974753 0.100081097393690 -0.105055956485889 0.595801936061047 0.756960219478739 -0.868955489892187 4.928091471865237 -5.820576131687627
-0.508146838838537 -0.353796981007651 0.103720384087791 -0.109400733935350 0.620442393420373 0.727857338820301 -0.880389114756852 4.992934780700953 -6.505349794238557
-0.508715852236082 -0.350569945671032 0.107197037037037 -0.113802679509134 0.645407067323878 0.695330589849108 -0.891822739621517 5.057778089543330 -7.190123456789488
-0.509307161202119 -0.347216465882174 0.110493936899863 -0.118261793207242 0.670695957771594 0.659379972565161 -0.903256364486182 5.122621398390148 -7.874897119342639
-0.509921051577267 -0.343734920558356 0.113593964334705 -0.122778075029673 0.696309064763545 0.620005486968447 -0.914689989359729 5.187464707219203 -8.559670781892459
-0.510557809202149 -0.340123688616858 0.116480000000000 -0.127351524976471 0.722246388299641 0.577207133058985 -0.926123614224394 5.252308016068241 -9.244444444444499
-0.511217719917387 -0.336381148974958 0.119134924554184 -0.131982143047593 0.748507928379982 0.530984910836763 -0.937557239089060 5.317151324906177 -9.929218106996540
-0.511901069563602 -0.332505680549935 0.121541618655693 -0.136669929243038 0.775093685004513 0.481338820301780 -0.948990863958166 5.381994633744114 -10.613991769546915
-0.512608143981417 -0.328495662259069 0.123682962962963 -0.141414883562829 0.802003658173234 0.428268861454045 -0.960424488827272 5.446837942586491 -11.298765432096181
-0.513339229011451 -0.324349473019638 0.125541838134431 -0.146217006006966 0.829237847886166 0.371775034293564 -0.971858113687496 5.511681251424427 -11.983539094653217
-0.514094610494328 -0.320065491748922 0.127101124828532 -0.151076296575403 0.856796254143288 0.311857338820298 -0.983291738561043 5.576524560266805 -12.668312757201372
-0.514874574270670 -0.315642097364199 0.128343703703704 -0.155992755268208 0.884678876944622 0.248515775034291 -0.994725363421267 5.641367869111402 -13.353086419752858
-0.515679406181096 -0.311077668782748 0.129252455418381 -0.160966382085315 0.912885716290179 0.181750342935527 -1.006158988294814 5.706211177940457 -14.037860082303233
-0.516509392066230 -0.306370584921848 0.129810260631001 -0.165997177026789 0.941416772179882 0.111561042524011 -1.017592613163920 5.771054486793936 -14.722633744858049
-0.517364817766693 -0.301519224698779 0.130000000000000 -0.171085140092608 0.970272044613851 0.037947873799721 -0.187131123561279 1.061273338973656 -7.589574759944151
-0.518224921745245 -0.296641332642236 0.130000000000000 -0.172020795710415 0.975578411308720 0.000000000000000 0.632220328422584 -3.585499654590318 0.000000000000000
-0.519069220215587 -0.291853078077057 0.130000000000000 -0.168859694068302 0.957650913035768 0.000000000000000 0.604121647160838 -3.426144114386798 0.000000000000000
-0.519898415644749 -0.287150477114738 0.130000000000000 -0.165839085832498 0.940520192463834 0.000000000000000 0.576022965899092 -3.266788574183277 0.000000000000000
-0.520713210499764 -0.282529545866773 0.130000000000000 -0.162958971003002 0.924186249592918 0.000000000000000 0.547924284637347 -3.107433033977536 0.000000000000000
-0.521514307247663 -0.277986300444658 0.130000000000000 -0.160219349579815 0.908649084423030 0.000000000000000 0.519825603371160 -2.948077493778456 0.000000000000000
-0.522302408355478 -0.273516756959887 0.130000000000000 -0.157620221562960 0.893908696954138 0.000000000000000 0.491726922104974 -2.788721953566053 0.000000000000000
-0.523078216290240 -0.269116931523956 0.130000000000000 -0.155161586952435 0.879965087186307 0.000000000000000 0.463628240852110 -2.629366413373635 0.000000000000000
-0.523842433518981 -0.264782840248358 0.130000000000000 -0.152843445748174 0.866818255119439 0.000000000000000 0.435529559577041 -2.470010873159012 0.000000000000000
-0.524595762508733 -0.260510499244590 0.130000000000000 -0.150665797950289 0.854468200753644 0.000000000000000 0.407430878319737 -2.310655332957712 0.000000000000000
-0.525338905726526 -0.256295924624146 0.130000000000000 -0.148628643558690 0.842914924088856 0.000000000000000 0.379332197053550 -2.151299792756411 0.000000000000000
-0.526072565639393 -0.252135132498521 0.130000000000000 -0.146731982573423 0.832158425125074 0.000000000000000 0.351233515791805 -1.991944252547340 0.000000000000000
-0.526797444714365 -0.248024138979209 0.130000000000000 -0.144975814994464 0.822198703862337 0.000000000000000 0.323134834530059 -1.832588712348260 0.000000000000000
-0.527514245418474 -0.243958960177706 0.130000000000000 -0.143360140821813 0.813035760300596 0.000000000000000 0.295036153263872 -1.673233172143629 0.000000000000000
-0.528223670218752 -0.239935612205507 0.130000000000000 -0.141884960055494 0.804669594439877 0.000000000000000 0.266937472002127 -1.513877631937888 0.000000000000000
-0.528926421582229 -0.235950111174106 0.130000000000000 -0.140550272695483 0.797100206280188 0.000000000000000 0.238838790740381 -1.354522091734367 0.000000000000000
-0.529623201975938 -0.231998473194998 0.130000000000000 -0.139356078741781 0.790327595821516 0.000000000000000 0.210740109474195 -1.195166551530846 0.000000000000000
-0.530314713866910 -0.228076714379679 0.130000000000000 -0.138302378194410 0.784351763063862 0.000000000000000 0.182641428212449 -1.035811011326215 0.000000000000000
-0.531001659722177 -0.224180850839643 0.130000000000000 -0.137389171053348 0.779172708007231 0.000000000000000 0.154542746946262 -0.876455471121584 0.000000000000000
-0.531684742008770 -0.220306898686384 0.130000000000000 -0.136616457318617 0.774790430651623 0.000000000000000 0.126444065684517 -0.717099930918064 0.000000000000000
-0.532364663193721 -0.216450874031399 0.130000000000000 -0.135984236990194 0.771204930997033 0.000000000000000 0.098345384427212 -0.557744390715653 0.000000000000000
-0.533042125744061 -0.212608792986182 0.130000000000000 -0.135492510068058 0.768416209043454 0.000000000000000 0.070246703152144 -0.398388850509912 0.000000000000000
-0.533717832126823 -0.208776671662227 0.130000000000000 -0.135141276552297 0.766424264790905 0.000000000000000 0.042148021899280 -0.239033310304171 0.000000000000000
-0.534392484809037 -0.204950526171031 0.130000000000000 -0.134930536442801 0.765229098239384 0.000000000000000 0.014049340628652 -0.079677770103981 0.000000000000000
-0.535066786257735 -0.201126372624086 0.130000000000000 -0.134860289739658 0.764830709388864 0.000000000000000 -0.014049340633093 0.079677770102871 0.000000000000000
-0.535741438939949 -0.197300227132889 0.130000000000000 -0.134930536442823 0.765229098239378 0.000000000000000 -0.042148021890398 0.239033310306391 0.000000000000000
-0.536417145322711 -0.193468105808935 0.130000000000000 -0.135141276552275 0.766424264790910 0.000000000000000 -0.070246703161025 0.398388850509912 0.000000000000000
-0.537094607873051 -0.189626024763718 0.130000000000000 -0.135492510068080 0.768416209043460 0.000000000000000 -0.098345384422771 0.557744390714543 0.000000000000000
-0.537774529058002 -0.185770000108732 0.130000000000000 -0.135984236990194 0.771204930997033 0.000000000000000 -0.126444065680076 0.717099930915843 0.000000000000000
-0.538457611344595 -0.181896047955474 0.130000000000000 -0.136616457318595 0.774790430651612 0.000000000000000 -0.154542746955144 0.876455471124915 0.000000000000000
-0.539144557199862 -0.178000184415438 0.130000000000000 -0.137389171053370 0.779172708007236 0.000000000000000 -0.182641428208008 1.035811011325105 0.000000000000000
-0.539836069090834 -0.174078425600119 0.130000000000000 -0.138302378194410 0.784351763063862 0.000000000000000 -0.210740109474195 1.195166551531957 0.000000000000000
-0.540532849484543 -0.170126787621011 0.130000000000000 -0.139356078741781 0.790327595821522 0.000000000000000 -0.238838790740381 1.354522091732147 0.000000000000000
-0.541235600848020 -0.166141286589610 0.130000000000000 -0.140550272695483 0.797100206280182 0.000000000000000 -0.266937472002127 1.513877631941218 0.000000000000000
-0.541945025648298 -0.162117938617411 0.130000000000000 -0.141884960055494 0.804669594439889 0.000000000000000 -0.295036153263872 1.673233172140298 0.000000000000000
-0.542661826352407 -0.158052759815908 0.130000000000000 -0.143360140821813 0.813035760300590 0.000000000000000 -0.323134834525618 1.832588712346039 0.000000000000000
-0.543386705427379 -0.153941766296596 0.130000000000000 -0.144975814994441 0.822198703862320 0.000000000000000 -0.351233515796245 1.991944252552891 0.000000000000000
-0.544120365340246 -0.149780974170971 0.130000000000000 -0.146731982573423 0.832158425125085 0.000000000000000 -0.379332197053550 2.151299792751971 0.000000000000000
-0.544863508558040 -0.145566399550527 0.130000000000000 -0.148628643558690 0.842914924088844 0.000000000000000 -0.407430878319737 2.310655332959932 0.000000000000000
-0.545616837547791 -0.141294058546758 0.130000000000000 -0.150665797950289 0.854468200753644 0.000000000000000 -0.435529559581482 2.470010873165673 0.000000000000000
-0.546381054776532 -0.136959967271161 0.130000000000000 -0.152843445748196 0.866818255119473 0.000000000000000 -0.463628240843228 2.629366413362533 0.000000000000000
-0.547156862711294 -0.132560141835230 0.130000000000000 -0.155161586952413 0.879965087186285 0.000000000000000 -0.491726922113855 2.788721953574935 0.000000000000000
-0.547944963819109 -0.128090598350459 0.130000000000000 -0.157620221562982 0.893908696954160 0.000000000000000 -0.519825603366719 2.948077493771795 0.000000000000000
-0.548746060567008 -0.123547352928344 0.130000000000000 -0.160219349579815 0.908649084423019 0.000000000000000 -0.547924284637347 3.107433033979756 0.000000000000000
-0.549560855422023 -0.118926421680379 0.130000000000000 -0.162958971003002 0.924186249592918 0.000000000000000 -0.576022965894651 3.266788574181057 0.000000000000000
-0.550390050851185 -0.114223820718060 0.130000000000000 -0.165839085832475 0.940520192463823 0.000000000000000 -0.604121647165279 3.426144114389018 0.000000000000000
-0.551234349321527 -0.109435566152881 0.130000000000000 -0.168859694068302 0.957650913035768 0.000000000000000 -0.632220328427024 3.585499654590318 0.000000000000000
-0.552094453300079 -0.104557674096338 0.130000000000000 -0.172020795710437 0.975578411308720 0.000000000000000 0.187131123570161 -1.061273338975877 -7.589574759945261
-0.552949879000542 -0.099706313873268 0.129810260631001 -0.171085140092586 0.970272044613840 -0.037947873799726 1.017592613159479 -5.771054486787275 -14.722633744855829
-0.553779864885676 -0.094999230012369 0.129252455418381 -0.165997177026789 0.941416772179904 -0.111561042524005 1.006158988290373 -5.706211177949339 -14.037860082304343
-0.554584696796103 -0.090434801430918 0.128343703703704 -0.160966382085337 0.912885716290157 -0.181750342935527 0.994725363430149 -5.641367869106961 -13.353086419753968
-0.555364660572444 -0.086011407046195 0.127101124828532 -0.155992755268186 0.884678876944622 -0.248515775034297 0.983291738552161 -5.576524560264584 -12.668312757201372
-0.556120042055321 -0.081727425775478 0.125541838134431 -0.151076296575425 0.856796254143299 -0.311857338820304 0.971858113696378 -5.511681251424427 -11.983539094648776
-0.556851127085355 -0.077581236536048 0.123682962962963 -0.146217006006943 0.829237847886177 -0.371775034293548 0.960424488822831 -5.446837942588711 -11.298765432099511
-0.557558201503170 -0.073571218245181 0.121541618655693 -0.141414883562829 0.802003658173234 -0.428268861454045 0.948990863958166 -5.381994633748555 -10.613991769547470
-0.558241551149385 -0.069695749820159 0.119134924554184 -0.136669929243038 0.775093685004491 -0.481338820301783 0.937557239089060 -5.317151324901737 -9.929218106996540
-0.558901461864623 -0.065953210178259 0.116480000000000 -0.131982143047593 0.748507928379982 -0.530984910836765 0.926123614224394 -5.252308016066021 -9.244444444443388
-0.559538219489505 -0.062341978236761 0.113593964334705 -0.127351524976471 0.722246388299652 -0.577207133058982 0.914689989355288 -5.187464707223644 -8.559670781893569
-0.560152109864654 -0.058860432912943 0.110493936899863 -0.122778075029695 0.696309064763534 -0.620005486968450 0.903256364490623 -5.122621398387928 -7.874897119341528
-0.560743418830690 -0.055506953124085 0.107197037037037 -0.118261793207242 0.670695957771594 -0.659379972565158 0.891822739625958 -5.057778089538889 -7.190123456790598
-0.561312432228235 -0.052279917787466 0.103720384087791 -0.113802679509112 0.645407067323900 -0.695330589849111 0.880389114752411 -4.992934780707614 -6.505349794238002
-0.561859435897912 -0.049177705820364 0.100081097393690 -0.109400733935350 0.620442393420362 -0.727857338820301 0.868955489887746 -4.928091471863016 -5.820576131687627
-0.562384715680342 -0.046198696140059 0.096296296296296 -0.105055956485911 0.595801936061047 -0.756960219478739 0.857521865023081 -4.863248163022860 -5.135802469135586
-0.562888557416146 -0.043341267663829 0.092383100137174 -0.100768347160796 0.571485695245932 -0.782639231824417 0.846088240153975 -4.798404854182703 -4.451028806584656
-0.563371246945946 -0.040603799308954 0.088358628257888 -0.096537905960026 0.547493670975019 -0.804894375857340 0.834654615293751 -4.733561545342546 -3.766255144032060
-0.563833070110364 -0.037984669992712 0.084240000000000 -0.092364632883557 0.523825863248306 -0.823725651577500 0.823220990415763 -4.668718236502389 -3.081481481482240
-0.564274312750021 -0.035482258632383 0.080044334705075 -0.088248527931478 0.500482272065794 -0.839133058984912 0.811787365555539 -4.603874927664453 -2.396707818930199
-0.564695260705539 -0.033094944145246 0.075788751714678 -0.084189591103701 0.477462897427472 -0.851116598079563 0.800353740686433 -4.539031618817635 -1.711934156378159
-0.565096199817541 -0.030821105448579 0.071490370370370 -0.080187822400268 0.454767739333384 -0.859676268861453 0.788920115817326 -4.474188309981919 -1.027160493827228
-0.565477415926647 -0.028659121459662 0.067166310013717 -0.076243221821182 0.432396797783474 -0.864812071330590 0.777486490957102 -4.409345001143983 -0.342386831275743
-0.565839194873479 -0.026607371095773 0.062833689986283 -0.072355789366396 0.410350072777754 -0.866524005486968 0.766052866083555 -4.344501692299385 0.342386831276031
-0.566181822498659 -0.024664233274192 0.058509629629630 -0.068525525035978 0.388627564316257 -0.864812071330588 0.754619241223331 -4.279658383459228 1.027160493826940
-0.566505584642808 -0.022828086912197 0.054211248285322 -0.064752428829862 0.367229272398961 -0.859676268861453 0.743185616349784 -4.214815074621292 1.711934156378447
-0.566810767146548 -0.021097310927068 0.049955665294925 -0.061036500748113 0.346155197025855 -0.851116598079561 0.731751991485119 -4.149971765781135 2.396707818929911
-0.567097655850502 -0.019470284236083 0.045760000000000 -0.057377740790687 0.325405338196949 -0.839133058984912 0.720318366616013 -4.085128456936538 3.081481481481130
-0.567366536595290 -0.017945385756521 0.041641371742112 -0.053776148957607 0.304979695912266 -0.823725651577506 0.708884741755789 -4.020285148103042 3.766255144033726
-0.567617695221534 -0.016520994405663 0.037616899862826 -0.050231725248828 0.284878270171751 -0.804894375857337 0.697451116882242 -3.955441839256224 4.451028806584101
-0.567851417569856 -0.015195489100785 0.033703703703704 -0.046744469664417 0.265101060975470 -0.782639231824417 0.686017492017577 -3.890598530418288 5.135802469135586
-0.568067989480878 -0.013967248759168 0.029918902606310 -0.043314382204329 0.245648068323379 -0.756960219478739 0.674583867152911 -3.825755221578131 5.820576131687627
-0.568267696795221 -0.012834652298091 0.026279615912209 -0.039941462868565 0.226519292215488 -0.727857338820301 0.663150242279364 -3.760911912740195 6.505349794238557
-0.568450825353506 -0.011796078634832 0.022802962962963 -0.036625711657168 0.207714732651787 -0.695330589849108 0.651716617419140 -3.696068603895597 7.190123456789488
-0.568617660996357 -0.010849906686671 0.019506063100137 -0.033367128570072 0.189234389632309 -0.659379972565161 0.640282992550034 -3.631225295057661 7.874897119342639
-0.568768489564393 -0.009994515370885 0.016406035665295 -0.030165713607322 0.171078263157021 -0.620005486968447 0.628849367680928 -3.566381986219724 8.559670781892459
-0.568903596898238 -0.009228283604756 0.013520000000000 -0.027021466768917 0.153246353225922 -0.577207133058985 0.617415742816263 -3.501538677372906 9.244444444444499
-0.569023268838512 -0.008549590305561 0.010865075445816 -0.023934388054836 0.135738659839058 -0.530984910836763 0.605982117951598 -3.436695368539411 9.929218106996540
-0.569127791225838 -0.007956814390579 0.008458381344307 -0.020904477465078 0.118555182996360 -0.481338820301780 0.594548493078051 -3.371852059694813 10.613991769546915
-0.569217449900836 -0.007448334777089 0.006317037037037 -0.017931734999688 0.101695922697886 -0.428268861454045 0.583114868217827 -3.307008750854656 11.298765432096181
-0.569292530704129 -0.007022530382371 0.004458161865569 -0.015016160658599 0.085160878943613 -0.371775034293564 0.571681243348721 -3.242165442016720 11.983539094653217
-0.569353319476338 -0.006677780123704 0.002898875171468 -0.012157754441855 0.068950051733530 -0.311857338820298 0.560247618475174 -3.177322133176563 12.668312757201372
-0.569400102058086 -0.006412462918365 0.001656296296296 -0.009356516349479 0.053063441067647 -0.248515775034291 0.548813993619390 -3.112478824331966 13.353086419752858
-0.569433164289993 -0.006224957683635 0.000747544581619 -0.006612446381382 0.037501046945987 -0.181750342935527 0.537380368745843 -3.047635515496250 14.037860082303233
-0.569452792012681 -0.006113643336793 0.000189739368999 -0.003925544537653 0.022262869368506 -0.111561042524011 0.525946743881178 -2.982792206656093 14.722633744858049
-0.569459271066772 -0.006076898795117 0.000000000000000 -0.001295810818247 0.007348908335225 -0.037947873799721 0.518324327298814 -2.939563334090067 15.179149519888302
-0.569452792012681 -0.006113643336793 0.000189739368999 0.001295810818247 -0.007348908335225 0.037947873799721 0.525946743881178 -2.982792206656093 14.722633744858049
-0.569433164289993 -0.006224957683635 0.000747544581619 0.003925544537653 -0.022262869368506 0.111561042524011 0.537380368745843 -3.047635515496250 14.037860082303233
-0.569400102058086 -0.006412462918365 0.001656296296296 0.006612446381382 -0.037501046945987 0.181750342935527 0.548813993619390 -3.112478824331966 13.353086419752858
-0.569353319476338 -0.006677780123704 0.002898875171468 0.009356516349479 -0.053063441067647 0.248515775034291 0.560247618475174 -3.177322133176563 12.668312757201372
-0.569292530704129 -0.007022530382371 0.004458161865569 0.012157754441855 -0.068950051733530 0.311857338820298 0.571681243348721 -3.242165442016720 11.983539094653217
-0.569217449900836 -0.007448334777089 0.006317037037037 0.015016160658599 -0.085160878943613 0.371775034293564 0.583114868217827 -3.307008750854656 11.298765432096181
-0.569127791225838 -0.007956814390579 0.008458381344307 0.017931734999688 -0.101695922697886 0.428268861454045 0.594548493078051 -3.371852059694813 10.613991769546915
-0.569023268838512 -0.008549590305561 0.010865075445816 0.020904477465078 -0.118555182996360 0.481338820301780 0.605982117951598 -3.436695368539411 9.929218106996540
-0.568903596898238 -0.009228283604756 0.013520000000000 0.023934388054836 -0.135738659839058 0.530984910836763 0.617415742816263 -3.501538677372906 9.244444444444499
-0.568768489564393 -0.009994515370885 0.016406035665295 0.027021466768917 -0.153246353225922 0.577207133058985 0.628849367680928 -3.566381986219724 8.559670781892459
-0.568617660996357 -0.010849906686671 0.019506063100137 0.030165713607322 -0.171078263157021 0.620005486968447 0.640282992550034 -3.631225295057661 7.874897119342639
-0.568450825353506 -0.011796078634832 0.022802962962963 0.033367128570072 -0.189234389632309 0.659379972565161 0.651716617419140 -3.696068603895597 7.190123456789488
-0.568267696795221 -0.012834652298091 0.026279615912209 0.036625711657168 -0.207714732651787 0.695330589849108 0.663150242279364 -3.760911912740195 6.505349794238557
-0.568067989480878 -0.013967248759168 0.029918902606310 0.039941462868565 -0.226519292215488 0.727857338820301 0.674583867152911 -3.825755221578131 5.820576131687627
-0.567851417569856 -0.015195489100785 0.033703703703704 0.043314382204329 -0.245648068323379 0.756960219478739 0.686017492017577 -3.890598530418288 5.135802469135586
-0.567617695221534 -0.016520994405663 0.037616899862826 0.046744469664417 -0.265101060975470 0.782639231824417 0.697451116882242 -3.955441839256224 4.451028806584101
-0.567366536595290 -0.017945385756521 0.041641371742112 0.050231725248828 -0.284878270171751 0.804894375857337 0.708884741755789 -4.020285148103042 3.766255144033726
-0.567097655850502 -0.019470284236083 0.045760000000000 0.053776148957607 -0.304979695912266 0.823725651577506 0.720318366616013 -4.085128456936538 3.081481481481130
-0.566810767146548 -0.021097310927068 0.049955665294925 0.057377740790687 -0.325405338196949 0.839133058984912 0.731751991485119 -4.149971765781135 2.396707818929911
-0.566505584642808 -0.022828086912197 0.054211248285322 0.061036500748113 -0.346155197025855 0.851116598079561 0.743185616349784 -4.214815074621292 1.711934156378447
-0.566181822498659 -0.024664233274192 0.058509629629630 0.064752428829862 -0.367229272398961 0.859676268861453 0.754619241223331 -4.279658383459228 1.027160493826940
-0.565839194873479 -0.026607371095773 0.062833689986283 0.068525525035978 -0.388627564316257 0.864812071330588 0.766052866083555 -4.344501692299385 0.342386831276031
-0.565477415926647 -0.028659121459662 0.067166310013717 0.072355789366396 -0.410350072777754 0.866524005486968 0.777486490957102 -4.409345001143983 -0.342386831275743
-0.565096199817541 -0.030821105448579 0.071490370370370 0.076243221821182 -0.432396797783474 0.864812071330590 0.788920115817326 -4.474188309981919 -1.027160493827228
-0.564695260705539 -0.033094944145246 0.075788751714678 0.080187822400268 -0.454767739333384 0.859676268861453 0.800353740686433 -4.539031618817635 -1.711934156378159
-0.564274312750021 -0.035482258632383 0.080044334705075 0.084189591103701 -0.477462897427472 0.851116598079563 0.811787365555539 -4.603874927664453 -2.396707818930199
-0.563833070110364 -0.037984669992712 0.084240000000000 0.088248527931478 -0.500482272065794 0.839133058984912 0.823220990415763 -4.668718236502389 -3.081481481482240
-0.563371246945946 -0.040603799308954 0.088358628257888 0.092364632883557 -0.523825863248306 0.823725651577500 0.834654615293751 -4.733561545342546 -3.766255144032060
-0.562888557416146 -0.043341267663829 0.092383100137174 0.096537905960026 -0.547493670975019 0.804894375857340 0.846088240153975 -4.798404854182703 -4.451028806584656
-0.562384715680342 -0.046198696140059 0.096296296296296 0.100768347160796 -0.571485695245932 0.782639231824417 0.857521865023081 -4.863248163022860 -5.135802469135586
-0.561859435897912 -0.049177705820364 0.100081097393690 0.105055956485911 -0.595801936061047 0.756960219478739 0.868955489887746 -4.928091471863016 -5.820576131687627
-0.561312432228235 -0.052279917787466 0.103720384087791 0.109400733935350 -0.620442393420362 0.727857338820301 0.880389114752411 -4.992934780707614 -6.505349794238002
-0.560743418830690 -0.055506953124085 0.107197037037037 0.113802679509112 -0.645407067323900 0.695330589849111 0.891822739625958 -5.057778089538889 -7.190123456790598
-0.560152109864654 -0.058860432912943 0.110493936899863 0.118261793207242 -0.670695957771594 0.659379972565158 0.903256364490623 -5.122621398387928 -7.874897119341528
-0.559538219489505 -0.062341978236761 0.113593964334705 0.122778075029695 -0.696309064763534 0.620005486968450 0.914689989355288 -5.187464707223644 -8.559670781893569
-0.558901461864623 -0.065953210178259 0.116480000000000 0.127351524976471 -0.722246388299652 0.577207133058982 0.926123614224394 -5.252308016066021 -9.244444444443388
-0.558241551149385 -0.069695749820159 0.119134924554184 0.131982143047593 -0.748507928379982 0.530984910836765 0.937557239089060 -5.317151324901737 -9.929218106996540
-0.557558201503170 -0.073571218245181 0.121541618655693 0.136669929243038 -0.775093685004491 0.481338820301783 0.948990863958166 -5.381994633748555 -10.613991769547470
-0.556851127085355 -0.077581236536048 0.123682962962963 0.141414883562829 -0.802003658173234 0.428268861454045 0.960424488822831 -5.446837942588711 -11.298765432099511
-0.556120042055321 -0.081727425775478 0.125541838134431 0.146217006006943 -0.829237847886177 0.371775034293548 0.971858113696378 -5.511681251424427 -11.983539094648776
-0.555364660572444 -0.086011407046195 0.127101124828532 0.151076296575425 -0.856796254143299 0.311857338820304 0.983291738552161 -5.576524560264584 -12.668312757201372
-0.554584696796103 -0.090434801430918 0.128343703703704 0.155992755268186 -0.884678876944622 0.248515775034297 0.994725363430149 -5.641367869106961 -13.353086419753968
-0.553779864885676 -0.094999230012369 0.129252455418381 0.160966382085337 -0.912885716290157 0.181750342935527 1.006158988290373 -5.706211177949339 -14.037860082304343
-0.552949879000542 -0.099706313873268 0.129810260631001 0.165997177026789 -0.941416772179904 0.111561042524005 1.017592613159479 -5.771054486787275 -14.722633744855829
-0.552094453300079 -0.104557674096338 0.130000000000000 0.171085140092586 -0.970272044613840 0.037947873799726 0.187131123570161 -1.061273338975877 -7.589574759945261
-0.551234349321527 -0.109435566152881 0.130000000000000 0.172020795710437 -0.975578411308720 0.000000000000000 -0.632220328427024 3.585499654590318 0.000000000000000
-0.550390050851185 -0.114223820718060 0.130000000000000 0.168859694068302 -0.957650913035768 0.000000000000000 -0.604121647165279 3.426144114389018 0.000000000000000
-0.549560855422023 -0.118926421680379 0.130000000000000 0.165839085832475 -0.940520192463823 0.000000000000000 -0.576022965894651 3.266788574181057 0.000000000000000
-0.548746060567008 -0.123547352928344 0.130000000000000 0.162958971003002 -0.924186249592918 0.000000000000000 -0.547924284637347 3.107433033979756 0.000000000000000
-0.547944963819109 -0.128090598350459 0.130000000000000 0.160219349579815 -0.908649084423019 0.000000000000000 -0.519825603366719 2.948077493771795 0.000000000000000
-0.547156862711294 -0.132560141835230 0.130000000000000 0.157620221562982 -0.893908696954160 0.000000000000000 -0.491726922113855 2.788721953574935 0.000000000000000
-0.546381054776532 -0.136959967271161 0.130000000000000 0.155161586952413 -0.879965087186285 0.000000000000000 -0.463628240843228 2.629366413362533 0.000000000000000
-0.545616837547791 -0.141294058546758 0.130000000000000 0.152843445748196 -0.866818255119473 0.000000000000000 -0.435529559581482 2.470010873165673 0.000000000000000
-0.544863508558040 -0.145566399550527 0.130000000000000 0.150665797950289 -0.854468200753644 0.000000000000000 -0.407430878319737 2.310655332959932 0.000000000000000
-0.544120365340246 -0.149780974170971 0.130000000000000 0.148628643558690 -0.842914924088844 0.000000000000000 -0.379332197053550 2.151299792751971 0.000000000000000
-0.543386705427379 -0.153941766296596 0.130000000000000 0.146731982573423 -0.832158425125085 0.000000000000000 -0.351233515796245 1.991944252552891 0.000000000000000
-0.542661826352407 -0.158052759815908 0.130000000000000 0.144975814994441 -0.822198703862320 0.000000000000000 -0.323134834525618 1.832588712346039 0.000000000000000
-0.541945025648298 -0.162117938617411 0.130000000000000 0.143360140821813 -0.813035760300590 0.000000000000000 -0.295036153263872 1.673233172140298 0.000000000000000
-0.541235600848020 -0.166141286589610 0.130000000000000 0.141884960055494 -0.804669594439889 0.000000000000000 -0.266937472002127 1.513877631941218 0.000000000000000
-0.540532849484543 -0.170126787621011 0.130000000000000 0.140550272695483 -0.797100206280182 0.000000000000000 -0.238838790740381 1.354522091732147 0.000000000000000
-0.539836069090834 -0.174078425600119 0.130000000000000 0.139356078741781 -0.790327595821522 0.000000000000000 -0.210740109474195 1.195166551531957 0.000000000000000
-0.539144557199862 -0.178000184415438 0.130000000000000 0.138302378194410 -0.784351763063862 0.000000000000000 -0.182641428208008 1.035811011325105 0.000000000000000
-0.538457611344595 -0.181896047955474 0.130000000000000 0.137389171053370 -0.779172708007236 0.000000000000000 -0.154542746955144 0.876455471124915 0.000000000000000
-0.537774529058002 -0.185770000108732 0.130000000000000 0.136616457318595 -0.774790430651612 0.000000000000000 -0.126444065680076 0.717099930915843 0.000000000000000
-0.537094607873051 -0.189626024763718 0.130000000000000 0.135984236990194 -0.771204930997033 0.000000000000000 -0.098345384422771 0.557744390714543 0.000000000000000
-0.536417145322711 -0.193468105808935 0.130000000000000 0.135492510068080 -0.768416209043460 0.000000000000000 -0.070246703161025 0.398388850509912 0.000000000000000
-0.535741438939949 -0.197300227132889 0.130000000000000 0.135141276552275 -0.766424264790910 0.000000000000000 -0.042148021890398 0.239033310306391 0.000000000000000
-0.535066786257735 -0.201126372624086 0.130000000000000 0.134930536442823 -0.765229098239378 0.000000000000000 -0.014049340633093 0.079677770102871 0.000000000000000
-0.534392484809037 -0.204950526171031 0.130000000000000 0.134860289739658 -0.764830709388864 0.000000000000000 0.014049340628652 -0.079677770103981 0.000000000000000
-0.533717832126823 -0.208776671662227 0.130000000000000 0.134930536442801 -0.765229098239384 0.000000000000000 0.042148021899280 -0.239033310304171 0.000000000000000
-0.533042125744061 -0.212608792986182 0.130000000000000 0.135141276552297 -0.766424264790905 0.000000000000000 0.070246703152144 -0.398388850509912 0.000000000000000
-0.532364663193721 -0.216450874031399 0.130000000000000 0.135492510068058 -0.768416209043454 0.000000000000000 0.098345384427212 -0.557744390715653 0.000000000000000
-0.531684742008770 -0.220306898686384 0.130000000000000 0.135984236990194 -0.771204930997033 0.000000000000000 0.126444065684517 -0.717099930918064 0.000000000000000
-0.531001659722177 -0.224180850839643 0.130000000000000 0.136616457318617 -0.774790430651623 0.000000000000000 0.154542746946262 -0.876455471121584 0.000000000000000
-0.530314713866910 -0.228076714379679 0.130000000000000 0.137389171053348 -0.779172708007231 0.000000000000000 0.182641428212449 -1.035811011326215 0.000000000000000
-0.529623201975938 -0.231998473194998 0.130000000000000 0.138302378194410 -0.784351763063862 0.000000000000000 0.210740109474195 -1.195166551530846 0.000000000000000
-0.528926421582229 -0.235950111174106 0.130000000000000 0.139356078741781 -0.790327595821516 0.000000000000000 0.238838790740381 -1.354522091734367 0.000000000000000
-0.528223670218752 -0.239935612205507 0.130000000000000 0.140550272695483 -0.797100206280188 0.000000000000000 0.266937472002127 -1.513877631937888 0.000000000000000
-0.527514245418474 -0.243958960177706 0.130000000000000 0.141884960055494 -0.804669594439877 0.000000000000000 0.295036153263872 -1.673233172143629 0.000000000000000
-0.526797444714365 -0.248024138979209 0.130000000000000 0.143360140821813 -0.813035760300596 0.000000000000000 0.323134834530059 -1.832588712348260 0.000000000000000
-0.526072565639393 -0.252135132498521 0.130000000000000 0.144975814994464 -0.822198703862337 0.000000000000000 0.351233515791805 -1.991944252547340 0.000000000000000
-0.525338905726526 -0.256295924624146 0.130000000000000 0.146731982573423 -0.832158425125074 0.000000000000000 0.379332197053550 -2.151299792756411 0.000000000000000
-0.524595762508733 -0.260510499244590 0.130000000000000 0.148628643558690 -0.842914924088856 0.000000000000000 0.407430878319737 -2.310655332957712 0.000000000000000
-0.523842433518981 -0.264782840248358 0.130000000000000 0.150665797950289 -0.854468200753644 0.000000000000000 0.435529559577041 -2.470010873159012 0.000000000000000
-0.523078216290240 -0.269116931523956 0.130000000000000 0.152843445748174 -0.866818255119439 0.000000000000000 0.463628240852110 -2.629366413373635 0.000000000000000
-0.522302408355478 -0.273516756959887 0.130000000000000 0.155161586952435 -0.879965087186307 0.000000000000000 0.491726922104974 -2.788721953566053 0.000000000000000
-0.521514307247663 -0.277986300444658 0.130000000000000 0.157620221562960 -0.893908696954138 0.000000000000000 0.519825603371160 -2.948077493778456 0.000000000000000
-0.520713210499764 -0.282529545866773 0.130000000000000 0.160219349579815 -0.908649084423030 0.000000000000000 0.547924284637347 -3.107433033977536 0.000000000000000
-0.519898415644749 -0.287150477114738 0.130000000000000 0.162958971003002 -0.924186249592918 0.000000000000000 0.576022965899092 -3.266788574183277 0.000000000000000
-0.519069220215587 -0.291853078077057 0.130000000000000 0.165839085832498 -0.940520192463834 0.000000000000000 0.604121647160838 -3.426144114386798 0.000000000000000
-0.518224921745245 -0.296641332642236 0.130000000000000 0.168859694068302 -0.957650913035768 0.000000000000000 0.632220328422584 -3.585499654590318 0.000000000000000
-0.517364817766693 -0.301519224698779 0.130000000000000 0.172020795710415 -0.975578411308720 0.000000000000000 -0.187131123561279 1.061273338973656 -7.589574759944151
-0.516509392066230 -0.306370584921848 0.129810260631001 0.171085140092608 -0.970272044613851 -0.037947873799721 -1.017592613163920 5.771054486793936 -14.722633744858049
-0.515679406181096 -0.311077668782748 0.129252455418381 0.165997177026789 -0.941416772179882 -0.111561042524011 -1.006158988294814 5.706211177940457 -14.037860082303233
-0.514874574270670 -0.315642097364199 0.128343703703704 0.160966382085315 -0.912885716290179 -0.181750342935527 -0.994725363421267 5.641367869111402 -13.353086419752858
-0.514094610494328 -0.320065491748922 0.127101124828532 0.155992755268208 -0.884678876944622 -0.248515775034291 -0.983291738561043 5.576524560266805 -12.668312757201372
-0.513339229011451 -0.324349473019638 0.125541838134431 0.151076296575403 -0.856796254143288 -0.311857338820298 -0.971858113687496 5.511681251424427 -11.983539094653217
-0.512608143981417 -0.328495662259069 0.123682962962963 0.146217006006966 -0.829237847886166 -0.371775034293564 -0.960424488827272 5.446837942586491 -11.298765432096181
-0.511901069563602 -0.332505680549935 0.121541618655693 0.141414883562829 -0.802003658173234 -0.428268861454045 -0.948990863958166 5.381994633744114 -10.613991769546915
-0.511217719917387 -0.336381148974958 0.119134924554184 0.136669929243038 -0.775093685004513 -0.481338820301780 -0.937557239089060 5.317151324906177 -9.929218106996540
-0.510557809202149 -0.340123688616858 0.116480000000000 0.131982143047593 -0.748507928379982 -0.530984910836763 -0.926123614224394 5.252308016068241 -9.244444444444499
-0.509921051577267 -0.343734920558356 0.113593964334705 0.127351524976471 -0.722246388299641 -0.577207133058985 -0.914689989359729 5.187464707219203 -8.559670781892459
-0.509307161202119 -0.347216465882174 0.110493936899863 0.122778075029673 -0.696309064763545 -0.620005486968447 -0.903256364486182 5.122621398390148 -7.874897119342639
-0.508715852236082 -0.350569945671032 0.107197037037037 0.118261793207242 -0.670695957771594 -0.659379972565161 -0.891822739621517 5.057778089543330 -7.190123456789488
-0.508146838838537 -0.353796981007651 0.103720384087791 0.113802679509134 -0.645407067323878 -0.695330589849108 -0.880389114756852 4.992934780700953 -6.505349794238557
-0.507599835168860 -0.356899192974753 0.100081097393690 0.109400733935350 -0.620442393420373 -0.727857338820301 -0.868955489892187 4.928091471865237 -5.820576131687627
-0.507074555386431 -0.359878202655058 0.096296296296296 0.105055956485889 -0.595801936061047 -0.756960219478739 -0.857521865018640 4.863248163022860 -5.135802469135586
-0.506570713650627 -0.362735631131288 0.092383100137174 0.100768347160796 -0.571485695245932 -0.782639231824417 -0.846088240153975 4.798404854182703 -4.451028806584101
-0.506088024120826 -0.365473099486163 0.088358628257888 0.096537905960026 -0.547493670975019 -0.804894375857337 -0.834654615289310 4.733561545342546 -3.766255144033726
-0.505626200956409 -0.368092228802404 0.084240000000000 0.092364632883579 -0.523825863248306 -0.823725651577506 -0.823220990420204 4.668718236504610 -3.081481481481130
-0.505184958316751 -0.370594640162733 0.080044334705075 0.088248527931478 -0.500482272065783 -0.839133058984912 -0.811787365555539 4.603874927660012 -2.396707818929644
-0.504764010361233 -0.372981954649871 0.075788751714678 0.084189591103701 -0.477462897427483 -0.851116598079560 -0.800353740686433 4.539031618822076 -1.711934156378714
-0.504363071249231 -0.375255793346538 0.071490370370370 0.080187822400268 -0.454767739333373 -0.859676268861453 -0.788920115821767 4.474188309977478 -1.027160493827228
-0.503981855140126 -0.377417777335455 0.067166310013717 0.076243221821160 -0.432396797783485 -0.864812071330590 -0.777486490952661 4.409345001146203 -0.342386831275743
-0.503620076193294 -0.379469527699344 0.062833689986283 0.072355789366396 -0.410350072777754 -0.866524005486968 -0.766052866083555 4.344501692299385 0.342386831275743
-0.503277448568114 -0.381412665520925 0.058509629629630 0.068525525035978 -0.388627564316257 -0.864812071330590 -0.754619241218890 4.279658383461449 1.027160493827228
-0.502953686423964 -0.383248811882920 0.054211248285322 0.064752428829884 -0.367229272398950 -0.859676268861453 -0.743185616354225 4.214815074616851 1.711934156378159
-0.502648503920224 -0.384979587868049 0.049955665294925 0.061036500748113 -0.346155197025866 -0.851116598079563 -0.731751991485119 4.149971765783356 2.396707818930199
-0.502361615216270 -0.386606614559034 0.045760000000000 0.057377740790687 -0.325405338196949 -0.839133058984912 -0.720318366620454 4.085128456938758 3.081481481481974
-0.502092734471482 -0.388131513038595 0.041641371742112 0.053776148957585 -0.304979695912255 -0.823725651577502 -0.708884741751348 4.020285148098601 3.766255144032615
-0.501841575845238 -0.389555904389454 0.037616899862826 0.050231725248828 -0.284878270171762 -0.804894375857339 -0.697451116882242 3.955441839258445 4.451028806584367
-0.501607853496916 -0.390881409694331 0.033703703703704 0.046744469664417 -0.265101060975470 -0.782639231824417 -0.686017492017577 3.890598530418288 5.135802469135586
-0.501391281585894 -0.392109650035948 0.029918902606310 0.043314382204329 -0.245648068323379 -0.756960219478739 -0.674583867148471 3.825755221578131 5.820576131687361
-0.501191574271551 -0.393242246497026 0.026279615912209 0.039941462868587 -0.226519292215488 -0.727857338820302 -0.663150242288246 3.760911912740195 6.505349794238824
-0.501008445713266 -0.394280820160285 0.022802962962963 0.036625711657146 -0.207714732651787 -0.695330589849108 -0.651716617414699 3.696068603897817 7.190123456790176
-0.500841610070415 -0.395226992108446 0.019506063100137 0.033367128570072 -0.189234389632298 -0.659379972565157 -0.640282992550034 3.631225295055440 7.874897119341395
-0.500690781502379 -0.396082383424231 0.016406035665295 0.030165713607322 -0.171078263157021 -0.620005486968450 -0.628849367680928 3.566381986217504 8.559670781892947
-0.500555674168534 -0.396848615190361 0.013520000000000 0.027021466768917 -0.153246353225933 -0.577207133058985 -0.617415742816263 3.501538677377347 9.244444444444566
-0.500436002228260 -0.397527308489556 0.010865075445816 0.023934388054836 -0.135738659839046 -0.530984910836763 -0.605982117951598 3.436695368534970 9.929218106995918
-0.500331479840935 -0.398120084404538 0.008458381344307 0.020904477465078 -0.118555182996372 -0.481338820301783 -0.594548493078051 3.371852059699254 10.613991769547226
-0.500241821165936 -0.398628564018027 0.006317037037037 0.017931734999688 -0.101695922697875 -0.428268861454047 -0.583114868217827 3.307008750854656 11.298765432098822
-0.500166740362643 -0.399054368412745 0.004458161865569 0.015016160658599 -0.085160878943602 -0.371775034293553 -0.571681243344280 3.242165442012279 11.983539094650197
-0.500105951590434 -0.399399118671413 0.002898875171468 0.012157754441877 -0.068950051733541 -0.311857338820302 -0.560247618484055 3.177322133176563 12.668312757201639
-0.500059169008687 -0.399664435876751 0.001656296296296 0.009356516349457 -0.053063441067658 -0.248515775034294 -0.548813993614949 3.112478824336407 13.353086419753096
-0.500026106776780 -0.399851941111481 0.000747544581619 0.006612446381382 -0.037501046945976 -0.181750342935528 -0.537380368741402 3.047635515494029 14.037860082304517
