-0.499999051534760 -0.400005379013672 0.000091360946746 0.000189693047981 -0.001075802734296 0.018272189349112 0.063231015989818 -0.358600911425366 7.157396449704144
-0.499996522294120 -0.400019723050129 0.000361656804734 0.000505848127930 -0.002868807291423 0.054059171597633 0.044261711193982 -0.251020638000199 6.930177514792897
-0.499992886510701 -0.400040342602536 0.000805207100592 0.000727156683900 -0.004123910481424 0.088710059171598 0.025292406398147 -0.143440364575032 6.702958579881657
-0.499988618417121 -0.400064548164057 0.001416331360947 0.000853618715890 -0.004841112304299 0.122224852071006 0.006323101597872 -0.035860091143203 6.475739644970418
-0.499984192246002 -0.400089650227857 0.002189349112426 0.000885234223880 -0.005020412760015 0.154603550295858 -0.012646203197964 0.071720182286406 6.248520710059174
-0.499980082229963 -0.400112959287100 0.003118579881657 0.000822003207890 -0.004661811848583 0.185846153846154 -0.031615507996019 0.179300455716014 6.021301775147903
-0.499976762601623 -0.400131785834950 0.004198343195266 0.000663925667910 -0.003765309570003 0.215952662721893 -0.050584812791854 0.286880729143402 5.794082840236747
-0.499974707593603 -0.400143440364572 0.005422958579882 0.000411001603950 -0.002330905924286 0.244923076923077 -0.069554117592130 0.394461002570790 5.566863905325370
-0.499974391438523 -0.400145233369129 0.006786745562130 0.000063231015990 -0.000358600911432 0.272757396449704 -0.088523422387965 0.502041276002618 5.339644970414237
-0.499976288369003 -0.400134475341786 0.008284023668639 -0.000379386095950 0.002151605468581 0.299455621301775 -0.107492727186020 0.609621549427786 5.112426035502948
-0.499980872617663 -0.400108476775707 0.009909112426036 -0.000916849731880 0.005199713215720 0.325017751479290 -0.126462031981855 0.717201822859614 4.885207100591771
-0.499988618417121 -0.400064548164057 0.011656331360947 -0.001549159891789 0.008785722330018 0.349443786982249 -0.145431336782131 0.824782096284782 4.657988165680393
-0.500000000000000 -0.400000000000000 0.013520000000000 -0.002276316575700 0.012909632811442 0.372733727810651 -0.164400641575746 0.932362369718831 4.430769230769204
-0.500015491598918 -0.399912142776700 0.015494437869822 -0.003098319783579 0.017571444660036 0.394887573964497 -0.183369946378242 1.039942643141778 4.203550295858172
-0.500035567446495 -0.399798286987321 0.017573964497041 -0.004015169515470 0.022771157875745 0.415905325443788 -0.202339251171857 1.147522916573607 3.976331360946583
-0.500060701775352 -0.399655743125028 0.019752899408284 -0.005026865771329 0.028508772458613 0.435786982248521 -0.221308555974353 1.255103190003215 3.749112426035672
-0.500091368818108 -0.399481821682985 0.022025562130178 -0.006133408551201 0.034784288408629 0.454532544378699 -0.240277860763527 1.362683463426162 3.521893491123951
-0.500128042807383 -0.399273833154356 0.024386272189349 -0.007334797855019 0.041597705725760 0.472142011834319 -0.259247165566023 1.470263736862432 3.294674556213317
-0.500171197975797 -0.399029088032306 0.026829349112426 -0.008631033682849 0.048949024410072 0.488615384615385 -0.278216470364079 1.577844010287599 3.067455621301596
-0.500221308555971 -0.398744896809998 0.029349112426036 -0.010022116034669 0.056838244461510 0.503952662721893 -0.297185775162134 1.685424283721648 2.840236686390685
-0.500278848780523 -0.398418569980598 0.031939881656805 -0.011508044910480 0.065265365880118 0.518153846153847 -0.316155079955749 1.793004557142375 2.613017751479241
-0.500344292882074 -0.398047418037268 0.034595976331361 -0.013088820310259 0.074230388665830 0.531218934911243 -0.335124384753804 1.900584830571983 2.385798816567908
-0.500418115093244 -0.397628751473175 0.037311715976331 -0.014764442234028 0.083733312818690 0.543147928994082 -0.354093689556301 2.008165104003812 2.158579881657019
-0.500500789646653 -0.397159880781481 0.040081420118343 -0.016534910681809 0.093774138338709 0.553940828402367 -0.373062994349915 2.115745377433420 1.931360946745286
-0.500592790774921 -0.396638116455352 0.042899408284024 -0.018400225653559 0.104352865225876 0.563597633136094 -0.392032299147971 2.223325650860808 1.704142011834664
-0.500694592710668 -0.396060768987951 0.045760000000000 -0.020360387149299 0.115469493480180 0.572118343195267 -0.411001603946026 2.330905924288196 1.476923076922665
-0.500806669686513 -0.395425148872443 0.048657514792899 -0.022415395169029 0.127124023101621 0.579502958579881 -0.429970908739641 2.438486197717804 1.249704142011754
-0.500929495935077 -0.394728566601992 0.051586272189349 -0.024565249712727 0.139316454090210 0.585751479289939 -0.448940213542137 2.546066471147412 1.022485207101398
-0.501063545688979 -0.393968332669762 0.054540591715976 -0.026809950780438 0.152046786445947 0.590863905325446 -0.467909518335752 2.653646744574800 0.795266272188844
-0.501209293180839 -0.393141757568918 0.057514792899408 -0.029149498372116 0.165315020168821 0.594840236686391 -0.486878823138248 2.761227018004409 0.568047337278221
-0.501367212643278 -0.392246151792624 0.060503195266272 -0.031583892487808 0.179121155258843 0.597680473372782 -0.505848127931863 2.868807291431796 0.340828402366489
-0.501537778308916 -0.391278825834044 0.063500118343195 -0.034113133127467 0.193465191716002 0.599384615384614 -0.524817432729918 2.976387564861405 0.113609467456155
-0.501721464410371 -0.390237090186342 0.066499881656805 -0.036737220291116 0.208347129540309 0.599952662721895 -0.543786737532415 3.083967838293233 -0.113609467455866
-0.501918745180265 -0.389118255342684 0.069496804733728 -0.039456153978779 0.223766968731776 0.599384615384616 -0.562756042317147 3.191548111716180 -0.340828402367044
-0.502130094851217 -0.387919631796232 0.072485207100592 -0.042269934190364 0.239724709290356 0.597680473372780 -0.581725347128526 3.299128385150230 -0.568047337278221
-0.502355987655847 -0.386638530040151 0.075459408284024 -0.045178560926007 0.256220351216108 0.594840236686389 -0.600694651917699 3.406708658573177 -0.795266272188289
-0.502596897826775 -0.385272260567606 0.078413727810651 -0.048182034185595 0.273253894508974 0.590863905325448 -0.619663956720196 3.514288932009446 -1.022485207101687
-0.502853299596621 -0.383818133871761 0.081342485207101 -0.051280353969196 0.290825339169021 0.585751479289939 -0.638633261513810 3.621869205434614 -1.249704142011199
-0.503125667198005 -0.382273460445780 0.084240000000000 -0.054473520276765 0.308934685196194 0.579502958579883 -0.657602566311866 3.729449478857561 -1.476923076924042
-0.503414474863546 -0.380635550782828 0.087100591715976 -0.057761533108325 0.327581932590482 0.572118343195263 -0.676571871109921 3.837029752296051 -1.704142011833554
-0.503720196825866 -0.378901715376068 0.089918579881657 -0.061144392463874 0.346767081351962 0.563597633136095 -0.695541175907977 3.944610025718998 -1.931360946745286
-0.504043307317583 -0.377069264718665 0.092688284023669 -0.064622098343414 0.366490131480557 0.553940828402369 -0.714510480706032 4.052190299150826 -2.158579881657574
-0.504384280571318 -0.375135509303784 0.095404023668639 -0.068194650746944 0.386751082976311 0.543147928994081 -0.733479785499647 4.159770572573773 -2.385798816567641
-0.504743590819690 -0.373097759624588 0.098060118343195 -0.071862049674443 0.407549935839180 0.531218934911243 -0.752449090302143 4.267350846005602 -2.613017751478819
-0.505121712295320 -0.370953326174242 0.100650887573965 -0.075624295125953 0.428886690069208 0.518153846153849 -0.771418395100198 4.374931119439651 -2.840236686391662
-0.505519119230827 -0.368699519445910 0.103170650887574 -0.079481387101454 0.450761345666406 0.503952662721890 -0.790387699889372 4.482511392862598 -3.067455621301174
-0.505936285858831 -0.366333649932756 0.105613727810651 -0.083433325600901 0.473173902630719 0.488615384615385 -0.809357004696309 4.590091666292206 -3.294674556212351
-0.506373686411953 -0.363853028127945 0.107974437869823 -0.087480110624383 0.496124360962180 0.472142011834323 -0.828326309489924 4.697671939721815 -3.521893491125194
-0.506831795122812 -0.361254964524641 0.110247100591716 -0.091621742171832 0.519612720660789 0.454532544378697 -0.847295614283539 4.805252213151423 -3.749112426035262
-0.507311086224029 -0.358536769616009 0.112426035502959 -0.095858220243250 0.543638981726546 0.435786982248521 -0.866264919090476 4.912832486578811 -3.976331360946439
-0.507812033948222 -0.355695753895211 0.114505562130178 -0.100189544838702 0.568203144159440 0.415905325443788 -0.885234223879650 5.020412760001758 -4.203550295858172
-0.508335112528013 -0.352729227855414 0.116480000000000 -0.104615715958101 0.593305207959449 0.394887573964497 -0.904203528677705 5.127993033442468 -4.430769230769904
-0.508880796196020 -0.349634501989781 0.118343668639053 -0.109136733601489 0.618945173126662 0.372733727810648 -0.923172833480201 5.235573306863195 -4.657988165680527
-0.509449559184865 -0.346408886791476 0.120090887573964 -0.113752597768890 0.645123039660978 0.349443786982245 -0.942142138273816 5.343153580295024 -4.885207100588929
-0.510041875727166 -0.343049692753664 0.121715976331361 -0.118463308460259 0.671838807562453 0.325017751479301 -0.961111443076312 5.450733853720191 -5.112426035507323
-0.510658220055544 -0.339554230369508 0.123213254437870 -0.123268865675641 0.699092476831054 0.299455621301764 -0.980080747865486 5.558314127152020 -5.339644970411284
-0.511299066402619 -0.335919810132174 0.124577041420118 -0.128169269414968 0.726884047466814 0.272757396449708 -0.999050052667982 5.665894400581628 -5.566863905325237
-0.511964889001010 -0.332143742534826 0.125801656804734 -0.133164519678308 0.755213519469722 0.244923076923081 -1.018019357461597 5.773474674006795 -5.794082840238080
-0.512656162083339 -0.328223338070627 0.126881420118343 -0.138254616465616 0.784080892839756 0.215952662721891 -1.036988662268534 5.881054947438624 -6.021301775146481
-0.513373359882223 -0.324155907232742 0.127810650887574 -0.143439559776959 0.813486167576949 0.185846153846159 -1.055957967057708 5.988635220868233 -6.248520710060435
-0.514116956630285 -0.319938760514336 0.128583668639053 -0.148719349612247 0.843429343681290 0.154603550295856 -1.074927271855763 6.096215494293400 -6.475739644969947
-0.514887426560142 -0.315569208408572 0.129194792899408 -0.154093985971526 0.873910421152757 0.122224852071007 -1.093896576653819 6.203795767723008 -6.702958579882790
-0.515685243904416 -0.311044561408615 0.129638343195266 -0.159563468854795 0.904929399991372 0.088710059171593 -1.112865881451874 6.311376041150396 -6.930177514791191
-0.516510882895726 -0.306362130007629 0.129908639053254 -0.165127798262055 0.936486280197124 0.054059171597637 -1.131835186254371 6.418956314584445 -7.157396449706255
-0.517364817766693 -0.301519224698779 0.130000000000000 -0.170786974193327 0.968581061770046 0.018272189349106 0.048189117860531 -0.273294067998364 -3.654437869821114
-0.518217547909713 -0.296683151741629 0.130000000000000 -0.170546028604024 0.967214591430055 0.000000000000000 1.215917723143001 -6.895812077429841 0.000000000000000
-0.519039880109655 -0.292019474086414 0.130000000000000 -0.164466439988309 0.932735531042905 0.000000000000000 1.178504870127384 -6.683633244279896 0.000000000000000
-0.519832749687843 -0.287522887262307 0.130000000000000 -0.158573915637672 0.899317364821506 0.000000000000000 1.141092017107326 -6.471454411118849 0.000000000000000
-0.520597091965604 -0.283188086798477 0.130000000000000 -0.152868455552135 0.866960092765912 0.000000000000000 1.103679164087268 -6.259275577977785 0.000000000000000
-0.521333842264262 -0.279009768224097 0.130000000000000 -0.147350059731699 0.835663714876023 0.000000000000000 1.066266311062769 -6.047096744821179 0.000000000000000
-0.522043935905144 -0.274982627068338 0.130000000000000 -0.142018728176385 0.805428231151917 0.000000000000000 1.028853458047152 -5.834917911671234 0.000000000000000
-0.522728308209575 -0.271101358860370 0.130000000000000 -0.136874460886149 0.776253641593561 0.000000000000000 0.991440605031535 -5.622739078523509 0.000000000000000
-0.523387894498880 -0.267360659129365 0.130000000000000 -0.131917257860992 0.748139946200943 0.000000000000000 0.954027752002595 -5.410560245360241 0.000000000000000
-0.524023630094385 -0.263755223404494 0.130000000000000 -0.127147119100979 0.721087144974142 0.000000000000000 0.916614898986978 -5.198381412216957 0.000000000000000
-0.524636450317415 -0.260279747214929 0.130000000000000 -0.122564044606044 0.695095237913057 0.000000000000000 0.879202045966920 -4.986202579067012 0.000000000000000
-0.525227290489296 -0.256928926089841 0.130000000000000 -0.118168034376209 0.670164225017722 0.000000000000000 0.841789192946862 -4.774023745908185 0.000000000000000
-0.525797085931353 -0.253697455558400 0.130000000000000 -0.113959088411475 0.646294106288181 0.000000000000000 0.804376339931245 -4.561844912762680 0.000000000000000
-0.526346771964913 -0.250580031149778 0.130000000000000 -0.109937206711819 0.623484881724368 0.000000000000000 0.766963486902306 -4.349666079608294 0.000000000000000
-0.526877283911299 -0.247571348393146 0.130000000000000 -0.106102389277307 0.601736551326326 0.000000000000000 0.729550633891130 -4.137487246457239 0.000000000000000
-0.527389557091838 -0.244666102817676 0.130000000000000 -0.102454636107852 0.581049115094040 0.000000000000000 0.692137780866631 -3.925308413305073 0.000000000000000
-0.527884526827856 -0.241858989952538 0.130000000000000 -0.098993947203518 0.561422573027515 0.000000000000000 0.654724927846573 -3.713129580154018 0.000000000000000
-0.528363128440677 -0.239144705326905 0.130000000000000 -0.095720322564286 0.542856925126745 0.000000000000000 0.617312074830956 -3.500950747004072 0.000000000000000
-0.528826297251628 -0.236517944469946 0.130000000000000 -0.092633762190131 0.525352171391724 0.000000000000000 0.579899221806457 -3.288771913849686 0.000000000000000
-0.529274968582033 -0.233973402910834 0.130000000000000 -0.089734266081098 0.508908311822476 0.000000000000000 0.542486368786399 -3.076593080698631 0.000000000000000
-0.529710077753219 -0.231505776178739 0.130000000000000 -0.087021834237166 0.493525346418983 0.000000000000000 0.505073515770782 -2.864414247548686 0.000000000000000
-0.530132560086511 -0.229109759802833 0.130000000000000 -0.084496466658313 0.479203275181239 0.000000000000000 0.467660662746283 -2.652235414393189 0.000000000000000
-0.530543350903234 -0.226780049312286 0.130000000000000 -0.082158163344581 0.465942098109273 0.000000000000000 0.430247809730666 -2.440056581245464 0.000000000000000
-0.530943385524713 -0.224511340236271 0.130000000000000 -0.080006924295928 0.453741815203046 0.000000000000000 0.392834956706167 -2.227877748092189 0.000000000000000
-0.531333599272275 -0.222298328103958 0.130000000000000 -0.078042749512397 0.442602426462585 0.000000000000000 0.355422103690550 -2.015698914941133 0.000000000000000
-0.531714927467245 -0.220135708444519 0.130000000000000 -0.076265638993944 0.432523931887879 0.000000000000000 0.318009250670492 -1.803520081788967 0.000000000000000
-0.532088305430948 -0.218018176787124 0.130000000000000 -0.074675592740592 0.423506331478934 0.000000000000000 0.280596397645994 -1.591341248635691 0.000000000000000
-0.532454668484710 -0.215940428660945 0.130000000000000 -0.073272610752362 0.415549625235756 0.000000000000000 0.243183544634817 -1.379162415487967 0.000000000000000
-0.532814951949856 -0.213897159595154 0.130000000000000 -0.072056693029188 0.408653813158316 0.000000000000000 0.205770691601437 -1.166983582334691 0.000000000000000
-0.533170091147712 -0.211883065118920 0.130000000000000 -0.071027839571181 0.402818895246643 0.000000000000000 0.168357838594702 -0.954804749181415 0.000000000000000
-0.533521021399603 -0.209892840761417 0.130000000000000 -0.070186050378207 0.398044871500736 0.000000000000000 0.130944985570203 -0.742625916030359 0.000000000000000
-0.533868678026855 -0.207921182051814 0.130000000000000 -0.069531325450356 0.394331741920584 0.000000000000000 0.093532132545704 -0.530447082878194 0.000000000000000
-0.534213996350793 -0.205962784519283 0.130000000000000 -0.069063664787627 0.391679506506193 0.000000000000000 0.056119279534528 -0.318268249728249 0.000000000000000
-0.534557911692742 -0.204012343692995 0.130000000000000 -0.068783068389955 0.390088165257552 0.000000000000000 0.018706426505588 -0.106089416574973 0.000000000000000
-0.534901359374030 -0.202064555102122 0.130000000000000 -0.068689536257427 0.389557718174677 0.000000000000000 -0.018706426510029 0.106089416573862 0.000000000000000
-0.535245274715979 -0.200114114275834 0.130000000000000 -0.068783068389977 0.390088165257546 0.000000000000000 -0.056119279525646 0.318268249728249 0.000000000000000
-0.535590593039918 -0.198155716743303 0.130000000000000 -0.069063664787605 0.391679506506187 0.000000000000000 -0.093532132554586 0.530447082878194 0.000000000000000
-0.535938249667169 -0.196184058033700 0.130000000000000 -0.069531325450378 0.394331741920578 0.000000000000000 -0.130944985565762 0.742625916031470 0.000000000000000
-0.536289179919060 -0.194193833676196 0.130000000000000 -0.070186050378207 0.398044871500736 0.000000000000000 -0.168357838590261 0.954804749183635 0.000000000000000
-0.536644319116916 -0.192179739199963 0.130000000000000 -0.071027839571158 0.402818895246654 0.000000000000000 -0.205770691610319 1.166983582333581 0.000000000000000
-0.537004602582062 -0.190136470134172 0.130000000000000 -0.072056693029210 0.408653813158322 0.000000000000000 -0.243183544630377 1.379162415486856 0.000000000000000
-0.537370965635824 -0.188058722007993 0.130000000000000 -0.073272610752362 0.415549625235756 0.000000000000000 -0.280596397645994 1.591341248634581 0.000000000000000
-0.537744343599527 -0.185941190350598 0.130000000000000 -0.074675592740592 0.423506331478929 0.000000000000000 -0.318009250670492 1.803520081790078 0.000000000000000
-0.538125671794497 -0.183778570691159 0.130000000000000 -0.076265638993944 0.432523931887879 0.000000000000000 -0.355422103690550 2.015698914941133 0.000000000000000
-0.538515885542059 -0.181565558558846 0.130000000000000 -0.078042749512397 0.442602426462585 0.000000000000000 -0.392834956706167 2.227877748092189 0.000000000000000
-0.538915920163538 -0.179296849482831 0.130000000000000 -0.080006924295928 0.453741815203046 0.000000000000000 -0.430247809730666 2.440056581244354 0.000000000000000
-0.539326710980261 -0.176967138992284 0.130000000000000 -0.082158163344581 0.465942098109268 0.000000000000000 -0.467660662746283 2.652235414395410 0.000000000000000
-0.539749193313553 -0.174571122616378 0.130000000000000 -0.084496466658313 0.479203275181245 0.000000000000000 -0.505073515766341 2.864414247547575 0.000000000000000
-0.540184302484739 -0.172103495884283 0.130000000000000 -0.087021834237144 0.493525346418983 0.000000000000000 -0.542486368790840 3.076593080697521 0.000000000000000
-0.540632973815144 -0.169558954325171 0.130000000000000 -0.089734266081098 0.508908311822470 0.000000000000000 -0.579899221810898 3.288771913850796 0.000000000000000
-0.541096142626095 -0.166932193468212 0.130000000000000 -0.092633762190153 0.525352171391724 0.000000000000000 -0.617312074826515 3.500950747006293 0.000000000000000
-0.541574744238916 -0.164217908842578 0.130000000000000 -0.095720322564286 0.542856925126756 0.000000000000000 -0.654724927842132 3.713129580150687 0.000000000000000
-0.542069713974934 -0.161410795977441 0.130000000000000 -0.098993947203496 0.561422573027509 0.000000000000000 -0.692137780875512 3.925308413307294 0.000000000000000
-0.542581987155473 -0.158505550401971 0.130000000000000 -0.102454636107874 0.581049115094046 0.000000000000000 -0.729550633882248 4.137487246455018 0.000000000000000
-0.543112499101860 -0.155496867645339 0.130000000000000 -0.106102389277285 0.601736551326321 0.000000000000000 -0.766963486911187 4.349666079610515 0.000000000000000
-0.543662185135419 -0.152379443236717 0.130000000000000 -0.109937206711841 0.623484881724373 0.000000000000000 -0.804376339926804 4.561844912760460 0.000000000000000
-0.544231980577476 -0.149147972705276 0.130000000000000 -0.113959088411475 0.646294106288176 0.000000000000000 -0.841789192946862 4.774023745913736 0.000000000000000
-0.544822820749357 -0.145797151580188 0.130000000000000 -0.118168034376209 0.670164225017744 0.000000000000000 -0.879202045962479 4.986202579058130 0.000000000000000
-0.545435640972387 -0.142321675390622 0.130000000000000 -0.122564044606022 0.695095237913035 0.000000000000000 -0.916614898991419 5.198381412216957 0.000000000000000
-0.546071376567892 -0.138716239665752 0.130000000000000 -0.127147119100979 0.721087144974120 0.000000000000000 -0.954027752007036 5.410560245371343 0.000000000000000
-0.546730962857197 -0.134975539934747 0.130000000000000 -0.131917257861014 0.748139946200976 0.000000000000000 -0.991440605027094 5.622739078516847 0.000000000000000
-0.547415335161628 -0.131094271726779 0.130000000000000 -0.136874460886149 0.776253641593561 0.000000000000000 -1.028853458042711 5.834917911671234 0.000000000000000
-0.548125428802510 -0.127067130571019 0.130000000000000 -0.142018728176363 0.805428231151917 0.000000000000000 -1.066266311071651 6.047096744823399 0.000000000000000
-0.548862179101168 -0.122888811996639 0.130000000000000 -0.147350059731721 0.835663714876034 0.000000000000000 -1.103679164082827 6.259275577971124 0.000000000000000
-0.549626521378929 -0.118554011532810 0.130000000000000 -0.152868455552135 0.866960092765889 0.000000000000000 -1.141092017107326 6.471454411123290 0.000000000000000
-0.550419390957117 -0.114057424708702 0.130000000000000 -0.158573915637672 0.899317364821506 0.000000000000000 -1.178504870127384 6.683633244282117 0.000000000000000
-0.551241723157059 -0.109393747053488 0.130000000000000 -0.164466439988309 0.932735531042916 0.000000000000000 -1.215917723143001 6.895812077427621 0.000000000000000
-0.552094453300079 -0.104557674096337 0.130000000000000 -0.170546028604024 0.967214591430055 0.000000000000000 -0.048189117856090 0.273294067991703 -3.654437869822225
-0.552948388171046 -0.099714768787487 0.129908639053254 -0.170786974193304 0.968581061770013 -0.018272189349111 1.131835186249930 -6.418956314575563 -7.157396449704034
-0.553774027162356 -0.095032337386502 0.129638343195266 -0.165127798262055 0.936486280197135 -0.054059171597631 1.112865881447433 -6.311376041150396 -6.930177514793412
-0.554571844506630 -0.090507690386545 0.129194792899408 -0.159563468854818 0.904929399991383 -0.088710059171598 1.093896576658260 -6.203795767725229 -6.702958579881679
-0.555342314436488 -0.086138138280781 0.128583668639053 -0.154093985971526 0.873910421152757 -0.122224852071007 1.074927271855763 -6.096215494297841 -6.475739644971057
-0.556085911184549 -0.081920991562375 0.127810650887574 -0.148719349612247 0.843429343681268 -0.154603550295862 1.055957967062149 -5.988635220863792 -6.248520710058214
-0.556803108983434 -0.077853560724490 0.126881420118343 -0.143439559776937 0.813486167576949 -0.185846153846153 1.036988662259652 -5.881054947436404 -6.021301775148702
-0.557494382065762 -0.073933156260291 0.125801656804734 -0.138254616465638 0.784080892839767 -0.215952662721897 1.018019357466038 -5.773474674011236 -5.794082840235304
-0.558160204664153 -0.070157088662943 0.124577041420118 -0.133164519678308 0.755213519469711 -0.244923076923073 0.999050052667982 -5.665894400577187 -5.566863905325792
-0.558801051011228 -0.066522668425608 0.123213254437870 -0.128169269414968 0.726884047466825 -0.272757396449702 0.980080747869927 -5.558314127154240 -5.339644970415169
-0.559417395339606 -0.063027206041453 0.121715976331361 -0.123268865675619 0.699092476831054 -0.299455621301778 0.961111443071871 -5.450733853722411 -5.112426035501771
-0.560009711881908 -0.059668012003641 0.120090887573965 -0.118463308460259 0.671838807562442 -0.325017751479287 0.942142138273816 -5.343153580290583 -4.885207100592259
-0.560578474870752 -0.056442396805336 0.118343668639053 -0.113752597768890 0.645123039660989 -0.349443786982248 0.923172833475761 -5.235573306867636 -4.657988165681082
-0.561124158538760 -0.053347670939703 0.116480000000000 -0.109136733601511 0.618945173126650 -0.372733727810654 0.904203528682146 -5.127993033435807 -4.430769230768239
-0.561647237118550 -0.050381144899905 0.114505562130178 -0.104615715958101 0.593305207959471 -0.394887573964495 0.885234223884090 -5.020412760008419 -4.203550295859282
-0.562148184842743 -0.047540129179108 0.112426035502959 -0.100189544838680 0.568203144159429 -0.415905325443791 0.866264919081594 -4.912832486576590 -3.976331360945329
-0.562627475943960 -0.044821934270476 0.110247100591716 -0.095858220243272 0.543638981726546 -0.435786982248518 0.847295614292420 -4.805252213153643 -3.749112426036372
-0.563085584654819 -0.042223870667172 0.107974437869822 -0.091621742171810 0.519612720660778 -0.454532544378700 0.828326309485483 -4.697671939719594 -3.521893491123529
-0.563522985207941 -0.039743248862361 0.105613727810651 -0.087480110624383 0.496124360962180 -0.472142011834317 0.809357004691869 -4.590091666289986 -3.294674556214017
-0.563940151835945 -0.037377379349207 0.103170650887574 -0.083433325600923 0.473173902630730 -0.488615384615387 0.790387699898254 -4.482511392867039 -3.067455621300619
-0.564337558771453 -0.035123572620875 0.100650887573965 -0.079481387101432 0.450761345666395 -0.503952662721890 0.771418395095758 -4.374931119435210 -2.840236686391107
-0.564715680247082 -0.032979139170529 0.098060118343195 -0.075624295125953 0.428886690069219 -0.518153846153846 0.752449090297702 -4.267350846007822 -2.613017751479929
-0.565074990495455 -0.030941389491333 0.095404023668639 -0.071862049674465 0.407549935839180 -0.531218934911246 0.733479785504088 -4.159770572573773 -2.385798816567086
-0.565415963749189 -0.029007634076452 0.092688284023669 -0.068194650746944 0.386751082976311 -0.543147928994081 0.714510480706032 -4.052190299150826 -2.158579881657574
-0.565739074240906 -0.027175183419049 0.089918579881657 -0.064622098343414 0.366490131480557 -0.553940828402369 0.695541175907977 -3.944610025721218 -1.931360946744731
-0.566044796203226 -0.025441348012289 0.087100591715976 -0.061144392463874 0.346767081351951 -0.563597633136093 0.676571871109921 -3.837029752291610 -1.704142011835219
-0.566333603868767 -0.023803438349337 0.084240000000000 -0.057761533108325 0.327581932590493 -0.572118343195269 0.657602566311866 -3.729449478859781 -1.476923076922376
-0.566605971470151 -0.022258764923356 0.081342485207101 -0.054473520276765 0.308934685196194 -0.579502958579881 0.638633261518251 -3.621869205436834 -1.249704142011754
-0.566862373239997 -0.020804638227511 0.078413727810651 -0.051280353969174 0.290825339169010 -0.585751479289939 0.619663956715755 -3.514288932005005 -1.022485207101131
-0.567103283410925 -0.019438368754966 0.075459408284024 -0.048182034185595 0.273253894508985 -0.590863905325445 0.600694651917699 -3.406708658577617 -0.795266272189399
-0.567329176215555 -0.018157266998885 0.072485207100592 -0.045178560926007 0.256220351216097 -0.594840236686392 0.581725347124085 -3.299128385145789 -0.568047337278221
-0.567540525886507 -0.016958643452433 0.069496804733728 -0.042269934190386 0.239724709290368 -0.597680473372783 0.562756042326029 -3.191548111720621 -0.340828402365934
-0.567737806656401 -0.015839808608774 0.066499881656805 -0.039456153978756 0.223766968731764 -0.599384615384613 0.543786737527974 -3.083967838288793 -0.113609467456421
-0.567921492757856 -0.014798072961073 0.063500118343195 -0.036737220291116 0.208347129540321 -0.599952662721895 0.524817432729918 -2.976387564861405 0.113609467455866
-0.568092058423494 -0.013830747002493 0.060503195266272 -0.034113133127467 0.193465191716014 -0.599384615384616 0.505848127931863 -2.868807291434017 0.340828402367044
-0.568249977885933 -0.012935141226199 0.057514792899408 -0.031583892487808 0.179121155258843 -0.597680473372780 0.486878823138248 -2.761227018004409 0.568047337278221
-0.568395725377793 -0.012108566125354 0.054540591715976 -0.029149498372116 0.165315020168821 -0.594840236686389 0.467909518331311 -2.653646744577021 0.795266272188289
-0.568529775131696 -0.011348332193125 0.051586272189349 -0.026809950780460 0.152046786445936 -0.590863905325448 0.448940213546578 -2.546066471142971 1.022485207101420
-0.568652601380259 -0.010651749922674 0.048657514792899 -0.024565249712727 0.139316454090221 -0.585751479289941 0.429970908739641 -2.438486197722245 1.249704142011754
-0.568764678356104 -0.010016129807166 0.045760000000000 -0.022415395169029 0.127124023101610 -0.579502958579882 0.411001603946026 -2.330905924283755 1.476923076923486
-0.568866480291851 -0.009438782339765 0.042899408284024 -0.020360387149299 0.115469493480191 -0.572118343195264 0.392032299152412 -2.223325650865249 1.704142011834109
-0.568958481420119 -0.008917018013635 0.040081420118343 -0.018400225653536 0.104352865225865 -0.563597633136094 0.373062994345474 -2.115745377431200 1.931360946744998
-0.569041155973528 -0.008448147321942 0.037311715976331 -0.016534910681809 0.093774138338709 -0.553940828402369 0.354093689551860 -2.008165104003812 2.158579881657574
-0.569114978184698 -0.008029480757848 0.034595976331361 -0.014764442234050 0.083733312818690 -0.543147928994081 0.335124384758245 -1.900584830571983 2.385798816567641
-0.569180422286249 -0.007658328814519 0.031939881656805 -0.013088820310259 0.074230388665830 -0.531218934911243 0.316155079960190 -1.793004557142375 2.613017751478819
-0.569237962510801 -0.007332001985119 0.029349112426035 -0.011508044910458 0.065265365880118 -0.518153846153849 0.297185775157693 -1.685424283721648 2.840236686391662
-0.569288073090975 -0.007047810762811 0.026829349112426 -0.010022116034669 0.056838244461510 -0.503952662721890 0.278216470359638 -1.577844010287599 3.067455621301174
-0.569331228259389 -0.006803065640761 0.024386272189349 -0.008631033682871 0.048949024410072 -0.488615384615385 0.259247165570464 -1.470263736860211 3.294674556212351
-0.569367902248664 -0.006595077112132 0.022025562130177 -0.007334797855019 0.041597705725771 -0.472142011834323 0.240277860767968 -1.362683463428382 3.521893491125194
-0.569398569291420 -0.006421155670089 0.019752899408284 -0.006133408551179 0.034784288408629 -0.454532544378697 0.221308555969912 -1.255103190003215 3.749112426035262
-0.569423703620277 -0.006278611807796 0.017573964497041 -0.005026865771329 0.028508772458613 -0.435786982248521 0.202339251171857 -1.147522916571386 3.976331360946439
-0.569443779467854 -0.006164756018417 0.015494437869822 -0.004015169515470 0.022771157875756 -0.415905325443788 0.183369946378242 -1.039942643148439 4.203550295858172
-0.569459271066772 -0.006076898795117 0.013520000000000 -0.003098319783579 0.017571444660014 -0.394887573964497 0.164400641571305 -0.932362369709949 4.430769230769904
-0.569470652649651 -0.006012350631059 0.011656331360947 -0.002276316575722 0.012909632811464 -0.372733727810648 0.145431336786572 -0.824782096291443 4.657988165680527
-0.569478398449110 -0.005968422019409 0.009909112426036 -0.001549159891789 0.008785722330007 -0.349443786982245 0.126462031984076 -0.717201822857394 4.885207100588929
-0.569482982697769 -0.005942423453331 0.008284023668639 -0.000916849731869 0.005199713215720 -0.325017751479301 0.107492727181580 -0.609621549430006 5.112426035507323
-0.569484879628249 -0.005931665425988 0.006786745562130 -0.000379386095961 0.002151605468570 -0.299455621301764 0.088523422392406 -0.502041275998177 5.339644970411284
-0.569484563473169 -0.005933458430545 0.005422958579882 0.000063231016001 -0.000358600911421 -0.272757396449708 0.069554117589909 -0.394461002577451 5.566863905325237
-0.569482508465149 -0.005945112960167 0.004198343195266 0.000411001603950 -0.002330905924308 -0.244923076923081 0.050584812791854 -0.286880729136740 5.794082840238080
-0.569479188836809 -0.005963939508017 0.003118579881657 0.000663925667910 -0.003765309569992 -0.215952662721891 0.031615507993799 -0.179300455718234 6.021301775146481
-0.569475078820770 -0.005987248567260 0.002189349112426 0.000822003207879 -0.004661811848583 -0.185846153846159 0.012646203204625 -0.071720182284185 6.248520710060435
-0.569470652649651 -0.006012350631060 0.001416331360947 0.000885234223902 -0.005020412760004 -0.154603550295856 -0.006323101606753 0.035860091140982 6.475739644969947
-0.569466384556071 -0.006036556192581 0.000805207100592 0.000853618715868 -0.004841112304299 -0.122224852071007 -0.025292406391486 0.143440364575032 6.702958579882790
-0.569462748772652 -0.006057175744988 0.000361656804734 0.000727156683911 -0.004123910481424 -0.088710059171593 -0.044261711193982 0.251020637997978 6.930177514791191
-0.569460219532012 -0.006071519781445 0.000091360946746 0.000505848127941 -0.002868807291434 -0.054059171597637 -0.063231015992038 0.358600911427587 7.157396449706255
-0.569459271066772 -0.006076898795117 0.000000000000000 0.000189693047981 -0.001075802734296 -0.018272189349106 -0.075877219192222 0.430321093718433 7.308875739642229
-0.569460219532012 -0.006071519781445 0.000091360946746 -0.000189693047981 0.001075802734296 0.018272189349106 -0.063231015992038 0.358600911427587 7.157396449706255
-0.569462748772652 -0.006057175744988 0.000361656804734 -0.000505848127941 0.002868807291434 0.054059171597637 -0.044261711193982 0.251020637997978 6.930177514791191
-0.569466384556071 -0.006036556192581 0.000805207100592 -0.000727156683911 0.004123910481424 0.088710059171593 -0.025292406391486 0.143440364575032 6.702958579882790
-0.569470652649651 -0.006012350631060 0.001416331360947 -0.000853618715868 0.004841112304299 0.122224852071007 -0.006323101606753 0.035860091140982 6.475739644969947
-0.569475078820770 -0.005987248567260 0.002189349112426 -0.000885234223902 0.005020412760004 0.154603550295856 0.012646203204625 -0.071720182284185 6.248520710060435
-0.569479188836809 -0.005963939508017 0.003118579881657 -0.000822003207879 0.004661811848583 0.185846153846159 0.031615507993799 -0.179300455718234 6.021301775146481
-0.569482508465149 -0.005945112960167 0.004198343195266 -0.000663925667910 0.003765309569992 0.215952662721891 0.050584812791854 -0.286880729136740 5.794082840238080
-0.569484563473169 -0.005933458430545 0.005422958579882 -0.000411001603950 0.002330905924308 0.244923076923081 0.069554117589909 -0.394461002577451 5.566863905325237
-0.569484879628249 -0.005931665425988 0.006786745562130 -0.000063231016001 0.000358600911421 0.272757396449708 0.088523422392406 -0.502041275998177 5.339644970411284
-0.569482982697769 -0.005942423453331 0.008284023668639 0.000379386095961 -0.002151605468570 0.299455621301764 0.107492727181580 -0.609621549430006 5.112426035507323
-0.569478398449110 -0.005968422019409 0.009909112426036 0.000916849731869 -0.005199713215720 0.325017751479301 0.126462031984076 -0.717201822857394 4.885207100588929
-0.569470652649651 -0.006012350631059 0.011656331360947 0.001549159891789 -0.008785722330007 0.349443786982245 0.145431336786572 -0.824782096291443 4.657988165680527
-0.569459271066772 -0.006076898795117 0.013520000000000 0.002276316575722 -0.012909632811464 0.372733727810648 0.164400641571305 -0.932362369709949 4.430769230769904
-0.569443779467854 -0.006164756018417 0.015494437869822 0.003098319783579 -0.017571444660014 0.394887573964497 0.183369946378242 -1.039942643148439 4.203550295858172
-0.569423703620277 -0.006278611807796 0.017573964497041 0.004015169515470 -0.022771157875756 0.415905325443788 0.202339251171857 -1.147522916571386 3.976331360946439
-0.569398569291420 -0.006421155670089 0.019752899408284 0.005026865771329 -0.028508772458613 0.435786982248521 0.221308555969912 -1.255103190003215 3.749112426035262
-0.569367902248664 -0.006595077112132 0.022025562130177 0.006133408551179 -0.034784288408629 0.454532544378697 0.240277860767968 -1.362683463428382 3.521893491125194
-0.569331228259389 -0.006803065640761 0.024386272189349 0.007334797855019 -0.041597705725771 0.472142011834323 0.259247165570464 -1.470263736860211 3.294674556212351
-0.569288073090975 -0.007047810762811 0.026829349112426 0.008631033682871 -0.048949024410072 0.488615384615385 0.278216470359638 -1.577844010287599 3.067455621301174
-0.569237962510801 -0.007332001985119 0.029349112426035 0.010022116034669 -0.056838244461510 0.503952662721890 0.297185775157693 -1.685424283721648 2.840236686391662
-0.569180422286249 -0.007658328814519 0.031939881656805 0.011508044910458 -0.065265365880118 0.518153846153849 0.316155079960190 -1.793004557142375 2.613017751478819
-0.569114978184698 -0.008029480757848 0.034595976331361 0.013088820310259 -0.074230388665830 0.531218934911243 0.335124384758245 -1.900584830571983 2.385798816567641
-0.569041155973528 -0.008448147321942 0.037311715976331 0.014764442234050 -0.083733312818690 0.543147928994081 0.354093689551860 -2.008165104003812 2.158579881657574
-0.568958481420119 -0.008917018013635 0.040081420118343 0.016534910681809 -0.093774138338709 0.553940828402369 0.373062994345474 -2.115745377431200 1.931360946744998
-0.568866480291851 -0.009438782339765 0.042899408284024 0.018400225653536 -0.104352865225865 0.563597633136094 0.392032299152412 -2.223325650865249 1.704142011834109
-0.568764678356104 -0.010016129807166 0.045760000000000 0.020360387149299 -0.115469493480191 0.572118343195264 0.411001603946026 -2.330905924283755 1.476923076923486
-0.568652601380259 -0.010651749922674 0.048657514792899 0.022415395169029 -0.127124023101610 0.579502958579882 0.429970908739641 -2.438486197722245 1.249704142011754
-0.568529775131696 -0.011348332193125 0.051586272189349 0.024565249712727 -0.139316454090221 0.585751479289941 0.448940213546578 -2.546066471142971 1.022485207101420
-0.568395725377793 -0.012108566125354 0.054540591715976 0.026809950780460 -0.152046786445936 0.590863905325448 0.467909518331311 -2.653646744577021 0.795266272188289
-0.568249977885933 -0.012935141226199 0.057514792899408 0.029149498372116 -0.165315020168821 0.594840236686389 0.486878823138248 -2.761227018004409 0.568047337278221
-0.568092058423494 -0.013830747002493 0.060503195266272 0.031583892487808 -0.179121155258843 0.597680473372780 0.505848127931863 -2.868807291434017 0.340828402367044
-0.567921492757856 -0.014798072961073 0.063500118343195 0.034113133127467 -0.193465191716014 0.599384615384616 0.524817432729918 -2.976387564861405 0.113609467455866
-0.567737806656401 -0.015839808608774 0.066499881656805 0.036737220291116 -0.208347129540321 0.599952662721895 0.543786737527974 -3.083967838288793 -0.113609467456421
-0.567540525886507 -0.016958643452433 0.069496804733728 0.039456153978756 -0.223766968731764 0.599384615384613 0.562756042326029 -3.191548111720621 -0.340828402365934
-0.567329176215555 -0.018157266998885 0.072485207100592 0.042269934190386 -0.239724709290368 0.597680473372783 0.581725347124085 -3.299128385145789 -0.568047337278221
-0.567103283410925 -0.019438368754966 0.075459408284024 0.045178560926007 -0.256220351216097 0.594840236686392 0.600694651917699 -3.406708658577617 -0.795266272189399
-0.566862373239997 -0.020804638227511 0.078413727810651 0.048182034185595 -0.273253894508985 0.590863905325445 0.619663956715755 -3.514288932005005 -1.022485207101131
-0.566605971470151 -0.022258764923356 0.081342485207101 0.051280353969174 -0.290825339169010 0.585751479289939 0.638633261518251 -3.621869205436834 -1.249704142011754
-0.566333603868767 -0.023803438349337 0.084240000000000 0.054473520276765 -0.308934685196194 0.579502958579881 0.657602566311866 -3.729449478859781 -1.476923076922376
-0.566044796203226 -0.025441348012289 0.087100591715976 0.057761533108325 -0.327581932590493 0.572118343195269 0.676571871109921 -3.837029752291610 -1.704142011835219
-0.565739074240906 -0.027175183419049 0.089918579881657 0.061144392463874 -0.346767081351951 0.563597633136093 0.695541175907977 -3.944610025721218 -1.931360946744731
-0.565415963749189 -0.029007634076452 0.092688284023669 0.064622098343414 -0.366490131480557 0.553940828402369 0.714510480706032 -4.052190299150826 -2.158579881657574
-0.565074990495455 -0.030941389491333 0.095404023668639 0.068194650746944 -0.386751082976311 0.543147928994081 0.733479785504088 -4.159770572573773 -2.385798816567086
-0.564715680247082 -0.032979139170529 0.098060118343195 0.071862049674465 -0.407549935839180 0.531218934911246 0.752449090297702 -4.267350846007822 -2.613017751479929
-0.564337558771453 -0.035123572620875 0.100650887573965 0.075624295125953 -0.428886690069219 0.518153846153846 0.771418395095758 -4.374931119435210 -2.840236686391107
-0.563940151835945 -0.037377379349207 0.103170650887574 0.079481387101432 -0.450761345666395 0.503952662721890 0.790387699898254 -4.482511392867039 -3.067455621300619
-0.563522985207941 -0.039743248862361 0.105613727810651 0.083433325600923 -0.473173902630730 0.488615384615387 0.809357004691869 -4.590091666289986 -3.294674556214017
-0.563085584654819 -0.042223870667172 0.107974437869822 0.087480110624383 -0.496124360962180 0.472142011834317 0.828326309485483 -4.697671939719594 -3.521893491123529
-0.562627475943960 -0.044821934270476 0.110247100591716 0.091621742171810 -0.519612720660778 0.454532544378700 0.847295614292420 -4.805252213153643 -3.749112426036372
-0.562148184842743 -0.047540129179108 0.112426035502959 0.095858220243272 -0.543638981726546 0.435786982248518 0.866264919081594 -4.912832486576590 -3.976331360945329
-0.561647237118550 -0.050381144899905 0.114505562130178 0.100189544838680 -0.568203144159429 0.415905325443791 0.885234223884090 -5.020412760008419 -4.203550295859282
-0.561124158538760 -0.053347670939703 0.116480000000000 0.104615715958101 -0.593305207959471 0.394887573964495 0.904203528682146 -5.127993033435807 -4.430769230768239
-0.560578474870752 -0.056442396805336 0.118343668639053 0.109136733601511 -0.618945173126650 0.372733727810654 0.923172833475761 -5.235573306867636 -4.657988165681082
-0.560009711881908 -0.059668012003641 0.120090887573965 0.113752597768890 -0.645123039660989 0.349443786982248 0.942142138273816 -5.343153580290583 -4.885207100592259
-0.559417395339606 -0.063027206041453 0.121715976331361 0.118463308460259 -0.671838807562442 0.325017751479287 0.961111443071871 -5.450733853722411 -5.112426035501771
-0.558801051011228 -0.066522668425608 0.123213254437870 0.123268865675619 -0.699092476831054 0.299455621301778 0.980080747869927 -5.558314127154240 -5.339644970415169
-0.558160204664153 -0.070157088662943 0.124577041420118 0.128169269414968 -0.726884047466825 0.272757396449702 0.999050052667982 -5.665894400577187 -5.566863905325792
-0.557494382065762 -0.073933156260291 0.125801656804734 0.133164519678308 -0.755213519469711 0.244923076923073 1.018019357466038 -5.773474674011236 -5.794082840235304
-0.556803108983434 -0.077853560724490 0.126881420118343 0.138254616465638 -0.784080892839767 0.215952662721897 1.036988662259652 -5.881054947436404 -6.021301775148702
-0.556085911184549 -0.081920991562375 0.127810650887574 0.143439559776937 -0.813486167576949 0.185846153846153 1.055957967062149 -5.988635220863792 -6.248520710058214
-0.555342314436488 -0.086138138280781 0.128583668639053 0.148719349612247 -0.843429343681268 0.154603550295862 1.074927271855763 -6.096215494297841 -6.475739644971057
-0.554571844506630 -0.090507690386545 0.129194792899408 0.154093985971526 -0.873910421152757 0.122224852071007 1.093896576658260 -6.203795767725229 -6.702958579881679
-0.553774027162356 -0.095032337386502 0.129638343195266 0.159563468854818 -0.904929399991383 0.088710059171598 1.112865881447433 -6.311376041150396 -6.930177514793412
-0.552948388171046 -0.099714768787487 0.129908639053254 0.165127798262055 -0.936486280197135 0.054059171597631 1.131835186249930 -6.418956314575563 -7.157396449704034
-0.552094453300079 -0.104557674096337 0.130000000000000 0.170786974193304 -0.968581061770013 0.018272189349111 -0.048189117856090 0.273294067991703 -3.654437869822225
-0.551241723157059 -0.109393747053488 0.130000000000000 0.170546028604024 -0.967214591430055 0.000000000000000 -1.215917723143001 6.895812077427621 0.000000000000000
-0.550419390957117 -0.114057424708702 0.130000000000000 0.164466439988309 -0.932735531042916 0.000000000000000 -1.178504870127384 6.683633244282117 0.000000000000000
-0.549626521378929 -0.118554011532810 0.130000000000000 0.158573915637672 -0.899317364821506 0.000000000000000 -1.141092017107326 6.471454411123290 0.000000000000000
-0.548862179101168 -0.122888811996639 0.130000000000000 0.152868455552135 -0.866960092765889 0.000000000000000 -1.103679164082827 6.259275577971124 0.000000000000000
-0.548125428802510 -0.127067130571019 0.130000000000000 0.147350059731721 -0.835663714876034 0.000000000000000 -1.066266311071651 6.047096744823399 0.000000000000000
-0.547415335161628 -0.131094271726779 0.130000000000000 0.142018728176363 -0.805428231151917 0.000000000000000 -1.028853458042711 5.834917911671234 0.000000000000000
-0.546730962857197 -0.134975539934747 0.130000000000000 0.136874460886149 -0.776253641593561 0.000000000000000 -0.991440605027094 5.622739078516847 0.000000000000000
-0.546071376567892 -0.138716239665752 0.130000000000000 0.131917257861014 -0.748139946200976 0.000000000000000 -0.954027752007036 5.410560245371343 0.000000000000000
-0.545435640972387 -0.142321675390622 0.130000000000000 0.127147119100979 -0.721087144974120 0.000000000000000 -0.916614898991419 5.198381412216957 0.000000000000000
-0.544822820749357 -0.145797151580188 0.130000000000000 0.122564044606022 -0.695095237913035 0.000000000000000 -0.879202045962479 4.986202579058130 0.000000000000000
-0.544231980577476 -0.149147972705276 0.130000000000000 0.118168034376209 -0.670164225017744 0.000000000000000 -0.841789192946862 4.774023745913736 0.000000000000000
-0.543662185135419 -0.152379443236717 0.130000000000000 0.113959088411475 -0.646294106288176 0.000000000000000 -0.804376339926804 4.561844912760460 0.000000000000000
-0.543112499101860 -0.155496867645339 0.130000000000000 0.109937206711841 -0.623484881724373 0.000000000000000 -0.766963486911187 4.349666079610515 0.000000000000000
-0.542581987155473 -0.158505550401971 0.130000000000000 0.106102389277285 -0.601736551326321 0.000000000000000 -0.729550633882248 4.137487246455018 0.000000000000000
-0.542069713974934 -0.161410795977441 0.130000000000000 0.102454636107874 -0.581049115094046 0.000000000000000 -0.692137780875512 3.925308413307294 0.000000000000000
-0.541574744238916 -0.164217908842578 0.130000000000000 0.098993947203496 -0.561422573027509 0.000000000000000 -0.654724927842132 3.713129580150687 0.000000000000000
-0.541096142626095 -0.166932193468212 0.130000000000000 0.095720322564286 -0.542856925126756 0.000000000000000 -0.617312074826515 3.500950747006293 0.000000000000000
-0.540632973815144 -0.169558954325171 0.130000000000000 0.092633762190153 -0.525352171391724 0.000000000000000 -0.579899221810898 3.288771913850796 0.000000000000000
-0.540184302484739 -0.172103495884283 0.130000000000000 0.089734266081098 -0.508908311822470 0.000000000000000 -0.542486368790840 3.076593080697521 0.000000000000000
-0.539749193313553 -0.174571122616378 0.130000000000000 0.087021834237144 -0.493525346418983 0.000000000000000 -0.505073515766341 2.864414247547575 0.000000000000000
-0.539326710980261 -0.176967138992284 0.130000000000000 0.084496466658313 -0.479203275181245 0.000000000000000 -0.467660662746283 2.652235414395410 0.000000000000000
-0.538915920163538 -0.179296849482831 0.130000000000000 0.082158163344581 -0.465942098109268 0.000000000000000 -0.430247809730666 2.440056581244354 0.000000000000000
-0.538515885542059 -0.181565558558846 0.130000000000000 0.080006924295928 -0.453741815203046 0.000000000000000 -0.392834956706167 2.227877748092189 0.000000000000000
-0.538125671794497 -0.183778570691159 0.130000000000000 0.078042749512397 -0.442602426462585 0.000000000000000 -0.355422103690550 2.015698914941133 0.000000000000000
-0.537744343599527 -0.185941190350598 0.130000000000000 0.076265638993944 -0.432523931887879 0.000000000000000 -0.318009250670492 1.803520081790078 0.000000000000000
-0.537370965635824 -0.188058722007993 0.130000000000000 0.074675592740592 -0.423506331478929 0.000000000000000 -0.280596397645994 1.591341248634581 0.000000000000000
-0.537004602582062 -0.190136470134172 0.130000000000000 0.073272610752362 -0.415549625235756 0.000000000000000 -0.243183544630377 1.379162415486856 0.000000000000000
-0.536644319116916 -0.192179739199963 0.130000000000000 0.072056693029210 -0.408653813158322 0.000000000000000 -0.205770691610319 1.166983582333581 0.000000000000000
-0.536289179919060 -0.194193833676196 0.130000000000000 0.071027839571158 -0.402818895246654 0.000000000000000 -0.168357838590261 0.954804749183635 0.000000000000000
-0.535938249667169 -0.196184058033700 0.130000000000000 0.070186050378207 -0.398044871500736 0.000000000000000 -0.130944985565762 0.742625916031470 0.000000000000000
-0.535590593039918 -0.198155716743303 0.130000000000000 0.069531325450378 -0.394331741920578 0.000000000000000 -0.093532132554586 0.530447082878194 0.000000000000000
-0.535245274715979 -0.200114114275834 0.130000000000000 0.069063664787605 -0.391679506506187 0.000000000000000 -0.056119279525646 0.318268249728249 0.000000000000000
-0.534901359374030 -0.202064555102122 0.130000000000000 0.068783068389977 -0.390088165257546 0.000000000000000 -0.018706426510029 0.106089416573862 0.000000000000000
-0.534557911692742 -0.204012343692995 0.130000000000000 0.068689536257427 -0.389557718174677 0.000000000000000 0.018706426505588 -0.106089416574973 0.000000000000000
-0.534213996350793 -0.205962784519283 0.130000000000000 0.068783068389955 -0.390088165257552 0.000000000000000 0.056119279534528 -0.318268249728249 0.000000000000000
-0.533868678026855 -0.207921182051814 0.130000000000000 0.069063664787627 -0.391679506506193 0.000000000000000 0.093532132545704 -0.530447082878194 0.000000000000000
-0.533521021399603 -0.209892840761417 0.130000000000000 0.069531325450356 -0.394331741920584 0.000000000000000 0.130944985570203 -0.742625916030359 0.000000000000000
-0.533170091147712 -0.211883065118920 0.130000000000000 0.070186050378207 -0.398044871500736 0.000000000000000 0.168357838594702 -0.954804749181415 0.000000000000000
-0.532814951949856 -0.213897159595154 0.130000000000000 0.071027839571181 -0.402818895246643 0.000000000000000 0.205770691601437 -1.166983582334691 0.000000000000000
-0.532454668484710 -0.215940428660945 0.130000000000000 0.072056693029188 -0.408653813158316 0.000000000000000 0.243183544634817 -1.379162415487967 0.000000000000000
-0.532088305430948 -0.218018176787124 0.130000000000000 0.073272610752362 -0.415549625235756 0.000000000000000 0.280596397645994 -1.591341248635691 0.000000000000000
-0.531714927467245 -0.220135708444519 0.130000000000000 0.074675592740592 -0.423506331478934 0.000000000000000 0.318009250670492 -1.803520081788967 0.000000000000000
-0.531333599272275 -0.222298328103958 0.130000000000000 0.076265638993944 -0.432523931887879 0.000000000000000 0.355422103690550 -2.015698914941133 0.000000000000000
-0.530943385524713 -0.224511340236271 0.130000000000000 0.078042749512397 -0.442602426462585 0.000000000000000 0.392834956706167 -2.227877748092189 0.000000000000000
-0.530543350903234 -0.226780049312286 0.130000000000000 0.080006924295928 -0.453741815203046 0.000000000000000 0.430247809730666 -2.440056581245464 0.000000000000000
-0.530132560086511 -0.229109759802833 0.130000000000000 0.082158163344581 -0.465942098109273 0.000000000000000 0.467660662746283 -2.652235414393189 0.000000000000000
-0.529710077753219 -0.231505776178739 0.130000000000000 0.084496466658313 -0.479203275181239 0.000000000000000 0.505073515770782 -2.864414247548686 0.000000000000000
-0.529274968582033 -0.233973402910834 0.130000000000000 0.087021834237166 -0.493525346418983 0.000000000000000 0.542486368786399 -3.076593080698631 0.000000000000000
-0.528826297251628 -0.236517944469946 0.130000000000000 0.089734266081098 -0.508908311822476 0.000000000000000 0.579899221806457 -3.288771913849686 0.000000000000000
-0.528363128440677 -0.239144705326905 0.130000000000000 0.092633762190131 -0.525352171391724 0.000000000000000 0.617312074830956 -3.500950747004072 0.000000000000000
-0.527884526827856 -0.241858989952538 0.130000000000000 0.095720322564286 -0.542856925126745 0.000000000000000 0.654724927846573 -3.713129580154018 0.000000000000000
-0.527389557091838 -0.244666102817676 0.130000000000000 0.098993947203518 -0.561422573027515 0.000000000000000 0.692137780866631 -3.925308413305073 0.000000000000000
-0.526877283911299 -0.247571348393146 0.130000000000000 0.102454636107852 -0.581049115094040 0.000000000000000 0.729550633891130 -4.137487246457239 0.000000000000000
-0.526346771964913 -0.250580031149778 0.130000000000000 0.106102389277307 -0.601736551326326 0.000000000000000 0.766963486902306 -4.349666079608294 0.000000000000000
-0.525797085931353 -0.253697455558400 0.130000000000000 0.109937206711819 -0.623484881724368 0.000000000000000 0.804376339931245 -4.561844912762680 0.000000000000000
-0.525227290489296 -0.256928926089841 0.130000000000000 0.113959088411475 -0.646294106288181 0.000000000000000 0.841789192946862 -4.774023745908185 0.000000000000000
-0.524636450317415 -0.260279747214929 0.130000000000000 0.118168034376209 -0.670164225017722 0.000000000000000 0.879202045966920 -4.986202579067012 0.000000000000000
-0.524023630094385 -0.263755223404494 0.130000000000000 0.122564044606044 -0.695095237913057 0.000000000000000 0.916614898986978 -5.198381412216957 0.000000000000000
-0.523387894498880 -0.267360659129365 0.130000000000000 0.127147119100979 -0.721087144974142 0.000000000000000 0.954027752002595 -5.410560245360241 0.000000000000000
-0.522728308209575 -0.271101358860370 0.130000000000000 0.131917257860992 -0.748139946200943 0.000000000000000 0.991440605031535 -5.622739078523509 0.000000000000000
-0.522043935905144 -0.274982627068338 0.130000000000000 0.136874460886149 -0.776253641593561 0.000000000000000 1.028853458047152 -5.834917911671234 0.000000000000000
-0.521333842264262 -0.279009768224097 0.130000000000000 0.142018728176385 -0.805428231151917 0.000000000000000 1.066266311062769 -6.047096744821179 0.000000000000000
-0.520597091965604 -0.283188086798477 0.130000000000000 0.147350059731699 -0.835663714876023 0.000000000000000 1.103679164087268 -6.259275577977785 0.000000000000000
-0.519832749687843 -0.287522887262307 0.130000000000000 0.152868455552135 -0.866960092765912 0.000000000000000 1.141092017107326 -6.471454411118849 0.000000000000000
-0.519039880109655 -0.292019474086414 0.130000000000000 0.158573915637672 -0.899317364821506 0.000000000000000 1.178504870127384 -6.683633244279896 0.000000000000000
-0.518217547909713 -0.296683151741629 0.130000000000000 0.164466439988309 -0.932735531042905 0.000000000000000 1.215917723143001 -6.895812077429841 0.000000000000000
-0.517364817766693 -0.301519224698779 0.130000000000000 0.170546028604024 -0.967214591430055 0.000000000000000 0.048189117860531 -0.273294067998364 -3.654437869821114
-0.516510882895726 -0.306362130007629 0.129908639053254 0.170786974193327 -0.968581061770046 -0.018272189349106 -1.131835186254371 6.418956314584445 -7.157396449706255
-0.515685243904416 -0.311044561408615 0.129638343195266 0.165127798262055 -0.936486280197124 -0.054059171597637 -1.112865881451874 6.311376041150396 -6.930177514791191
-0.514887426560142 -0.315569208408572 0.129194792899408 0.159563468854795 -0.904929399991372 -0.088710059171593 -1.093896576653819 6.203795767723008 -6.702958579882790
-0.514116956630285 -0.319938760514336 0.128583668639053 0.154093985971526 -0.873910421152757 -0.122224852071007 -1.074927271855763 6.096215494293400 -6.475739644969947
-0.513373359882223 -0.324155907232742 0.127810650887574 0.148719349612247 -0.843429343681290 -0.154603550295856 -1.055957967057708 5.988635220868233 -6.248520710060435
-0.512656162083339 -0.328223338070627 0.126881420118343 0.143439559776959 -0.813486167576949 -0.185846153846159 -1.036988662268534 5.881054947438624 -6.021301775146481
-0.511964889001010 -0.332143742534826 0.125801656804734 0.138254616465616 -0.784080892839756 -0.215952662721891 -1.018019357461597 5.773474674006795 -5.794082840238080
-0.511299066402619 -0.335919810132174 0.124577041420118 0.133164519678308 -0.755213519469722 -0.244923076923081 -0.999050052667982 5.665894400581628 -5.566863905325237
-0.510658220055544 -0.339554230369508 0.123213254437870 0.128169269414968 -0.726884047466814 -0.272757396449708 -0.980080747865486 5.558314127152020 -5.339644970411284
-0.510041875727166 -0.343049692753664 0.121715976331361 0.123268865675641 -0.699092476831054 -0.299455621301764 -0.961111443076312 5.450733853720191 -5.112426035507323
-0.509449559184865 -0.346408886791476 0.120090887573964 0.118463308460259 -0.671838807562453 -0.325017751479301 -0.942142138273816 5.343153580295024 -4.885207100588929
-0.508880796196020 -0.349634501989781 0.118343668639053 0.113752597768890 -0.645123039660978 -0.349443786982245 -0.923172833480201 5.235573306863195 -4.657988165680527
-0.508335112528013 -0.352729227855414 0.116480000000000 0.109136733601489 -0.618945173126662 -0.372733727810648 -0.904203528677705 5.127993033442468 -4.430769230769904
-0.507812033948222 -0.355695753895211 0.114505562130178 0.104615715958101 -0.593305207959449 -0.394887573964497 -0.885234223879650 5.020412760001758 -4.203550295858172
-0.507311086224029 -0.358536769616009 0.112426035502959 0.100189544838702 -0.568203144159440 -0.415905325443788 -0.866264919090476 4.912832486578811 -3.976331360946439
-0.506831795122812 -0.361254964524641 0.110247100591716 0.095858220243250 -0.543638981726546 -0.435786982248521 -0.847295614283539 4.805252213151423 -3.749112426035262
-0.506373686411953 -0.363853028127945 0.107974437869823 0.091621742171832 -0.519612720660789 -0.454532544378697 -0.828326309489924 4.697671939721815 -3.521893491125194
-0.505936285858831 -0.366333649932756 0.105613727810651 0.087480110624383 -0.496124360962180 -0.472142011834323 -0.809357004696309 4.590091666292206 -3.294674556212351
-0.505519119230827 -0.368699519445910 0.103170650887574 0.083433325600901 -0.473173902630719 -0.488615384615385 -0.790387699889372 4.482511392862598 -3.067455621301174
-0.505121712295320 -0.370953326174242 0.100650887573965 0.079481387101454 -0.450761345666406 -0.503952662721890 -0.771418395100198 4.374931119439651 -2.840236686391662
-0.504743590819690 -0.373097759624588 0.098060118343195 0.075624295125953 -0.428886690069208 -0.518153846153849 -0.752449090302143 4.267350846005602 -2.613017751478819
-0.504384280571318 -0.375135509303784 0.095404023668639 0.071862049674443 -0.407549935839180 -0.531218934911243 -0.733479785499647 4.159770572573773 -2.385798816567641
-0.504043307317583 -0.377069264718665 0.092688284023669 0.068194650746944 -0.386751082976311 -0.543147928994081 -0.714510480706032 4.052190299150826 -2.158579881657574
-0.503720196825866 -0.378901715376068 0.089918579881657 0.064622098343414 -0.366490131480557 -0.553940828402369 -0.695541175907977 3.944610025718998 -1.931360946745286
-0.503414474863546 -0.380635550782828 0.087100591715976 0.061144392463874 -0.346767081351962 -0.563597633136095 -0.676571871109921 3.837029752296051 -1.704142011833554
-0.503125667198005 -0.382273460445780 0.084240000000000 0.057761533108325 -0.327581932590482 -0.572118343195263 -0.657602566311866 3.729449478857561 -1.476923076924042
-0.502853299596621 -0.383818133871761 0.081342485207101 0.054473520276765 -0.308934685196194 -0.579502958579883 -0.638633261513810 3.621869205434614 -1.249704142011199
-0.502596897826775 -0.385272260567606 0.078413727810651 0.051280353969196 -0.290825339169021 -0.585751479289939 -0.619663956720196 3.514288932009446 -1.022485207101687
-0.502355987655847 -0.386638530040151 0.075459408284024 0.048182034185595 -0.273253894508974 -0.590863905325448 -0.600694651917699 3.406708658573177 -0.795266272188289
-0.502130094851217 -0.387919631796232 0.072485207100592 0.045178560926007 -0.256220351216108 -0.594840236686389 -0.581725347128526 3.299128385150230 -0.568047337278221
-0.501918745180265 -0.389118255342684 0.069496804733728 0.042269934190364 -0.239724709290356 -0.597680473372780 -0.562756042317147 3.191548111716180 -0.340828402367044
-0.501721464410371 -0.390237090186342 0.066499881656805 0.039456153978779 -0.223766968731776 -0.599384615384616 -0.543786737532415 3.083967838293233 -0.113609467455866
-0.501537778308916 -0.391278825834044 0.063500118343195 0.036737220291116 -0.208347129540309 -0.599952662721895 -0.524817432729918 2.976387564861405 0.113609467456155
-0.501367212643278 -0.392246151792624 0.060503195266272 0.034113133127467 -0.193465191716002 -0.599384615384614 -0.505848127931863 2.868807291431796 0.340828402366489
-0.501209293180839 -0.393141757568918 0.057514792899408 0.031583892487808 -0.179121155258843 -0.597680473372782 -0.486878823138248 2.761227018004409 0.568047337278221
-0.501063545688979 -0.393968332669762 0.054540591715976 0.029149498372116 -0.165315020168821 -0.594840236686391 -0.467909518335752 2.653646744574800 0.795266272188844
-0.500929495935077 -0.394728566601992 0.051586272189349 0.026809950780438 -0.152046786445947 -0.590863905325446 -0.448940213542137 2.546066471147412 1.022485207101398
-0.500806669686513 -0.395425148872443 0.048657514792899 0.024565249712727 -0.139316454090210 -0.585751479289939 -0.429970908739641 2.438486197717804 1.249704142011754
-0.500694592710668 -0.396060768987951 0.045760000000000 0.022415395169029 -0.127124023101621 -0.579502958579881 -0.411001603946026 2.330905924288196 1.476923076922665
-0.500592790774921 -0.396638116455352 0.042899408284024 0.020360387149299 -0.115469493480180 -0.572118343195267 -0.392032299147971 2.223325650860808 1.704142011834664
-0.500500789646653 -0.397159880781481 0.040081420118343 0.018400225653559 -0.104352865225876 -0.563597633136094 -0.373062994349915 2.115745377433420 1.931360946745286
-0.500418115093244 -0.397628751473175 0.037311715976331 0.016534910681809 -0.093774138338709 -0.553940828402367 -0.354093689556301 2.008165104003812 2.158579881657019
-0.500344292882074 -0.398047418037268 0.034595976331361 0.014764442234028 -0.083733312818690 -0.543147928994082 -0.335124384753804 1.900584830571983 2.385798816567908
-0.500278848780523 -0.398418569980598 0.031939881656805 0.013088820310259 -0.074230388665830 -0.531218934911243 -0.316155079955749 1.793004557142375 2.613017751479241
-0.500221308555971 -0.398744896809998 0.029349112426036 0.011508044910480 -0.065265365880118 -0.518153846153847 -0.297185775162134 1.685424283721648 2.840236686390685
-0.500171197975797 -0.399029088032306 0.026829349112426 0.010022116034669 -0.056838244461510 -0.503952662721893 -0.278216470364079 1.577844010287599 3.067455621301596
-0.500128042807383 -0.399273833154356 0.024386272189349 0.008631033682849 -0.048949024410072 -0.488615384615385 -0.259247165566023 1.470263736862432 3.294674556213317
-0.500091368818108 -0.399481821682985 0.022025562130178 0.007334797855019 -0.041597705725760 -0.472142011834319 -0.240277860763527 1.362683463426162 3.521893491123951
-0.500060701775352 -0.399655743125028 0.019752899408284 0.006133408551201 -0.034784288408629 -0.454532544378699 -0.221308555974353 1.255103190003215 3.749112426035672
-0.500035567446495 -0.399798286987321 0.017573964497041 0.005026865771329 -0.028508772458613 -0.435786982248521 -0.202339251171857 1.147522916573607 3.976331360946583
-0.500015491598918 -0.399912142776700 0.015494437869822 0.004015169515470 -0.022771157875745 -0.415905325443788 -0.183369946378242 1.039942643141778 4.203550295858172
-0.500000000000000 -0.400000000000000 0.013520000000000 0.003098319783579 -0.017571444660036 -0.394887573964497 -0.164400641575746 0.932362369718831 4.430769230769204
-0.499988618417121 -0.400064548164057 0.011656331360947 0.002276316575700 -0.012909632811442 -0.372733727810651 -0.145431336782131 0.824782096284782 4.657988165680393
-0.499980872617663 -0.400108476775707 0.009909112426036 0.001549159891789 -0.008785722330018 -0.349443786982249 -0.126462031981855 0.717201822859614 4.885207100591771
-0.499976288369003 -0.400134475341786 0.008284023668639 0.000916849731880 -0.005199713215720 -0.325017751479290 -0.107492727186020 0.609621549427786 5.112426035502948
-0.499974391438523 -0.400145233369129 0.006786745562130 0.000379386095950 -0.002151605468581 -0.299455621301775 -0.088523422387965 0.502041276002618 5.339644970414237
-0.499974707593603 -0.400143440364572 0.005422958579882 -0.000063231015990 0.000358600911432 -0.272757396449704 -0.069554117592130 0.394461002570790 5.566863905325370
-0.499976762601623 -0.400131785834950 0.004198343195266 -0.000411001603950 0.002330905924286 -0.244923076923077 -0.050584812791854 0.286880729143402 5.794082840236747
-0.499980082229963 -0.400112959287100 0.003118579881657 -0.000663925667910 0.003765309570003 -0.215952662721893 -0.031615507996019 0.179300455716014 6.021301775147903
-0.499984192246002 -0.400089650227857 0.002189349112426 -0.000822003207890 0.004661811848583 -0.185846153846154 -0.012646203197964 0.071720182286406 6.248520710059174
-0.499988618417121 -0.400064548164057 0.001416331360947 -0.000885234223880 0.005020412760015 -0.154603550295858 0.006323101597872 -0.035860091143203 6.475739644970418
-0.499992886510701 -0.400040342602536 0.000805207100592 -0.000853618715890 0.004841112304299 -0.122224852071006 0.025292406398147 -0.143440364575032 6.702958579881657
-0.499996522294120 -0.400019723050129 0.000361656804734 -0.000727156683900 0.004123910481424 -0.088710059171598 0.044261711193982 -0.251020638000199 6.930177514792897
