-0.500004044199329 -0.399977064205873 0.000160222356331 -0.000808839865707 0.004587158825409 0.032044471266224 -0.334163039417135 1.895132770206587 12.464194340793373
-0.500016442474642 -0.399906750092491 0.000632049571182 -0.002479655062793 0.014062822676442 0.094365442970191 -0.350103679096492 1.985536630269014 11.933803092248979
-0.500037593341934 -0.399786797563352 0.001402221863339 -0.004230173458275 0.023990505827787 0.154034458431436 -0.366044318793612 2.075940490331440 11.403411843704591
-0.500067895317195 -0.399614946521955 0.002457479451589 -0.006060395052243 0.034370208279444 0.211051517649959 -0.381984958477410 2.166344350396088 10.873020595160165
-0.500107746916418 -0.399388936871797 0.003784562554718 -0.007970319844630 0.045201930031424 0.265416620625760 -0.397925598170090 2.256748210454074 10.342629346615794
-0.500157546655596 -0.399106508516379 0.005370211391512 -0.009959947835481 0.056485671083695 0.317129767358839 -0.413866237858329 2.347152070518721 9.812238098071346
-0.500217693050720 -0.398765401359198 0.007201166180758 -0.012029279024772 0.068221431436288 0.366190957849195 -0.429806877546568 2.437555930587809 9.281846849527009
-0.500288584617782 -0.398363355303751 0.009264167141242 -0.014178313412505 0.080409211089227 0.412600192096830 -0.445747517239248 2.527959790641354 8.751455600982560
-0.500370619872776 -0.397898110253539 0.011545954491751 -0.016407050998701 0.093049010042434 0.456357470101743 -0.461688156923046 2.618363650712663 8.221064352438233
-0.500464197331692 -0.397367406112059 0.014033268451071 -0.018715491783317 0.106140828295997 0.497462791863934 -0.477628796620166 2.708767510768428 7.690673103893730
-0.500569715510524 -0.396768982782810 0.016712849237988 -0.021103635766417 0.119684665849840 0.535916157383403 -0.493569436299524 2.799171370837517 7.160281855349404
-0.500687572925264 -0.396100580169290 0.019571437071288 -0.023571482947915 0.133680522704027 0.571717566660150 -0.509510075996644 2.889575230893282 6.629890606804922
-0.500818168091903 -0.395359938174997 0.022595772169759 -0.026119033327898 0.148128398858494 0.604867019694175 -0.525450715684883 2.979979090962370 6.099499358260685
-0.500961899526435 -0.394544796703431 0.025772594752187 -0.028746286906323 0.163028294313305 0.635364516485478 -0.541391355373122 3.070382951022577 5.569108109716159
-0.501119165744851 -0.393652895658089 0.029088645037357 -0.031453243683188 0.178380209068418 0.663210057034059 -0.557331995056920 3.160786811085003 5.038716861171810
-0.501290365263143 -0.392681974942470 0.032530663244056 -0.034239903658473 0.194184143123843 0.688403641339918 -0.573272634754041 3.251190671149651 4.508325612627284
-0.501475896597304 -0.391629774460072 0.036085389591072 -0.037106266832243 0.210440096479592 0.710945269403054 -0.589213274442280 3.341594531209857 3.977934364083335
-0.501676158263327 -0.390494034114393 0.039739564297189 -0.040052333204454 0.227148069135641 0.730834941223471 -0.605153914126078 3.431998391274504 3.447543115538121
-0.501891548777202 -0.389272493808933 0.043479927581195 -0.043078102775085 0.244308061092013 0.748072656801162 -0.621094553823198 3.522402251334711 2.917151866994594
-0.502122466654923 -0.387962893447190 0.047293219661876 -0.046183575544201 0.261920072348687 0.762658416136135 -0.637035193506996 3.612806111406019 2.386760618449402
-0.502369310412482 -0.386562972932661 0.051166180758017 -0.049368751511736 0.279984102905717 0.774592219228382 -0.652975833195235 3.703209971455124 1.856369369905297
-0.502632478565870 -0.385070472168846 0.055085551088407 -0.052633630677712 0.298500152762993 0.783874066077908 -0.668916472887915 3.793613831530873 1.325978121361748
-0.502912369631081 -0.383483131059243 0.059038070871831 -0.055978213042152 0.317468221920647 0.790503956684717 -0.684857112576154 3.884017691586639 0.795586872816001
-0.503209382124106 -0.381798689507350 0.063010480327075 -0.059402498605032 0.336888310378580 0.794481891048797 -0.700797752264393 3.974421551649066 0.265195624272474
-0.503523914560938 -0.380014887416666 0.066989519672925 -0.062906487366354 0.356760418136826 0.795807869170159 -0.716738391952632 4.064825411715933 -0.265195624272740
-0.503856365457569 -0.378129464690689 0.070961929128169 -0.066490179326117 0.377084545195405 0.794481891048796 -0.732679031649752 4.155229271776140 -0.795586872815446
-0.504207133329990 -0.376140161232918 0.074914448911593 -0.070153574484366 0.397860691554286 0.790503956684718 -0.748619671329109 4.245633131840787 -1.325978121362037
-0.504576616694196 -0.374044716946850 0.078833819241983 -0.073896672841012 0.419088857213490 0.783874066077908 -0.764560311021789 4.336036991898773 -1.856369369904742
-0.504965214066176 -0.371840871735985 0.082706780338124 -0.077719474396121 0.440769042172984 0.774592219228384 -0.780500950714469 4.426440851967861 -2.386760618450778
-0.505373323961925 -0.369526365503821 0.086520072418805 -0.081621979149693 0.462901246432823 0.762658416136131 -0.796441590398267 4.516844712028067 -2.917151866992929
-0.505801344897433 -0.367098938153856 0.090260435702811 -0.085604187101684 0.485485469992963 0.748072656801166 -0.812382230090947 4.607248572092715 -3.447543115539520
-0.506249675388694 -0.364556329589589 0.093914610408928 -0.089666098252139 0.508521712853427 0.730834941223468 -0.828322869779186 4.697652432150701 -3.977934364082225
-0.506718713951699 -0.361896279714518 0.097469336755944 -0.093807712601035 0.532009975014180 0.710945269403057 -0.844263509467424 4.788056292217568 -4.508325612628816
-0.507208859102441 -0.359116528432142 0.100911354962643 -0.098029030148372 0.555950256475268 0.688403641339913 -0.860204149160104 4.878460152277775 -5.038716861170411
-0.507720509356912 -0.356214815645959 0.104227405247813 -0.102330050894173 0.580342557236657 0.663210057034061 -0.876144788848343 4.968864012344643 -5.569108109716447
-0.508254063231104 -0.353188881259467 0.107404227830241 -0.106710774838414 0.605186877298380 0.635364516485479 -0.892085428536582 5.059267872404849 -6.099499358260818
-0.508809919241009 -0.350036465176165 0.110428562928712 -0.111171201981097 0.630483216660405 0.604867019694175 -0.908026068220380 5.149671732465055 -6.629890606805189
-0.509388475902620 -0.346755307299551 0.113287150762012 -0.115711332322199 0.656231575322730 0.571717566660149 -0.923966707921942 5.240075592534144 -7.160281855348449
-0.509990131731929 -0.343343147533124 0.115966731548929 -0.120331165861809 0.682431953285401 0.535916157383406 -0.939907347601299 5.330479452592130 -7.690673103894485
-0.510615285244928 -0.339797725780382 0.118454045508249 -0.125030702599815 0.709084350548361 0.497462791863934 -0.955847987293978 5.420883312656777 -8.221064352439411
-0.511264334957610 -0.336116781944824 0.120735832858758 -0.129809942536285 0.736188767111645 0.456357470101737 -0.971788626982217 5.511287172716983 -8.751455600980451
-0.511937679385966 -0.332298055929948 0.122798833819242 -0.134668885671196 0.763745202975230 0.412600192096835 -0.987729266670456 5.601691032783851 -9.281846849527042
-0.512635717045988 -0.328339287639252 0.124629788608488 -0.139607532004549 0.791753658139149 0.366190957849200 -1.003669906363136 5.692094892844057 -9.812238098074744
-0.513358846453670 -0.324238216976235 0.126215437445282 -0.144625881536364 0.820214132603370 0.317129767358826 -1.019610546051375 5.782498752910925 -10.342629346611343
-0.514107466125003 -0.319992583844396 0.127542520548411 -0.149723934266621 0.849126626367924 0.265416620625769 -1.035551185739614 5.872902612964470 -10.873020595162375
-0.514881974575980 -0.315600128147232 0.128597778136661 -0.154901690195319 0.878491139432747 0.211051517649957 -1.051491825427853 5.963306473040220 -11.403411843703415
-0.515682770322592 -0.311058589788242 0.129367950428818 -0.160159149322459 0.908307671797948 0.154034458431440 -1.067432465120532 6.053710333091544 -11.933803092251116
-0.516510251880833 -0.306365708670925 0.129839777643669 -0.165496311648061 0.938576223463405 0.094365442970185 -1.083373104808771 6.144114193160632 -12.464194340791046
-0.517364817766693 -0.301519224698779 0.130000000000000 -0.170913177172105 0.969296794429209 0.032044471266229 -0.161767973141380 0.917431765081744 -6.408894253245867
-0.518223427851882 -0.296649804932506 0.130000000000000 -0.171722017037812 0.973883953254617 0.000000000000000 0.749210065396078 -4.248981422954046 0.000000000000000
-0.519063307685436 -0.291886609701807 0.130000000000000 -0.167975966710832 0.952639046139847 0.000000000000000 0.717328786019600 -4.068173702824751 0.000000000000000
-0.519885254299340 -0.287225118813678 0.130000000000000 -0.164389322780734 0.932298177625723 0.000000000000000 0.685447506634240 -3.887365982704338 0.000000000000000
-0.520690064725578 -0.282660812075117 0.130000000000000 -0.160962085247562 0.912861347712202 0.000000000000000 0.653566227262203 -3.706558262575044 0.000000000000000
-0.521478535996134 -0.278189169293121 0.130000000000000 -0.157694254111251 0.894328556399326 0.000000000000000 0.621684947881285 -3.525750542450190 0.000000000000000
-0.522251465142993 -0.273805670274685 0.130000000000000 -0.154585829371845 0.876699803687075 0.000000000000000 0.589803668504807 -3.344942822323116 0.000000000000000
-0.523009649198140 -0.269505794826808 0.130000000000000 -0.151636811029321 0.859975089575460 0.000000000000000 0.557922389119447 -3.164135102204924 0.000000000000000
-0.523753885193558 -0.265285022756486 0.130000000000000 -0.148847199083724 0.844154414064435 0.000000000000000 0.526041109751851 -2.983327382068968 0.000000000000000
-0.524484970161233 -0.261138833870715 0.130000000000000 -0.146216993534964 0.829237777154090 0.000000000000000 0.494159830362051 -2.802519661950775 0.000000000000000
-0.525203701133149 -0.257062707976494 0.130000000000000 -0.143746194383154 0.815225178844337 0.000000000000000 0.462278550994455 -2.621711941817040 0.000000000000000
-0.525910875141290 -0.253052124880817 0.130000000000000 -0.141434801628182 0.802116619135251 0.000000000000000 0.430397271604654 -2.440904221697737 0.000000000000000
-0.526607289217641 -0.249102564390684 0.130000000000000 -0.139282815270159 0.789912098026763 0.000000000000000 0.398515992232618 -2.260096501570663 0.000000000000000
-0.527293740394186 -0.245209506313089 0.130000000000000 -0.137290235308996 0.778611615518909 0.000000000000000 0.366634712856140 -2.079288781445809 0.000000000000000
-0.527971025702909 -0.241368430455031 0.130000000000000 -0.135457061744715 0.768215171611680 0.000000000000000 0.334753433470780 -1.898481061319846 0.000000000000000
-0.528639942175796 -0.237574816623505 0.130000000000000 -0.133783294577361 0.758722766305081 0.000000000000000 0.302872154098743 -1.717673341193882 0.000000000000000
-0.529301286844830 -0.233824144625510 0.130000000000000 -0.132268933806867 0.750134399599112 0.000000000000000 0.270990874717825 -1.536865621067918 0.000000000000000
-0.529955856741997 -0.230111894268041 0.130000000000000 -0.130913979433278 0.742450071493772 0.000000000000000 0.239109595341347 -1.356057900941954 0.000000000000000
-0.530604448899280 -0.226433545358096 0.130000000000000 -0.129718431456571 0.735669781989062 0.000000000000000 0.207228315955987 -1.175250180818210 0.000000000000000
-0.531247860348664 -0.222784577702671 0.130000000000000 -0.128682289876791 0.729793531084971 0.000000000000000 0.175347036583950 -0.994442460690026 0.000000000000000
-0.531886888122133 -0.219160471108763 0.130000000000000 -0.127805554693872 0.724821318781521 0.000000000000000 0.143465757203032 -0.813634740566282 0.000000000000000
-0.532522329251672 -0.215556705383370 0.130000000000000 -0.127088225907857 0.720753145078690 0.000000000000000 0.111584477826554 -0.632827020439208 0.000000000000000
-0.533154980769266 -0.211968760333487 0.130000000000000 -0.126530303518724 0.717589009976494 0.000000000000000 0.079703198441194 -0.452019300313244 0.000000000000000
-0.533785639706899 -0.208392115766112 0.130000000000000 -0.126131787526518 0.715328913474927 0.000000000000000 0.047821919073598 -0.271211580189501 0.000000000000000
-0.534415103096554 -0.204822251488243 0.130000000000000 -0.125892677931150 0.713972855573980 0.000000000000000 0.015940639688239 -0.090403860061317 0.000000000000000
-0.535044167970218 -0.201254647306874 0.130000000000000 -0.125812974732709 0.713520836273673 0.000000000000000 -0.015940639692680 0.090403860060206 0.000000000000000
-0.535673631359874 -0.197684783029004 0.130000000000000 -0.125892677931172 0.713972855573974 0.000000000000000 -0.047821919064717 0.271211580190611 0.000000000000000
-0.536304290297506 -0.194108138461630 0.130000000000000 -0.126131787526496 0.715328913474927 0.000000000000000 -0.079703198445635 0.452019300313244 0.000000000000000
-0.536936941815100 -0.190520193411747 0.130000000000000 -0.126530303518724 0.717589009976494 0.000000000000000 -0.111584477826554 0.632827020439208 0.000000000000000
-0.537572382944639 -0.186916427686354 0.130000000000000 -0.127088225907857 0.720753145078690 0.000000000000000 -0.143465757203032 0.813634740566282 0.000000000000000
-0.538211410718108 -0.183292321092446 0.130000000000000 -0.127805554693872 0.724821318781521 0.000000000000000 -0.175347036583950 0.994442460690026 0.000000000000000
-0.538854822167492 -0.179643353437021 0.130000000000000 -0.128682289876791 0.729793531084971 0.000000000000000 -0.207228315960428 1.175250180819321 0.000000000000000
-0.539503414324775 -0.175965004527076 0.130000000000000 -0.129718431456594 0.735669781989068 0.000000000000000 -0.239109595336906 1.356057900940844 0.000000000000000
-0.540157984221942 -0.172252754169607 0.130000000000000 -0.130913979433278 0.742450071493772 0.000000000000000 -0.270990874717825 1.536865621069028 0.000000000000000
-0.540819328890976 -0.168502082171612 0.130000000000000 -0.132268933806867 0.750134399599117 0.000000000000000 -0.302872154094302 1.717673341191661 0.000000000000000
-0.541488245363863 -0.164708468340086 0.130000000000000 -0.133783294577339 0.758722766305076 0.000000000000000 -0.334753433479662 1.898481061320956 0.000000000000000
-0.542165530672586 -0.160867392482028 0.130000000000000 -0.135457061744737 0.768215171611680 0.000000000000000 -0.366634712847258 2.079288781444699 0.000000000000000
-0.542851981849131 -0.156974334404433 0.130000000000000 -0.137290235308973 0.778611615518904 0.000000000000000 -0.398515992237058 2.260096501569553 0.000000000000000
-0.543548395925482 -0.153024773914300 0.130000000000000 -0.139282815270159 0.789912098026752 0.000000000000000 -0.430397271609095 2.440904221698847 0.000000000000000
-0.544255569933623 -0.149014190818623 0.130000000000000 -0.141434801628204 0.802116619135246 0.000000000000000 -0.462278550985573 2.621711941820370 0.000000000000000
-0.544974300905539 -0.144938064924402 0.130000000000000 -0.143746194383132 0.815225178844348 0.000000000000000 -0.494159830370933 2.802519661948555 0.000000000000000
-0.545705385873214 -0.140791876038631 0.130000000000000 -0.146216993534987 0.829237777154090 0.000000000000000 -0.526041109742970 2.983327382071188 0.000000000000000
-0.546449621868632 -0.136571103968309 0.130000000000000 -0.148847199083701 0.844154414064446 0.000000000000000 -0.557922389128329 3.164135102202703 0.000000000000000
-0.547207805923779 -0.132271228520432 0.130000000000000 -0.151636811029343 0.859975089575460 0.000000000000000 -0.589803668500366 3.344942822323116 0.000000000000000
-0.547980735070638 -0.127887729501996 0.130000000000000 -0.154585829371845 0.876699803687075 0.000000000000000 -0.621684947881285 3.525750542450190 0.000000000000000
-0.548769206341194 -0.123416086720000 0.130000000000000 -0.157694254111251 0.894328556399326 0.000000000000000 -0.653566227257762 3.706558262575044 0.000000000000000
-0.549574016767432 -0.118851779981439 0.130000000000000 -0.160962085247540 0.912861347712202 0.000000000000000 -0.685447506643122 3.887365982704338 0.000000000000000
-0.550395963381336 -0.114190289093310 0.130000000000000 -0.164389322780756 0.932298177625723 0.000000000000000 -0.717328786015159 4.068173702822531 0.000000000000000
-0.551235843214890 -0.109427093862611 0.130000000000000 -0.167975966710832 0.952639046139836 0.000000000000000 -0.749210065396078 4.248981422956266 0.000000000000000
-0.552094453300079 -0.104557674096338 0.130000000000000 -0.171722017037812 0.973883953254617 0.000000000000000 0.161767973141380 -0.917431765079524 -6.408894253244757
-0.552949019185940 -0.099711190124192 0.129839777643669 -0.170913177172105 0.969296794429220 -0.032044471266224 1.083373104813212 -6.144114193162853 -12.464194340793266
-0.553776500744180 -0.095018309006875 0.129367950428818 -0.165496311648039 0.938576223463405 -0.094365442970190 1.067432465111651 -6.053710333093765 -11.933803092248896
-0.554577296490792 -0.090476770647885 0.128597778136661 -0.160159149322481 0.908307671797937 -0.154034458431435 1.051491825436734 -5.963306473035779 -11.403411843705635
-0.555351804941769 -0.086084314950721 0.127542520548411 -0.154901690195297 0.878491139432758 -0.211051517649963 1.035551185735173 -5.872902612968911 -10.873020595159044
-0.556100424613102 -0.081838681818881 0.126215437445282 -0.149723934266621 0.849126626367913 -0.265416620625758 1.019610546051375 -5.782498752906484 -10.342629346615784
-0.556823554020784 -0.077737611155865 0.124629788608488 -0.144625881536364 0.820214132603381 -0.317129767358837 1.003669906358695 -5.692094892848498 -9.812238098071967
-0.557521591680807 -0.073778842865169 0.122798833819242 -0.139607532004571 0.791753658139138 -0.366190957849197 0.987729266674897 -5.601691032779410 -9.281846849527042
-0.558194936109162 -0.069960116850293 0.120735832858758 -0.134668885671196 0.763745202975241 -0.412600192096832 0.971788626982217 -5.511287172719204 -8.751455600982116
-0.558843985821844 -0.066279173014734 0.118454045508249 -0.129809942536285 0.736188767111645 -0.456357470101743 0.955847987293978 -5.420883312656777 -8.221064352438301
-0.559469139334843 -0.062733751261993 0.115966731548929 -0.125030702599815 0.709084350548361 -0.497462791863934 0.939907347605740 -5.330479452594350 -7.690673103893930
-0.560070795164152 -0.059321591495566 0.113287150762012 -0.120331165861787 0.682431953285390 -0.535916157383404 0.923966707913060 -5.240075592529703 -7.160281855349004
-0.560649351825763 -0.056040433618952 0.110428562928712 -0.115711332322221 0.656231575322741 -0.571717566660149 0.908026068224821 -5.149671732467276 -6.629890606805189
-0.561205207835669 -0.052888017535650 0.107404227830241 -0.111171201981097 0.630483216660405 -0.604867019694175 0.892085428541023 -5.059267872407069 -6.099499358260818
-0.561738761709860 -0.049862083149158 0.104227405247813 -0.106710774838392 0.605186877298369 -0.635364516485479 0.876144788843902 -4.968864012340202 -5.569108109715892
-0.562250411964331 -0.046960370362975 0.100911354962643 -0.102330050894173 0.580342557236668 -0.663210057034058 0.860204149155663 -4.878460152279995 -5.038716861172077
-0.562740557115073 -0.044180619080598 0.097469336755944 -0.098029030148394 0.555950256475268 -0.688403641339919 0.844263509471865 -4.788056292217568 -4.508325612627151
-0.563209595678078 -0.041520569205528 0.093914610408928 -0.093807712601035 0.532009975014180 -0.710945269403054 0.828322869779186 -4.697652432152921 -3.977934364082780
-0.563657926169339 -0.038977960641260 0.090260435702811 -0.089666098252139 0.508521712853416 -0.730834941223468 0.812382230090947 -4.607248572088274 -3.447543115539520
-0.564085947104848 -0.036550533291296 0.086520072418805 -0.085604187101684 0.485485469992974 -0.748072656801166 0.796441590398267 -4.516844712030288 -2.917151866993484
-0.564494057000596 -0.034236027059131 0.082706780338124 -0.081621979149693 0.462901246432823 -0.762658416136133 0.780500950714469 -4.426440851967861 -2.386760618449668
-0.564882654372577 -0.032032181848267 0.078833819241983 -0.077719474396121 0.440769042172984 -0.774592219228382 0.764560311021789 -4.336036991898773 -1.856369369905297
-0.565252137736782 -0.029936737562199 0.074914448911593 -0.073896672841012 0.419088857213490 -0.783874066077908 0.748619671333550 -4.245633131840787 -1.325978121361482
-0.565602905609203 -0.027947434104428 0.070961929128169 -0.070153574484344 0.397860691554286 -0.790503956684716 0.732679031640870 -4.155229271778360 -0.795586872816556
-0.565935356505834 -0.026062011378451 0.066989519672925 -0.066490179326140 0.377084545195394 -0.794481891048798 0.716738391957072 -4.064825411709272 -0.265195624272185
-0.566249888942666 -0.024278209287766 0.063010480327075 -0.062906487366354 0.356760418136848 -0.795807869170159 0.700797752264393 -3.974421551653506 0.265195624272474
-0.566546901435691 -0.022593767735874 0.059038070871831 -0.059402498605032 0.336888310378580 -0.794481891048797 0.684857112576154 -3.884017691588859 0.795586872816267
-0.566826792500902 -0.021006426626270 0.055085551088407 -0.055978213042152 0.317468221920636 -0.790503956684716 0.668916472887915 -3.793613831524212 1.325978121361215
-0.567089960654290 -0.019513925862455 0.051166180758018 -0.052633630677712 0.298500152763015 -0.783874066077909 0.652975833195235 -3.703209971466226 1.856369369905297
-0.567336804411849 -0.018114005347927 0.047293219661876 -0.049368751511736 0.279984102905684 -0.774592219228383 0.637035193511437 -3.612806111397138 2.386760618450223
-0.567567722289570 -0.016804404986183 0.043479927581195 -0.046183575544179 0.261920072348698 -0.762658416136132 0.621094553814316 -3.522402251336931 2.917151866993195
-0.567783112803446 -0.015582864680723 0.039739564297189 -0.043078102775107 0.244308061092013 -0.748072656801166 0.605153914134959 -3.431998391272284 3.447543115539520
-0.567983374469468 -0.014447124335045 0.036085389591072 -0.040052333204432 0.227148069135652 -0.730834941223468 0.589213274437839 -3.341594531212078 3.977934364082225
-0.568168905803629 -0.013394923852647 0.032530663244056 -0.037106266832243 0.210440096479592 -0.710945269403057 0.573272634749600 -3.251190671149651 4.508325612628816
-0.568340105321921 -0.012424003137028 0.029088645037357 -0.034239903658495 0.194184143123843 -0.688403641339913 0.557331995065802 -3.160786811087224 5.038716861170411
-0.568497371540337 -0.011532102091686 0.025772594752187 -0.031453243683166 0.178380209068407 -0.663210057034061 0.541391355368681 -3.070382951020356 5.569108109716447
-0.568641102974869 -0.010716960620119 0.022595772169759 -0.028746286906323 0.163028294313305 -0.635364516485479 0.525450715684883 -2.979979090960150 6.099499358260818
-0.568771698141508 -0.009976318625827 0.019571437071288 -0.026119033327898 0.148128398858505 -0.604867019694175 0.509510075992203 -2.889575230897723 6.629890606805189
-0.568889555556248 -0.009307916012307 0.016712849237988 -0.023571482947937 0.133680522704016 -0.571717566660149 0.493569436308405 -2.799171370833076 7.160281855348449
-0.568995073735080 -0.008709492683057 0.014033268451071 -0.021103635766395 0.119684665849851 -0.535916157383406 0.477628796611285 -2.708767510770649 7.690673103894485
-0.569088651193997 -0.008178788541577 0.011545954491751 -0.018715491783339 0.106140828295997 -0.497462791863934 0.461688156931928 -2.618363650712663 8.221064352439411
-0.569170686448990 -0.007713543491365 0.009264167141242 -0.016407050998679 0.093049010042434 -0.456357470101737 0.445747517230366 -2.527959790643575 8.751455600980451
-0.569241578016053 -0.007311497435919 0.007201166180758 -0.014178313412527 0.080409211089216 -0.412600192096835 0.429806877551009 -2.437555930581148 9.281846849527042
-0.569301724411177 -0.006970390278738 0.005370211391512 -0.012029279024772 0.068221431436311 -0.366190957849200 0.413866237858329 -2.347152070520941 9.812238098074744
-0.569351524150354 -0.006687961923319 0.003784562554718 -0.009959947835481 0.056485671083706 -0.317129767358826 0.397925598170090 -2.256748210458515 10.342629346611343
-0.569391375749577 -0.006461952273162 0.002457479451589 -0.007970319844630 0.045201930031413 -0.265416620625769 0.381984958477410 -2.166344350393867 10.873020595162375
-0.569421677724838 -0.006290101231765 0.001402221863339 -0.006060395052243 0.034370208279444 -0.211051517649957 0.366044318793612 -2.075940490333661 11.403411843703415
-0.569442828592130 -0.006170148702626 0.000632049571182 -0.004230173458275 0.023990505827776 -0.154034458431440 0.350103679100933 -1.985536630266793 11.933803092251116
-0.569455226867444 -0.006099834589244 0.000160222356331 -0.002479655062770 0.014062822676442 -0.094365442970185 0.334163039412694 -1.895132770208807 12.464194340791046
-0.569459271066772 -0.006076898795117 0.000000000000000 -0.000808839865707 0.004587158825398 -0.032044471266229 0.323535946282760 -1.834863530159048 12.817788506491734
-0.569455226867444 -0.006099834589244 0.000160222356331 0.000808839865707 -0.004587158825398 0.032044471266229 0.334163039412694 -1.895132770208807 12.464194340791046
-0.569442828592130 -0.006170148702626 0.000632049571182 0.002479655062770 -0.014062822676442 0.094365442970185 0.350103679100933 -1.985536630266793 11.933803092251116
-0.569421677724838 -0.006290101231765 0.001402221863339 0.004230173458275 -0.023990505827776 0.154034458431440 0.366044318793612 -2.075940490333661 11.403411843703415
-0.569391375749577 -0.006461952273162 0.002457479451589 0.006060395052243 -0.034370208279444 0.211051517649957 0.381984958477410 -2.166344350393867 10.873020595162375
-0.569351524150354 -0.006687961923319 0.003784562554718 0.007970319844630 -0.045201930031413 0.265416620625769 0.397925598170090 -2.256748210458515 10.342629346611343
-0.569301724411177 -0.006970390278738 0.005370211391512 0.009959947835481 -0.056485671083706 0.317129767358826 0.413866237858329 -2.347152070520941 9.812238098074744
-0.569241578016053 -0.007311497435919 0.007201166180758 0.012029279024772 -0.068221431436311 0.366190957849200 0.429806877551009 -2.437555930581148 9.281846849527042
-0.569170686448990 -0.007713543491365 0.009264167141242 0.014178313412527 -0.080409211089216 0.412600192096835 0.445747517230366 -2.527959790643575 8.751455600980451
-0.569088651193997 -0.008178788541577 0.011545954491751 0.016407050998679 -0.093049010042434 0.456357470101737 0.461688156931928 -2.618363650712663 8.221064352439411
-0.568995073735080 -0.008709492683057 0.014033268451071 0.018715491783339 -0.106140828295997 0.497462791863934 0.477628796611285 -2.708767510770649 7.690673103894485
-0.568889555556248 -0.009307916012307 0.016712849237988 0.021103635766395 -0.119684665849851 0.535916157383406 0.493569436308405 -2.799171370833076 7.160281855348449
-0.568771698141508 -0.009976318625827 0.019571437071288 0.023571482947937 -0.133680522704016 0.571717566660149 0.509510075992203 -2.889575230897723 6.629890606805189
-0.568641102974869 -0.010716960620119 0.022595772169759 0.026119033327898 -0.148128398858505 0.604867019694175 0.525450715684883 -2.979979090960150 6.099499358260818
-0.568497371540337 -0.011532102091686 0.025772594752187 0.028746286906323 -0.163028294313305 0.635364516485479 0.541391355368681 -3.070382951020356 5.569108109716447
-0.568340105321921 -0.012424003137028 0.029088645037357 0.031453243683166 -0.178380209068407 0.663210057034061 0.557331995065802 -3.160786811087224 5.038716861170411
-0.568168905803629 -0.013394923852647 0.032530663244056 0.034239903658495 -0.194184143123843 0.688403641339913 0.573272634749600 -3.251190671149651 4.508325612628816
-0.567983374469468 -0.014447124335045 0.036085389591072 0.037106266832243 -0.210440096479592 0.710945269403057 0.589213274437839 -3.341594531212078 3.977934364082225
-0.567783112803446 -0.015582864680723 0.039739564297189 0.040052333204432 -0.227148069135652 0.730834941223468 0.605153914134959 -3.431998391272284 3.447543115539520
-0.567567722289570 -0.016804404986183 0.043479927581195 0.043078102775107 -0.244308061092013 0.748072656801166 0.621094553814316 -3.522402251336931 2.917151866993195
-0.567336804411849 -0.018114005347927 0.047293219661876 0.046183575544179 -0.261920072348698 0.762658416136132 0.637035193511437 -3.612806111397138 2.386760618450223
-0.567089960654290 -0.019513925862455 0.051166180758018 0.049368751511736 -0.279984102905684 0.774592219228383 0.652975833195235 -3.703209971466226 1.856369369905297
-0.566826792500902 -0.021006426626270 0.055085551088407 0.052633630677712 -0.298500152763015 0.783874066077909 0.668916472887915 -3.793613831524212 1.325978121361215
-0.566546901435691 -0.022593767735874 0.059038070871831 0.055978213042152 -0.317468221920636 0.790503956684716 0.684857112576154 -3.884017691588859 0.795586872816267
-0.566249888942666 -0.024278209287766 0.063010480327075 0.059402498605032 -0.336888310378580 0.794481891048797 0.700797752264393 -3.974421551653506 0.265195624272474
-0.565935356505834 -0.026062011378451 0.066989519672925 0.062906487366354 -0.356760418136848 0.795807869170159 0.716738391957072 -4.064825411709272 -0.265195624272185
-0.565602905609203 -0.027947434104428 0.070961929128169 0.066490179326140 -0.377084545195394 0.794481891048798 0.732679031640870 -4.155229271778360 -0.795586872816556
-0.565252137736782 -0.029936737562199 0.074914448911593 0.070153574484344 -0.397860691554286 0.790503956684716 0.748619671333550 -4.245633131840787 -1.325978121361482
-0.564882654372577 -0.032032181848267 0.078833819241983 0.073896672841012 -0.419088857213490 0.783874066077908 0.764560311021789 -4.336036991898773 -1.856369369905297
-0.564494057000596 -0.034236027059131 0.082706780338124 0.077719474396121 -0.440769042172984 0.774592219228382 0.780500950714469 -4.426440851967861 -2.386760618449668
-0.564085947104848 -0.036550533291296 0.086520072418805 0.081621979149693 -0.462901246432823 0.762658416136133 0.796441590398267 -4.516844712030288 -2.917151866993484
-0.563657926169339 -0.038977960641260 0.090260435702811 0.085604187101684 -0.485485469992974 0.748072656801166 0.812382230090947 -4.607248572088274 -3.447543115539520
-0.563209595678078 -0.041520569205528 0.093914610408928 0.089666098252139 -0.508521712853416 0.730834941223468 0.828322869779186 -4.697652432152921 -3.977934364082780
-0.562740557115073 -0.044180619080598 0.097469336755944 0.093807712601035 -0.532009975014180 0.710945269403054 0.844263509471865 -4.788056292217568 -4.508325612627151
-0.562250411964331 -0.046960370362975 0.100911354962643 0.098029030148394 -0.555950256475268 0.688403641339919 0.860204149155663 -4.878460152279995 -5.038716861172077
-0.561738761709860 -0.049862083149158 0.104227405247813 0.102330050894173 -0.580342557236668 0.663210057034058 0.876144788843902 -4.968864012340202 -5.569108109715892
-0.561205207835669 -0.052888017535650 0.107404227830241 0.106710774838392 -0.605186877298369 0.635364516485479 0.892085428541023 -5.059267872407069 -6.099499358260818
-0.560649351825763 -0.056040433618952 0.110428562928712 0.111171201981097 -0.630483216660405 0.604867019694175 0.908026068224821 -5.149671732467276 -6.629890606805189
-0.560070795164152 -0.059321591495566 0.113287150762012 0.115711332322221 -0.656231575322741 0.571717566660149 0.923966707913060 -5.240075592529703 -7.160281855349004
-0.559469139334843 -0.062733751261993 0.115966731548929 0.120331165861787 -0.682431953285390 0.535916157383404 0.939907347605740 -5.330479452594350 -7.690673103893930
-0.558843985821844 -0.066279173014734 0.118454045508249 0.125030702599815 -0.709084350548361 0.497462791863934 0.955847987293978 -5.420883312656777 -8.221064352438301
-0.558194936109162 -0.069960116850293 0.120735832858758 0.129809942536285 -0.736188767111645 0.456357470101743 0.971788626982217 -5.511287172719204 -8.751455600982116
-0.557521591680807 -0.073778842865169 0.122798833819242 0.134668885671196 -0.763745202975241 0.412600192096832 0.987729266674897 -5.601691032779410 -9.281846849527042
-0.556823554020784 -0.077737611155865 0.124629788608488 0.139607532004571 -0.791753658139138 0.366190957849197 1.003669906358695 -5.692094892848498 -9.812238098071967
-0.556100424613102 -0.081838681818881 0.126215437445282 0.144625881536364 -0.820214132603381 0.317129767358837 1.019610546051375 -5.782498752906484 -10.342629346615784
-0.555351804941769 -0.086084314950721 0.127542520548411 0.149723934266621 -0.849126626367913 0.265416620625758 1.035551185735173 -5.872902612968911 -10.873020595159044
-0.554577296490792 -0.090476770647885 0.128597778136661 0.154901690195297 -0.878491139432758 0.211051517649963 1.051491825436734 -5.963306473035779 -11.403411843705635
-0.553776500744180 -0.095018309006875 0.129367950428818 0.160159149322481 -0.908307671797937 0.154034458431435 1.067432465111651 -6.053710333093765 -11.933803092248896
-0.552949019185940 -0.099711190124192 0.129839777643669 0.165496311648039 -0.938576223463405 0.094365442970190 1.083373104813212 -6.144114193162853 -12.464194340793266
-0.552094453300079 -0.104557674096338 0.130000000000000 0.170913177172105 -0.969296794429220 0.032044471266224 0.161767973141380 -0.917431765079524 -6.408894253244757
-0.551235843214890 -0.109427093862611 0.130000000000000 0.171722017037812 -0.973883953254617 0.000000000000000 -0.749210065396078 4.248981422956266 0.000000000000000
-0.550395963381336 -0.114190289093310 0.130000000000000 0.167975966710832 -0.952639046139836 0.000000000000000 -0.717328786015159 4.068173702822531 0.000000000000000
-0.549574016767432 -0.118851779981439 0.130000000000000 0.164389322780756 -0.932298177625723 0.000000000000000 -0.685447506643122 3.887365982704338 0.000000000000000
-0.548769206341194 -0.123416086720000 0.130000000000000 0.160962085247540 -0.912861347712202 0.000000000000000 -0.653566227257762 3.706558262575044 0.000000000000000
-0.547980735070638 -0.127887729501996 0.130000000000000 0.157694254111251 -0.894328556399326 0.000000000000000 -0.621684947881285 3.525750542450190 0.000000000000000
-0.547207805923779 -0.132271228520432 0.130000000000000 0.154585829371845 -0.876699803687075 0.000000000000000 -0.589803668500366 3.344942822323116 0.000000000000000
-0.546449621868632 -0.136571103968309 0.130000000000000 0.151636811029343 -0.859975089575460 0.000000000000000 -0.557922389128329 3.164135102202703 0.000000000000000
-0.545705385873214 -0.140791876038631 0.130000000000000 0.148847199083701 -0.844154414064446 0.000000000000000 -0.526041109742970 2.983327382071188 0.000000000000000
-0.544974300905539 -0.144938064924402 0.130000000000000 0.146216993534987 -0.829237777154090 0.000000000000000 -0.494159830370933 2.802519661948555 0.000000000000000
-0.544255569933623 -0.149014190818623 0.130000000000000 0.143746194383132 -0.815225178844348 0.000000000000000 -0.462278550985573 2.621711941820370 0.000000000000000
-0.543548395925482 -0.153024773914300 0.130000000000000 0.141434801628204 -0.802116619135246 0.000000000000000 -0.430397271609095 2.440904221698847 0.000000000000000
-0.542851981849131 -0.156974334404433 0.130000000000000 0.139282815270159 -0.789912098026752 0.000000000000000 -0.398515992237058 2.260096501569553 0.000000000000000
-0.542165530672586 -0.160867392482028 0.130000000000000 0.137290235308973 -0.778611615518904 0.000000000000000 -0.366634712847258 2.079288781444699 0.000000000000000
-0.541488245363863 -0.164708468340086 0.130000000000000 0.135457061744737 -0.768215171611680 0.000000000000000 -0.334753433479662 1.898481061320956 0.000000000000000
-0.540819328890976 -0.168502082171612 0.130000000000000 0.133783294577339 -0.758722766305076 0.000000000000000 -0.302872154094302 1.717673341191661 0.000000000000000
-0.540157984221942 -0.172252754169607 0.130000000000000 0.132268933806867 -0.750134399599117 0.000000000000000 -0.270990874717825 1.536865621069028 0.000000000000000
-0.539503414324775 -0.175965004527076 0.130000000000000 0.130913979433278 -0.742450071493772 0.000000000000000 -0.239109595336906 1.356057900940844 0.000000000000000
-0.538854822167492 -0.179643353437021 0.130000000000000 0.129718431456594 -0.735669781989068 0.000000000000000 -0.207228315960428 1.175250180819321 0.000000000000000
-0.538211410718108 -0.183292321092446 0.130000000000000 0.128682289876791 -0.729793531084971 0.000000000000000 -0.175347036583950 0.994442460690026 0.000000000000000
-0.537572382944639 -0.186916427686354 0.130000000000000 0.127805554693872 -0.724821318781521 0.000000000000000 -0.143465757203032 0.813634740566282 0.000000000000000
-0.536936941815100 -0.190520193411747 0.130000000000000 0.127088225907857 -0.720753145078690 0.000000000000000 -0.111584477826554 0.632827020439208 0.000000000000000
-0.536304290297506 -0.194108138461630 0.130000000000000 0.126530303518724 -0.717589009976494 0.000000000000000 -0.079703198445635 0.452019300313244 0.000000000000000
-0.535673631359874 -0.197684783029004 0.130000000000000 0.126131787526496 -0.715328913474927 0.000000000000000 -0.047821919064717 0.271211580190611 0.000000000000000
-0.535044167970218 -0.201254647306874 0.130000000000000 0.125892677931172 -0.713972855573974 0.000000000000000 -0.015940639692680 0.090403860060206 0.000000000000000
-0.534415103096554 -0.204822251488243 0.130000000000000 0.125812974732709 -0.713520836273673 0.000000000000000 0.015940639688239 -0.090403860061317 0.000000000000000
-0.533785639706899 -0.208392115766112 0.130000000000000 0.125892677931150 -0.713972855573980 0.000000000000000 0.047821919073598 -0.271211580189501 0.000000000000000
-0.533154980769266 -0.211968760333487 0.130000000000000 0.126131787526518 -0.715328913474927 0.000000000000000 0.079703198441194 -0.452019300313244 0.000000000000000
-0.532522329251672 -0.215556705383370 0.130000000000000 0.126530303518724 -0.717589009976494 0.000000000000000 0.111584477826554 -0.632827020439208 0.000000000000000
-0.531886888122133 -0.219160471108763 0.130000000000000 0.127088225907857 -0.720753145078690 0.000000000000000 0.143465757203032 -0.813634740566282 0.000000000000000
-0.531247860348664 -0.222784577702671 0.130000000000000 0.127805554693872 -0.724821318781521 0.000000000000000 0.175347036583950 -0.994442460690026 0.000000000000000
-0.530604448899280 -0.226433545358096 0.130000000000000 0.128682289876791 -0.729793531084971 0.000000000000000 0.207228315955987 -1.175250180818210 0.000000000000000
-0.529955856741997 -0.230111894268041 0.130000000000000 0.129718431456571 -0.735669781989062 0.000000000000000 0.239109595341347 -1.356057900941954 0.000000000000000
-0.529301286844830 -0.233824144625510 0.130000000000000 0.130913979433278 -0.742450071493772 0.000000000000000 0.270990874717825 -1.536865621067918 0.000000000000000
-0.528639942175796 -0.237574816623505 0.130000000000000 0.132268933806867 -0.750134399599112 0.000000000000000 0.302872154098743 -1.717673341193882 0.000000000000000
-0.527971025702909 -0.241368430455031 0.130000000000000 0.133783294577361 -0.758722766305081 0.000000000000000 0.334753433470780 -1.898481061319846 0.000000000000000
-0.527293740394186 -0.245209506313089 0.130000000000000 0.135457061744715 -0.768215171611680 0.000000000000000 0.366634712856140 -2.079288781445809 0.000000000000000
-0.526607289217641 -0.249102564390684 0.130000000000000 0.137290235308996 -0.778611615518909 0.000000000000000 0.398515992232618 -2.260096501570663 0.000000000000000
-0.525910875141290 -0.253052124880817 0.130000000000000 0.139282815270159 -0.789912098026763 0.000000000000000 0.430397271604654 -2.440904221697737 0.000000000000000
-0.525203701133149 -0.257062707976494 0.130000000000000 0.141434801628182 -0.802116619135251 0.000000000000000 0.462278550994455 -2.621711941817040 0.000000000000000
-0.524484970161233 -0.261138833870715 0.130000000000000 0.143746194383154 -0.815225178844337 0.000000000000000 0.494159830362051 -2.802519661950775 0.000000000000000
-0.523753885193558 -0.265285022756486 0.130000000000000 0.146216993534964 -0.829237777154090 0.000000000000000 0.526041109751851 -2.983327382068968 0.000000000000000
-0.523009649198140 -0.269505794826808 0.130000000000000 0.148847199083724 -0.844154414064435 0.000000000000000 0.557922389119447 -3.164135102204924 0.000000000000000
-0.522251465142993 -0.273805670274685 0.130000000000000 0.151636811029321 -0.859975089575460 0.000000000000000 0.589803668504807 -3.344942822323116 0.000000000000000
-0.521478535996134 -0.278189169293121 0.130000000000000 0.154585829371845 -0.876699803687075 0.000000000000000 0.621684947881285 -3.525750542450190 0.000000000000000
-0.520690064725578 -0.282660812075117 0.130000000000000 0.157694254111251 -0.894328556399326 0.000000000000000 0.653566227262203 -3.706558262575044 0.000000000000000
-0.519885254299340 -0.287225118813678 0.130000000000000 0.160962085247562 -0.912861347712202 0.000000000000000 0.685447506634240 -3.887365982704338 0.000000000000000
-0.519063307685436 -0.291886609701807 0.130000000000000 0.164389322780734 -0.932298177625723 0.000000000000000 0.717328786019600 -4.068173702824751 0.000000000000000
-0.518223427851882 -0.296649804932506 0.130000000000000 0.167975966710832 -0.952639046139847 0.000000000000000 0.749210065396078 -4.248981422954046 0.000000000000000
-0.517364817766693 -0.301519224698779 0.130000000000000 0.171722017037812 -0.973883953254617 0.000000000000000 -0.161767973141380 0.917431765081744 -6.408894253245867
-0.516510251880833 -0.306365708670925 0.129839777643669 0.170913177172105 -0.969296794429209 -0.032044471266229 -1.083373104808771 6.144114193160632 -12.464194340791046
-0.515682770322592 -0.311058589788242 0.129367950428818 0.165496311648061 -0.938576223463405 -0.094365442970185 -1.067432465120532 6.053710333091544 -11.933803092251116
-0.514881974575980 -0.315600128147232 0.128597778136661 0.160159149322459 -0.908307671797948 -0.154034458431440 -1.051491825427853 5.963306473040220 -11.403411843703415
-0.514107466125003 -0.319992583844396 0.127542520548411 0.154901690195319 -0.878491139432747 -0.211051517649957 -1.035551185739614 5.872902612964470 -10.873020595162375
-0.513358846453670 -0.324238216976235 0.126215437445282 0.149723934266621 -0.849126626367924 -0.265416620625769 -1.019610546051375 5.782498752910925 -10.342629346611343
-0.512635717045988 -0.328339287639252 0.124629788608488 0.144625881536364 -0.820214132603370 -0.317129767358826 -1.003669906363136 5.692094892844057 -9.812238098074744
-0.511937679385966 -0.332298055929948 0.122798833819242 0.139607532004549 -0.791753658139149 -0.366190957849200 -0.987729266670456 5.601691032783851 -9.281846849527042
-0.511264334957610 -0.336116781944824 0.120735832858758 0.134668885671196 -0.763745202975230 -0.412600192096835 -0.971788626982217 5.511287172716983 -8.751455600980451
-0.510615285244928 -0.339797725780382 0.118454045508249 0.129809942536285 -0.736188767111645 -0.456357470101737 -0.955847987293978 5.420883312656777 -8.221064352439411
-0.509990131731929 -0.343343147533124 0.115966731548929 0.125030702599815 -0.709084350548361 -0.497462791863934 -0.939907347601299 5.330479452592130 -7.690673103894485
-0.509388475902620 -0.346755307299551 0.113287150762012 0.120331165861809 -0.682431953285401 -0.535916157383406 -0.923966707921942 5.240075592534144 -7.160281855348449
-0.508809919241009 -0.350036465176165 0.110428562928712 0.115711332322199 -0.656231575322730 -0.571717566660149 -0.908026068220380 5.149671732465055 -6.629890606805189
-0.508254063231104 -0.353188881259467 0.107404227830241 0.111171201981097 -0.630483216660405 -0.604867019694175 -0.892085428536582 5.059267872404849 -6.099499358260818
-0.507720509356912 -0.356214815645959 0.104227405247813 0.106710774838414 -0.605186877298380 -0.635364516485479 -0.876144788848343 4.968864012344643 -5.569108109716447
-0.507208859102441 -0.359116528432142 0.100911354962643 0.102330050894173 -0.580342557236657 -0.663210057034061 -0.860204149160104 4.878460152277775 -5.038716861170411
-0.506718713951699 -0.361896279714518 0.097469336755944 0.098029030148372 -0.555950256475268 -0.688403641339913 -0.844263509467424 4.788056292217568 -4.508325612628816
-0.506249675388694 -0.364556329589589 0.093914610408928 0.093807712601035 -0.532009975014180 -0.710945269403057 -0.828322869779186 4.697652432150701 -3.977934364082225
-0.505801344897433 -0.367098938153856 0.090260435702811 0.089666098252139 -0.508521712853427 -0.730834941223468 -0.812382230090947 4.607248572092715 -3.447543115539520
-0.505373323961925 -0.369526365503821 0.086520072418805 0.085604187101684 -0.485485469992963 -0.748072656801166 -0.796441590398267 4.516844712028067 -2.917151866992929
-0.504965214066176 -0.371840871735985 0.082706780338124 0.081621979149693 -0.462901246432823 -0.762658416136131 -0.780500950714469 4.426440851967861 -2.386760618450778
-0.504576616694196 -0.374044716946850 0.078833819241983 0.077719474396121 -0.440769042172984 -0.774592219228384 -0.764560311021789 4.336036991898773 -1.856369369904742
-0.504207133329990 -0.376140161232918 0.074914448911593 0.073896672841012 -0.419088857213490 -0.783874066077908 -0.748619671329109 4.245633131840787 -1.325978121362037
-0.503856365457569 -0.378129464690689 0.070961929128169 0.070153574484366 -0.397860691554286 -0.790503956684718 -0.732679031649752 4.155229271776140 -0.795586872815446
-0.503523914560938 -0.380014887416666 0.066989519672925 0.066490179326117 -0.377084545195405 -0.794481891048796 -0.716738391952632 4.064825411715933 -0.265195624272740
-0.503209382124106 -0.381798689507350 0.063010480327075 0.062906487366354 -0.356760418136826 -0.795807869170159 -0.700797752264393 3.974421551649066 0.265195624272474
-0.502912369631081 -0.383483131059243 0.059038070871831 0.059402498605032 -0.336888310378580 -0.794481891048797 -0.684857112576154 3.884017691586639 0.795586872816001
-0.502632478565870 -0.385070472168846 0.055085551088407 0.055978213042152 -0.317468221920647 -0.790503956684717 -0.668916472887915 3.793613831530873 1.325978121361748
-0.502369310412482 -0.386562972932661 0.051166180758017 0.052633630677712 -0.298500152762993 -0.783874066077908 -0.652975833195235 3.703209971455124 1.856369369905297
-0.502122466654923 -0.387962893447190 0.047293219661876 0.049368751511736 -0.279984102905717 -0.774592219228382 -0.637035193506996 3.612806111406019 2.386760618449402
-0.501891548777202 -0.389272493808933 0.043479927581195 0.046183575544201 -0.261920072348687 -0.762658416136135 -0.621094553823198 3.522402251334711 2.917151866994594
-0.501676158263327 -0.390494034114393 0.039739564297189 0.043078102775085 -0.244308061092013 -0.748072656801162 -0.605153914126078 3.431998391274504 3.447543115538121
-0.501475896597304 -0.391629774460072 0.036085389591072 0.040052333204454 -0.227148069135641 -0.730834941223471 -0.589213274442280 3.341594531209857 3.977934364083335
-0.501290365263143 -0.392681974942470 0.032530663244056 0.037106266832243 -0.210440096479592 -0.710945269403054 -0.573272634754041 3.251190671149651 4.508325612627284
-0.501119165744851 -0.393652895658089 0.029088645037357 0.034239903658473 -0.194184143123843 -0.688403641339918 -0.557331995056920 3.160786811085003 5.038716861171810
-0.500961899526435 -0.394544796703431 0.025772594752187 0.031453243683188 -0.178380209068418 -0.663210057034059 -0.541391355373122 3.070382951022577 5.569108109716159
-0.500818168091903 -0.395359938174997 0.022595772169759 0.028746286906323 -0.163028294313305 -0.635364516485478 -0.525450715684883 2.979979090962370 6.099499358260685
-0.500687572925264 -0.396100580169290 0.019571437071288 0.026119033327898 -0.148128398858494 -0.604867019694175 -0.509510075996644 2.889575230893282 6.629890606804922
-0.500569715510524 -0.396768982782810 0.016712849237988 0.023571482947915 -0.133680522704027 -0.571717566660150 -0.493569436299524 2.799171370837517 7.160281855349404
-0.500464197331692 -0.397367406112059 0.014033268451071 0.021103635766417 -0.119684665849840 -0.535916157383403 -0.477628796620166 2.708767510768428 7.690673103893730
-0.500370619872776 -0.397898110253539 0.011545954491751 0.018715491783317 -0.106140828295997 -0.497462791863934 -0.461688156923046 2.618363650712663 8.221064352438233
-0.500288584617782 -0.398363355303751 0.009264167141242 0.016407050998701 -0.093049010042434 -0.456357470101743 -0.445747517239248 2.527959790641354 8.751455600982560
-0.500217693050720 -0.398765401359198 0.007201166180758 0.014178313412505 -0.080409211089227 -0.412600192096830 -0.429806877546568 2.437555930587809 9.281846849527009
-0.500157546655596 -0.399106508516379 0.005370211391512 0.012029279024772 -0.068221431436288 -0.366190957849195 -0.413866237858329 2.347152070518721 9.812238098071346
-0.500107746916418 -0.399388936871797 0.003784562554718 0.009959947835481 -0.056485671083695 -0.317129767358839 -0.397925598170090 2.256748210454074 10.342629346615794
-0.500067895317195 -0.399614946521955 0.002457479451589 0.007970319844630 -0.045201930031424 -0.265416620625760 -0.381984958477410 2.166344350396088 10.873020595160165
-0.500037593341934 -0.399786797563352 0.001402221863339 0.006060395052243 -0.034370208279444 -0.211051517649959 -0.366044318793612 2.075940490331440 11.403411843704591
-0.500016442474642 -0.399906750092491 0.000632049571182 0.004230173458275 -0.023990505827787 -0.154034458431436 -0.350103679096492 1.985536630269014 11.933803092248979
