-0.500000329745443 -0.399998129920665 0.000110770818828 -0.000065949088546 0.000374015866933 0.022154163765526 -0.039231252682015 0.222491490073917 8.659113151782801
-0.500001640272203 -0.399990697554079 0.000438019466450 -0.000262105351956 0.001486473317303 0.065449729524440 -0.058508678559832 0.331819205023898 8.355284620141298
-0.500004413515926 -0.399974969707367 0.000974150229576 -0.000554648744755 0.003145569342422 0.107226152625147 -0.077786104446531 0.441146919969437 8.051456088499798
-0.500009131412261 -0.399948213187655 0.001711567394914 -0.000943579266988 0.005351303942269 0.147483433067646 -0.097063530333230 0.550474634926079 7.747627556858300
-0.500016275896854 -0.399907694802071 0.002642675249173 -0.001428896918654 0.008103677116900 0.186221570851937 -0.116340956219929 0.659802349869398 7.443799025216779
-0.500026328905353 -0.399850681357740 0.003759878079064 -0.002010601699753 0.011402688866247 0.223440565978021 -0.135618382102187 0.769130064826040 7.139970493575293
-0.500039772373405 -0.399774439661788 0.005055580171293 -0.002688693610264 0.015248339190377 0.259140418445898 -0.154895807984445 0.878457779771580 6.836141961933817
-0.500057088236656 -0.399676236521342 0.006522185812571 -0.003463172650187 0.019640628089235 0.293321128255567 -0.174173233871144 0.987785494721560 6.532313430292269
-0.500078758430753 -0.399553338743527 0.008152099289606 -0.004334038819542 0.024579555562843 0.325982695407028 -0.193450659762284 1.097113209669320 6.228484898650854
-0.500105264891345 -0.399403013135471 0.009937724889107 -0.005301292118354 0.030065121611189 0.357125119900282 -0.212728085635661 1.206440924623742 5.924656367009140
-0.500137089554078 -0.399222526504300 0.011871466897784 -0.006364932546532 0.036097326234308 0.386748401735328 -0.232005511531241 1.315768639573722 5.620827835367825
-0.500174714354599 -0.399009145657139 0.013945729602345 -0.007524960104188 0.042676169432176 0.414852540912167 -0.251282937409059 1.425096354517041 5.316999303726432
-0.500218621228555 -0.398760137401115 0.016152917289499 -0.008781374791234 0.049801651204762 0.441437537430799 -0.270560363295758 1.534424069473683 5.013170772084496
-0.500269292111593 -0.398472768543355 0.018485434245955 -0.010134176607712 0.057473771552130 0.466503391291222 -0.289837789178016 1.643751784421443 4.709342240443448
-0.500327208939361 -0.398144305890983 0.020935684758422 -0.011583365553602 0.065692530474237 0.490050102493439 -0.309115215073597 1.753079499366983 4.405513708801845
-0.500392853647506 -0.397772016251128 0.023496073113609 -0.013128941628970 0.074457927971072 0.512077671037448 -0.328392640942532 1.862407214323625 4.101685177160119
-0.500466708171675 -0.397353166430915 0.026159003598226 -0.014770904833683 0.083769964042690 0.532586096923249 -0.347670066842554 1.971734929271385 3.797856645518927
-0.500549254447514 -0.396885023237469 0.028916880498980 -0.016509255167896 0.093628638689047 0.551575380150843 -0.366947492715930 2.081062644216924 3.494028113877201
-0.500640974410671 -0.396364853477919 0.031762108102581 -0.018343992631475 0.104033951910132 0.569045520720229 -0.386224918607070 2.190390359173566 3.190199582235875
-0.500742349996794 -0.395789923959389 0.034687090695738 -0.020275117224511 0.114985903706000 0.584996518631409 -0.405502344493769 2.299718074116885 2.886371050594128
-0.500853863141529 -0.395157501489006 0.037684232565160 -0.022302628946980 0.126484494076584 0.599428373884379 -0.424779770371586 2.409045789071307 2.582542518952691
-0.500975995780523 -0.394464852873896 0.040745937997556 -0.024426527798838 0.138529723021941 0.612341086479143 -0.444057196258285 2.518373504019067 2.278713987311498
-0.501109229849424 -0.393709244921186 0.043864611279634 -0.026646813780129 0.151121590542036 0.623734656415700 -0.463334622144984 2.627701218969047 1.974885455669484
-0.501254047283878 -0.392887944438001 0.047032656698104 -0.028963486890854 0.164260096636881 0.633609083694048 -0.482612048031683 2.737028933919028 1.671056924028291
-0.501410930019533 -0.391998218231469 0.050242478539675 -0.031376547131012 0.177945241306476 0.641964368314189 -0.501889473913941 2.846356648869008 1.367228392387121
-0.501580359992036 -0.391037333108715 0.053486481091056 -0.033885994500582 0.192177024550821 0.648800510276125 -0.521166899800640 2.955684363818989 1.063399860744552
-0.501762819137034 -0.390002555876865 0.056757068638955 -0.036491828999585 0.206955446369916 0.654117509579848 -0.540444325682898 3.065012078771190 0.759571329104491
-0.501958789390174 -0.388891153343047 0.060046645470082 -0.039194050628000 0.222280506763772 0.657915366225370 -0.559721751569597 3.174339793712289 0.455742797462189
-0.502168752687103 -0.387700392314385 0.063347615871146 -0.041992659385848 0.238152205732334 0.660194080212681 -0.578999177456296 3.283667508673371 0.151914265820174
-0.502393190963469 -0.386427539598006 0.066652384128854 -0.044887655273129 0.254570543275701 0.660953651541782 -0.598276603334114 3.392995223614470 -0.151914265820174
-0.502632586154918 -0.385069862001037 0.069953354529918 -0.047879038289800 0.271535519393773 0.660194080212681 -0.617554029225253 3.502322938571112 -0.455742797462189
-0.502887420197097 -0.383624626330604 0.073242931361045 -0.050966808435926 0.289047134086629 0.657915366225370 -0.636831455107512 3.611650653516651 -0.759571329104203
-0.503158175025655 -0.382089099393833 0.076513518908944 -0.054150965711464 0.307105387354212 0.654117509579849 -0.656108880998652 3.720978368466632 -1.063399860745662
-0.503445332576237 -0.380460547997851 0.079757521460325 -0.057431510116457 0.325710279196545 0.648800510276121 -0.675386306872028 3.830306083416612 -1.367228392386011
-0.503749374784491 -0.378736238949782 0.082967343301896 -0.060808441650817 0.344861809613628 0.641964368314191 -0.694663732767609 3.939633798366593 -1.671056924028025
-0.504070783586064 -0.376913439056755 0.086135388720366 -0.064281760314655 0.364559978605461 0.633609083694051 -0.713941158645426 4.048961513316574 -1.974885455670594
-0.504410040916604 -0.374989415125895 0.089254062002444 -0.067851466107882 0.384804786172044 0.623734656415698 -0.733218584532125 4.158289228270995 -2.278713987310388
-0.504767628711757 -0.372961433964328 0.092315767434840 -0.071517559030543 0.405596232313399 0.612341086479146 -0.752496010418824 4.267616943209873 -2.582542518954067
-0.505144028907170 -0.370826762379181 0.095312909304262 -0.075280039082637 0.426934317029448 0.599428373884375 -0.771773436301082 4.376944658170956 -2.886371050592196
-0.505539723438490 -0.368582667177579 0.098237891897419 -0.079138906264142 0.448819040320303 0.584996518631414 -0.791050862187781 4.486272373116496 -3.190199582238096
-0.505955194241366 -0.366226415166650 0.101083119501020 -0.083094160575081 0.471250402185885 0.569045520720224 -0.810328288074480 4.595600088066476 -3.494028113875114
-0.506390923251443 -0.363755273153519 0.103840996401774 -0.087145802015454 0.494228402626218 0.551575380150848 -0.829605713956738 4.704927803012016 -3.797856645519904
-0.506847392404369 -0.361166507945312 0.106503926886391 -0.091293830585237 0.517753041641278 0.532586096923249 -0.848883139838996 4.814255517968657 -4.101685177161363
-0.507325083635791 -0.358457386349157 0.109064315241578 -0.095538246284432 0.541824319231121 0.512077671037442 -0.868160565730136 4.923583232914197 -4.405513708799491
-0.507824478881357 -0.355625175172178 0.111514565754045 -0.099879049113083 0.566442235395692 0.490050102493444 -0.887437991612394 5.032910947866398 -4.709342240444281
-0.508346060076713 -0.352667141221503 0.113847082710501 -0.104316239071145 0.591606790135024 0.466503391291223 -0.906715417494652 5.142238662811938 -5.013170772086295
-0.508890309157506 -0.349580551304258 0.116054270397655 -0.108849816158618 0.617317983449084 0.441437537430792 -0.925992843381351 5.251566377768579 -5.316999303724423
-0.509457708059383 -0.346362672227568 0.118128533102216 -0.113479780375525 0.643575815337927 0.414852540912169 -0.945270269263609 5.360894092714119 -5.620827835368658
-0.510048738717993 -0.343010770798561 0.120062275110893 -0.118206131721843 0.670380285801497 0.386748401735326 -0.964547695154749 5.470221807664100 -5.924656367009007
-0.510663883068981 -0.339522113824361 0.121847900710394 -0.123028870197617 0.697731394839818 0.357125119900281 -0.983825121032567 5.579549522611860 -6.228484898649356
-0.511303623047994 -0.335893968112097 0.123477814187429 -0.127947995802780 0.725629142452877 0.325982695407034 -1.003102546923706 5.688877237568501 -6.532313430294145
-0.511968440590681 -0.332123600468893 0.124944419828707 -0.132963508537398 0.754073528640720 0.293321128255564 -1.022379972805965 5.798204952509600 -6.836141961933384
-0.512658817632689 -0.328208277701877 0.126240121920936 -0.138075408401428 0.783064553403268 0.259140418445897 -1.041657398688223 5.907532667464022 -7.139970493575953
-0.513375236109663 -0.324145266618174 0.127357324750826 -0.143283695394869 0.812602216740588 0.223440565978017 -1.060934824574922 6.016860382418443 -7.443799025216302
-0.514118177957252 -0.319931834024911 0.128288432605086 -0.148588369517744 0.842686518652680 0.186221570851935 -1.080212250461621 6.126188097357321 -7.747627556857761
-0.514888125111102 -0.315565246729213 0.129025849770424 -0.153989430770052 0.873317459139467 0.147483433067647 -1.099489676348320 6.235515812316184 -8.051456088499220
-0.515685559506861 -0.311042771538208 0.129561980533550 -0.159486879151793 0.904495038201047 0.107226152625151 -1.118767102226137 6.344843527261723 -8.355284620141790
-0.516510963080176 -0.306361675259021 0.129889229181172 -0.165080714662924 0.936219255837356 0.065449729524442 -1.138044528117277 6.454171242216145 -8.659113151782138
-0.517364817766693 -0.301519224698779 0.130000000000000 -0.170770937303510 0.968490112048437 0.022154163765531 -0.013189817709147 0.074803173384375 -4.430832753106184
-0.518219002198653 -0.296674904059202 0.130000000000000 -0.170836886392056 0.968864127915359 0.000000000000000 1.098813275439703 -6.231679752140007 0.000000000000000
-0.519045716298728 -0.291986375413429 0.130000000000000 -0.165342820014858 0.937705729154659 0.000000000000000 1.060258423661864 -6.013024322237825 0.000000000000000
-0.519845923938210 -0.287448172375712 0.130000000000000 -0.160041527896548 0.907640607543470 0.000000000000000 1.021703571901789 -5.794368892340085 0.000000000000000
-0.520620588988396 -0.283054828560303 0.130000000000000 -0.154933010037039 0.878668763081769 0.000000000000000 0.983148720123950 -5.575713462442344 0.000000000000000
-0.521370675320578 -0.278800877581455 0.130000000000000 -0.150017266436420 0.850790195769557 0.000000000000000 0.944593868363874 -5.357058032542383 0.000000000000000
-0.522097146806051 -0.274680853053421 0.130000000000000 -0.145294297094600 0.824004905606845 0.000000000000000 0.906039016581595 -5.138402602640202 0.000000000000000
-0.522800967316109 -0.270689288590453 0.130000000000000 -0.140764102011692 0.798312892593644 0.000000000000000 0.867484164821519 -4.919747172742461 0.000000000000000
-0.523483100722047 -0.266820717806803 0.130000000000000 -0.136426681187585 0.773714156729932 0.000000000000000 0.828929313048121 -4.701091742842500 0.000000000000000
-0.524144510895159 -0.263069674316724 0.130000000000000 -0.132282034622344 0.750208698015720 0.000000000000000 0.790374461279164 -4.482436312938098 0.000000000000000
-0.524786161706739 -0.259430691734469 0.130000000000000 -0.128330162315948 0.727796516451029 0.000000000000000 0.751819609510207 -4.263780883047019 0.000000000000000
-0.525409017028081 -0.255898303674290 0.130000000000000 -0.124571064268397 0.706477612035794 0.000000000000000 0.713264757741250 -4.045125453142617 0.000000000000000
-0.526014040730479 -0.252467043750440 0.130000000000000 -0.121004740479691 0.686251984770081 0.000000000000000 0.674709905967852 -3.826470023241546 0.000000000000000
-0.526602196685228 -0.249131445577171 0.130000000000000 -0.117631190949852 0.667119634653873 0.000000000000000 0.636155054198895 -3.607814593344916 0.000000000000000
-0.527174448763623 -0.245886042768735 0.130000000000000 -0.114450415678857 0.649080561687149 0.000000000000000 0.597600202434379 -3.389159163444955 0.000000000000000
-0.527731760836956 -0.242725368939385 0.130000000000000 -0.111462414666685 0.632134765869924 0.000000000000000 0.559045350656540 -3.170503733543883 0.000000000000000
-0.528275096776523 -0.239643957703374 0.130000000000000 -0.108667187913403 0.616282247202204 0.000000000000000 0.520490498892023 -2.951848303646143 0.000000000000000
-0.528805420453618 -0.236636342674954 0.130000000000000 -0.106064735418943 0.601523005683974 0.000000000000000 0.481935647123066 -2.733192873745072 0.000000000000000
-0.529323695739534 -0.233697057468378 0.130000000000000 -0.103655057183327 0.587857041315248 0.000000000000000 0.443380795354109 -2.514537443845111 0.000000000000000
-0.529830886505567 -0.230820635697898 0.130000000000000 -0.101438153206557 0.575284354096023 0.000000000000000 0.404825943576270 -2.295882013946260 0.000000000000000
-0.530327956623010 -0.228001610977767 0.130000000000000 -0.099414023488675 0.563804944026292 0.000000000000000 0.366271091816195 -2.077226584047409 0.000000000000000
-0.530815869963158 -0.225234516922236 0.130000000000000 -0.097582668029594 0.553418811106055 0.000000000000000 0.327716240042797 -1.858571154146338 0.000000000000000
-0.531295590397305 -0.222513887145560 0.130000000000000 -0.095944086829380 0.544125955335323 0.000000000000000 0.289161388269399 -1.639915724247487 0.000000000000000
-0.531768081796746 -0.219834255261989 0.130000000000000 -0.094498279888033 0.535926376714085 0.000000000000000 0.250606536509324 -1.421260294347526 0.000000000000000
-0.532234308032773 -0.217190154885777 0.130000000000000 -0.093245247205487 0.528820075242348 0.000000000000000 0.212051684727044 -1.202604864446455 0.000000000000000
-0.532695232976682 -0.214576119631177 0.130000000000000 -0.092184988781852 0.522807050920115 0.000000000000000 0.173496832966968 -0.983949434549825 0.000000000000000
-0.533151820499767 -0.211986683112440 0.130000000000000 -0.091317504617017 0.517887303747366 0.000000000000000 0.134941981193570 -0.765294004649864 0.000000000000000
-0.533605034473323 -0.209416378943819 0.130000000000000 -0.090642794711049 0.514060833724117 0.000000000000000 0.096387129424613 -0.546638574747682 0.000000000000000
-0.534055838768642 -0.206859740739568 0.130000000000000 -0.090160859063926 0.511327640850379 0.000000000000000 0.057832277651215 -0.327983144848831 0.000000000000000
-0.534505197257021 -0.204311302113937 0.130000000000000 -0.089871697675670 0.509687725126134 0.000000000000000 0.019277425886699 -0.109327714951091 0.000000000000000
-0.534954073809752 -0.201765596681180 0.130000000000000 -0.089775310546236 0.509141086551379 0.000000000000000 -0.019277425882258 0.109327714951091 0.000000000000000
-0.535403432298130 -0.199217158055549 0.130000000000000 -0.089871697675648 0.509687725126134 0.000000000000000 -0.057832277655656 0.327983144847721 0.000000000000000
-0.535854236593450 -0.196660519851297 0.130000000000000 -0.090160859063926 0.511327640850373 0.000000000000000 -0.096387129424613 0.546638574751013 0.000000000000000
-0.536307450567005 -0.194090215682677 0.130000000000000 -0.090642794711049 0.514060833724128 0.000000000000000 -0.134941981198011 0.765294004647643 0.000000000000000
-0.536764038090090 -0.191500779163940 0.130000000000000 -0.091317504617039 0.517887303747366 0.000000000000000 -0.173496832958087 0.983949434547604 0.000000000000000
-0.537224963033999 -0.188886743909339 0.130000000000000 -0.092184988781829 0.522807050920104 0.000000000000000 -0.212051684735926 1.202604864448675 0.000000000000000
-0.537691189270027 -0.186242643533128 0.130000000000000 -0.093245247205509 0.528820075242348 0.000000000000000 -0.250606536500442 1.421260294348636 0.000000000000000
-0.538163680669467 -0.183563011649557 0.130000000000000 -0.094498279888011 0.535926376714091 0.000000000000000 -0.289161388278281 1.639915724245267 0.000000000000000
-0.538643401103614 -0.180842381872881 0.130000000000000 -0.095944086829403 0.544125955335317 0.000000000000000 -0.327716240038356 1.858571154149669 0.000000000000000
-0.539131314443762 -0.178075287817350 0.130000000000000 -0.097582668029594 0.553418811106066 0.000000000000000 -0.366271091811754 2.077226584044078 0.000000000000000
-0.539628384561205 -0.175256263097219 0.130000000000000 -0.099414023488653 0.563804944026286 0.000000000000000 -0.404825943585152 2.295882013947370 0.000000000000000
-0.540135575327238 -0.172379841326739 0.130000000000000 -0.101438153206579 0.575284354096023 0.000000000000000 -0.443380795349668 2.514537443844000 0.000000000000000
-0.540653850613155 -0.169440556120163 0.130000000000000 -0.103655057183327 0.587857041315243 0.000000000000000 -0.481935647123066 2.733192873747292 0.000000000000000
-0.541184174290249 -0.166432941091743 0.130000000000000 -0.106064735418943 0.601523005683979 0.000000000000000 -0.520490498887582 2.951848303645033 0.000000000000000
-0.541727510229816 -0.163351529855732 0.130000000000000 -0.108667187913380 0.616282247202204 0.000000000000000 -0.559045350665421 3.170503733544994 0.000000000000000
-0.542284822303150 -0.160190856026382 0.130000000000000 -0.111462414666708 0.632134765869929 0.000000000000000 -0.597600202425497 3.389159163442734 0.000000000000000
-0.542857074381544 -0.156945453217946 0.130000000000000 -0.114450415678835 0.649080561687143 0.000000000000000 -0.636155054203336 3.607814593344916 0.000000000000000
-0.543445230336293 -0.153609855044677 0.130000000000000 -0.117631190949852 0.667119634653868 0.000000000000000 -0.674709905972293 3.826470023241546 0.000000000000000
-0.544050254038692 -0.150178595120827 0.130000000000000 -0.121004740479713 0.686251984770075 0.000000000000000 -0.713264757736809 4.045125453145948 0.000000000000000
-0.544673109360034 -0.146646207060648 0.130000000000000 -0.124571064268397 0.706477612035805 0.000000000000000 -0.751819609510207 4.263780883044799 0.000000000000000
-0.545314760171613 -0.143007224478392 0.130000000000000 -0.128330162315948 0.727796516451029 0.000000000000000 -0.790374461279164 4.482436312938098 0.000000000000000
-0.545976170344725 -0.139256180988314 0.130000000000000 -0.132282034622344 0.750208698015720 0.000000000000000 -0.828929313048121 4.701091742842500 0.000000000000000
-0.546658303750663 -0.135387610204664 0.130000000000000 -0.136426681187585 0.773714156729932 0.000000000000000 -0.867484164817078 4.919747172744682 0.000000000000000
-0.547362124260721 -0.131396045741696 0.130000000000000 -0.140764102011670 0.798312892593656 0.000000000000000 -0.906039016590476 5.138402602635761 0.000000000000000
-0.548088595746195 -0.127276021213662 0.130000000000000 -0.145294297094622 0.824004905606834 0.000000000000000 -0.944593868354993 5.357058032546824 0.000000000000000
-0.548838682078376 -0.123022070234814 0.130000000000000 -0.150017266436397 0.850790195769568 0.000000000000000 -0.983148720132831 5.575713462440124 0.000000000000000
-0.549613347128562 -0.118628726419405 0.130000000000000 -0.154933010037062 0.878668763081769 0.000000000000000 -1.021703571892907 5.794368892335644 0.000000000000000
-0.550413554768044 -0.114090523381688 0.130000000000000 -0.160041527896526 0.907640607543447 0.000000000000000 -1.060258423670746 6.013024322242266 0.000000000000000
-0.551240268868119 -0.109401994735914 0.130000000000000 -0.165342820014880 0.937705729154659 0.000000000000000 -1.098813275435262 6.231679752140007 0.000000000000000
-0.552094453300079 -0.104557674096338 0.130000000000000 -0.170836886392056 0.968864127915359 0.000000000000000 0.013189817709147 -0.074803173382154 -4.430832753105074
-0.552948307986597 -0.099715223536095 0.129889229181172 -0.170770937303510 0.968490112048448 -0.022154163765525 1.138044528117277 -6.454171242218365 -8.659113151783249
-0.553773711559911 -0.095034127256909 0.129561980533550 -0.165080714662924 0.936219255837356 -0.065449729524442 1.118767102230578 -6.344843527261723 -8.355284620140679
-0.554571145955670 -0.090511652065903 0.129025849770424 -0.159486879151771 0.904495038201047 -0.107226152625145 1.099489676343879 -6.235515812313963 -8.051456088500331
-0.555341093109520 -0.086145064770206 0.128288432605086 -0.153989430770052 0.873317459139478 -0.147483433067647 1.080212250461621 -6.126188097361762 -7.747627556857761
-0.556084034957109 -0.081931632176943 0.127357324750827 -0.148588369517744 0.842686518652669 -0.186221570851935 1.060934824570481 -6.016860382411782 -7.443799025217412
-0.556800453434084 -0.077868621093240 0.126240121920936 -0.143283695394891 0.812602216740610 -0.223440565978023 1.041657398697104 -5.907532667468463 -7.139970493574843
-0.557490830476091 -0.073953298326223 0.124944419828707 -0.138075408401406 0.783064553403268 -0.259140418445897 1.022379972801524 -5.798204952511821 -6.836141961934494
-0.558155648018778 -0.070182930683020 0.123477814187429 -0.132963508537398 0.754073528640709 -0.293321128255569 1.003102546919266 -5.688877237566281 -6.532313430291925
-0.558795387997792 -0.066554784970755 0.121847900710394 -0.127947995802802 0.725629142452877 -0.325982695407029 0.983825121041448 -5.579549522611860 -6.228484898650466
-0.559410532348780 -0.063066127996556 0.120062275110893 -0.123028870197595 0.697731394839818 -0.357125119900281 0.964547695145868 -5.470221807664100 -5.924656367009007
-0.560001563007389 -0.059714226567549 0.118128533102216 -0.118206131721865 0.670380285801497 -0.386748401735326 0.945270269268050 -5.360894092716340 -5.620827835368658
-0.560568961909267 -0.056496347490859 0.116054270397655 -0.113479780375525 0.643575815337916 -0.414852540912169 0.925992843381351 -5.251566377764139 -5.316999303725534
-0.561113210990060 -0.053409757573614 0.113847082710501 -0.108849816158618 0.617317983449095 -0.441437537430797 0.906715417499093 -5.142238662814158 -5.013170772084630
-0.561634792185415 -0.050451723622939 0.111514565754045 -0.104316239071123 0.591606790135024 -0.466503391291220 0.887437991607953 -5.032910947866398 -4.709342240444281
-0.562134187430981 -0.047619512445960 0.109064315241578 -0.099879049113083 0.566442235395692 -0.490050102493442 0.868160565730136 -4.923583232916418 -4.405513708801156
-0.562611878662403 -0.044910390849805 0.106503926886391 -0.095538246284432 0.541824319231110 -0.512077671037448 0.848883139838996 -4.814255517964217 -4.101685177160252
-0.563068347815329 -0.042321625641598 0.103840996401774 -0.091293830585237 0.517753041641289 -0.532586096923249 0.829605713956738 -4.704927803016457 -3.797856645518793
-0.563504076825406 -0.039850483628467 0.101083119501020 -0.087145802015454 0.494228402626207 -0.551575380150843 0.810328288074480 -4.595600088064256 -3.494028113877889
-0.563919547628282 -0.037494231617538 0.098237891897419 -0.083094160575081 0.471250402185885 -0.569045520720232 0.791050862183340 -4.486272373116496 -3.190199582234765
-0.564315242159602 -0.035250136415936 0.095312909304262 -0.079138906264165 0.448819040320303 -0.584996518631406 0.771773436305523 -4.376944658168735 -2.886371050594416
-0.564691642355016 -0.033115464830789 0.092315767434840 -0.075280039082637 0.426934317029459 -0.599428373884378 0.752496010418824 -4.267616943214314 -2.582542518953512
-0.565049230150168 -0.031087483669222 0.089254062002444 -0.071517559030543 0.405596232313388 -0.612341086479146 0.733218584532125 -4.158289228266554 -2.278713987310388
-0.565388487480708 -0.029163459738362 0.086135388720366 -0.067851466107882 0.384804786172055 -0.623734656415698 0.713941158649867 -4.048961513316574 -1.974885455670039
-0.565709896282281 -0.027340659845334 0.082967343301896 -0.064281760314633 0.364559978605472 -0.633609083694048 0.694663732758727 -3.939633798368813 -1.671056924028580
-0.566013938490535 -0.025616350797266 0.079757521460325 -0.060808441650839 0.344861809613628 -0.641964368314191 0.675386306880910 -3.830306083416612 -1.367228392387121
-0.566301096041117 -0.023987799401283 0.076513518908944 -0.057431510116435 0.325710279196545 -0.648800510276126 0.656108880994211 -3.720978368466632 -1.063399860743997
-0.566571850869675 -0.022452272464512 0.073242931361045 -0.054150965711464 0.307105387354212 -0.654117509579846 0.636831455103071 -3.611650653518872 -0.759571329104758
-0.566826684911854 -0.021007036794079 0.069953354529918 -0.050966808435948 0.289047134086617 -0.657915366225370 0.617554029229694 -3.502322938568891 -0.455742797462189
-0.567066080103303 -0.019649359197110 0.066652384128854 -0.047879038289800 0.271535519393773 -0.660194080212681 0.598276603334114 -3.392995223614470 -0.151914265820174
-0.567290518379669 -0.018376506480732 0.063347615871146 -0.044887655273129 0.254570543275701 -0.660953651541782 0.578999177460737 -3.283667508671151 0.151914265820174
-0.567500481676598 -0.017185745452070 0.060046645470082 -0.041992659385826 0.238152205732345 -0.660194080212681 0.559721751560716 -3.174339793716729 0.455742797462477
-0.567696451929738 -0.016074342918251 0.056757068638955 -0.039194050628022 0.222280506763761 -0.657915366225369 0.540444325691780 -3.065012078768969 0.759571329103914
-0.567878911074736 -0.015039565686402 0.053486481091056 -0.036491828999563 0.206955446369916 -0.654117509579849 0.521166899796199 -2.955684363818989 1.063399860745395
-0.568048341047239 -0.014078680563648 0.050242478539675 -0.033885994500582 0.192177024550821 -0.648800510276122 0.501889473913941 -2.846356648869008 1.367228392386566
-0.568205223782894 -0.013188954357115 0.047032656698105 -0.031376547131012 0.177945241306476 -0.641964368314189 0.482612048031683 -2.737028933919028 1.671056924027470
-0.568350041217348 -0.012367653873931 0.043864611279634 -0.028963486890854 0.164260096636881 -0.633609083694052 0.463334622140543 -2.627701218969047 1.974885455670861
-0.568483275286249 -0.011612045921221 0.040745937997556 -0.026646813780151 0.151121590542036 -0.623734656415698 0.444057196262726 -2.518373504019067 2.278713987310388
-0.568605407925243 -0.010919397306111 0.037684232565160 -0.024426527798838 0.138529723021941 -0.612341086479146 0.424779770376027 -2.409045789069086 2.582542518954067
-0.568716921069978 -0.010286974835728 0.034687090695738 -0.022302628946957 0.126484494076595 -0.599428373884375 0.405502344489328 -2.299718074119106 2.886371050592196
-0.568818296656101 -0.009712045317198 0.031762108102581 -0.020275117224511 0.114985903706000 -0.584996518631414 0.386224918602629 -2.190390359175787 3.190199582238096
-0.568910016619258 -0.009191875557647 0.028916880498980 -0.018343992631498 0.104033951910121 -0.569045520720224 0.366947492724812 -2.081062644214704 3.494028113875114
-0.568992562895097 -0.008723732364202 0.026159003598226 -0.016509255167874 0.093628638689047 -0.551575380150848 0.347670066833672 -1.971734929271385 3.797856645519904
-0.569066417419266 -0.008304882543989 0.023496073113609 -0.014770904833705 0.083769964042690 -0.532586096923249 0.328392640951414 -1.862407214319184 4.101685177161363
-0.569132062127411 -0.007932592904133 0.020935684758422 -0.013128941628948 0.074457927971094 -0.512077671037442 0.309115215064715 -1.753079499375865 4.405513708799491
-0.569189978955179 -0.007604130251762 0.018485434245955 -0.011583365553625 0.065692530474215 -0.490050102493444 0.289837789182457 -1.643751784414782 4.709342240444281
-0.569240649838217 -0.007316761394002 0.016152917289499 -0.010134176607712 0.057473771552141 -0.466503391291223 0.270560363295758 -1.534424069473683 5.013170772086295
-0.569284556712174 -0.007067753137978 0.013945729602345 -0.008781374791234 0.049801651204773 -0.441437537430792 0.251282937409059 -1.425096354523703 5.316999303724423
-0.569322181512695 -0.006854372290817 0.011871466897784 -0.007524960104188 0.042676169432154 -0.414852540912169 0.232005511531241 -1.315768639567061 5.620827835368658
-0.569354006175427 -0.006673885659645 0.009937724889107 -0.006364932546532 0.036097326234319 -0.386748401735326 0.212728085640101 -1.206440924623742 5.924656367009007
-0.569380512636019 -0.006523560051589 0.008152099289606 -0.005301292118332 0.030065121611200 -0.357125119900281 0.193450659753402 -1.097113209673761 6.228484898649356
-0.569402182830117 -0.006400662273775 0.006522185812571 -0.004334038819565 0.024579555562831 -0.325982695407034 0.174173233875585 -0.987785494719340 6.532313430294145
-0.569419498693368 -0.006302459133329 0.005055580171293 -0.003463172650187 0.019640628089235 -0.293321128255564 0.154895807984445 -0.878457779771580 6.836141961933384
-0.569432942161419 -0.006226217437377 0.003759878079064 -0.002688693610264 0.015248339190377 -0.259140418445897 0.135618382106628 -0.769130064823820 7.139970493575953
-0.569442995169918 -0.006169203993046 0.002642675249174 -0.002010601699731 0.011402688866258 -0.223440565978017 0.116340956215488 -0.659802349873839 7.443799025216302
-0.569450139654511 -0.006128685607461 0.001711567394914 -0.001428896918654 0.008103677116889 -0.186221570851935 0.097063530328789 -0.550474634921638 7.747627556857761
-0.569454857550846 -0.006101929087750 0.000974150229576 -0.000943579267010 0.005351303942280 -0.147483433067647 0.077786104450972 -0.441146919971658 8.051456088499220
-0.569457630794570 -0.006086201241038 0.000438019466450 -0.000554648744755 0.003145569342422 -0.107226152625151 0.058508678564273 -0.331819205026118 8.355284620141790
-0.569458941321329 -0.006078768874451 0.000110770818828 -0.000262105351934 0.001486473317291 -0.065449729524442 0.039231252677574 -0.222491490073917 8.659113151782138
-0.569459271066772 -0.006076898795117 0.000000000000000 -0.000065949088546 0.000374015866922 -0.022154163765531 0.026379635418294 -0.149606346768749 8.861665506212368
-0.569458941321329 -0.006078768874451 0.000110770818828 0.000065949088546 -0.000374015866922 0.022154163765531 0.039231252677574 -0.222491490073917 8.659113151782138
-0.569457630794570 -0.006086201241038 0.000438019466450 0.000262105351934 -0.001486473317291 0.065449729524442 0.058508678564273 -0.331819205026118 8.355284620141790
-0.569454857550846 -0.006101929087750 0.000974150229576 0.000554648744755 -0.003145569342422 0.107226152625151 0.077786104450972 -0.441146919971658 8.051456088499220
-0.569450139654511 -0.006128685607461 0.001711567394914 0.000943579267010 -0.005351303942280 0.147483433067647 0.097063530328789 -0.550474634921638 7.747627556857761
-0.569442995169918 -0.006169203993046 0.002642675249174 0.001428896918654 -0.008103677116889 0.186221570851935 0.116340956215488 -0.659802349873839 7.443799025216302
-0.569432942161419 -0.006226217437377 0.003759878079064 0.002010601699731 -0.011402688866258 0.223440565978017 0.135618382106628 -0.769130064823820 7.139970493575953
-0.569419498693368 -0.006302459133329 0.005055580171293 0.002688693610264 -0.015248339190377 0.259140418445897 0.154895807984445 -0.878457779771580 6.836141961933384
-0.569402182830117 -0.006400662273775 0.006522185812571 0.003463172650187 -0.019640628089235 0.293321128255564 0.174173233875585 -0.987785494719340 6.532313430294145
-0.569380512636019 -0.006523560051589 0.008152099289606 0.004334038819565 -0.024579555562831 0.325982695407034 0.193450659753402 -1.097113209673761 6.228484898649356
-0.569354006175427 -0.006673885659645 0.009937724889107 0.005301292118332 -0.030065121611200 0.357125119900281 0.212728085640101 -1.206440924623742 5.924656367009007
-0.569322181512695 -0.006854372290817 0.011871466897784 0.006364932546532 -0.036097326234319 0.386748401735326 0.232005511531241 -1.315768639567061 5.620827835368658
-0.569284556712174 -0.007067753137978 0.013945729602345 0.007524960104188 -0.042676169432154 0.414852540912169 0.251282937409059 -1.425096354523703 5.316999303724423
-0.569240649838217 -0.007316761394002 0.016152917289499 0.008781374791234 -0.049801651204773 0.441437537430792 0.270560363295758 -1.534424069473683 5.013170772086295
-0.569189978955179 -0.007604130251762 0.018485434245955 0.010134176607712 -0.057473771552141 0.466503391291223 0.289837789182457 -1.643751784414782 4.709342240444281
-0.569132062127411 -0.007932592904133 0.020935684758422 0.011583365553625 -0.065692530474215 0.490050102493444 0.309115215064715 -1.753079499375865 4.405513708799491
-0.569066417419266 -0.008304882543989 0.023496073113609 0.013128941628948 -0.074457927971094 0.512077671037442 0.328392640951414 -1.862407214319184 4.101685177161363
-0.568992562895097 -0.008723732364202 0.026159003598226 0.014770904833705 -0.083769964042690 0.532586096923249 0.347670066833672 -1.971734929271385 3.797856645519904
-0.568910016619258 -0.009191875557647 0.028916880498980 0.016509255167874 -0.093628638689047 0.551575380150848 0.366947492724812 -2.081062644214704 3.494028113875114
-0.568818296656101 -0.009712045317198 0.031762108102581 0.018343992631498 -0.104033951910121 0.569045520720224 0.386224918602629 -2.190390359175787 3.190199582238096
-0.568716921069978 -0.010286974835728 0.034687090695738 0.020275117224511 -0.114985903706000 0.584996518631414 0.405502344489328 -2.299718074119106 2.886371050592196
-0.568605407925243 -0.010919397306111 0.037684232565160 0.022302628946957 -0.126484494076595 0.599428373884375 0.424779770376027 -2.409045789069086 2.582542518954067
-0.568483275286249 -0.011612045921221 0.040745937997556 0.024426527798838 -0.138529723021941 0.612341086479146 0.444057196262726 -2.518373504019067 2.278713987310388
-0.568350041217348 -0.012367653873931 0.043864611279634 0.026646813780151 -0.151121590542036 0.623734656415698 0.463334622140543 -2.627701218969047 1.974885455670861
-0.568205223782894 -0.013188954357115 0.047032656698105 0.028963486890854 -0.164260096636881 0.633609083694052 0.482612048031683 -2.737028933919028 1.671056924027470
-0.568048341047239 -0.014078680563648 0.050242478539675 0.031376547131012 -0.177945241306476 0.641964368314189 0.501889473913941 -2.846356648869008 1.367228392386566
-0.567878911074736 -0.015039565686402 0.053486481091056 0.033885994500582 -0.192177024550821 0.648800510276122 0.521166899796199 -2.955684363818989 1.063399860745395
-0.567696451929738 -0.016074342918251 0.056757068638955 0.036491828999563 -0.206955446369916 0.654117509579849 0.540444325691780 -3.065012078768969 0.759571329103914
-0.567500481676598 -0.017185745452070 0.060046645470082 0.039194050628022 -0.222280506763761 0.657915366225369 0.559721751560716 -3.174339793716729 0.455742797462477
-0.567290518379669 -0.018376506480732 0.063347615871146 0.041992659385826 -0.238152205732345 0.660194080212681 0.578999177460737 -3.283667508671151 0.151914265820174
-0.567066080103303 -0.019649359197110 0.066652384128854 0.044887655273129 -0.254570543275701 0.660953651541782 0.598276603334114 -3.392995223614470 -0.151914265820174
-0.566826684911854 -0.021007036794079 0.069953354529918 0.047879038289800 -0.271535519393773 0.660194080212681 0.617554029229694 -3.502322938568891 -0.455742797462189
-0.566571850869675 -0.022452272464512 0.073242931361045 0.050966808435948 -0.289047134086617 0.657915366225370 0.636831455103071 -3.611650653518872 -0.759571329104758
-0.566301096041117 -0.023987799401283 0.076513518908944 0.054150965711464 -0.307105387354212 0.654117509579846 0.656108880994211 -3.720978368466632 -1.063399860743997
-0.566013938490535 -0.025616350797266 0.079757521460325 0.057431510116435 -0.325710279196545 0.648800510276126 0.675386306880910 -3.830306083416612 -1.367228392387121
-0.565709896282281 -0.027340659845334 0.082967343301896 0.060808441650839 -0.344861809613628 0.641964368314191 0.694663732758727 -3.939633798368813 -1.671056924028580
-0.565388487480708 -0.029163459738362 0.086135388720366 0.064281760314633 -0.364559978605472 0.633609083694048 0.713941158649867 -4.048961513316574 -1.974885455670039
-0.565049230150168 -0.031087483669222 0.089254062002444 0.067851466107882 -0.384804786172055 0.623734656415698 0.733218584532125 -4.158289228266554 -2.278713987310388
-0.564691642355016 -0.033115464830789 0.092315767434840 0.071517559030543 -0.405596232313388 0.612341086479146 0.752496010418824 -4.267616943214314 -2.582542518953512
-0.564315242159602 -0.035250136415936 0.095312909304262 0.075280039082637 -0.426934317029459 0.599428373884378 0.771773436305523 -4.376944658168735 -2.886371050594416
-0.563919547628282 -0.037494231617538 0.098237891897419 0.079138906264165 -0.448819040320303 0.584996518631406 0.791050862183340 -4.486272373116496 -3.190199582234765
-0.563504076825406 -0.039850483628467 0.101083119501020 0.083094160575081 -0.471250402185885 0.569045520720232 0.810328288074480 -4.595600088064256 -3.494028113877889
-0.563068347815329 -0.042321625641598 0.103840996401774 0.087145802015454 -0.494228402626207 0.551575380150843 0.829605713956738 -4.704927803016457 -3.797856645518793
-0.562611878662403 -0.044910390849805 0.106503926886391 0.091293830585237 -0.517753041641289 0.532586096923249 0.848883139838996 -4.814255517964217 -4.101685177160252
-0.562134187430981 -0.047619512445960 0.109064315241578 0.095538246284432 -0.541824319231110 0.512077671037448 0.868160565730136 -4.923583232916418 -4.405513708801156
-0.561634792185415 -0.050451723622939 0.111514565754045 0.099879049113083 -0.566442235395692 0.490050102493442 0.887437991607953 -5.032910947866398 -4.709342240444281
-0.561113210990060 -0.053409757573614 0.113847082710501 0.104316239071123 -0.591606790135024 0.466503391291220 0.906715417499093 -5.142238662814158 -5.013170772084630
-0.560568961909267 -0.056496347490859 0.116054270397655 0.108849816158618 -0.617317983449095 0.441437537430797 0.925992843381351 -5.251566377764139 -5.316999303725534
-0.560001563007389 -0.059714226567549 0.118128533102216 0.113479780375525 -0.643575815337916 0.414852540912169 0.945270269268050 -5.360894092716340 -5.620827835368658
-0.559410532348780 -0.063066127996556 0.120062275110893 0.118206131721865 -0.670380285801497 0.386748401735326 0.964547695145868 -5.470221807664100 -5.924656367009007
-0.558795387997792 -0.066554784970755 0.121847900710394 0.123028870197595 -0.697731394839818 0.357125119900281 0.983825121041448 -5.579549522611860 -6.228484898650466
-0.558155648018778 -0.070182930683020 0.123477814187429 0.127947995802802 -0.725629142452877 0.325982695407029 1.003102546919266 -5.688877237566281 -6.532313430291925
-0.557490830476091 -0.073953298326223 0.124944419828707 0.132963508537398 -0.754073528640709 0.293321128255569 1.022379972801524 -5.798204952511821 -6.836141961934494
-0.556800453434084 -0.077868621093240 0.126240121920936 0.138075408401406 -0.783064553403268 0.259140418445897 1.041657398697104 -5.907532667468463 -7.139970493574843
-0.556084034957109 -0.081931632176943 0.127357324750827 0.143283695394891 -0.812602216740610 0.223440565978023 1.060934824570481 -6.016860382411782 -7.443799025217412
-0.555341093109520 -0.086145064770206 0.128288432605086 0.148588369517744 -0.842686518652669 0.186221570851935 1.080212250461621 -6.126188097361762 -7.747627556857761
-0.554571145955670 -0.090511652065903 0.129025849770424 0.153989430770052 -0.873317459139478 0.147483433067647 1.099489676343879 -6.235515812313963 -8.051456088500331
-0.553773711559911 -0.095034127256909 0.129561980533550 0.159486879151771 -0.904495038201047 0.107226152625145 1.118767102230578 -6.344843527261723 -8.355284620140679
-0.552948307986597 -0.099715223536095 0.129889229181172 0.165080714662924 -0.936219255837356 0.065449729524442 1.138044528117277 -6.454171242218365 -8.659113151783249
-0.552094453300079 -0.104557674096338 0.130000000000000 0.170770937303510 -0.968490112048448 0.022154163765525 0.013189817709147 -0.074803173382154 -4.430832753105074
-0.551240268868119 -0.109401994735914 0.130000000000000 0.170836886392056 -0.968864127915359 0.000000000000000 -1.098813275435262 6.231679752140007 0.000000000000000
-0.550413554768044 -0.114090523381688 0.130000000000000 0.165342820014880 -0.937705729154659 0.000000000000000 -1.060258423670746 6.013024322242266 0.000000000000000
-0.549613347128562 -0.118628726419405 0.130000000000000 0.160041527896526 -0.907640607543447 0.000000000000000 -1.021703571892907 5.794368892335644 0.000000000000000
-0.548838682078376 -0.123022070234814 0.130000000000000 0.154933010037062 -0.878668763081769 0.000000000000000 -0.983148720132831 5.575713462440124 0.000000000000000
-0.548088595746195 -0.127276021213662 0.130000000000000 0.150017266436397 -0.850790195769568 0.000000000000000 -0.944593868354993 5.357058032546824 0.000000000000000
-0.547362124260721 -0.131396045741696 0.130000000000000 0.145294297094622 -0.824004905606834 0.000000000000000 -0.906039016590476 5.138402602635761 0.000000000000000
-0.546658303750663 -0.135387610204664 0.130000000000000 0.140764102011670 -0.798312892593656 0.000000000000000 -0.867484164817078 4.919747172744682 0.000000000000000
-0.545976170344725 -0.139256180988314 0.130000000000000 0.136426681187585 -0.773714156729932 0.000000000000000 -0.828929313048121 4.701091742842500 0.000000000000000
-0.545314760171613 -0.143007224478392 0.130000000000000 0.132282034622344 -0.750208698015720 0.000000000000000 -0.790374461279164 4.482436312938098 0.000000000000000
-0.544673109360034 -0.146646207060648 0.130000000000000 0.128330162315948 -0.727796516451029 0.000000000000000 -0.751819609510207 4.263780883044799 0.000000000000000
-0.544050254038692 -0.150178595120827 0.130000000000000 0.124571064268397 -0.706477612035805 0.000000000000000 -0.713264757736809 4.045125453145948 0.000000000000000
-0.543445230336293 -0.153609855044677 0.130000000000000 0.121004740479713 -0.686251984770075 0.000000000000000 -0.674709905972293 3.826470023241546 0.000000000000000
-0.542857074381544 -0.156945453217946 0.130000000000000 0.117631190949852 -0.667119634653868 0.000000000000000 -0.636155054203336 3.607814593344916 0.000000000000000
-0.542284822303150 -0.160190856026382 0.130000000000000 0.114450415678835 -0.649080561687143 0.000000000000000 -0.597600202425497 3.389159163442734 0.000000000000000
-0.541727510229816 -0.163351529855732 0.130000000000000 0.111462414666708 -0.632134765869929 0.000000000000000 -0.559045350665421 3.170503733544994 0.000000000000000
-0.541184174290249 -0.166432941091743 0.130000000000000 0.108667187913380 -0.616282247202204 0.000000000000000 -0.520490498887582 2.951848303645033 0.000000000000000
-0.540653850613155 -0.169440556120163 0.130000000000000 0.106064735418943 -0.601523005683979 0.000000000000000 -0.481935647123066 2.733192873747292 0.000000000000000
-0.540135575327238 -0.172379841326739 0.130000000000000 0.103655057183327 -0.587857041315243 0.000000000000000 -0.443380795349668 2.514537443844000 0.000000000000000
-0.539628384561205 -0.175256263097219 0.130000000000000 0.101438153206579 -0.575284354096023 0.000000000000000 -0.404825943585152 2.295882013947370 0.000000000000000
-0.539131314443762 -0.178075287817350 0.130000000000000 0.099414023488653 -0.563804944026286 0.000000000000000 -0.366271091811754 2.077226584044078 0.000000000000000
-0.538643401103614 -0.180842381872881 0.130000000000000 0.097582668029594 -0.553418811106066 0.000000000000000 -0.327716240038356 1.858571154149669 0.000000000000000
-0.538163680669467 -0.183563011649557 0.130000000000000 0.095944086829403 -0.544125955335317 0.000000000000000 -0.289161388278281 1.639915724245267 0.000000000000000
-0.537691189270027 -0.186242643533128 0.130000000000000 0.094498279888011 -0.535926376714091 0.000000000000000 -0.250606536500442 1.421260294348636 0.000000000000000
-0.537224963033999 -0.188886743909339 0.130000000000000 0.093245247205509 -0.528820075242348 0.000000000000000 -0.212051684735926 1.202604864448675 0.000000000000000
-0.536764038090090 -0.191500779163940 0.130000000000000 0.092184988781829 -0.522807050920104 0.000000000000000 -0.173496832958087 0.983949434547604 0.000000000000000
-0.536307450567005 -0.194090215682677 0.130000000000000 0.091317504617039 -0.517887303747366 0.000000000000000 -0.134941981198011 0.765294004647643 0.000000000000000
-0.535854236593450 -0.196660519851297 0.130000000000000 0.090642794711049 -0.514060833724128 0.000000000000000 -0.096387129424613 0.546638574751013 0.000000000000000
-0.535403432298130 -0.199217158055549 0.130000000000000 0.090160859063926 -0.511327640850373 0.000000000000000 -0.057832277655656 0.327983144847721 0.000000000000000
-0.534954073809752 -0.201765596681180 0.130000000000000 0.089871697675648 -0.509687725126134 0.000000000000000 -0.019277425882258 0.109327714951091 0.000000000000000
-0.534505197257021 -0.204311302113937 0.130000000000000 0.089775310546236 -0.509141086551379 0.000000000000000 0.019277425886699 -0.109327714951091 0.000000000000000
-0.534055838768642 -0.206859740739568 0.130000000000000 0.089871697675670 -0.509687725126134 0.000000000000000 0.057832277651215 -0.327983144848831 0.000000000000000
-0.533605034473323 -0.209416378943819 0.130000000000000 0.090160859063926 -0.511327640850379 0.000000000000000 0.096387129424613 -0.546638574747682 0.000000000000000
-0.533151820499767 -0.211986683112440 0.130000000000000 0.090642794711049 -0.514060833724117 0.000000000000000 0.134941981193570 -0.765294004649864 0.000000000000000
-0.532695232976682 -0.214576119631177 0.130000000000000 0.091317504617017 -0.517887303747366 0.000000000000000 0.173496832966968 -0.983949434549825 0.000000000000000
-0.532234308032773 -0.217190154885777 0.130000000000000 0.092184988781852 -0.522807050920115 0.000000000000000 0.212051684727044 -1.202604864446455 0.000000000000000
-0.531768081796746 -0.219834255261989 0.130000000000000 0.093245247205487 -0.528820075242348 0.000000000000000 0.250606536509324 -1.421260294347526 0.000000000000000
-0.531295590397305 -0.222513887145560 0.130000000000000 0.094498279888033 -0.535926376714085 0.000000000000000 0.289161388269399 -1.639915724247487 0.000000000000000
-0.530815869963158 -0.225234516922236 0.130000000000000 0.095944086829380 -0.544125955335323 0.000000000000000 0.327716240042797 -1.858571154146338 0.000000000000000
-0.530327956623010 -0.228001610977767 0.130000000000000 0.097582668029594 -0.553418811106055 0.000000000000000 0.366271091816195 -2.077226584047409 0.000000000000000
-0.529830886505567 -0.230820635697898 0.130000000000000 0.099414023488675 -0.563804944026292 0.000000000000000 0.404825943576270 -2.295882013946260 0.000000000000000
-0.529323695739534 -0.233697057468378 0.130000000000000 0.101438153206557 -0.575284354096023 0.000000000000000 0.443380795354109 -2.514537443845111 0.000000000000000
-0.528805420453618 -0.236636342674954 0.130000000000000 0.103655057183327 -0.587857041315248 0.000000000000000 0.481935647123066 -2.733192873745072 0.000000000000000
-0.528275096776523 -0.239643957703374 0.130000000000000 0.106064735418943 -0.601523005683974 0.000000000000000 0.520490498892023 -2.951848303646143 0.000000000000000
-0.527731760836956 -0.242725368939385 0.130000000000000 0.108667187913403 -0.616282247202204 0.000000000000000 0.559045350656540 -3.170503733543883 0.000000000000000
-0.527174448763623 -0.245886042768735 0.130000000000000 0.111462414666685 -0.632134765869924 0.000000000000000 0.597600202434379 -3.389159163444955 0.000000000000000
-0.526602196685228 -0.249131445577171 0.130000000000000 0.114450415678857 -0.649080561687149 0.000000000000000 0.636155054198895 -3.607814593344916 0.000000000000000
-0.526014040730479 -0.252467043750440 0.130000000000000 0.117631190949852 -0.667119634653873 0.000000000000000 0.674709905967852 -3.826470023241546 0.000000000000000
-0.525409017028081 -0.255898303674290 0.130000000000000 0.121004740479691 -0.686251984770081 0.000000000000000 0.713264757741250 -4.045125453142617 0.000000000000000
-0.524786161706739 -0.259430691734469 0.130000000000000 0.124571064268397 -0.706477612035794 0.000000000000000 0.751819609510207 -4.263780883047019 0.000000000000000
-0.524144510895159 -0.263069674316724 0.130000000000000 0.128330162315948 -0.727796516451029 0.000000000000000 0.790374461279164 -4.482436312938098 0.000000000000000
-0.523483100722047 -0.266820717806803 0.130000000000000 0.132282034622344 -0.750208698015720 0.000000000000000 0.828929313048121 -4.701091742842500 0.000000000000000
-0.522800967316109 -0.270689288590453 0.130000000000000 0.136426681187585 -0.773714156729932 0.000000000000000 0.867484164821519 -4.919747172742461 0.000000000000000
-0.522097146806051 -0.274680853053421 0.130000000000000 0.140764102011692 -0.798312892593644 0.000000000000000 0.906039016581595 -5.138402602640202 0.000000000000000
-0.521370675320578 -0.278800877581455 0.130000000000000 0.145294297094600 -0.824004905606845 0.000000000000000 0.944593868363874 -5.357058032542383 0.000000000000000
-0.520620588988396 -0.283054828560303 0.130000000000000 0.150017266436420 -0.850790195769557 0.000000000000000 0.983148720123950 -5.575713462442344 0.000000000000000
-0.519845923938210 -0.287448172375712 0.130000000000000 0.154933010037039 -0.878668763081769 0.000000000000000 1.021703571901789 -5.794368892340085 0.000000000000000
-0.519045716298728 -0.291986375413429 0.130000000000000 0.160041527896548 -0.907640607543470 0.000000000000000 1.060258423661864 -6.013024322237825 0.000000000000000
-0.518219002198653 -0.296674904059202 0.130000000000000 0.165342820014858 -0.937705729154659 0.000000000000000 1.098813275439703 -6.231679752140007 0.000000000000000
-0.517364817766693 -0.301519224698779 0.130000000000000 0.170836886392056 -0.968864127915359 0.000000000000000 -0.013189817709147 0.074803173384375 -4.430832753106184
-0.516510963080176 -0.306361675259021 0.129889229181172 0.170770937303510 -0.968490112048437 -0.022154163765531 -1.138044528117277 6.454171242216145 -8.659113151782138
-0.515685559506861 -0.311042771538208 0.129561980533550 0.165080714662924 -0.936219255837356 -0.065449729524442 -1.118767102226137 6.344843527261723 -8.355284620141790
-0.514888125111102 -0.315565246729213 0.129025849770424 0.159486879151793 -0.904495038201047 -0.107226152625151 -1.099489676348320 6.235515812316184 -8.051456088499220
-0.514118177957252 -0.319931834024911 0.128288432605086 0.153989430770052 -0.873317459139467 -0.147483433067647 -1.080212250461621 6.126188097357321 -7.747627556857761
-0.513375236109663 -0.324145266618174 0.127357324750826 0.148588369517744 -0.842686518652680 -0.186221570851935 -1.060934824574922 6.016860382418443 -7.443799025216302
-0.512658817632689 -0.328208277701877 0.126240121920936 0.143283695394869 -0.812602216740588 -0.223440565978017 -1.041657398688223 5.907532667464022 -7.139970493575953
-0.511968440590681 -0.332123600468893 0.124944419828707 0.138075408401428 -0.783064553403268 -0.259140418445897 -1.022379972805965 5.798204952509600 -6.836141961933384
-0.511303623047994 -0.335893968112097 0.123477814187429 0.132963508537398 -0.754073528640720 -0.293321128255564 -1.003102546923706 5.688877237568501 -6.532313430294145
-0.510663883068981 -0.339522113824361 0.121847900710394 0.127947995802780 -0.725629142452877 -0.325982695407034 -0.983825121032567 5.579549522611860 -6.228484898649356
-0.510048738717993 -0.343010770798561 0.120062275110893 0.123028870197617 -0.697731394839818 -0.357125119900281 -0.964547695154749 5.470221807664100 -5.924656367009007
-0.509457708059383 -0.346362672227568 0.118128533102216 0.118206131721843 -0.670380285801497 -0.386748401735326 -0.945270269263609 5.360894092714119 -5.620827835368658
-0.508890309157506 -0.349580551304258 0.116054270397655 0.113479780375525 -0.643575815337927 -0.414852540912169 -0.925992843381351 5.251566377768579 -5.316999303724423
-0.508346060076713 -0.352667141221503 0.113847082710501 0.108849816158618 -0.617317983449084 -0.441437537430792 -0.906715417494652 5.142238662811938 -5.013170772086295
-0.507824478881357 -0.355625175172178 0.111514565754045 0.104316239071145 -0.591606790135024 -0.466503391291223 -0.887437991612394 5.032910947866398 -4.709342240444281
-0.507325083635791 -0.358457386349157 0.109064315241578 0.099879049113083 -0.566442235395692 -0.490050102493444 -0.868160565730136 4.923583232914197 -4.405513708799491
-0.506847392404369 -0.361166507945312 0.106503926886391 0.095538246284432 -0.541824319231121 -0.512077671037442 -0.848883139838996 4.814255517968657 -4.101685177161363
-0.506390923251443 -0.363755273153519 0.103840996401774 0.091293830585237 -0.517753041641278 -0.532586096923249 -0.829605713956738 4.704927803012016 -3.797856645519904
-0.505955194241366 -0.366226415166650 0.101083119501020 0.087145802015454 -0.494228402626218 -0.551575380150848 -0.810328288074480 4.595600088066476 -3.494028113875114
-0.505539723438490 -0.368582667177579 0.098237891897419 0.083094160575081 -0.471250402185885 -0.569045520720224 -0.791050862187781 4.486272373116496 -3.190199582238096
-0.505144028907170 -0.370826762379181 0.095312909304262 0.079138906264142 -0.448819040320303 -0.584996518631414 -0.771773436301082 4.376944658170956 -2.886371050592196
-0.504767628711757 -0.372961433964328 0.092315767434840 0.075280039082637 -0.426934317029448 -0.599428373884375 -0.752496010418824 4.267616943209873 -2.582542518954067
-0.504410040916604 -0.374989415125895 0.089254062002444 0.071517559030543 -0.405596232313399 -0.612341086479146 -0.733218584532125 4.158289228270995 -2.278713987310388
-0.504070783586064 -0.376913439056755 0.086135388720366 0.067851466107882 -0.384804786172044 -0.623734656415698 -0.713941158645426 4.048961513316574 -1.974885455670594
-0.503749374784491 -0.378736238949782 0.082967343301896 0.064281760314655 -0.364559978605461 -0.633609083694051 -0.694663732767609 3.939633798366593 -1.671056924028025
-0.503445332576237 -0.380460547997851 0.079757521460325 0.060808441650817 -0.344861809613628 -0.641964368314191 -0.675386306872028 3.830306083416612 -1.367228392386011
-0.503158175025655 -0.382089099393833 0.076513518908944 0.057431510116457 -0.325710279196545 -0.648800510276121 -0.656108880998652 3.720978368466632 -1.063399860745662
-0.502887420197097 -0.383624626330604 0.073242931361045 0.054150965711464 -0.307105387354212 -0.654117509579849 -0.636831455107512 3.611650653516651 -0.759571329104203
-0.502632586154918 -0.385069862001037 0.069953354529918 0.050966808435926 -0.289047134086629 -0.657915366225370 -0.617554029225253 3.502322938571112 -0.455742797462189
-0.502393190963469 -0.386427539598006 0.066652384128854 0.047879038289800 -0.271535519393773 -0.660194080212681 -0.598276603334114 3.392995223614470 -0.151914265820174
-0.502168752687103 -0.387700392314385 0.063347615871146 0.044887655273129 -0.254570543275701 -0.660953651541782 -0.578999177456296 3.283667508673371 0.151914265820174
-0.501958789390174 -0.388891153343047 0.060046645470082 0.041992659385848 -0.238152205732334 -0.660194080212681 -0.559721751569597 3.174339793712289 0.455742797462189
-0.501762819137034 -0.390002555876865 0.056757068638955 0.039194050628000 -0.222280506763772 -0.657915366225370 -0.540444325682898 3.065012078771190 0.759571329104491
-0.501580359992036 -0.391037333108715 0.053486481091056 0.036491828999585 -0.206955446369916 -0.654117509579848 -0.521166899800640 2.955684363818989 1.063399860744552
-0.501410930019533 -0.391998218231469 0.050242478539675 0.033885994500582 -0.192177024550821 -0.648800510276125 -0.501889473913941 2.846356648869008 1.367228392387121
-0.501254047283878 -0.392887944438001 0.047032656698104 0.031376547131012 -0.177945241306476 -0.641964368314189 -0.482612048031683 2.737028933919028 1.671056924028291
-0.501109229849424 -0.393709244921186 0.043864611279634 0.028963486890854 -0.164260096636881 -0.633609083694048 -0.463334622144984 2.627701218969047 1.974885455669484
-0.500975995780523 -0.394464852873896 0.040745937997556 0.026646813780129 -0.151121590542036 -0.623734656415700 -0.444057196258285 2.518373504019067 2.278713987311498
-0.500853863141529 -0.395157501489006 0.037684232565160 0.024426527798838 -0.138529723021941 -0.612341086479143 -0.424779770371586 2.409045789071307 2.582542518952691
-0.500742349996794 -0.395789923959389 0.034687090695738 0.022302628946980 -0.126484494076584 -0.599428373884379 -0.405502344493769 2.299718074116885 2.886371050594128
-0.500640974410671 -0.396364853477919 0.031762108102581 0.020275117224511 -0.114985903706000 -0.584996518631409 -0.386224918607070 2.190390359173566 3.190199582235875
-0.500549254447514 -0.396885023237469 0.028916880498980 0.018343992631475 -0.104033951910132 -0.569045520720229 -0.366947492715930 2.081062644216924 3.494028113877201
-0.500466708171675 -0.397353166430915 0.026159003598226 0.016509255167896 -0.093628638689047 -0.551575380150843 -0.347670066842554 1.971734929271385 3.797856645518927
-0.500392853647506 -0.397772016251128 0.023496073113609 0.014770904833683 -0.083769964042690 -0.532586096923249 -0.328392640942532 1.862407214323625 4.101685177160119
-0.500327208939361 -0.398144305890983 0.020935684758422 0.013128941628970 -0.074457927971072 -0.512077671037448 -0.309115215073597 1.753079499366983 4.405513708801845
-0.500269292111593 -0.398472768543355 0.018485434245955 0.011583365553602 -0.065692530474237 -0.490050102493439 -0.289837789178016 1.643751784421443 4.709342240443448
-0.500218621228555 -0.398760137401115 0.016152917289499 0.010134176607712 -0.057473771552130 -0.466503391291222 -0.270560363295758 1.534424069473683 5.013170772084496
-0.500174714354599 -0.399009145657139 0.013945729602345 0.008781374791234 -0.049801651204762 -0.441437537430799 -0.251282937409059 1.425096354517041 5.316999303726432
-0.500137089554078 -0.399222526504300 0.011871466897784 0.007524960104188 -0.042676169432176 -0.414852540912167 -0.232005511531241 1.315768639573722 5.620827835367825
-0.500105264891345 -0.399403013135471 0.009937724889107 0.006364932546532 -0.036097326234308 -0.386748401735328 -0.212728085635661 1.206440924623742 5.924656367009140
-0.500078758430753 -0.399553338743527 0.008152099289606 0.005301292118354 -0.030065121611189 -0.357125119900282 -0.193450659762284 1.097113209669320 6.228484898650854
-0.500057088236656 -0.399676236521342 0.006522185812571 0.004334038819542 -0.024579555562843 -0.325982695407028 -0.174173233871144 0.987785494721560 6.532313430292269
-0.500039772373405 -0.399774439661788 0.005055580171293 0.003463172650187 -0.019640628089235 -0.293321128255567 -0.154895807984445 0.878457779771580 6.836141961933817
-0.500026328905353 -0.399850681357740 0.003759878079064 0.002688693610264 -0.015248339190377 -0.259140418445898 -0.135618382102187 0.769130064826040 7.139970493575293
-0.500016275896854 -0.399907694802071 0.002642675249173 0.002010601699753 -0.011402688866247 -0.223440565978021 -0.116340956219929 0.659802349869398 7.443799025216779
-0.500009131412261 -0.399948213187655 0.001711567394914 0.001428896918654 -0.008103677116900 -0.186221570851937 -0.097063530333230 0.550474634926079 7.747627556858300
-0.500004413515926 -0.399974969707367 0.000974150229576 0.000943579266988 -0.005351303942269 -0.147483433067646 -0.077786104446531 0.441146919969437 8.051456088499798
-0.500001640272203 -0.399990697554079 0.000438019466450 0.000554648744755 -0.003145569342422 -0.107226152625147 -0.058508678559832 0.331819205023898 8.355284620141298
