-0.500001513387574 -0.399991417152566 0.000127362885049 -0.000302677514785 0.001716569486854 0.025472577009767 -0.133595592739510 0.757658256258509 9.938993238166795
-0.500006366664966 -0.399963892848725 0.000503200601052 -0.000970655478483 0.005504860768146 0.075167543200601 -0.152382472959900 0.864203948549580 9.563936889556718
-0.500015029504183 -0.399914763446171 0.001118136739294 -0.001732567843282 0.009825880510894 0.122987227648385 -0.171169353193612 0.970749640833990 9.188880540946659
-0.500027971577229 -0.399841365302595 0.001962794891059 -0.002588414609250 0.014679628715064 0.168931630353118 -0.189956233418442 1.077295333125061 8.813824192336590
-0.500045662556111 -0.399741034775692 0.003027798647633 -0.003538195776343 0.020066105380689 0.213000751314801 -0.208743113652154 1.183841025407251 8.438767843726524
-0.500068572112834 -0.399611108223153 0.004303771600301 -0.004581911344603 0.025985310507726 0.255194590533434 -0.227529993876985 1.290386717698322 8.063711495116433
-0.500097169919404 -0.399448922002672 0.005781337340346 -0.005719561313988 0.032437244096217 0.295513148009016 -0.246316874106256 1.396932409978291 7.688655146506417
-0.500131925647826 -0.399251812471942 0.007451119459053 -0.006951145684519 0.039421906146109 0.333956423741548 -0.265103754335527 1.503478102273803 7.313598797896336
-0.500173308970107 -0.399017115988654 0.009303741547708 -0.008276664456197 0.046939296657478 0.370524417731029 -0.283890634560358 1.610023794555993 6.938542449286200
-0.500221789558252 -0.398742168910503 0.011329827197596 -0.009696117628999 0.054989415630258 0.405217129977460 -0.302677514794070 1.716569486842623 6.563486100676152
-0.500277837084267 -0.398424307595180 0.013520000000000 -0.011209505202969 0.063572263064471 0.438034560480841 -0.321464395018900 1.823115179129253 6.188429752066115
-0.500341921220157 -0.398060868400380 0.015864883546206 -0.012816827178064 0.072687838960117 0.468976709241172 -0.340251275248171 1.929660871418104 5.813373403456212
-0.500414511637929 -0.397649187683794 0.018355101427498 -0.014518083554305 0.082336143317208 0.498043576258453 -0.359038155473002 2.036206563700294 5.438317054845809
-0.500496078009587 -0.397186601803115 0.020981277235162 -0.016313274331670 0.092517176135709 0.525235161532682 -0.377825035711155 2.142752255995806 5.063260706236061
-0.500587090007138 -0.396670447116037 0.023734034560481 -0.018202399510225 0.103230937415688 0.550551465063862 -0.396611915931544 2.249297948275775 4.688204357625603
-0.500688017302588 -0.396098059980252 0.026603996994741 -0.020185459089883 0.114477427157067 0.573992486851990 -0.415398796156374 2.355843640562405 4.313148009015966
-0.500799329567941 -0.395466776753452 0.029581788129226 -0.022262453070665 0.126256645359879 0.595558226897070 -0.434185676398968 2.462389332851256 3.938091660405663
-0.500921496475204 -0.394773933793331 0.032658031555222 -0.024433381452660 0.138568592024135 0.615248685199098 -0.452972556610476 2.568935025135666 3.563035311795604
-0.501054987696383 -0.394016867457582 0.035823350864012 -0.026698244235712 0.151413267149814 0.633063861758076 -0.471759436853070 2.675480717428957 3.187978963185567
-0.501200272903483 -0.393192914103898 0.039068369646882 -0.029057041419978 0.164790670736958 0.649003756574004 -0.490546317073459 2.782026409711147 2.812922614575664
-0.501357821768510 -0.392299410089970 0.042383711495116 -0.031509773005345 0.178700802785514 0.663068369646883 -0.509333197307171 2.888572101995557 2.437866265965205
-0.501528103963469 -0.391333691773493 0.045760000000000 -0.034056438991881 0.193143663295492 0.675257700976709 -0.528120077527561 2.995117794286628 2.062809917355857
-0.501711589160367 -0.390293095512158 0.049187858752817 -0.036697039379519 0.208119252266925 0.685571750563488 -0.546906957765714 3.101663486571038 1.687753568744554
-0.501908747031208 -0.389174957663659 0.052657911344853 -0.039431574168347 0.223627569699780 0.694010518407211 -0.565693837986103 3.208209178857668 1.312697220135495
-0.502120047248000 -0.387976614585689 0.056160781367393 -0.042260043358278 0.239668615594069 0.700574004507888 -0.584480718215374 3.314754871146519 0.937640871525591
-0.502345959482747 -0.386695402635940 0.059687092411721 -0.045182446949354 0.256242389949801 0.705262208865516 -0.603267598449087 3.421300563430929 0.562584522914578
-0.502586953407455 -0.385328658172105 0.063227468069121 -0.048198784941600 0.273348892766956 0.708075131480089 -0.622054478678358 3.527846255724221 0.187528174305518
-0.502843498694129 -0.383873717551877 0.066772531930879 -0.051309057334992 0.290988124045577 0.709012772351617 -0.640841358898747 3.634391948004190 -0.187528174305229
-0.503116065014777 -0.382327917132949 0.070312907588279 -0.054513264129485 0.309160083785598 0.708075131480090 -0.659628239132459 3.740937640290820 -0.562584522915133
-0.503405122041403 -0.380688593273014 0.073839218632607 -0.057811405325148 0.327864771987052 0.705262208865515 -0.678415119357290 3.847483332579671 -0.937640871525036
-0.503711139446012 -0.378953082329764 0.077342088655147 -0.061203480921934 0.347102188649950 0.700574004507890 -0.697201999591002 3.954029024864081 -1.312697220136050
-0.504034586900612 -0.377118720660893 0.080812141247183 -0.064689490919889 0.366872333774271 0.694010518407209 -0.715988879815832 4.060574717155152 -1.687753568744288
-0.504375934077207 -0.375182844624092 0.084240000000000 -0.068269435318968 0.387175207360047 0.685571750563488 -0.734775760049544 4.167120409444003 -2.062809917355857
-0.504735650647803 -0.373142790577056 0.087616288504884 -0.071943314119216 0.408010809407267 0.675257700976709 -0.753562640269934 4.273666101723972 -2.437866265964650
-0.505114206284406 -0.370995894877477 0.090931630353118 -0.075711127320566 0.429379139915886 0.663068369646885 -0.772349520499205 4.380211794012823 -2.812922614576774
-0.505512070659021 -0.368739493883047 0.094176649135988 -0.079572874923062 0.451280198885951 0.649003756574001 -0.791136400732917 4.486757486303894 -3.187978963185567
-0.505929713443654 -0.366370923951460 0.097341968444778 -0.083528556926726 0.473713986317470 0.633063861758074 -0.809923280962188 4.593303178581642 -3.563035311794915
-0.506367604310312 -0.363887521440408 0.100418211870774 -0.087578173331537 0.496680502210378 0.615248685199099 -0.828710161182578 4.699848870879375 -3.938091660405929
-0.506826212930999 -0.361286622707584 0.103396003005259 -0.091721724137450 0.520179746564775 0.595558226897069 -0.847497041416290 4.806394563157124 -4.313148009015277
-0.507306008977722 -0.358565564110681 0.106265965439519 -0.095959209344532 0.544211719380561 0.573992486851993 -0.866283921645561 4.912940255450415 -4.688204357625736
-0.507807462122486 -0.355721682007392 0.109018722764838 -0.100290628952759 0.568776420657813 0.550551465063864 -0.885070801874832 5.019485947734825 -5.063260706237305
-0.508331042037297 -0.352752312755410 0.111644898572502 -0.104715982962134 0.593873850396487 0.525235161532678 -0.903857682099662 5.126031640021456 -5.438317054844988
-0.508877218394160 -0.349654792712427 0.114135116453794 -0.109235271372632 0.619504008596594 0.498043576258453 -0.922644562328934 5.232577332308086 -5.813373403456557
-0.509446460865081 -0.346426458236136 0.116480000000000 -0.113848494184277 0.645666895258135 0.468976709241170 -0.941431442553764 5.339123024592496 -6.188429752064240
-0.510039239122066 -0.343064645684230 0.118670172802404 -0.118555651397045 0.672362510381097 0.438034560480849 -0.960218322791917 5.445668716885788 -6.563486100678029
-0.510656022837121 -0.339566691414403 0.120696258452292 -0.123356743011005 0.699590853965526 0.405217129977459 -0.979005203012306 5.552214409165757 -6.938542449287377
-0.511297281682252 -0.335929931784346 0.122548880540947 -0.128251769026066 0.727351926011355 0.370524417731022 -0.997792083246019 5.658760101456828 -7.313598797894505
-0.511963485329463 -0.332151703151753 0.124218662659654 -0.133240729442297 0.755645726518639 0.333956423741549 -1.016578963466408 5.765305793741238 -7.688655146507184
-0.512655103450761 -0.328229341874316 0.125696228399699 -0.138323624259629 0.784472255487345 0.295513148009013 -1.035365843704561 5.871851486030089 -8.063711495115422
-0.513372605718152 -0.324160184309729 0.126972201352367 -0.143500453478151 0.813831512917496 0.255194590533436 -1.054152723929391 5.978397178316719 -8.438767843726991
-0.514116461803641 -0.319941566815683 0.128037205108941 -0.148771217097798 0.843723498809079 0.213000751314801 -1.072939604154222 6.084942870603349 -8.813824192336339
-0.514887141379234 -0.315570825749873 0.128881863260706 -0.154135915118569 0.874148213162096 0.168931630353120 -1.091726484383493 6.191488562887759 -9.188880540946798
-0.515685114116936 -0.311045297469990 0.129496799398948 -0.159594547540487 0.905105655976535 0.122987227648386 -1.110513364617205 6.298034255176610 -9.563936889558367
-0.516510849688754 -0.306362318333728 0.129872637114951 -0.165147114363573 0.936595827252418 0.075167543200594 -1.129300244842035 6.404579947465461 -9.938993238163274
-0.517364817766693 -0.301519224698779 0.130000000000000 -0.170793615587783 0.968618726989745 0.025472577009777 -0.032132640743754 0.182233261272202 -5.094515401955491
-0.518219589160651 -0.296671575232299 0.130000000000000 -0.170954278791502 0.969529893296106 0.000000000000000 1.052055182122480 -5.966501427592252 0.000000000000000
-0.519048059175055 -0.291973088301508 0.130000000000000 -0.165694002880890 0.939697386158145 0.000000000000000 1.013798630040696 -5.749537739310195 0.000000000000000
-0.519851184223708 -0.287418339814200 0.130000000000000 -0.160625009730686 0.910949697461594 0.000000000000000 0.975542077963354 -5.532574051039241 0.000000000000000
-0.520629920720413 -0.283001905678168 0.130000000000000 -0.155747299340869 0.883286827206398 0.000000000000000 0.937285525890452 -5.315610362763845 0.000000000000000
-0.521385225078970 -0.278718361801205 0.130000000000000 -0.151060871711417 0.856708775392578 0.000000000000000 0.899028973808669 -5.098646674481788 0.000000000000000
-0.522118053713182 -0.274562284091104 0.130000000000000 -0.146565726842374 0.831215542020169 0.000000000000000 0.860772421735767 -4.881682986215274 0.000000000000000
-0.522829363036850 -0.270528248455659 0.130000000000000 -0.142261864733695 0.806807127089093 0.000000000000000 0.822515869658424 -4.664719297933217 0.000000000000000
-0.523520109463777 -0.266610830802662 0.130000000000000 -0.138149285385403 0.783483530599427 0.000000000000000 0.784259317581082 -4.447755609655601 0.000000000000000
-0.524191249407765 -0.262804607039906 0.130000000000000 -0.134227988797497 0.761244752551149 0.000000000000000 0.746002765499298 -4.230791921384647 0.000000000000000
-0.524843739282615 -0.259104153075185 0.130000000000000 -0.130497974970001 0.740090792944226 0.000000000000000 0.707746213430838 -4.013828233104810 0.000000000000000
-0.525478535502129 -0.255504044816291 0.130000000000000 -0.126959243902847 0.720021651778702 0.000000000000000 0.669489661344613 -3.796864544829415 0.000000000000000
-0.526096594480110 -0.251998858171019 0.130000000000000 -0.123611795596124 0.701037329054555 0.000000000000000 0.631233109271712 -3.579900856556240 0.000000000000000
-0.526698872630358 -0.248583169047160 0.130000000000000 -0.120455630049765 0.683137824771773 0.000000000000000 0.592976557198810 -3.362937168276403 0.000000000000000
-0.527286326366677 -0.245251553352508 0.130000000000000 -0.117490747263771 0.666323138930391 0.000000000000000 0.554720005112586 -3.145973480002118 0.000000000000000
-0.527859912102868 -0.241998586994856 0.130000000000000 -0.114717147238208 0.650593271530381 0.000000000000000 0.516463453044125 -2.929009791725612 0.000000000000000
-0.528420586252733 -0.238818845881997 0.130000000000000 -0.112134829972987 0.635948222571753 0.000000000000000 0.478206900962341 -2.712046103451327 0.000000000000000
-0.528969305230074 -0.235706905921725 0.130000000000000 -0.109743795468176 0.622387992054496 0.000000000000000 0.439950348889440 -2.495082415172600 0.000000000000000
-0.529507025448693 -0.232657343021831 0.130000000000000 -0.107544043723728 0.609912579978633 0.000000000000000 0.401693796803215 -2.278118726899425 0.000000000000000
-0.530034703322391 -0.229664733090111 0.130000000000000 -0.105535574739712 0.598521986344136 0.000000000000000 0.363437244739195 -2.061155038620699 0.000000000000000
-0.530553295264971 -0.226723652034356 0.130000000000000 -0.103718388516016 0.588216211151033 0.000000000000000 0.325180692648530 -1.844191350348634 0.000000000000000
-0.531063757690235 -0.223828675762359 0.130000000000000 -0.102092485052774 0.578995254399289 0.000000000000000 0.286924140584510 -1.627227662067687 0.000000000000000
-0.531567047011985 -0.220974380181914 0.130000000000000 -0.100657864349851 0.570859116088951 0.000000000000000 0.248667588498286 -1.410263973794512 0.000000000000000
-0.532064119644021 -0.218155341200814 0.130000000000000 -0.099414526407360 0.563807796219978 0.000000000000000 0.210411036420943 -1.193300285518006 0.000000000000000
-0.532555932000148 -0.215366134726853 0.130000000000000 -0.098362471225255 0.557841294792388 0.000000000000000 0.172154484348042 -0.976336597241501 0.000000000000000
-0.533043440494165 -0.212601336667822 0.130000000000000 -0.097501698803515 0.552959611806181 0.000000000000000 0.133897932270699 -0.759372908967215 0.000000000000000
-0.533527601539876 -0.209855522931515 0.130000000000000 -0.096832209142161 0.549162747261345 0.000000000000000 0.095641380193356 -0.542409220688489 0.000000000000000
-0.534009371551082 -0.207123269425725 0.130000000000000 -0.096354002241195 0.546450701157902 0.000000000000000 0.057384828116014 -0.325445532415314 0.000000000000000
-0.534489706941585 -0.204399152058246 0.130000000000000 -0.096067078100615 0.544823473495826 0.000000000000000 0.019128276038671 -0.108481844138808 0.000000000000000
-0.534969564125187 -0.201677746736871 0.130000000000000 -0.095971436720421 0.544281064275132 0.000000000000000 -0.019128276038671 0.108481844138808 0.000000000000000
-0.535449899515690 -0.198953629369391 0.130000000000000 -0.096067078100615 0.544823473495826 0.000000000000000 -0.057384828116014 0.325445532415314 0.000000000000000
-0.535931669526896 -0.196221375863602 0.130000000000000 -0.096354002241195 0.546450701157902 0.000000000000000 -0.095641380193356 0.542409220689599 0.000000000000000
-0.536415830572607 -0.193475562127295 0.130000000000000 -0.096832209142161 0.549162747261350 0.000000000000000 -0.133897932270699 0.759372908966105 0.000000000000000
-0.536903339066625 -0.190710764068264 0.130000000000000 -0.097501698803515 0.552959611806181 0.000000000000000 -0.172154484343601 0.976336597241501 0.000000000000000
-0.537395151422751 -0.187921557594302 0.130000000000000 -0.098362471225233 0.557841294792388 0.000000000000000 -0.210411036425384 1.193300285518006 0.000000000000000
-0.537892224054788 -0.185102518613202 0.130000000000000 -0.099414526407360 0.563807796219978 0.000000000000000 -0.248667588502727 1.410263973792292 0.000000000000000
-0.538395513376537 -0.182248223032758 0.130000000000000 -0.100657864349873 0.570859116088940 0.000000000000000 -0.286924140575628 1.627227662072128 0.000000000000000
-0.538905975801801 -0.179353246760761 0.130000000000000 -0.102092485052752 0.578995254399300 0.000000000000000 -0.325180692657412 1.844191350346414 0.000000000000000
-0.539424567744381 -0.176412165705006 0.130000000000000 -0.103718388516039 0.588216211151033 0.000000000000000 -0.363437244730314 2.061155038621809 0.000000000000000
-0.539952245618079 -0.173419555773285 0.130000000000000 -0.105535574739690 0.598521986344142 0.000000000000000 -0.401693796812097 2.278118726897205 0.000000000000000
-0.540489965836698 -0.170369992873392 0.130000000000000 -0.107544043723751 0.609912579978628 0.000000000000000 -0.439950348884999 2.495082415173711 0.000000000000000
-0.541038684814039 -0.167258052913120 0.130000000000000 -0.109743795468176 0.622387992054496 0.000000000000000 -0.478206900962341 2.712046103449106 0.000000000000000
-0.541599358963904 -0.164078311800261 0.130000000000000 -0.112134829972987 0.635948222571742 0.000000000000000 -0.516463453039684 2.929009791728943 0.000000000000000
-0.542172944700095 -0.160825345442609 0.130000000000000 -0.114717147238186 0.650593271530386 0.000000000000000 -0.554720005121467 3.145973479999897 0.000000000000000
-0.542760398436414 -0.157493729747957 0.130000000000000 -0.117490747263793 0.666323138930386 0.000000000000000 -0.592976557189928 3.362937168279734 0.000000000000000
-0.543362676586662 -0.154078040624098 0.130000000000000 -0.120455630049743 0.683137824771785 0.000000000000000 -0.631233109276153 3.579900856554019 0.000000000000000
-0.543980735564643 -0.150572853978825 0.130000000000000 -0.123611795596124 0.701037329054555 0.000000000000000 -0.669489661349054 3.796864544830525 0.000000000000000
-0.544615531784157 -0.146972745719932 0.130000000000000 -0.126959243902869 0.720021651778707 0.000000000000000 -0.707746213421956 4.013828233103700 0.000000000000000
-0.545268021659007 -0.143272291755211 0.130000000000000 -0.130497974969979 0.740090792944226 0.000000000000000 -0.746002765508180 4.230791921382426 0.000000000000000
-0.545939161602995 -0.139466067992455 0.130000000000000 -0.134227988797520 0.761244752551138 0.000000000000000 -0.784259317576641 4.447755609660042 0.000000000000000
-0.546629908029922 -0.135548650339458 0.130000000000000 -0.138149285385403 0.783483530599438 0.000000000000000 -0.822515869658424 4.664719297933217 0.000000000000000
-0.547341217353590 -0.131514614704012 0.130000000000000 -0.142261864733695 0.806807127089104 0.000000000000000 -0.860772421731326 4.881682986210834 0.000000000000000
-0.548074045987802 -0.127358536993912 0.130000000000000 -0.146565726842351 0.831215542020158 0.000000000000000 -0.899028973813110 5.098646674486229 0.000000000000000
-0.548829350346359 -0.123074993116949 0.130000000000000 -0.151060871711417 0.856708775392589 0.000000000000000 -0.937285525890452 5.315610362761625 0.000000000000000
-0.549608086843064 -0.118658558980917 0.130000000000000 -0.155747299340869 0.883286827206398 0.000000000000000 -0.975542077963354 5.532574051034800 0.000000000000000
-0.550411211891717 -0.114103810493609 0.130000000000000 -0.160625009730686 0.910949697461572 0.000000000000000 -1.013798630045137 5.749537739319077 0.000000000000000
-0.551239681906122 -0.109405323562818 0.130000000000000 -0.165694002880912 0.939697386158167 0.000000000000000 -1.052055182118039 5.966501427585591 0.000000000000000
-0.552094453300079 -0.104557674096338 0.130000000000000 -0.170954278791502 0.969529893296095 0.000000000000000 0.032132640743754 -0.182233261272202 -5.094515401953270
-0.552948421378018 -0.099714580461389 0.129872637114951 -0.170793615587783 0.968618726989734 -0.025472577009766 1.129300244846476 -6.404579947465461 -9.938993238167715
-0.553774156949836 -0.095031601325127 0.129496799398948 -0.165147114363551 0.936595827252407 -0.075167543200605 1.110513364608323 -6.298034255172169 -9.563936889555036
-0.554572129687538 -0.090506073045244 0.128881863260706 -0.159594547540509 0.905105655976546 -0.122987227648380 1.091726484387934 -6.191488562889980 -9.188880540947908
-0.555342809263131 -0.086135331979434 0.128037205108941 -0.154135915118569 0.874148213162096 -0.168931630353120 1.072939604158663 -6.084942870603349 -8.813824192336339
-0.556086665348620 -0.081916714485388 0.126972201352367 -0.148771217097776 0.843723498809079 -0.213000751314801 1.054152723924950 -5.978397178316719 -8.438767843726991
-0.556804167616011 -0.077847556920801 0.125696228399699 -0.143500453478151 0.813831512917496 -0.255194590533436 1.035365843700120 -5.871851486030089 -8.063711495115422
-0.557495785737309 -0.073925195643364 0.124218662659654 -0.138323624259651 0.784472255487345 -0.295513148009013 1.016578963475290 -5.765305793741238 -7.688655146506629
-0.558161989384520 -0.070146967010771 0.122548880540947 -0.133240729442274 0.755645726518639 -0.333956423741547 0.997792083241578 -5.658760101454607 -7.313598797896725
-0.558803248229651 -0.066510207380714 0.120696258452292 -0.128251769026066 0.727351926011366 -0.370524417731030 0.979005203012306 -5.552214409170197 -6.938542449286267
-0.559420031944706 -0.063012253110886 0.118670172802404 -0.123356743011005 0.699590853965515 -0.405217129977462 0.960218322787476 -5.445668716881347 -6.563486100675808
-0.560012810201691 -0.059650440558981 0.116480000000000 -0.118555651397068 0.672362510381108 -0.438034560480841 0.941431442558205 -5.339123024594716 -6.188429752066460
-0.560582052672613 -0.056422106082690 0.114135116453794 -0.113848494184277 0.645666895258135 -0.468976709241173 0.922644562328934 -5.232577332310306 -5.813373403455446
-0.561128229029476 -0.053324586039707 0.111644898572502 -0.109235271372632 0.619504008596583 -0.498043576258450 0.903857682104103 -5.126031640019235 -5.438317054846653
-0.561651808944286 -0.050355216787725 0.109018722764838 -0.104715982962111 0.593873850396487 -0.525235161532683 0.885070801870391 -5.019485947737046 -5.063260706235639
-0.562153262089050 -0.047511334684436 0.106265965439519 -0.100290628952759 0.568776420657802 -0.550551465063862 0.866283921641120 -4.912940255445974 -4.688204357625736
-0.562633058135773 -0.044790276087533 0.103396003005259 -0.095959209344554 0.544211719380572 -0.573992486851990 0.847497041420731 -4.806394563161565 -4.313148009015833
-0.563091666756460 -0.042189377354709 0.100418211870774 -0.091721724137450 0.520179746564764 -0.595558226897069 0.828710161187018 -4.699848870874934 -3.938091660405374
-0.563529557623118 -0.039705974843657 0.097341968444778 -0.087578173331515 0.496680502210389 -0.615248685199096 0.809923280957747 -4.593303178583863 -3.563035311796581
-0.563947200407751 -0.037337404912070 0.094176649135988 -0.083528556926726 0.473713986317470 -0.633063861758079 0.791136400728476 -4.486757486303894 -3.187978963185012
-0.564345064782367 -0.035081003917640 0.090931630353118 -0.079572874923084 0.451280198885951 -0.649003756574004 0.772349520503646 -4.380211794012823 -2.812922614575664
-0.564723620418970 -0.032934108218061 0.087616288504884 -0.075711127320566 0.429379139915886 -0.663068369646883 0.753562640274374 -4.273666101726192 -2.437866265965205
-0.565083336989565 -0.030894054171024 0.084240000000000 -0.071943314119194 0.408010809407255 -0.675257700976709 0.734775760045103 -4.167120409441782 -2.062809917355857
-0.565424684166160 -0.028958178134224 0.080812141247183 -0.068269435318968 0.387175207360047 -0.685571750563488 0.715988879815832 -4.060574717152932 -1.687753568744288
-0.565748131620760 -0.027123816465353 0.077342088655147 -0.064689490919889 0.366872333774282 -0.694010518407209 0.697201999586561 -3.954029024864081 -1.312697220136050
-0.566054149025370 -0.025388305522103 0.073839218632607 -0.061203480921956 0.347102188649961 -0.700574004507890 0.678415119361730 -3.847483332584112 -0.937640871525591
-0.566343206051995 -0.023748981662168 0.070312907588279 -0.057811405325148 0.327864771987041 -0.705262208865517 0.659628239132459 -3.740937640288600 -0.562584522914023
-0.566615772372643 -0.022203181243240 0.066772531930879 -0.054513264129485 0.309160083785598 -0.708075131480088 0.640841358903188 -3.634391948006410 -0.187528174305784
-0.566872317659318 -0.020748240623012 0.063227468069121 -0.051309057334969 0.290988124045566 -0.709012772351617 0.622054478673917 -3.527846255722000 0.187528174305229
-0.567113311584026 -0.019381496159177 0.059687092411721 -0.048198784941600 0.273348892766956 -0.708075131480090 0.603267598444646 -3.421300563430929 0.562584522915133
-0.567339223818772 -0.018100284209428 0.056160781367393 -0.045182446949377 0.256242389949801 -0.705262208865515 0.584480718219815 -3.314754871144299 0.937640871525036
-0.567550524035564 -0.016901941131458 0.052657911344853 -0.042260043358278 0.239668615594080 -0.700574004507890 0.565693837990544 -3.208209178859889 1.312697220135783
-0.567747681906405 -0.015783803282959 0.049187858752817 -0.039431574168325 0.223627569699780 -0.694010518407211 0.546906957756832 -3.101663486571038 1.687753568744843
-0.567931167103303 -0.014743207021624 0.045760000000000 -0.036697039379541 0.208119252266925 -0.685571750563486 0.528120077536443 -2.995117794284408 2.062809917355302
-0.568101449298262 -0.013777488705147 0.042383711495116 -0.034056438991859 0.193143663295503 -0.675257700976710 0.509333197302730 -2.888572101999998 2.437866265965205
-0.568258998163289 -0.012883984691219 0.039068369646882 -0.031509773005345 0.178700802785503 -0.663068369646884 0.490546317073459 -2.782026409711147 2.812922614576485
-0.568404283370389 -0.012060031337534 0.035823350864012 -0.029057041419978 0.164790670736947 -0.649003756574001 0.471759436848629 -2.675480717424517 3.187978963185567
-0.568537774591568 -0.011302965001785 0.032658031555222 -0.026698244235734 0.151413267149825 -0.633063861758074 0.452972556619358 -2.568935025137886 3.563035311794915
-0.568659941498831 -0.010610122041665 0.029581788129226 -0.024433381452638 0.138568592024135 -0.615248685199099 0.434185676390086 -2.462389332851256 3.938091660405929
-0.568771253764184 -0.009978838814865 0.026603996994741 -0.022262453070687 0.126256645359879 -0.595558226897069 0.415398796160815 -2.355843640562405 4.313148009015277
-0.568872181059634 -0.009406451679080 0.023734034560481 -0.020185459089883 0.114477427157067 -0.573992486851993 0.396611915935985 -2.249297948275775 4.688204357625736
-0.568963193057185 -0.008890296992002 0.020981277235162 -0.018202399510203 0.103230937415688 -0.550551465063864 0.377825035702273 -2.142752255995806 5.063260706237305
-0.569044759428843 -0.008427711111323 0.018355101427498 -0.016313274331692 0.092517176135709 -0.525235161532678 0.359038155477442 -2.036206563700294 5.438317054844988
-0.569117349846615 -0.008016030394737 0.015864883546206 -0.014518083554305 0.082336143317208 -0.498043576258453 0.340251275248171 -1.929660871418104 5.813373403456557
-0.569181433982505 -0.007652591199936 0.013520000000000 -0.012816827178064 0.072687838960117 -0.468976709241170 0.321464395023341 -1.823115179131474 6.188429752064240
-0.569237481508520 -0.007334729884614 0.011329827197596 -0.011209505202947 0.063572263064460 -0.438034560480849 0.302677514789629 -1.716569486840402 6.563486100678029
-0.569285962096665 -0.007059782806463 0.009303741547708 -0.009696117628999 0.054989415630258 -0.405217129977459 0.283890634560358 -1.610023794555993 6.938542449287377
-0.569327345418946 -0.006825086323175 0.007451119459053 -0.008276664456197 0.046939296657478 -0.370524417731022 0.265103754335527 -1.503478102271583 7.313598797894505
-0.569362101147368 -0.006627976792445 0.005781337340346 -0.006951145684519 0.039421906146120 -0.333956423741549 0.246316874106256 -1.396932409980511 7.688655146507184
-0.569390698953938 -0.006465790571964 0.004303771600301 -0.005719561313988 0.032437244096217 -0.295513148009013 0.227529993876985 -1.290386717698322 8.063711495115422
-0.569413608510661 -0.006335864019425 0.003027798647633 -0.004581911344603 0.025985310507726 -0.255194590533436 0.208743113647714 -1.183841025409471 8.438767843726991
-0.569431299489543 -0.006235533492522 0.001962794891059 -0.003538195776365 0.020066105380678 -0.213000751314801 0.189956233422883 -1.077295333120620 8.813824192336339
-0.569444241562589 -0.006162135348946 0.001118136739294 -0.002588414609250 0.014679628715075 -0.168931630353120 0.171169353193612 -0.970749640833990 9.188880540946798
-0.569452904401806 -0.006113005946392 0.000503200601052 -0.001732567843282 0.009825880510905 -0.122987227648386 0.152382472964341 -0.864203948551800 9.563936889558367
-0.569457757679198 -0.006085481642551 0.000127362885049 -0.000970655478461 0.005504860768146 -0.075167543200594 0.133595592735070 -0.757658256260729 9.938993238163274
-0.569459271066772 -0.006076898795117 0.000000000000000 -0.000302677514785 0.001716569486843 -0.025472577009777 0.121071005914075 -0.686627794737049 10.189030803910981
-0.569457757679198 -0.006085481642551 0.000127362885049 0.000302677514785 -0.001716569486843 0.025472577009777 0.133595592735070 -0.757658256260729 9.938993238163274
-0.569452904401806 -0.006113005946392 0.000503200601052 0.000970655478461 -0.005504860768146 0.075167543200594 0.152382472964341 -0.864203948551800 9.563936889558367
-0.569444241562589 -0.006162135348946 0.001118136739294 0.001732567843282 -0.009825880510905 0.122987227648386 0.171169353193612 -0.970749640833990 9.188880540946798
-0.569431299489543 -0.006235533492522 0.001962794891059 0.002588414609250 -0.014679628715075 0.168931630353120 0.189956233422883 -1.077295333120620 8.813824192336339
-0.569413608510661 -0.006335864019425 0.003027798647633 0.003538195776365 -0.020066105380678 0.213000751314801 0.208743113647714 -1.183841025409471 8.438767843726991
-0.569390698953938 -0.006465790571964 0.004303771600301 0.004581911344603 -0.025985310507726 0.255194590533436 0.227529993876985 -1.290386717698322 8.063711495115422
-0.569362101147368 -0.006627976792445 0.005781337340346 0.005719561313988 -0.032437244096217 0.295513148009013 0.246316874106256 -1.396932409980511 7.688655146507184
-0.569327345418946 -0.006825086323175 0.007451119459053 0.006951145684519 -0.039421906146120 0.333956423741549 0.265103754335527 -1.503478102271583 7.313598797894505
-0.569285962096665 -0.007059782806463 0.009303741547708 0.008276664456197 -0.046939296657478 0.370524417731022 0.283890634560358 -1.610023794555993 6.938542449287377
-0.569237481508520 -0.007334729884614 0.011329827197596 0.009696117628999 -0.054989415630258 0.405217129977459 0.302677514789629 -1.716569486840402 6.563486100678029
-0.569181433982505 -0.007652591199936 0.013520000000000 0.011209505202947 -0.063572263064460 0.438034560480849 0.321464395023341 -1.823115179131474 6.188429752064240
-0.569117349846615 -0.008016030394737 0.015864883546206 0.012816827178064 -0.072687838960117 0.468976709241170 0.340251275248171 -1.929660871418104 5.813373403456557
-0.569044759428843 -0.008427711111323 0.018355101427498 0.014518083554305 -0.082336143317208 0.498043576258453 0.359038155477442 -2.036206563700294 5.438317054844988
-0.568963193057185 -0.008890296992002 0.020981277235162 0.016313274331692 -0.092517176135709 0.525235161532678 0.377825035702273 -2.142752255995806 5.063260706237305
-0.568872181059634 -0.009406451679080 0.023734034560481 0.018202399510203 -0.103230937415688 0.550551465063864 0.396611915935985 -2.249297948275775 4.688204357625736
-0.568771253764184 -0.009978838814865 0.026603996994741 0.020185459089883 -0.114477427157067 0.573992486851993 0.415398796160815 -2.355843640562405 4.313148009015277
-0.568659941498831 -0.010610122041665 0.029581788129226 0.022262453070687 -0.126256645359879 0.595558226897069 0.434185676390086 -2.462389332851256 3.938091660405929
-0.568537774591568 -0.011302965001785 0.032658031555222 0.024433381452638 -0.138568592024135 0.615248685199099 0.452972556619358 -2.568935025137886 3.563035311794915
-0.568404283370389 -0.012060031337534 0.035823350864012 0.026698244235734 -0.151413267149825 0.633063861758074 0.471759436848629 -2.675480717424517 3.187978963185567
-0.568258998163289 -0.012883984691219 0.039068369646882 0.029057041419978 -0.164790670736947 0.649003756574001 0.490546317073459 -2.782026409711147 2.812922614576485
-0.568101449298262 -0.013777488705147 0.042383711495116 0.031509773005345 -0.178700802785503 0.663068369646884 0.509333197302730 -2.888572101999998 2.437866265965205
-0.567931167103303 -0.014743207021624 0.045760000000000 0.034056438991859 -0.193143663295503 0.675257700976710 0.528120077536443 -2.995117794284408 2.062809917355302
-0.567747681906405 -0.015783803282959 0.049187858752817 0.036697039379541 -0.208119252266925 0.685571750563486 0.546906957756832 -3.101663486571038 1.687753568744843
-0.567550524035564 -0.016901941131458 0.052657911344853 0.039431574168325 -0.223627569699780 0.694010518407211 0.565693837990544 -3.208209178859889 1.312697220135783
-0.567339223818772 -0.018100284209428 0.056160781367393 0.042260043358278 -0.239668615594080 0.700574004507890 0.584480718219815 -3.314754871144299 0.937640871525036
-0.567113311584026 -0.019381496159177 0.059687092411721 0.045182446949377 -0.256242389949801 0.705262208865515 0.603267598444646 -3.421300563430929 0.562584522915133
-0.566872317659318 -0.020748240623012 0.063227468069121 0.048198784941600 -0.273348892766956 0.708075131480090 0.622054478673917 -3.527846255722000 0.187528174305229
-0.566615772372643 -0.022203181243240 0.066772531930879 0.051309057334969 -0.290988124045566 0.709012772351617 0.640841358903188 -3.634391948006410 -0.187528174305784
-0.566343206051995 -0.023748981662168 0.070312907588279 0.054513264129485 -0.309160083785598 0.708075131480088 0.659628239132459 -3.740937640288600 -0.562584522914023
-0.566054149025370 -0.025388305522103 0.073839218632607 0.057811405325148 -0.327864771987041 0.705262208865517 0.678415119361730 -3.847483332584112 -0.937640871525591
-0.565748131620760 -0.027123816465353 0.077342088655147 0.061203480921956 -0.347102188649961 0.700574004507890 0.697201999586561 -3.954029024864081 -1.312697220136050
-0.565424684166160 -0.028958178134224 0.080812141247183 0.064689490919889 -0.366872333774282 0.694010518407209 0.715988879815832 -4.060574717152932 -1.687753568744288
-0.565083336989565 -0.030894054171024 0.084240000000000 0.068269435318968 -0.387175207360047 0.685571750563488 0.734775760045103 -4.167120409441782 -2.062809917355857
-0.564723620418970 -0.032934108218061 0.087616288504884 0.071943314119194 -0.408010809407255 0.675257700976709 0.753562640274374 -4.273666101726192 -2.437866265965205
-0.564345064782367 -0.035081003917640 0.090931630353118 0.075711127320566 -0.429379139915886 0.663068369646883 0.772349520503646 -4.380211794012823 -2.812922614575664
-0.563947200407751 -0.037337404912070 0.094176649135988 0.079572874923084 -0.451280198885951 0.649003756574004 0.791136400728476 -4.486757486303894 -3.187978963185012
-0.563529557623118 -0.039705974843657 0.097341968444778 0.083528556926726 -0.473713986317470 0.633063861758079 0.809923280957747 -4.593303178583863 -3.563035311796581
-0.563091666756460 -0.042189377354709 0.100418211870774 0.087578173331515 -0.496680502210389 0.615248685199096 0.828710161187018 -4.699848870874934 -3.938091660405374
-0.562633058135773 -0.044790276087533 0.103396003005259 0.091721724137450 -0.520179746564764 0.595558226897069 0.847497041420731 -4.806394563161565 -4.313148009015833
-0.562153262089050 -0.047511334684436 0.106265965439519 0.095959209344554 -0.544211719380572 0.573992486851990 0.866283921641120 -4.912940255445974 -4.688204357625736
-0.561651808944286 -0.050355216787725 0.109018722764838 0.100290628952759 -0.568776420657802 0.550551465063862 0.885070801870391 -5.019485947737046 -5.063260706235639
-0.561128229029476 -0.053324586039707 0.111644898572502 0.104715982962111 -0.593873850396487 0.525235161532683 0.903857682104103 -5.126031640019235 -5.438317054846653
-0.560582052672613 -0.056422106082690 0.114135116453794 0.109235271372632 -0.619504008596583 0.498043576258450 0.922644562328934 -5.232577332310306 -5.813373403455446
-0.560012810201691 -0.059650440558981 0.116480000000000 0.113848494184277 -0.645666895258135 0.468976709241173 0.941431442558205 -5.339123024594716 -6.188429752066460
-0.559420031944706 -0.063012253110886 0.118670172802404 0.118555651397068 -0.672362510381108 0.438034560480841 0.960218322787476 -5.445668716881347 -6.563486100675808
-0.558803248229651 -0.066510207380714 0.120696258452292 0.123356743011005 -0.699590853965515 0.405217129977462 0.979005203012306 -5.552214409170197 -6.938542449286267
-0.558161989384520 -0.070146967010771 0.122548880540947 0.128251769026066 -0.727351926011366 0.370524417731030 0.997792083241578 -5.658760101454607 -7.313598797896725
-0.557495785737309 -0.073925195643364 0.124218662659654 0.133240729442274 -0.755645726518639 0.333956423741547 1.016578963475290 -5.765305793741238 -7.688655146506629
-0.556804167616011 -0.077847556920801 0.125696228399699 0.138323624259651 -0.784472255487345 0.295513148009013 1.035365843700120 -5.871851486030089 -8.063711495115422
-0.556086665348620 -0.081916714485388 0.126972201352367 0.143500453478151 -0.813831512917496 0.255194590533436 1.054152723924950 -5.978397178316719 -8.438767843726991
-0.555342809263131 -0.086135331979434 0.128037205108941 0.148771217097776 -0.843723498809079 0.213000751314801 1.072939604158663 -6.084942870603349 -8.813824192336339
-0.554572129687538 -0.090506073045244 0.128881863260706 0.154135915118569 -0.874148213162096 0.168931630353120 1.091726484387934 -6.191488562889980 -9.188880540947908
-0.553774156949836 -0.095031601325127 0.129496799398948 0.159594547540509 -0.905105655976546 0.122987227648380 1.110513364608323 -6.298034255172169 -9.563936889555036
-0.552948421378018 -0.099714580461389 0.129872637114951 0.165147114363551 -0.936595827252407 0.075167543200605 1.129300244846476 -6.404579947465461 -9.938993238167715
-0.552094453300079 -0.104557674096338 0.130000000000000 0.170793615587783 -0.968618726989734 0.025472577009766 0.032132640743754 -0.182233261272202 -5.094515401953270
-0.551239681906122 -0.109405323562818 0.130000000000000 0.170954278791502 -0.969529893296095 0.000000000000000 -1.052055182118039 5.966501427585591 0.000000000000000
-0.550411211891717 -0.114103810493609 0.130000000000000 0.165694002880912 -0.939697386158167 0.000000000000000 -1.013798630045137 5.749537739319077 0.000000000000000
-0.549608086843064 -0.118658558980917 0.130000000000000 0.160625009730686 -0.910949697461572 0.000000000000000 -0.975542077963354 5.532574051034800 0.000000000000000
-0.548829350346359 -0.123074993116949 0.130000000000000 0.155747299340869 -0.883286827206398 0.000000000000000 -0.937285525890452 5.315610362761625 0.000000000000000
-0.548074045987802 -0.127358536993912 0.130000000000000 0.151060871711417 -0.856708775392589 0.000000000000000 -0.899028973813110 5.098646674486229 0.000000000000000
-0.547341217353590 -0.131514614704012 0.130000000000000 0.146565726842351 -0.831215542020158 0.000000000000000 -0.860772421731326 4.881682986210834 0.000000000000000
-0.546629908029922 -0.135548650339458 0.130000000000000 0.142261864733695 -0.806807127089104 0.000000000000000 -0.822515869658424 4.664719297933217 0.000000000000000
-0.545939161602995 -0.139466067992455 0.130000000000000 0.138149285385403 -0.783483530599438 0.000000000000000 -0.784259317576641 4.447755609660042 0.000000000000000
-0.545268021659007 -0.143272291755211 0.130000000000000 0.134227988797520 -0.761244752551138 0.000000000000000 -0.746002765508180 4.230791921382426 0.000000000000000
-0.544615531784157 -0.146972745719932 0.130000000000000 0.130497974969979 -0.740090792944226 0.000000000000000 -0.707746213421956 4.013828233103700 0.000000000000000
-0.543980735564643 -0.150572853978825 0.130000000000000 0.126959243902869 -0.720021651778707 0.000000000000000 -0.669489661349054 3.796864544830525 0.000000000000000
-0.543362676586662 -0.154078040624098 0.130000000000000 0.123611795596124 -0.701037329054555 0.000000000000000 -0.631233109276153 3.579900856554019 0.000000000000000
-0.542760398436414 -0.157493729747957 0.130000000000000 0.120455630049743 -0.683137824771785 0.000000000000000 -0.592976557189928 3.362937168279734 0.000000000000000
-0.542172944700095 -0.160825345442609 0.130000000000000 0.117490747263793 -0.666323138930386 0.000000000000000 -0.554720005121467 3.145973479999897 0.000000000000000
-0.541599358963904 -0.164078311800261 0.130000000000000 0.114717147238186 -0.650593271530386 0.000000000000000 -0.516463453039684 2.929009791728943 0.000000000000000
-0.541038684814039 -0.167258052913120 0.130000000000000 0.112134829972987 -0.635948222571742 0.000000000000000 -0.478206900962341 2.712046103449106 0.000000000000000
-0.540489965836698 -0.170369992873392 0.130000000000000 0.109743795468176 -0.622387992054496 0.000000000000000 -0.439950348884999 2.495082415173711 0.000000000000000
-0.539952245618079 -0.173419555773285 0.130000000000000 0.107544043723751 -0.609912579978628 0.000000000000000 -0.401693796812097 2.278118726897205 0.000000000000000
-0.539424567744381 -0.176412165705006 0.130000000000000 0.105535574739690 -0.598521986344142 0.000000000000000 -0.363437244730314 2.061155038621809 0.000000000000000
-0.538905975801801 -0.179353246760761 0.130000000000000 0.103718388516039 -0.588216211151033 0.000000000000000 -0.325180692657412 1.844191350346414 0.000000000000000
-0.538395513376537 -0.182248223032758 0.130000000000000 0.102092485052752 -0.578995254399300 0.000000000000000 -0.286924140575628 1.627227662072128 0.000000000000000
-0.537892224054788 -0.185102518613202 0.130000000000000 0.100657864349873 -0.570859116088940 0.000000000000000 -0.248667588502727 1.410263973792292 0.000000000000000
-0.537395151422751 -0.187921557594302 0.130000000000000 0.099414526407360 -0.563807796219978 0.000000000000000 -0.210411036425384 1.193300285518006 0.000000000000000
-0.536903339066625 -0.190710764068264 0.130000000000000 0.098362471225233 -0.557841294792388 0.000000000000000 -0.172154484343601 0.976336597241501 0.000000000000000
-0.536415830572607 -0.193475562127295 0.130000000000000 0.097501698803515 -0.552959611806181 0.000000000000000 -0.133897932270699 0.759372908966105 0.000000000000000
-0.535931669526896 -0.196221375863602 0.130000000000000 0.096832209142161 -0.549162747261350 0.000000000000000 -0.095641380193356 0.542409220689599 0.000000000000000
-0.535449899515690 -0.198953629369391 0.130000000000000 0.096354002241195 -0.546450701157902 0.000000000000000 -0.057384828116014 0.325445532415314 0.000000000000000
-0.534969564125187 -0.201677746736871 0.130000000000000 0.096067078100615 -0.544823473495826 0.000000000000000 -0.019128276038671 0.108481844138808 0.000000000000000
-0.534489706941585 -0.204399152058246 0.130000000000000 0.095971436720421 -0.544281064275132 0.000000000000000 0.019128276038671 -0.108481844138808 0.000000000000000
-0.534009371551082 -0.207123269425725 0.130000000000000 0.096067078100615 -0.544823473495826 0.000000000000000 0.057384828116014 -0.325445532415314 0.000000000000000
-0.533527601539876 -0.209855522931515 0.130000000000000 0.096354002241195 -0.546450701157902 0.000000000000000 0.095641380193356 -0.542409220688489 0.000000000000000
-0.533043440494165 -0.212601336667822 0.130000000000000 0.096832209142161 -0.549162747261345 0.000000000000000 0.133897932270699 -0.759372908967215 0.000000000000000
-0.532555932000148 -0.215366134726853 0.130000000000000 0.097501698803515 -0.552959611806181 0.000000000000000 0.172154484348042 -0.976336597241501 0.000000000000000
-0.532064119644021 -0.218155341200814 0.130000000000000 0.098362471225255 -0.557841294792388 0.000000000000000 0.210411036420943 -1.193300285518006 0.000000000000000
-0.531567047011985 -0.220974380181914 0.130000000000000 0.099414526407360 -0.563807796219978 0.000000000000000 0.248667588498286 -1.410263973794512 0.000000000000000
-0.531063757690235 -0.223828675762359 0.130000000000000 0.100657864349851 -0.570859116088951 0.000000000000000 0.286924140584510 -1.627227662067687 0.000000000000000
-0.530553295264971 -0.226723652034356 0.130000000000000 0.102092485052774 -0.578995254399289 0.000000000000000 0.325180692648530 -1.844191350348634 0.000000000000000
-0.530034703322391 -0.229664733090111 0.130000000000000 0.103718388516016 -0.588216211151033 0.000000000000000 0.363437244739195 -2.061155038620699 0.000000000000000
-0.529507025448693 -0.232657343021831 0.130000000000000 0.105535574739712 -0.598521986344136 0.000000000000000 0.401693796803215 -2.278118726899425 0.000000000000000
-0.528969305230074 -0.235706905921725 0.130000000000000 0.107544043723728 -0.609912579978633 0.000000000000000 0.439950348889440 -2.495082415172600 0.000000000000000
-0.528420586252733 -0.238818845881997 0.130000000000000 0.109743795468176 -0.622387992054496 0.000000000000000 0.478206900962341 -2.712046103451327 0.000000000000000
-0.527859912102868 -0.241998586994856 0.130000000000000 0.112134829972987 -0.635948222571753 0.000000000000000 0.516463453044125 -2.929009791725612 0.000000000000000
-0.527286326366677 -0.245251553352508 0.130000000000000 0.114717147238208 -0.650593271530381 0.000000000000000 0.554720005112586 -3.145973480002118 0.000000000000000
-0.526698872630358 -0.248583169047160 0.130000000000000 0.117490747263771 -0.666323138930391 0.000000000000000 0.592976557198810 -3.362937168276403 0.000000000000000
-0.526096594480110 -0.251998858171019 0.130000000000000 0.120455630049765 -0.683137824771773 0.000000000000000 0.631233109271712 -3.579900856556240 0.000000000000000
-0.525478535502129 -0.255504044816291 0.130000000000000 0.123611795596124 -0.701037329054555 0.000000000000000 0.669489661344613 -3.796864544829415 0.000000000000000
-0.524843739282615 -0.259104153075185 0.130000000000000 0.126959243902847 -0.720021651778702 0.000000000000000 0.707746213430838 -4.013828233104810 0.000000000000000
-0.524191249407765 -0.262804607039906 0.130000000000000 0.130497974970001 -0.740090792944226 0.000000000000000 0.746002765499298 -4.230791921384647 0.000000000000000
-0.523520109463777 -0.266610830802662 0.130000000000000 0.134227988797497 -0.761244752551149 0.000000000000000 0.784259317581082 -4.447755609655601 0.000000000000000
-0.522829363036850 -0.270528248455659 0.130000000000000 0.138149285385403 -0.783483530599427 0.000000000000000 0.822515869658424 -4.664719297933217 0.000000000000000
-0.522118053713182 -0.274562284091104 0.130000000000000 0.142261864733695 -0.806807127089093 0.000000000000000 0.860772421735767 -4.881682986215274 0.000000000000000
-0.521385225078970 -0.278718361801205 0.130000000000000 0.146565726842374 -0.831215542020169 0.000000000000000 0.899028973808669 -5.098646674481788 0.000000000000000
-0.520629920720413 -0.283001905678168 0.130000000000000 0.151060871711417 -0.856708775392578 0.000000000000000 0.937285525890452 -5.315610362763845 0.000000000000000
-0.519851184223708 -0.287418339814200 0.130000000000000 0.155747299340869 -0.883286827206398 0.000000000000000 0.975542077963354 -5.532574051039241 0.000000000000000
-0.519048059175055 -0.291973088301508 0.130000000000000 0.160625009730686 -0.910949697461594 0.000000000000000 1.013798630040696 -5.749537739310195 0.000000000000000
-0.518219589160651 -0.296671575232299 0.130000000000000 0.165694002880890 -0.939697386158145 0.000000000000000 1.052055182122480 -5.966501427592252 0.000000000000000
-0.517364817766693 -0.301519224698779 0.130000000000000 0.170954278791502 -0.969529893296106 0.000000000000000 -0.032132640743754 0.182233261272202 -5.094515401955491
-0.516510849688754 -0.306362318333728 0.129872637114951 0.170793615587783 -0.968618726989745 -0.025472577009777 -1.129300244842035 6.404579947465461 -9.938993238163274
-0.515685114116936 -0.311045297469990 0.129496799398948 0.165147114363573 -0.936595827252418 -0.075167543200594 -1.110513364617205 6.298034255176610 -9.563936889558367
-0.514887141379234 -0.315570825749873 0.128881863260706 0.159594547540487 -0.905105655976535 -0.122987227648386 -1.091726484383493 6.191488562887759 -9.188880540946798
-0.514116461803641 -0.319941566815683 0.128037205108941 0.154135915118569 -0.874148213162096 -0.168931630353120 -1.072939604154222 6.084942870603349 -8.813824192336339
-0.513372605718152 -0.324160184309729 0.126972201352367 0.148771217097798 -0.843723498809079 -0.213000751314801 -1.054152723929391 5.978397178316719 -8.438767843726991
-0.512655103450761 -0.328229341874316 0.125696228399699 0.143500453478151 -0.813831512917496 -0.255194590533436 -1.035365843704561 5.871851486030089 -8.063711495115422
-0.511963485329463 -0.332151703151753 0.124218662659654 0.138323624259629 -0.784472255487345 -0.295513148009013 -1.016578963466408 5.765305793741238 -7.688655146507184
-0.511297281682252 -0.335929931784346 0.122548880540947 0.133240729442297 -0.755645726518639 -0.333956423741549 -0.997792083246019 5.658760101456828 -7.313598797894505
-0.510656022837121 -0.339566691414403 0.120696258452292 0.128251769026066 -0.727351926011355 -0.370524417731022 -0.979005203012306 5.552214409165757 -6.938542449287377
-0.510039239122066 -0.343064645684230 0.118670172802404 0.123356743011005 -0.699590853965526 -0.405217129977459 -0.960218322791917 5.445668716885788 -6.563486100678029
-0.509446460865081 -0.346426458236136 0.116480000000000 0.118555651397045 -0.672362510381097 -0.438034560480849 -0.941431442553764 5.339123024592496 -6.188429752064240
-0.508877218394160 -0.349654792712427 0.114135116453794 0.113848494184277 -0.645666895258135 -0.468976709241170 -0.922644562328934 5.232577332308086 -5.813373403456557
-0.508331042037297 -0.352752312755410 0.111644898572502 0.109235271372632 -0.619504008596594 -0.498043576258453 -0.903857682099662 5.126031640021456 -5.438317054844988
-0.507807462122486 -0.355721682007392 0.109018722764838 0.104715982962134 -0.593873850396487 -0.525235161532678 -0.885070801874832 5.019485947734825 -5.063260706237305
-0.507306008977722 -0.358565564110681 0.106265965439519 0.100290628952759 -0.568776420657813 -0.550551465063864 -0.866283921645561 4.912940255450415 -4.688204357625736
-0.506826212930999 -0.361286622707584 0.103396003005259 0.095959209344532 -0.544211719380561 -0.573992486851993 -0.847497041416290 4.806394563157124 -4.313148009015277
-0.506367604310312 -0.363887521440408 0.100418211870774 0.091721724137450 -0.520179746564775 -0.595558226897069 -0.828710161182578 4.699848870879375 -3.938091660405929
-0.505929713443654 -0.366370923951460 0.097341968444778 0.087578173331537 -0.496680502210378 -0.615248685199099 -0.809923280962188 4.593303178581642 -3.563035311794915
-0.505512070659021 -0.368739493883047 0.094176649135988 0.083528556926726 -0.473713986317470 -0.633063861758074 -0.791136400732917 4.486757486303894 -3.187978963185567
-0.505114206284406 -0.370995894877477 0.090931630353118 0.079572874923062 -0.451280198885951 -0.649003756574001 -0.772349520499205 4.380211794012823 -2.812922614576774
-0.504735650647803 -0.373142790577056 0.087616288504884 0.075711127320566 -0.429379139915886 -0.663068369646885 -0.753562640269934 4.273666101723972 -2.437866265964650
-0.504375934077207 -0.375182844624092 0.084240000000000 0.071943314119216 -0.408010809407267 -0.675257700976709 -0.734775760049544 4.167120409444003 -2.062809917355857
-0.504034586900612 -0.377118720660893 0.080812141247183 0.068269435318968 -0.387175207360047 -0.685571750563488 -0.715988879815832 4.060574717155152 -1.687753568744288
-0.503711139446012 -0.378953082329764 0.077342088655147 0.064689490919889 -0.366872333774271 -0.694010518407209 -0.697201999591002 3.954029024864081 -1.312697220136050
-0.503405122041403 -0.380688593273014 0.073839218632607 0.061203480921934 -0.347102188649950 -0.700574004507890 -0.678415119357290 3.847483332579671 -0.937640871525036
-0.503116065014777 -0.382327917132949 0.070312907588279 0.057811405325148 -0.327864771987052 -0.705262208865515 -0.659628239132459 3.740937640290820 -0.562584522915133
-0.502843498694129 -0.383873717551877 0.066772531930879 0.054513264129485 -0.309160083785598 -0.708075131480090 -0.640841358898747 3.634391948004190 -0.187528174305229
-0.502586953407455 -0.385328658172105 0.063227468069121 0.051309057334992 -0.290988124045577 -0.709012772351617 -0.622054478678358 3.527846255724221 0.187528174305518
-0.502345959482747 -0.386695402635940 0.059687092411721 0.048198784941600 -0.273348892766956 -0.708075131480089 -0.603267598449087 3.421300563430929 0.562584522914578
-0.502120047248000 -0.387976614585689 0.056160781367393 0.045182446949354 -0.256242389949801 -0.705262208865516 -0.584480718215374 3.314754871146519 0.937640871525591
-0.501908747031208 -0.389174957663659 0.052657911344853 0.042260043358278 -0.239668615594069 -0.700574004507888 -0.565693837986103 3.208209178857668 1.312697220135495
-0.501711589160367 -0.390293095512158 0.049187858752817 0.039431574168347 -0.223627569699780 -0.694010518407211 -0.546906957765714 3.101663486571038 1.687753568744554
-0.501528103963469 -0.391333691773493 0.045760000000000 0.036697039379519 -0.208119252266925 -0.685571750563488 -0.528120077527561 2.995117794286628 2.062809917355857
-0.501357821768510 -0.392299410089970 0.042383711495116 0.034056438991881 -0.193143663295492 -0.675257700976709 -0.509333197307171 2.888572101995557 2.437866265965205
-0.501200272903483 -0.393192914103898 0.039068369646882 0.031509773005345 -0.178700802785514 -0.663068369646883 -0.490546317073459 2.782026409711147 2.812922614575664
-0.501054987696383 -0.394016867457582 0.035823350864012 0.029057041419978 -0.164790670736958 -0.649003756574004 -0.471759436853070 2.675480717428957 3.187978963185567
-0.500921496475204 -0.394773933793331 0.032658031555222 0.026698244235712 -0.151413267149814 -0.633063861758076 -0.452972556610476 2.568935025135666 3.563035311795604
-0.500799329567941 -0.395466776753452 0.029581788129226 0.024433381452660 -0.138568592024135 -0.615248685199098 -0.434185676398968 2.462389332851256 3.938091660405663
-0.500688017302588 -0.396098059980252 0.026603996994741 0.022262453070665 -0.126256645359879 -0.595558226897070 -0.415398796156374 2.355843640562405 4.313148009015966
-0.500587090007138 -0.396670447116037 0.023734034560481 0.020185459089883 -0.114477427157067 -0.573992486851990 -0.396611915931544 2.249297948275775 4.688204357625603
-0.500496078009587 -0.397186601803115 0.020981277235162 0.018202399510225 -0.103230937415688 -0.550551465063862 -0.377825035711155 2.142752255995806 5.063260706236061
-0.500414511637929 -0.397649187683794 0.018355101427498 0.016313274331670 -0.092517176135709 -0.525235161532682 -0.359038155473002 2.036206563700294 5.438317054845809
-0.500341921220157 -0.398060868400380 0.015864883546206 0.014518083554305 -0.082336143317208 -0.498043576258453 -0.340251275248171 1.929660871418104 5.813373403456212
-0.500277837084267 -0.398424307595180 0.013520000000000 0.012816827178064 -0.072687838960117 -0.468976709241172 -0.321464395018900 1.823115179129253 6.188429752066115
-0.500221789558252 -0.398742168910503 0.011329827197596 0.011209505202969 -0.063572263064471 -0.438034560480841 -0.302677514794070 1.716569486842623 6.563486100676152
-0.500173308970107 -0.399017115988654 0.009303741547708 0.009696117628999 -0.054989415630258 -0.405217129977460 -0.283890634560358 1.610023794555993 6.938542449286200
-0.500131925647826 -0.399251812471942 0.007451119459053 0.008276664456197 -0.046939296657478 -0.370524417731029 -0.265103754335527 1.503478102273803 7.313598797896336
-0.500097169919404 -0.399448922002672 0.005781337340346 0.006951145684519 -0.039421906146109 -0.333956423741548 -0.246316874106256 1.396932409978291 7.688655146506417
-0.500068572112834 -0.399611108223153 0.004303771600301 0.005719561313988 -0.032437244096217 -0.295513148009016 -0.227529993876985 1.290386717698322 8.063711495116433
-0.500045662556111 -0.399741034775692 0.003027798647633 0.004581911344603 -0.025985310507726 -0.255194590533434 -0.208743113652154 1.183841025407251 8.438767843726524
-0.500027971577229 -0.399841365302595 0.001962794891059 0.003538195776343 -0.020066105380689 -0.213000751314801 -0.189956233418442 1.077295333125061 8.813824192336590
-0.500015029504183 -0.399914763446171 0.001118136739294 0.002588414609250 -0.014679628715064 -0.168931630353118 -0.171169353193612 0.970749640833990 9.188880540946659
-0.500006366664966 -0.399963892848725 0.000503200601052 0.001732567843282 -0.009825880510894 -0.122987227648385 -0.152382472959900 0.864203948549580 9.563936889556718
