-0.500000070511649 -0.399999600108570 0.000039523899334 -0.000014102329704 0.000079978286016 0.007904779866825 -0.008418446553193 0.047743382916021 3.119038564401282
-0.500000351484461 -0.399998006632567 0.000157023762778 -0.000056194562470 0.000318695200596 0.023499972688831 -0.012584718587227 0.071371485690364 3.054728490908474
-0.500000947075238 -0.399994628869422 0.000350891838495 -0.000119118155406 0.000675552629048 0.038773615143373 -0.016750990594616 0.094999588455824 2.990418417415661
-0.500001961440780 -0.399988876116565 0.000619520374647 -0.000202873108379 0.001150550571327 0.053725707230452 -0.020917262628650 0.118627691230166 2.926108343922853
-0.500003498737887 -0.399980157671428 0.000961301619398 -0.000307459421522 0.001743689027478 0.068356248950066 -0.025083534640480 0.142255794000068 2.861798270430049
-0.500005663123361 -0.399967882831440 0.001374627820909 -0.000432877094725 0.002454967997478 0.082665240302216 -0.029249806665632 0.165883896772190 2.797488196937220
-0.500008558754001 -0.399951460894034 0.001857891227343 -0.000579126128053 0.003284387481339 0.096652681286902 -0.033416078690784 0.189511999537650 2.733178123444438
-0.500012289786609 -0.399930301156638 0.002409484086864 -0.000746206521507 0.004231947479028 0.110318571904124 -0.037582350707055 0.213140102311993 2.668868049951600
-0.500016960377984 -0.399903812916686 0.003027798647633 -0.000934118275042 0.005297647990588 0.123662912153882 -0.041748622727766 0.236768205081894 2.604557976458815
-0.500022674684927 -0.399871405471606 0.003711227157814 -0.001142861388681 0.006481489015997 0.136685702036177 -0.045914894752919 0.260396307854016 2.540247902965958
-0.500029536864240 -0.399832488118829 0.004458161865569 -0.001372435862446 0.007783470555267 0.149386941551006 -0.050081166769189 0.284024410621697 2.475937829473240
-0.500037651072721 -0.399786470155787 0.005266995019061 -0.001622841696292 0.009203592608376 0.161766630698373 -0.054247438798782 0.307652513393819 2.411627755980333
-0.500047121467173 -0.399732760879911 0.006136118866453 -0.001894078890285 0.010741855175345 0.173824769478274 -0.058413710810612 0.331280616161500 2.347317682487582
-0.500058052204394 -0.399670769588630 0.007063925655906 -0.002186147444339 0.012398258256152 0.185561357890712 -0.062579982840205 0.354908718938063 2.283007608994692
-0.500070547441187 -0.399599905579376 0.008048807635584 -0.002499047358540 0.014172801850842 0.196976395935686 -0.066746254860917 0.378536821703523 2.218697535502040
-0.500084711334351 -0.399519578149579 0.009089157053650 -0.002832778632844 0.016065485959360 0.208069883613196 -0.070912526877187 0.402164924475645 2.154387462009122
-0.500100648040687 -0.399429196596670 0.010183366158267 -0.003187341267230 0.018076310581738 0.218841820923241 -0.075078798897898 0.425793027243326 2.090077388516298
-0.500118461716996 -0.399328170218080 0.011329827197596 -0.003562735261720 0.020205275717955 0.229292207865823 -0.079245070923051 0.449421130017669 2.025767315023546
-0.500138256520078 -0.399215908311240 0.012526932419800 -0.003958960616335 0.022452381368043 0.239421044440941 -0.083411342948203 0.473049232789791 1.961457241530656
-0.500160136606733 -0.399091820173580 0.013773074073043 -0.004376017331076 0.024817627531992 0.249228330648594 -0.087577614960033 0.496677335555251 1.897147168037899
-0.500184206133762 -0.398955315102531 0.015066644405487 -0.004813905405876 0.027301014209768 0.258714066488783 -0.091743886989626 0.520305438327373 1.832837094545015
-0.500210569257966 -0.398805802395524 0.016406035665295 -0.005272624840824 0.029902541401405 0.267878251961508 -0.095910159005896 0.543933541099495 1.768527021052402
-0.500239330136146 -0.398642691349990 0.017789640100629 -0.005752175635854 0.032622209106903 0.276720887066770 -0.100076431031049 0.567561643867176 1.704216947559378
-0.500270592925101 -0.398465391263359 0.019215849959652 -0.006252557791009 0.035460017326239 0.285241971804567 -0.104242703051760 0.591189746641518 1.639906874066621
-0.500304461781632 -0.398273311433061 0.020683057490526 -0.006773771306268 0.038415966059446 0.293441506174900 -0.108408975072471 0.614817849411420 1.575596800574008
-0.500341040862540 -0.398065861156529 0.022189654941415 -0.007315816181630 0.041490055306503 0.301319490177770 -0.112575247088742 0.638445952176880 1.511286727080841
-0.500380434324626 -0.397842449731192 0.023734034560481 -0.007878692417074 0.044682285067388 0.308875923813175 -0.116741519118335 0.662074054953443 1.446976653588361
-0.500422746324689 -0.397602486454481 0.025314588595886 -0.008462400012665 0.047992655342155 0.316110807081116 -0.120907791134606 0.685702157721124 1.382666580095204
-0.500468081019531 -0.397345380623827 0.026929709295794 -0.009066938968338 0.051421166130761 0.323024139981593 -0.125074063159758 0.709330260491026 1.318356506602858
-0.500516542565951 -0.397070541536661 0.028577788908367 -0.009692309284137 0.054967817433216 0.329615922514607 -0.129240335180469 0.732958363263148 1.254046433109979
-0.500568235120752 -0.396777378490414 0.030257219681768 -0.010338510960040 0.058632609249532 0.335886154680157 -0.133406607196740 0.756586466033049 1.189736359616667
-0.500623262840732 -0.396465300782515 0.031966393864159 -0.011005543996023 0.062415541579697 0.341834836478240 -0.137572879226333 0.780214568805171 1.125426286124054
-0.500681729882692 -0.396133717710397 0.033703703703704 -0.011693408392155 0.066316614423723 0.347461967908860 -0.141739151238163 0.803842671572852 1.061116212631441
-0.500743740403434 -0.395782038571489 0.035467541448564 -0.012402104148346 0.070335827781587 0.352767548972018 -0.145905423267756 0.827470774342753 0.996806139138828
-0.500809398559758 -0.395409672663222 0.037256299346902 -0.013131631264685 0.074473181653301 0.357751579667712 -0.150071695284026 0.851098877119316 0.932496065645383
-0.500878808508463 -0.395016029283028 0.039068369646882 -0.013881989741105 0.078728676038897 0.362414059995939 -0.154237967309179 0.874726979880336 0.868185992153048
-0.500952074406351 -0.394600517728336 0.040902144596666 -0.014653179577651 0.083102310938299 0.366754989956704 -0.158404239329890 0.898355082659119 0.803875918660435
-0.501029300410223 -0.394162547296578 0.042756016444416 -0.015445200774300 0.087594086351594 0.370774369550006 -0.162570511346161 0.921983185426800 0.739565845166990
-0.501110590676878 -0.393701527285184 0.044628377438295 -0.016258053331031 0.092204002278728 0.374472198775841 -0.166736783375754 0.945611288196702 0.675255771674654
-0.501196049363118 -0.393216866991586 0.046517619826466 -0.017091737247910 0.096932058719712 0.377848477634214 -0.170903055392024 0.969239390968823 0.610945698181209
-0.501285780625742 -0.392707975713213 0.048422135857091 -0.017946252524870 0.101778255674556 0.380903206125120 -0.175069327412736 0.992867493736505 0.546635624689706
-0.501379888621552 -0.392174262747497 0.050340317778334 -0.018821599161933 0.106742593143239 0.383636384248569 -0.179235599437888 1.016495596510847 0.482325551195983
-0.501478477507347 -0.391615137391868 0.052270557838357 -0.019717777159123 0.111825071125793 0.386048012004549 -0.183401871458599 1.040123699276307 0.418015477702538
-0.501581651439929 -0.391030008943757 0.054211248285322 -0.020634786516416 0.117025689622174 0.388138089393061 -0.187568143474870 1.063751802050650 0.353705404210758
-0.501689514576098 -0.390418286700595 0.056160781367393 -0.021572627233790 0.122344448632428 0.389906616414115 -0.191734415500022 1.087379904818331 0.289395330718145
-0.501802171072655 -0.389779379959812 0.058117549332731 -0.022531299311290 0.127781348156519 0.391353593067706 -0.195900687525175 1.111008007594894 0.225085257224422
-0.501919725086399 -0.389112698018840 0.060079944429501 -0.023510802748916 0.133336388194494 0.392479019353828 -0.200066959541445 1.134636110358134 0.160775183731809
-0.502042280774132 -0.388417650175108 0.062046358905863 -0.024511137546623 0.139009568746284 0.393282895272487 -0.204233231562156 1.158264213134697 0.096465110239197
-0.502169942292655 -0.387693645726049 0.064015185009981 -0.025532303704434 0.144800889811958 0.393765220823683 -0.208399503587309 1.181892315897937 0.032155036746584
-0.502302813798766 -0.386940093969091 0.065984814990019 -0.026574301222371 0.150710351391448 0.393925996007416 -0.212565775603579 1.205520418674499 -0.032155036746584
-0.502440999449268 -0.386156404201667 0.067953641094137 -0.027637130100389 0.156737953484820 0.393765220823683 -0.216732047633172 1.229148521444401 -0.096465110238642
-0.502584603400961 -0.385341985721207 0.069920055570499 -0.028720790338554 0.162883696092042 0.393282895272490 -0.220898319649443 1.252776624214302 -0.160775183731809
-0.502733729810645 -0.384496247825142 0.071882450667269 -0.029825281936802 0.169147579213114 0.392479019353831 -0.225064591670154 1.276404726984204 -0.225085257225532
-0.502888482835121 -0.383618599810901 0.073839218632607 -0.030950604895152 0.175529602848035 0.391353593067703 -0.229230863690866 1.300032829754105 -0.289395330717035
-0.503048966631189 -0.382708450975917 0.075788751714678 -0.032096759213607 0.182029766996805 0.389906616414118 -0.233397135716018 1.323660932526227 -0.353705404211868
-0.503215285355650 -0.381765210617620 0.077729442161643 -0.033263744892187 0.188648071659436 0.388138089393059 -0.237563407732289 1.347289035293908 -0.418015477701705
-0.503387543165304 -0.380788288033441 0.079659682221666 -0.034451561930848 0.195384516835906 0.386048012004550 -0.241729679757441 1.370917138068251 -0.482325551197649
-0.503565844216952 -0.379777092520809 0.081577864142909 -0.035660210329636 0.202239102526247 0.383636384248562 -0.245895951782593 1.394545240835932 -0.546635624686931
-0.503750292667395 -0.378731033377157 0.083482380173534 -0.036889690088548 0.209211828730427 0.380903206125127 -0.250062223794423 1.418173343605833 -0.610945698182874
-0.503940992673433 -0.377649519899915 0.085371622561705 -0.038140001207521 0.216302695448456 0.377848477634213 -0.254228495824016 1.441801446382396 -0.675255771673822
-0.504138048391866 -0.376531961386513 0.087243983555584 -0.039411143686641 0.223511702680368 0.374472198775844 -0.258394767840286 1.465429549145636 -0.739565845167545
-0.504341563979495 -0.375377767134383 0.089097855403334 -0.040703117525842 0.230838850426096 0.370774369550006 -0.262561039865439 1.489057651917758 -0.803875918661268
-0.504551643593121 -0.374186346440954 0.090931630353118 -0.042015922725169 0.238284138685685 0.366754989956700 -0.266727311881709 1.512685754689880 -0.868185992151660
-0.504768391389544 -0.372957108603659 0.092743700653098 -0.043349559284578 0.245847567459134 0.362414059995941 -0.270893583911302 1.536313857462002 -0.932496065645938
-0.504991911525564 -0.371689462919926 0.094532458551436 -0.044704027204134 0.253529136746444 0.357751579667712 -0.275059855923132 1.559941960227462 -0.996806139138551
-0.505222308157983 -0.370382818687188 0.096296296296296 -0.046079326483750 0.261328846547582 0.352767548972019 -0.279226127952725 1.583570063001805 -1.061116212632274
-0.505459685443601 -0.369036585202876 0.098033606135841 -0.047475457123514 0.269246696862591 0.347461967908858 -0.283392399968996 1.607198165776147 -1.125426286123221
-0.505704147539218 -0.367650171764418 0.099742780318232 -0.048892419123359 0.277282687691471 0.341834836478241 -0.287558671994148 1.630826268534946 -1.189736359616944
-0.505955798601634 -0.366222987669247 0.101422211091633 -0.050330212483329 0.285436819034146 0.335886154680157 -0.291724944010419 1.654454371315950 -1.254046433110112
-0.506214742787651 -0.364754442214794 0.103070290704206 -0.051788837203381 0.293709090890726 0.329615922514606 -0.295891216040012 1.678082474083631 -1.318356506602725
-0.506481084254069 -0.363243944698488 0.104685411404114 -0.053268293283582 0.302099503261144 0.323024139981593 -0.300057488051841 1.701710576853532 -1.382666580095337
-0.506754927157688 -0.361690904417761 0.106265965439519 -0.054768580723841 0.310608056145412 0.316110807081116 -0.304223760076994 1.725338679621213 -1.446976653587950
-0.507036375655309 -0.360094730670043 0.107810345058585 -0.056289699524226 0.319234749543518 0.308875923813176 -0.308390032102146 1.748966782397776 -1.511286727081673
-0.507325533903733 -0.358454832752766 0.109316942509474 -0.057831649684736 0.327979583455507 0.301319490177768 -0.312556304118417 1.772594885161016 -1.575596800573176
-0.507622506059760 -0.356770619963359 0.110784150040348 -0.059394431205329 0.336842557881312 0.293441506174902 -0.316722576139128 1.796222987939800 -1.639906874066344
-0.507927396280190 -0.355041501599254 0.112210359899371 -0.060978044086024 0.345823672821011 0.285241971804570 -0.320888848168721 1.819851090705260 -1.704216947560067
-0.508240308721824 -0.353266886957882 0.113593964334705 -0.062582488326868 0.354922928274537 0.276720887066770 -0.325055120180551 1.843479193475162 -1.768527021052124
-0.508561347541463 -0.351446185336672 0.114933355594513 -0.064207763927771 0.364140324241913 0.267878251961509 -0.329221392210144 1.867107296245063 -1.832837094544737
-0.508890616895907 -0.349578806033056 0.116226925926957 -0.065853870888821 0.373475860723138 0.258714066488785 -0.333387664221974 1.890735399023846 -1.897147168038460
-0.509228220941957 -0.347664158344465 0.117473067580200 -0.067520809209931 0.382929537718257 0.249228330648593 -0.337553936251567 1.914363501784866 -1.961457241531628
-0.509574263836413 -0.345701651568329 0.118670172802404 -0.069208578891189 0.392501355227182 0.239421044440935 -0.341720208272278 1.937991604554767 -2.025767315022575
-0.509928849736075 -0.343690695002079 0.119816633841733 -0.070917179932550 0.402191313249955 0.229292207865822 -0.345886480288549 1.961619707335771 -2.090077388514633
-0.510292082797745 -0.341630697943146 0.120910842946350 -0.072646612333993 0.411999411786634 0.218841820923249 -0.350052752313701 1.985247810094570 -2.154387462011131
-0.510664067178223 -0.339521069688961 0.121951192364416 -0.074396876095562 0.421925650837107 0.208069883613193 -0.354219024334412 2.008875912873354 -2.218697535502079
-0.511044907034309 -0.337361219536953 0.122936074344094 -0.076167971217234 0.431970030401474 0.196976395935683 -0.358385296355124 2.032504015638814 -2.283007608993026
-0.511434706522804 -0.335150556784555 0.123863881133548 -0.077959897699009 0.442132550479668 0.185561357890718 -0.362551568380276 2.056132118410936 -2.347317682489525
-0.511833569800509 -0.332888490729196 0.124733004980939 -0.079772655540911 0.452413211071723 0.173824769478270 -0.366717840396547 2.079760221185278 -2.411627755980472
-0.512241601024223 -0.330574430668308 0.125541838134431 -0.081606244742893 0.462812012177649 0.161766630698368 -0.370884112417258 2.103388323946298 -2.475937829470309
-0.512658904350748 -0.328207785899321 0.126288772842186 -0.083460665304980 0.473328953797381 0.149386941551016 -0.375050384446851 2.127016426729522 -2.540247902969028
-0.513085583936884 -0.325787965719666 0.126972201352367 -0.085335917227214 0.483964035931028 0.136685702036171 -0.379216656458681 2.150644529488321 -2.604557976458866
-0.513521743939432 -0.323314379426774 0.127590515913136 -0.087232000509507 0.494717258578470 0.123662912153877 -0.383382928483833 2.174272632262664 -2.668868049948703
-0.513967488515192 -0.320786436318075 0.128142108772657 -0.089148915151926 0.505588621739783 0.110318571904133 -0.387549200508985 2.197900735039227 -2.733178123447422
-0.514422921820964 -0.318203545691000 0.128625372179091 -0.091086661154471 0.516578125414979 0.096652681286896 -0.391715472520815 2.221528837800246 -2.797488196935038
-0.514888148013549 -0.315565116842980 0.129038698380602 -0.093045238517075 0.527685769603981 0.082665240302221 -0.395881744554849 2.245156940579029 -2.861798270431537
-0.515363271249749 -0.312870559071446 0.129380479625353 -0.095024647239850 0.538911554306876 0.068356248950063 -0.400048016566679 2.268785043342270 -2.926108343921374
-0.515848395686362 -0.310119281673828 0.129649108161505 -0.097024887322683 0.550255479523587 0.053725707230456 -0.404214288591831 2.292413146116612 -2.990418417417873
-0.516343625480190 -0.307310693947557 0.129842976237222 -0.099045958765642 0.561717545254170 0.038773615143367 -0.408380560612542 2.316041248888734 -3.054728490906600
-0.516849064788034 -0.304444205190064 0.129960476100666 -0.101087861568705 0.573297751498614 0.023499972688834 -0.412546832633254 2.339669351658635 -3.119038564400878
-0.517364817766693 -0.301519224698779 0.130000000000000 -0.103150595731871 0.584996098256907 0.007904779866830 -0.002820465936360 0.015995657198786 -1.580955973368159
-0.517880641257001 -0.298593844316065 0.130000000000000 -0.103164698061553 0.585076076542901 -0.000000000000011 0.404128386071179 -2.291925968735953 0.000000000002220
-0.518386361537657 -0.295725762082569 0.130000000000000 -0.101144056131197 0.573616446699221 0.000000000000000 0.395795842034197 -2.244669763202811 0.000000000000000
-0.518882186922262 -0.292913796593153 0.130000000000000 -0.099165076921026 0.562393097883207 0.000000000000000 0.387463297988333 -2.197413557656347 0.000000000000000
-0.519368325724417 -0.290156766442678 0.130000000000000 -0.097227760431084 0.551406030094925 0.000000000000000 0.379130753946910 -2.150157352112103 0.000000000000000
-0.519844986257724 -0.287453490226006 0.130000000000000 -0.095332106661350 0.540655243334365 0.000000000000000 0.370798209905487 -2.102901146581182 0.000000000000000
-0.520312376835783 -0.284802786537999 0.130000000000000 -0.093478115611823 0.530140737601459 0.000000000000000 0.362465665864065 -2.055644941032497 0.000000000000000
-0.520770705772196 -0.282203473973517 0.130000000000000 -0.091665787282502 0.519862512896296 0.000000000000000 0.354133121813760 -2.008388735492694 0.000000000000000
-0.521220181380563 -0.279654371127423 0.130000000000000 -0.089895121673433 0.509820569218833 0.000000000000000 0.345800577776778 -1.961132529952891 0.000000000000000
-0.521661011974486 -0.277154296594578 0.130000000000000 -0.088166118784549 0.500014906569068 0.000000000000000 0.337468033730914 -1.913876324413089 0.000000000000000
-0.522093405867565 -0.274702068969843 0.130000000000000 -0.086478778615895 0.490445524947003 0.000000000000000 0.329135489693932 -1.866620118866624 0.000000000000000
-0.522517571373402 -0.272296506848079 0.130000000000000 -0.084833101167425 0.481112424352670 0.000000000000000 0.320802945643628 -1.819363913333483 0.000000000000000
-0.522933716805598 -0.269936428824149 0.130000000000000 -0.083229086439207 0.472015604786002 0.000000000000000 0.312470401606646 -1.772107707787018 0.000000000000000
-0.523342050477754 -0.267620653492914 0.130000000000000 -0.081666734431174 0.463155066247067 0.000000000000000 0.304137857565223 -1.724851502244995 0.000000000000000
-0.523742780703471 -0.265347999449235 0.130000000000000 -0.080146045143348 0.454530808735842 0.000000000000000 0.295805313514919 -1.677595296709633 0.000000000000000
-0.524136115796350 -0.263117285287973 0.130000000000000 -0.078667018575773 0.446142832252294 0.000000000000000 0.287472769473496 -1.630339091165389 0.000000000000000
-0.524522264069992 -0.260927329603991 0.130000000000000 -0.077229654728406 0.437991136796467 0.000000000000000 0.279140225436514 -1.583082885621145 0.000000000000000
-0.524901433837998 -0.258776950992149 0.130000000000000 -0.075833953601223 0.430075722368362 0.000000000000000 0.270807681390650 -1.535826680085783 0.000000000000000
-0.525273833413969 -0.256664968047310 0.130000000000000 -0.074479915194270 0.422396588967933 0.000000000000000 0.262475137349227 -1.488570474539319 0.000000000000000
-0.525639671111507 -0.254590199364333 0.130000000000000 -0.073167539507524 0.414953736595236 0.000000000000000 0.254142593303364 -1.441314269003957 0.000000000000000
-0.525999155244212 -0.252551463538082 0.130000000000000 -0.071896826541007 0.407747165250216 0.000000000000000 0.245810049261941 -1.394058063457493 0.000000000000000
-0.526352494125685 -0.250547579163418 0.130000000000000 -0.070667776294697 0.400776874932929 0.000000000000000 0.237477505220518 -1.346801857921021 0.000000000000000
-0.526699896069528 -0.248577364835201 0.130000000000000 -0.069480388768595 0.394042865643324 0.000000000000000 0.229144961174654 -1.299545652378997 0.000000000000000
-0.527041569389342 -0.246639639148294 0.130000000000000 -0.068334663962721 0.387545137381429 0.000000000000000 0.220812417133232 -1.252289446835864 0.000000000000000
-0.527377722398727 -0.244733220697558 0.130000000000000 -0.067230601877055 0.381283690147249 0.000000000000000 0.212479873096250 -1.205033241296061 0.000000000000000
-0.527708563411285 -0.242856928077854 0.130000000000000 -0.066168202511574 0.375258523940769 0.000000000000000 0.204147329041504 -1.157777035754037 0.000000000000000
-0.528034300740617 -0.241009579884044 0.130000000000000 -0.065147465866366 0.369469638761999 0.000000000000000 0.195814785008963 -1.110520830215345 0.000000000000000
-0.528355142700324 -0.239189994710989 0.130000000000000 -0.064168391941322 0.363917034610922 0.000000000000000 0.187482240963099 -1.063264624673321 0.000000000000000
-0.528671297604006 -0.237396991153552 0.130000000000000 -0.063230980736506 0.358600711487556 0.000000000000000 0.179149696921677 -1.016008419131298 0.000000000000000
-0.528982973765266 -0.235629387806592 0.130000000000000 -0.062335232251898 0.353520669391899 0.000000000000000 0.170817152875813 -0.968752213592605 0.000000000000000
-0.529290379497703 -0.233886003264972 0.130000000000000 -0.061481146487519 0.348676908323936 0.000000000000000 0.162484608829949 -0.921496008048361 0.000000000000000
-0.529593723114920 -0.232165656123554 0.130000000000000 -0.060668723443369 0.344069428283694 0.000000000000000 0.154152064797408 -0.874239802508558 0.000000000000000
-0.529893212930517 -0.230467164977198 0.130000000000000 -0.059897963119382 0.339698229271151 0.000000000000000 0.145819520747104 -0.826983596968756 0.000000000000000
-0.530189057258095 -0.228789348420767 0.130000000000000 -0.059168865515646 0.335563311286308 0.000000000000000 0.137486976705681 -0.779727391426732 0.000000000000000
-0.530481464411256 -0.227131025049121 0.130000000000000 -0.058481430632118 0.331664674329174 0.000000000000000 0.129154432659817 -0.732471185885819 0.000000000000000
-0.530770642703600 -0.225491013457122 0.130000000000000 -0.057835658468819 0.328002318399745 0.000000000000000 0.120821888622835 -0.685214980344906 0.000000000000000
-0.531056800448728 -0.223868132239632 0.130000000000000 -0.057231549025705 0.324576243498020 0.000000000000000 0.112489344581412 -0.637958774802883 0.000000000000000
-0.531340145960242 -0.222261199991512 0.130000000000000 -0.056669102302798 0.321386449624006 0.000000000000000 0.104156800531108 -0.590702569264190 0.000000000000000
-0.531620887551743 -0.220669035307623 0.130000000000000 -0.056148318300142 0.318432936777685 0.000000000000000 0.095824256489685 -0.543446363719946 0.000000000000000
-0.531899233536832 -0.219090456782828 0.130000000000000 -0.055669197017694 0.315715704959085 0.000000000000000 0.087491712452703 -0.496190158182364 0.000000000000000
-0.532175392229109 -0.217524283011987 0.130000000000000 -0.055231738455430 0.313234754168173 0.000000000000000 0.079159168406839 -0.448933952638120 0.000000000000000
-0.532449571942176 -0.215969332589962 0.130000000000000 -0.054835942613396 0.310990084404983 0.000000000000000 0.070826624365417 -0.401677747099427 0.000000000000000
-0.532721980989634 -0.214424424111615 0.130000000000000 -0.054481809491569 0.308981695669486 0.000000000000000 0.062494080315112 -0.354421541558514 0.000000000000000
-0.532992827685083 -0.212888376171806 0.130000000000000 -0.054169339089993 0.307209587961693 0.000000000000000 0.054161536282571 -0.307165336016491 0.000000000000000
-0.533262320342126 -0.211360007365398 0.130000000000000 -0.053898531408580 0.305673761281611 0.000000000000000 0.045828992232266 -0.259909130474467 0.000000000000000
-0.533530667274363 -0.209838136287252 0.130000000000000 -0.053669386447419 0.304374215629238 0.000000000000000 0.037496448195284 -0.212652924935774 0.000000000000000
-0.533798076795396 -0.208321581532229 0.130000000000000 -0.053481904206443 0.303310951004560 0.000000000000000 0.029163904149421 -0.165396719390420 0.000000000000000
-0.534064757218824 -0.206809161695191 0.130000000000000 -0.053336084685696 0.302483967407607 0.000000000000000 0.020831360107998 -0.118140513857279 0.000000000000000
-0.534330916858250 -0.205299695371000 0.130000000000000 -0.053231927885156 0.301893264838321 0.000000000000000 0.012498816062134 -0.070884308309704 0.000000000000000
-0.534596764027274 -0.203792001154516 0.130000000000000 -0.053169433804845 0.301538843296772 0.000000000000000 0.004166272020711 -0.023628102771012 0.000000000000000
-0.534862507039498 -0.202284897640601 0.130000000000000 -0.053148602444741 0.301420702782917 0.000000000000000 -0.004166272020711 0.023628102771012 0.000000000000000
-0.535128354208522 -0.200777203424117 0.130000000000000 -0.053169433804845 0.301538843296772 0.000000000000000 -0.012498816062134 0.070884308311925 0.000000000000000
-0.535394513847948 -0.199267737099926 0.130000000000000 -0.053231927885156 0.301893264838332 0.000000000000000 -0.020831360112439 0.118140513852838 0.000000000000000
-0.535661194271376 -0.197755317262888 0.130000000000000 -0.053336084685718 0.302483967407596 0.000000000000000 -0.029163904144980 0.165396719392641 0.000000000000000
-0.535928603792409 -0.196238762507865 0.130000000000000 -0.053481904206443 0.303310951004560 0.000000000000000 -0.037496448190844 0.212652924935774 0.000000000000000
-0.536196950724646 -0.194716891429719 0.130000000000000 -0.053669386447397 0.304374215629238 0.000000000000000 -0.045828992241148 0.259909130474467 0.000000000000000
-0.536466443381689 -0.193188522623311 0.130000000000000 -0.053898531408603 0.305673761281611 0.000000000000000 -0.054161536273689 0.307165336018711 0.000000000000000
-0.536737290077139 -0.191652474683502 0.130000000000000 -0.054169339089971 0.307209587961704 0.000000000000000 -0.062494080319553 0.354421541554073 0.000000000000000
-0.537009699124596 -0.190107566205155 0.130000000000000 -0.054481809491569 0.308981695669475 0.000000000000000 -0.070826624369857 0.401677747100537 0.000000000000000
-0.537283878837663 -0.188552615783130 0.130000000000000 -0.054835942613418 0.310990084404977 0.000000000000000 -0.079159168402398 0.448933952640340 0.000000000000000
-0.537560037529941 -0.186986442012289 0.130000000000000 -0.055231738455430 0.313234754168179 0.000000000000000 -0.087491712448262 0.496190158181253 0.000000000000000
-0.537838383515029 -0.185407863487494 0.130000000000000 -0.055669197017671 0.315715704959085 0.000000000000000 -0.095824256494126 0.543446363719946 0.000000000000000
-0.538119125106530 -0.183815698803605 0.130000000000000 -0.056148318300142 0.318432936777685 0.000000000000000 -0.104156800535549 0.590702569263080 0.000000000000000
-0.538402470618044 -0.182208766555485 0.130000000000000 -0.056669102302820 0.321386449624000 0.000000000000000 -0.112489344576971 0.637958774803993 0.000000000000000
-0.538688628363172 -0.180585885337995 0.130000000000000 -0.057231549025705 0.324576243498020 0.000000000000000 -0.120821888618394 0.685214980346016 0.000000000000000
-0.538977806655516 -0.178945873745996 0.130000000000000 -0.057835658468797 0.328002318399750 0.000000000000000 -0.129154432664258 0.732471185883599 0.000000000000000
-0.539270213808677 -0.177287550374350 0.130000000000000 -0.058481430632118 0.331664674329168 0.000000000000000 -0.137486976705681 0.779727391430063 0.000000000000000
-0.539566058136255 -0.175609733817919 0.130000000000000 -0.059168865515646 0.335563311286319 0.000000000000000 -0.145819520751544 0.826983596965425 0.000000000000000
-0.539865547951852 -0.173911242671563 0.130000000000000 -0.059897963119404 0.339698229271146 0.000000000000000 -0.154152064788526 0.874239802509669 0.000000000000000
-0.540168891569069 -0.172190895530145 0.130000000000000 -0.060668723443347 0.344069428283694 0.000000000000000 -0.162484608834390 0.921496008048361 0.000000000000000
-0.540476297301506 -0.170447510988525 0.130000000000000 -0.061481146487519 0.348676908323936 0.000000000000000 -0.170817152880254 0.968752213591495 0.000000000000000
-0.540787973462766 -0.168679907641565 0.130000000000000 -0.062335232251920 0.353520669391894 0.000000000000000 -0.179149696917236 1.016008419133518 0.000000000000000
-0.541104128366449 -0.166886904084128 0.130000000000000 -0.063230980736506 0.358600711487561 0.000000000000000 -0.187482240963099 1.063264624673321 0.000000000000000
-0.541424970326155 -0.165067318911073 0.130000000000000 -0.064168391941322 0.363917034610928 0.000000000000000 -0.195814785004522 1.110520830213124 0.000000000000000
-0.541750707655487 -0.163219970717263 0.130000000000000 -0.065147465866344 0.369469638761993 0.000000000000000 -0.204147329050386 1.157777035755148 0.000000000000000
-0.542081548668045 -0.161343678097559 0.130000000000000 -0.066168202511596 0.375258523940769 0.000000000000000 -0.212479873087368 1.205033241296061 0.000000000000000
-0.542417701677430 -0.159437259646823 0.130000000000000 -0.067230601877033 0.381283690147249 0.000000000000000 -0.220812417137672 1.252289446836974 0.000000000000000
-0.542759374997244 -0.157499533959916 0.130000000000000 -0.068334663962721 0.387545137381434 0.000000000000000 -0.229144961174654 1.299545652377887 0.000000000000000
-0.543106776941087 -0.155529319631699 0.130000000000000 -0.069480388768595 0.394042865643324 0.000000000000000 -0.237477505220518 1.346801857919910 0.000000000000000
-0.543460115822560 -0.153525435257035 0.130000000000000 -0.070667776294697 0.400776874932923 0.000000000000000 -0.245810049261941 1.394058063457493 0.000000000000000
-0.543819599955265 -0.151486699430783 0.130000000000000 -0.071896826541007 0.407747165250211 0.000000000000000 -0.254142593303364 1.441314269003957 0.000000000000000
-0.544185437652803 -0.149411930747807 0.130000000000000 -0.073167539507524 0.414953736595230 0.000000000000000 -0.262475137349227 1.488570474538209 0.000000000000000
-0.544557837228774 -0.147299947802968 0.130000000000000 -0.074479915194270 0.422396588967922 0.000000000000000 -0.270807681395091 1.535826680090224 0.000000000000000
-0.544937006996780 -0.145149569191126 0.130000000000000 -0.075833953601245 0.430075722368373 0.000000000000000 -0.279140225427632 1.583082885618925 0.000000000000000
-0.545323155270422 -0.142959613507144 0.130000000000000 -0.077229654728384 0.437991136796467 0.000000000000000 -0.287472769477937 1.630339091167610 0.000000000000000
-0.545716490363301 -0.140728899345882 0.130000000000000 -0.078667018575773 0.446142832252305 0.000000000000000 -0.295805313519359 1.677595296707413 0.000000000000000
-0.546117220589018 -0.138456245302203 0.130000000000000 -0.080146045143370 0.454530808735842 0.000000000000000 -0.304137857560782 1.724851502244995 0.000000000000000
-0.546525554261174 -0.136140469970967 0.130000000000000 -0.081666734431174 0.463155066247067 0.000000000000000 -0.312470401602205 1.772107707787018 0.000000000000000
-0.546941699693370 -0.133780391947037 0.130000000000000 -0.083229086439185 0.472015604786002 0.000000000000000 -0.320802945652510 1.819363913331262 0.000000000000000
-0.547365865199207 -0.131374829825274 0.130000000000000 -0.084833101167447 0.481112424352659 0.000000000000000 -0.329135489685051 1.866620118871065 0.000000000000000
-0.547798259092286 -0.128922602200539 0.130000000000000 -0.086478778615873 0.490445524947014 0.000000000000000 -0.337468033735355 1.913876324410868 0.000000000000000
-0.548239089686209 -0.126422527667694 0.130000000000000 -0.088166118784549 0.500014906569068 0.000000000000000 -0.345800577776778 1.961132529950671 0.000000000000000
-0.548688565294576 -0.123873424821600 0.130000000000000 -0.089895121673433 0.509820569218822 0.000000000000000 -0.354133121818201 2.008388735497135 0.000000000000000
-0.549146894230989 -0.121274112257118 0.130000000000000 -0.091665787282524 0.519862512896307 0.000000000000000 -0.362465665859624 2.055644941032497 0.000000000000000
-0.549614284809048 -0.118623408569111 0.130000000000000 -0.093478115611823 0.530140737601470 0.000000000000000 -0.370798209905487 2.102901146574521 0.000000000000000
-0.550090945342355 -0.115920132352439 0.130000000000000 -0.095332106661350 0.540655243334343 0.000000000000000 -0.379130753942469 2.150157352116544 0.000000000000000
-0.550577084144510 -0.113163102201964 0.130000000000000 -0.097227760431062 0.551406030094925 0.000000000000000 -0.387463297992774 2.197413557654126 0.000000000000000
-0.551072909529115 -0.110351136712548 0.130000000000000 -0.099165076921026 0.562393097883196 0.000000000000000 -0.395795842034197 2.244669763205032 0.000000000000000
-0.551578629809771 -0.107483054479052 0.130000000000000 -0.101144056131197 0.573616446699221 0.000000000000000 -0.404128386075620 2.291925968735953 0.000000000000000
-0.552094453300079 -0.104557674096338 0.130000000000000 -0.103164698061575 0.585076076542901 0.000000000000000 0.002820465940800 -0.015995657192125 -1.580955973364828
-0.552610206278738 -0.101632693605053 0.129960476100666 -0.103150595731871 0.584996098256940 -0.007904779866824 0.412546832633254 -2.339669351665297 -3.119038564400878
-0.553115645586582 -0.098766204847560 0.129842976237222 -0.101087861568705 0.573297751498614 -0.023499972688829 0.408380560612542 -2.316041248888734 -3.054728490908820
-0.553610875380410 -0.095957617121289 0.129649108161505 -0.099045958765642 0.561717545254170 -0.038773615143373 0.404214288591831 -2.292413146114392 -2.990418417415652
-0.554095999817024 -0.093206339723671 0.129380479625353 -0.097024887322683 0.550255479523598 -0.053725707230451 0.400048016571120 -2.268785043346710 -2.926108343924705
-0.554571123053223 -0.090511781952137 0.129038698380602 -0.095024647239828 0.538911554306865 -0.068356248950074 0.395881744545967 -2.245156940574589 -2.861798270428206
-0.555036349245808 -0.087873353104117 0.128625372179091 -0.093045238517098 0.527685769603992 -0.082665240302215 0.391715472529697 -2.221528837802467 -2.797488196936149
-0.555491782551580 -0.085290462477042 0.128142108772657 -0.091086661154449 0.516578125414979 -0.096652681286896 0.387549200500104 -2.197900735039227 -2.733178123446312
-0.555937527127340 -0.082762519368343 0.127590515913136 -0.089148915151949 0.505588621739783 -0.110318571904128 0.383382928488274 -2.174272632262664 -2.668868049950923
-0.556373687129888 -0.080288933075451 0.126972201352367 -0.087232000509507 0.494717258578470 -0.123662912153882 0.379216656463122 -2.150644529490542 -2.604557976458866
-0.556800366716024 -0.077869112895796 0.126288772842186 -0.085335917227192 0.483964035931017 -0.136685702036177 0.375050384437969 -2.127016426725081 -2.540247902966808
-0.557217670042549 -0.075502468126809 0.125541838134431 -0.083460665305002 0.473328953797392 -0.149386941551011 0.370884112421699 -2.103388323948518 -2.475937829471420
-0.557625701266263 -0.073188408065920 0.124733004980939 -0.081606244742893 0.462812012177649 -0.161766630698368 0.366717840400987 -2.079760221185278 -2.411627755981027
-0.558024564543968 -0.070926342010562 0.123863881133548 -0.079772655540888 0.452413211071723 -0.173824769478273 0.362551568375835 -2.056132118410936 -2.347317682487859
-0.558414364032463 -0.068715679258164 0.122936074344094 -0.077959897699009 0.442132550479668 -0.185561357890712 0.358385296355124 -2.032504015641035 -2.283007608995247
-0.558795203888549 -0.066555829106156 0.121951192364415 -0.076167971217234 0.431970030401463 -0.196976395935688 0.354219024334412 -2.008875912868913 -2.218697535500969
-0.559167188269027 -0.064446200851971 0.120910842946350 -0.074396876095562 0.421925650837118 -0.208069883613193 0.350052752309260 -1.985247810099011 -2.154387462009466
-0.559530421330697 -0.062386203793037 0.119816633841733 -0.072646612334015 0.411999411786623 -0.218841820923241 0.345886480297430 -1.961619707331330 -2.090077388516853
-0.559885007230359 -0.060375247226788 0.118670172802404 -0.070917179932528 0.402191313249967 -0.229292207865825 0.341720208267837 -1.937991604556988 -2.025767315022575
-0.560231050124815 -0.058412740450652 0.117473067580200 -0.069208578891189 0.392501355227182 -0.239421044440938 0.337553936247126 -1.914363501787086 -1.961457241531628
-0.560568654170865 -0.056498092762061 0.116226925926957 -0.067520809209953 0.382929537718246 -0.249228330648596 0.333387664230855 -1.890735399019405 -1.897147168037350
-0.560897923525309 -0.054630713458445 0.114933355594513 -0.065853870888799 0.373475860723149 -0.258714066488783 0.329221392201262 -1.867107296247283 -1.832837094544737
-0.561218962344948 -0.052810011837235 0.113593964334705 -0.064207763927793 0.364140324241913 -0.267878251961506 0.325055120189433 -1.843479193477382 -1.768527021052679
-0.561531874786582 -0.051035397195863 0.112210359899371 -0.062582488326846 0.354922928274526 -0.276720887066770 0.320888848159839 -1.819851090703040 -1.704216947560067
-0.561836765007013 -0.049306278831758 0.110784150040348 -0.060978044086046 0.345823672821011 -0.285241971804570 0.316722576143569 -1.796222987937579 -1.639906874065789
-0.562133737163039 -0.047622066042351 0.109316942509474 -0.059394431205329 0.336842557881323 -0.293441506174899 0.312556304122857 -1.772594885165457 -1.575596800574841
-0.562422895411463 -0.045982168125073 0.107810345058585 -0.057831649684714 0.327979583455495 -0.301319490177773 0.308390032093264 -1.748966782391115 -1.511286727080008
-0.562704343909084 -0.044385994377356 0.106265965439519 -0.056289699524248 0.319234749543540 -0.308875923813173 0.304223760081435 -1.725338679627875 -1.446976653588505
-0.562978186812703 -0.042832954096629 0.104685411404114 -0.054768580723841 0.310608056145401 -0.316110807081116 0.300057488056282 -1.701710576853532 -1.382666580095893
-0.563244528279121 -0.041322456580323 0.103070290704206 -0.053268293283559 0.302099503261133 -0.323024139981595 0.295891216031130 -1.678082474079190 -1.318356506601615
-0.563503472465138 -0.039853911125869 0.101422211091633 -0.051788837203404 0.293709090890737 -0.329615922514603 0.291724944019300 -1.654454371318170 -1.254046433110667
-0.563755123527555 -0.038426727030699 0.099742780318232 -0.050330212483307 0.285436819034146 -0.335886154680157 0.287558671989707 -1.630826268537167 -1.189736359616944
-0.563999585623171 -0.037040313592241 0.098033606135841 -0.048892419123359 0.277282687691460 -0.341834836478241 0.283392399968996 -1.607198165773926 -1.125426286123776
-0.564236962908789 -0.035694080107928 0.096296296296296 -0.047475457123514 0.269246696862591 -0.347461967908860 0.279226127948284 -1.583570062999584 -1.061116212631719
-0.564467359541208 -0.034387435875190 0.094532458551436 -0.046079326483772 0.261328846547593 -0.352767548972019 0.275059855932014 -1.559941960231903 -0.996806139137996
-0.564690879677228 -0.033119790191458 0.092743700653098 -0.044704027204112 0.253529136746433 -0.357751579667709 0.270893583902421 -1.536313857457561 -0.932496065646493
-0.564907627473651 -0.031890552354163 0.090931630353118 -0.043349559284600 0.245847567459145 -0.362414059995941 0.266727311890591 -1.512685754689880 -0.868185992152215
-0.565117707087277 -0.030699131660734 0.089097855403334 -0.042015922725147 0.238284138685696 -0.366754989956702 0.262561039856557 -1.489057651922199 -0.803875918660713
-0.565321222674906 -0.029544937408604 0.087243983555584 -0.040703117525864 0.230838850426085 -0.370774369550006 0.258394767849168 -1.465429549145636 -0.739565845166434
-0.565518278393339 -0.028427378895202 0.085371622561705 -0.039411143686618 0.223511702680357 -0.374472198775838 0.254228495815134 -1.441801446377955 -0.675255771676042
-0.565708978399377 -0.027345865417960 0.083482380173534 -0.038140001207543 0.216302695448467 -0.377848477634218 0.250062223803305 -1.418173343608053 -0.610945698180099
-0.565893426849820 -0.026299806274307 0.081577864142909 -0.036889690088526 0.209211828730427 -0.380903206125119 0.245895951778152 -1.394545240835932 -0.546635624689706
-0.566071727901468 -0.025288610761676 0.079659682221666 -0.035660210329636 0.202239102526247 -0.383636384248567 0.241729679753000 -1.370917138068251 -0.482325551196539
-0.566243985711122 -0.024311688177497 0.077729442161643 -0.034451561930871 0.195384516835906 -0.386048012004550 0.237563407736729 -1.347289035293908 -0.418015477702260
-0.566410304435583 -0.023368447819199 0.075788751714678 -0.033263744892187 0.188648071659436 -0.388138089393061 0.233397135716018 -1.323660932526227 -0.353705404210758
-0.566570788231651 -0.022458298984215 0.073839218632607 -0.032096759213607 0.182029766996805 -0.389906616414115 0.229230863690866 -1.300032829754105 -0.289395330718145
-0.566725541256127 -0.021580650969975 0.071882450667269 -0.030950604895152 0.175529602848035 -0.391353593067706 0.225064591674595 -1.276404726984204 -0.225085257224422
-0.566874667665811 -0.020734913073910 0.069920055570499 -0.029825281936779 0.169147579213114 -0.392479019353828 0.220898319645002 -1.252776624216523 -0.160775183731809
-0.567018271617504 -0.019920494593450 0.067953641094137 -0.028720790338554 0.162883696092031 -0.393282895272487 0.216732047628732 -1.229148521439960 -0.096465110239197
-0.567156457268006 -0.019136804826025 0.065984814990019 -0.027637130100411 0.156737953484831 -0.393765220823683 0.212565775608020 -1.205520418676720 -0.032155036746584
-0.567289328774118 -0.018383253069068 0.064015185009981 -0.026574301222371 0.150710351391448 -0.393925996007416 0.208399503587309 -1.181892315897937 0.032155036746306
-0.567416990292640 -0.017659248620008 0.062046358905863 -0.025532303704434 0.144800889811958 -0.393765220823684 0.204233231562156 -1.158264213134697 0.096465110238919
-0.567539545980373 -0.016964200776277 0.060079944429501 -0.024511137546623 0.139009568746284 -0.393282895272490 0.200066959545886 -1.134636110358134 0.160775183732365
-0.567657099994117 -0.016297518835304 0.058117549332731 -0.023510802748894 0.133336388194494 -0.392479019353828 0.195900687520734 -1.111008007592673 0.225085257224700
-0.567769756490674 -0.015658612094522 0.056160781367393 -0.022531299311290 0.127781348156530 -0.391353593067705 0.191734415495581 -1.087379904820551 0.289395330717590
-0.567877619626843 -0.015046889851360 0.054211248285322 -0.021572627233812 0.122344448632428 -0.389906616414117 0.187568143483752 -1.063751802048429 0.353705404211035
-0.567980793559425 -0.014461761403249 0.052270557838357 -0.020634786516394 0.117025689622186 -0.388138089393061 0.183401871454159 -1.040123699280748 0.418015477702538
-0.568079382445220 -0.013902636047620 0.050340317778334 -0.019717777159123 0.111825071125782 -0.386048012004549 0.179235599433447 -1.016495596508626 0.482325551197094
-0.568173490441030 -0.013368923081904 0.048422135857091 -0.018821599161956 0.106742593143239 -0.383636384248563 0.175069327421618 -0.992867493738725 0.546635624687486
-0.568263221703655 -0.012860031803531 0.046517619826466 -0.017946252524847 0.101778255674545 -0.380903206125126 0.170903055387583 -0.969239390966603 0.610945698182874
-0.568348680389894 -0.012375371509932 0.044628377438295 -0.017091737247910 0.096932058719712 -0.377848477634211 0.166736783371313 -0.945611288196702 0.675255771673544
-0.568429970656549 -0.011914351498539 0.042756016444416 -0.016258053331053 0.092204002278728 -0.374472198775844 0.162570511355042 -0.921983185426800 0.739565845167267
-0.568507196660421 -0.011476381066781 0.040902144596666 -0.015445200774278 0.087594086351594 -0.370774369550007 0.158404239325449 -0.898355082654678 0.803875918661545
-0.568580462558309 -0.011060869512089 0.039068369646882 -0.014653179577651 0.083102310938321 -0.366754989956700 0.154237967304738 -0.874726979886997 0.868185992151660
-0.568649872507015 -0.010667226131895 0.037256299346902 -0.013881989741127 0.078728676038886 -0.362414059995941 0.150071695288467 -0.851098877114875 0.932496065645938
-0.568715530663338 -0.010294860223628 0.035467541448564 -0.013131631264685 0.074473181653312 -0.357751579667712 0.145905423267756 -0.827470774347194 0.996806139138551
-0.568777541184080 -0.009943181084720 0.033703703703704 -0.012402104148346 0.070335827781576 -0.352767548972019 0.141739151242604 -0.803842671572852 1.061116212632274
-0.568836008226040 -0.009611598012602 0.031966393864159 -0.011693408392133 0.066316614423712 -0.347461967908858 0.137572879217451 -0.780214568800730 1.125426286123221
-0.568891035946021 -0.009299520304703 0.030257219681768 -0.011005543996045 0.062415541579708 -0.341834836478241 0.133406607205622 -0.756586466037490 1.189736359616944
-0.568942728500821 -0.009006357258456 0.028577788908367 -0.010338510960017 0.058632609249520 -0.335886154680157 0.129240335176029 -0.732958363260927 1.254046433110112
-0.568991190047241 -0.008731518171289 0.026929709295794 -0.009692309284137 0.054967817433216 -0.329615922514606 0.125074063159758 -0.709330260491026 1.318356506602725
-0.569036524742083 -0.008474412340636 0.025314588595886 -0.009066938968338 0.051421166130761 -0.323024139981593 0.120907791134606 -0.685702157721124 1.382666580095337
-0.569078836742146 -0.008234449063925 0.023734034560481 -0.008462400012665 0.047992655342155 -0.316110807081116 0.116741519113894 -0.662074054949002 1.446976653587950
-0.569118230204232 -0.008011037638588 0.022189654941415 -0.007878692417096 0.044682285067410 -0.308875923813176 0.112575247093183 -0.638445952185762 1.511286727081673
-0.569154809285140 -0.007803587362055 0.020683057490526 -0.007315816181630 0.041490055306481 -0.301319490177768 0.108408975076912 -0.614817849406979 1.575596800573176
-0.569188678141671 -0.007611507531758 0.019215849959652 -0.006773771306245 0.038415966059446 -0.293441506174902 0.104242703047319 -0.591189746641518 1.639906874066344
-0.569219940930626 -0.007434207445127 0.017789640100629 -0.006252557791009 0.035460017326239 -0.285241971804570 0.100076431026608 -0.567561643867176 1.704216947560067
-0.569248701808806 -0.007271096399593 0.016406035665295 -0.005752175635876 0.032622209106903 -0.276720887066770 0.095910159014778 -0.543933541097275 1.768527021052124
-0.569275064933010 -0.007121583692585 0.015066644405487 -0.005272624840802 0.029902541401416 -0.267878251961509 0.091743886980744 -0.520305438329594 1.832837094544737
-0.569299134460039 -0.006985078621537 0.013773074073043 -0.004813905405898 0.027301014209768 -0.258714066488785 0.087577614968914 -0.496677335557472 1.897147168038460
-0.569321014546694 -0.006860990483877 0.012526932419800 -0.004376017331054 0.024817627531981 -0.249228330648593 0.083411342939321 -0.473049232787570 1.961457241531628
-0.569340809349776 -0.006748728577036 0.011329827197596 -0.003958960616357 0.022452381368043 -0.239421044440935 0.079245070927492 -0.449421130015448 2.025767315022575
-0.569358623026085 -0.006647702198447 0.010183366158267 -0.003562735261720 0.020205275717966 -0.229292207865822 0.075078798897898 -0.425793027245547 2.090077388514633
-0.569374559732421 -0.006557320645538 0.009089157053650 -0.003187341267230 0.018076310581738 -0.218841820923249 0.070912526881628 -0.402164924475645 2.154387462011131
-0.569388723625585 -0.006476993215741 0.008048807635584 -0.002832778632822 0.016065485959360 -0.208069883613193 0.066746254856476 -0.378536821705744 2.218697535502079
-0.569401218862378 -0.006406129206487 0.007063925655906 -0.002499047358540 0.014172801850831 -0.196976395935683 0.062579982835764 -0.354908718933622 2.283007608993026
-0.569412149599600 -0.006344137915206 0.006136118866452 -0.002186147444361 0.012398258256163 -0.185561357890718 0.058413710819494 -0.331280616163721 2.347317682489525
-0.569421619994051 -0.006290428639329 0.005266995019061 -0.001894078890263 0.010741855175345 -0.173824769478270 0.054247438789901 -0.307652513393819 2.411627755980472
-0.569429734202533 -0.006244410676288 0.004458161865569 -0.001622841696314 0.009203592608376 -0.161766630698368 0.050081166773630 -0.284024410621697 2.475937829470309
-0.569436596381845 -0.006205493323511 0.003711227157814 -0.001372435862446 0.007783470555267 -0.149386941551016 0.045914894752919 -0.260396307854016 2.540247902969028
-0.569442310688788 -0.006173085878431 0.003027798647633 -0.001142861388681 0.006481489015997 -0.136685702036171 0.041748622727766 -0.236768205081894 2.604557976458866
-0.569446981280163 -0.006146597638478 0.002409484086864 -0.000934118275042 0.005297647990588 -0.123662912153877 0.037582350711496 -0.213140102309772 2.668868049948703
-0.569450712312771 -0.006125437901083 0.001857891227343 -0.000746206521485 0.004231947479039 -0.110318571904133 0.033416078681903 -0.189511999542091 2.733178123447422
-0.569453607943411 -0.006109015963676 0.001374627820909 -0.000579126128075 0.003284387481328 -0.096652681286896 0.029249806670073 -0.165883896769969 2.797488196935038
-0.569455772328885 -0.006096741123689 0.000961301619398 -0.000432877094725 0.002454967997478 -0.082665240302221 0.025083534644921 -0.142255794000068 2.861798270431537
-0.569457309625992 -0.006088022678552 0.000619520374647 -0.000307459421500 0.001743689027478 -0.068356248950063 0.020917262619768 -0.118627691225726 2.926108343921374
-0.569458323991534 -0.006082269925695 0.000350891838495 -0.000202873108401 0.001150550571349 -0.053725707230456 0.016750990603498 -0.094999588464706 2.990418417417873
-0.569458919582311 -0.006078892162550 0.000157023762778 -0.000119118155384 0.000675552629026 -0.038773615143367 0.012584718578346 -0.071371485685923 3.054728490906600
-0.569459200555124 -0.006077298686547 0.000039523899334 -0.000056194562492 0.000318695200596 -0.023499972688834 0.008418446562075 -0.047743382918242 3.119038564400878
-0.569459271066772 -0.006076898795117 -0.000000000000000 -0.000014102329682 0.000079978286005 -0.007904779866830 0.005640931872719 -0.031991314402013 3.161911946731877
-0.569459200555124 -0.006077298686547 0.000039523899334 0.000014102329682 -0.000079978286005 0.007904779866830 0.008418446562075 -0.047743382918242 3.119038564400878
-0.569458919582311 -0.006078892162550 0.000157023762778 0.000056194562492 -0.000318695200596 0.023499972688834 0.012584718578346 -0.071371485685923 3.054728490906600
-0.569458323991534 -0.006082269925695 0.000350891838495 0.000119118155384 -0.000675552629026 0.038773615143367 0.016750990603498 -0.094999588464706 2.990418417417873
-0.569457309625992 -0.006088022678552 0.000619520374647 0.000202873108401 -0.001150550571349 0.053725707230456 0.020917262619768 -0.118627691225726 2.926108343921374
-0.569455772328885 -0.006096741123689 0.000961301619398 0.000307459421500 -0.001743689027478 0.068356248950063 0.025083534644921 -0.142255794000068 2.861798270431537
-0.569453607943411 -0.006109015963676 0.001374627820909 0.000432877094725 -0.002454967997478 0.082665240302221 0.029249806670073 -0.165883896769969 2.797488196935038
-0.569450712312771 -0.006125437901083 0.001857891227343 0.000579126128075 -0.003284387481328 0.096652681286896 0.033416078681903 -0.189511999542091 2.733178123447422
-0.569446981280163 -0.006146597638478 0.002409484086864 0.000746206521485 -0.004231947479039 0.110318571904133 0.037582350711496 -0.213140102309772 2.668868049948703
-0.569442310688788 -0.006173085878431 0.003027798647633 0.000934118275042 -0.005297647990588 0.123662912153877 0.041748622727766 -0.236768205081894 2.604557976458866
-0.569436596381845 -0.006205493323511 0.003711227157814 0.001142861388681 -0.006481489015997 0.136685702036171 0.045914894752919 -0.260396307854016 2.540247902969028
-0.569429734202533 -0.006244410676288 0.004458161865569 0.001372435862446 -0.007783470555267 0.149386941551016 0.050081166773630 -0.284024410621697 2.475937829470309
-0.569421619994051 -0.006290428639329 0.005266995019061 0.001622841696314 -0.009203592608376 0.161766630698368 0.054247438789901 -0.307652513393819 2.411627755980472
-0.569412149599600 -0.006344137915206 0.006136118866452 0.001894078890263 -0.010741855175345 0.173824769478270 0.058413710819494 -0.331280616163721 2.347317682489525
-0.569401218862378 -0.006406129206487 0.007063925655906 0.002186147444361 -0.012398258256163 0.185561357890718 0.062579982835764 -0.354908718933622 2.283007608993026
-0.569388723625585 -0.006476993215741 0.008048807635584 0.002499047358540 -0.014172801850831 0.196976395935683 0.066746254856476 -0.378536821705744 2.218697535502079
-0.569374559732421 -0.006557320645538 0.009089157053650 0.002832778632822 -0.016065485959360 0.208069883613193 0.070912526881628 -0.402164924475645 2.154387462011131
-0.569358623026085 -0.006647702198447 0.010183366158267 0.003187341267230 -0.018076310581738 0.218841820923249 0.075078798897898 -0.425793027245547 2.090077388514633
-0.569340809349776 -0.006748728577036 0.011329827197596 0.003562735261720 -0.020205275717966 0.229292207865822 0.079245070927492 -0.449421130015448 2.025767315022575
-0.569321014546694 -0.006860990483877 0.012526932419800 0.003958960616357 -0.022452381368043 0.239421044440935 0.083411342939321 -0.473049232787570 1.961457241531628
-0.569299134460039 -0.006985078621537 0.013773074073043 0.004376017331054 -0.024817627531981 0.249228330648593 0.087577614968914 -0.496677335557472 1.897147168038460
-0.569275064933010 -0.007121583692585 0.015066644405487 0.004813905405898 -0.027301014209768 0.258714066488785 0.091743886980744 -0.520305438329594 1.832837094544737
-0.569248701808806 -0.007271096399593 0.016406035665295 0.005272624840802 -0.029902541401416 0.267878251961509 0.095910159014778 -0.543933541097275 1.768527021052124
-0.569219940930626 -0.007434207445127 0.017789640100629 0.005752175635876 -0.032622209106903 0.276720887066770 0.100076431026608 -0.567561643867176 1.704216947560067
-0.569188678141671 -0.007611507531758 0.019215849959652 0.006252557791009 -0.035460017326239 0.285241971804570 0.104242703047319 -0.591189746641518 1.639906874066344
-0.569154809285140 -0.007803587362055 0.020683057490526 0.006773771306245 -0.038415966059446 0.293441506174902 0.108408975076912 -0.614817849406979 1.575596800573176
-0.569118230204232 -0.008011037638588 0.022189654941415 0.007315816181630 -0.041490055306481 0.301319490177768 0.112575247093183 -0.638445952185762 1.511286727081673
-0.569078836742146 -0.008234449063925 0.023734034560481 0.007878692417096 -0.044682285067410 0.308875923813176 0.116741519113894 -0.662074054949002 1.446976653587950
-0.569036524742083 -0.008474412340636 0.025314588595886 0.008462400012665 -0.047992655342155 0.316110807081116 0.120907791134606 -0.685702157721124 1.382666580095337
-0.568991190047241 -0.008731518171289 0.026929709295794 0.009066938968338 -0.051421166130761 0.323024139981593 0.125074063159758 -0.709330260491026 1.318356506602725
-0.568942728500821 -0.009006357258456 0.028577788908367 0.009692309284137 -0.054967817433216 0.329615922514606 0.129240335176029 -0.732958363260927 1.254046433110112
-0.568891035946021 -0.009299520304703 0.030257219681768 0.010338510960017 -0.058632609249520 0.335886154680157 0.133406607205622 -0.756586466037490 1.189736359616944
-0.568836008226040 -0.009611598012602 0.031966393864159 0.011005543996045 -0.062415541579708 0.341834836478241 0.137572879217451 -0.780214568800730 1.125426286123221
-0.568777541184080 -0.009943181084720 0.033703703703704 0.011693408392133 -0.066316614423712 0.347461967908858 0.141739151242604 -0.803842671572852 1.061116212632274
-0.568715530663338 -0.010294860223628 0.035467541448564 0.012402104148346 -0.070335827781576 0.352767548972019 0.145905423267756 -0.827470774347194 0.996806139138551
-0.568649872507015 -0.010667226131895 0.037256299346902 0.013131631264685 -0.074473181653312 0.357751579667712 0.150071695288467 -0.851098877114875 0.932496065645938
-0.568580462558309 -0.011060869512089 0.039068369646882 0.013881989741127 -0.078728676038886 0.362414059995941 0.154237967304738 -0.874726979886997 0.868185992151660
-0.568507196660421 -0.011476381066781 0.040902144596666 0.014653179577651 -0.083102310938321 0.366754989956700 0.158404239325449 -0.898355082654678 0.803875918661545
-0.568429970656549 -0.011914351498539 0.042756016444416 0.015445200774278 -0.087594086351594 0.370774369550007 0.162570511355042 -0.921983185426800 0.739565845167267
-0.568348680389894 -0.012375371509932 0.044628377438295 0.016258053331053 -0.092204002278728 0.374472198775844 0.166736783371313 -0.945611288196702 0.675255771673544
-0.568263221703655 -0.012860031803531 0.046517619826466 0.017091737247910 -0.096932058719712 0.377848477634211 0.170903055387583 -0.969239390966603 0.610945698182874
-0.568173490441030 -0.013368923081904 0.048422135857091 0.017946252524847 -0.101778255674545 0.380903206125126 0.175069327421618 -0.992867493738725 0.546635624687486
-0.568079382445220 -0.013902636047620 0.050340317778334 0.018821599161956 -0.106742593143239 0.383636384248563 0.179235599433447 -1.016495596508626 0.482325551197094
-0.567980793559425 -0.014461761403249 0.052270557838357 0.019717777159123 -0.111825071125782 0.386048012004549 0.183401871454159 -1.040123699280748 0.418015477702538
-0.567877619626843 -0.015046889851360 0.054211248285322 0.020634786516394 -0.117025689622186 0.388138089393061 0.187568143483752 -1.063751802048429 0.353705404211035
-0.567769756490674 -0.015658612094522 0.056160781367393 0.021572627233812 -0.122344448632428 0.389906616414117 0.191734415495581 -1.087379904820551 0.289395330717590
-0.567657099994117 -0.016297518835304 0.058117549332731 0.022531299311290 -0.127781348156530 0.391353593067705 0.195900687520734 -1.111008007592673 0.225085257224700
-0.567539545980373 -0.016964200776277 0.060079944429501 0.023510802748894 -0.133336388194494 0.392479019353828 0.200066959545886 -1.134636110358134 0.160775183732365
-0.567416990292640 -0.017659248620008 0.062046358905863 0.024511137546623 -0.139009568746284 0.393282895272490 0.204233231562156 -1.158264213134697 0.096465110238919
-0.567289328774118 -0.018383253069068 0.064015185009981 0.025532303704434 -0.144800889811958 0.393765220823684 0.208399503587309 -1.181892315897937 0.032155036746306
-0.567156457268006 -0.019136804826025 0.065984814990019 0.026574301222371 -0.150710351391448 0.393925996007416 0.212565775608020 -1.205520418676720 -0.032155036746584
-0.567018271617504 -0.019920494593450 0.067953641094137 0.027637130100411 -0.156737953484831 0.393765220823683 0.216732047628732 -1.229148521439960 -0.096465110239197
-0.566874667665811 -0.020734913073910 0.069920055570499 0.028720790338554 -0.162883696092031 0.393282895272487 0.220898319645002 -1.252776624216523 -0.160775183731809
-0.566725541256127 -0.021580650969975 0.071882450667269 0.029825281936779 -0.169147579213114 0.392479019353828 0.225064591674595 -1.276404726984204 -0.225085257224422
-0.566570788231651 -0.022458298984215 0.073839218632607 0.030950604895152 -0.175529602848035 0.391353593067706 0.229230863690866 -1.300032829754105 -0.289395330718145
-0.566410304435583 -0.023368447819199 0.075788751714678 0.032096759213607 -0.182029766996805 0.389906616414115 0.233397135716018 -1.323660932526227 -0.353705404210758
-0.566243985711122 -0.024311688177497 0.077729442161643 0.033263744892187 -0.188648071659436 0.388138089393061 0.237563407736729 -1.347289035293908 -0.418015477702260
-0.566071727901468 -0.025288610761676 0.079659682221666 0.034451561930871 -0.195384516835906 0.386048012004550 0.241729679753000 -1.370917138068251 -0.482325551196539
-0.565893426849820 -0.026299806274307 0.081577864142909 0.035660210329636 -0.202239102526247 0.383636384248567 0.245895951778152 -1.394545240835932 -0.546635624689706
-0.565708978399377 -0.027345865417960 0.083482380173534 0.036889690088526 -0.209211828730427 0.380903206125119 0.250062223803305 -1.418173343608053 -0.610945698180099
-0.565518278393339 -0.028427378895202 0.085371622561705 0.038140001207543 -0.216302695448467 0.377848477634218 0.254228495815134 -1.441801446377955 -0.675255771676042
-0.565321222674906 -0.029544937408604 0.087243983555584 0.039411143686618 -0.223511702680357 0.374472198775838 0.258394767849168 -1.465429549145636 -0.739565845166434
-0.565117707087277 -0.030699131660734 0.089097855403334 0.040703117525864 -0.230838850426085 0.370774369550006 0.262561039856557 -1.489057651922199 -0.803875918660713
-0.564907627473651 -0.031890552354163 0.090931630353118 0.042015922725147 -0.238284138685696 0.366754989956702 0.266727311890591 -1.512685754689880 -0.868185992152215
-0.564690879677228 -0.033119790191458 0.092743700653098 0.043349559284600 -0.245847567459145 0.362414059995941 0.270893583902421 -1.536313857457561 -0.932496065646493
-0.564467359541208 -0.034387435875190 0.094532458551436 0.044704027204112 -0.253529136746433 0.357751579667709 0.275059855932014 -1.559941960231903 -0.996806139137996
-0.564236962908789 -0.035694080107928 0.096296296296296 0.046079326483772 -0.261328846547593 0.352767548972019 0.279226127948284 -1.583570062999584 -1.061116212631719
-0.563999585623171 -0.037040313592241 0.098033606135841 0.047475457123514 -0.269246696862591 0.347461967908860 0.283392399968996 -1.607198165773926 -1.125426286123776
-0.563755123527555 -0.038426727030699 0.099742780318232 0.048892419123359 -0.277282687691460 0.341834836478241 0.287558671989707 -1.630826268537167 -1.189736359616944
-0.563503472465138 -0.039853911125869 0.101422211091633 0.050330212483307 -0.285436819034146 0.335886154680157 0.291724944019300 -1.654454371318170 -1.254046433110667
-0.563244528279121 -0.041322456580323 0.103070290704206 0.051788837203404 -0.293709090890737 0.329615922514603 0.295891216031130 -1.678082474079190 -1.318356506601615
-0.562978186812703 -0.042832954096629 0.104685411404114 0.053268293283559 -0.302099503261133 0.323024139981595 0.300057488056282 -1.701710576853532 -1.382666580095893
-0.562704343909084 -0.044385994377356 0.106265965439519 0.054768580723841 -0.310608056145401 0.316110807081116 0.304223760081435 -1.725338679627875 -1.446976653588505
-0.562422895411463 -0.045982168125073 0.107810345058585 0.056289699524248 -0.319234749543540 0.308875923813173 0.308390032093264 -1.748966782391115 -1.511286727080008
-0.562133737163039 -0.047622066042351 0.109316942509474 0.057831649684714 -0.327979583455495 0.301319490177773 0.312556304122857 -1.772594885165457 -1.575596800574841
-0.561836765007013 -0.049306278831758 0.110784150040348 0.059394431205329 -0.336842557881323 0.293441506174899 0.316722576143569 -1.796222987937579 -1.639906874065789
-0.561531874786582 -0.051035397195863 0.112210359899371 0.060978044086046 -0.345823672821011 0.285241971804570 0.320888848159839 -1.819851090703040 -1.704216947560067
-0.561218962344948 -0.052810011837235 0.113593964334705 0.062582488326846 -0.354922928274526 0.276720887066770 0.325055120189433 -1.843479193477382 -1.768527021052679
-0.560897923525309 -0.054630713458445 0.114933355594513 0.064207763927793 -0.364140324241913 0.267878251961506 0.329221392201262 -1.867107296247283 -1.832837094544737
-0.560568654170865 -0.056498092762061 0.116226925926957 0.065853870888799 -0.373475860723149 0.258714066488783 0.333387664230855 -1.890735399019405 -1.897147168037350
-0.560231050124815 -0.058412740450652 0.117473067580200 0.067520809209953 -0.382929537718246 0.249228330648596 0.337553936247126 -1.914363501787086 -1.961457241531628
-0.559885007230359 -0.060375247226788 0.118670172802404 0.069208578891189 -0.392501355227182 0.239421044440938 0.341720208267837 -1.937991604556988 -2.025767315022575
-0.559530421330697 -0.062386203793037 0.119816633841733 0.070917179932528 -0.402191313249967 0.229292207865825 0.345886480297430 -1.961619707331330 -2.090077388516853
-0.559167188269027 -0.064446200851971 0.120910842946350 0.072646612334015 -0.411999411786623 0.218841820923241 0.350052752309260 -1.985247810099011 -2.154387462009466
-0.558795203888549 -0.066555829106156 0.121951192364415 0.074396876095562 -0.421925650837118 0.208069883613193 0.354219024334412 -2.008875912868913 -2.218697535500969
-0.558414364032463 -0.068715679258164 0.122936074344094 0.076167971217234 -0.431970030401463 0.196976395935688 0.358385296355124 -2.032504015641035 -2.283007608995247
-0.558024564543968 -0.070926342010562 0.123863881133548 0.077959897699009 -0.442132550479668 0.185561357890712 0.362551568375835 -2.056132118410936 -2.347317682487859
-0.557625701266263 -0.073188408065920 0.124733004980939 0.079772655540888 -0.452413211071723 0.173824769478273 0.366717840400987 -2.079760221185278 -2.411627755981027
-0.557217670042549 -0.075502468126809 0.125541838134431 0.081606244742893 -0.462812012177649 0.161766630698368 0.370884112421699 -2.103388323948518 -2.475937829471420
-0.556800366716024 -0.077869112895796 0.126288772842186 0.083460665305002 -0.473328953797392 0.149386941551011 0.375050384437969 -2.127016426725081 -2.540247902966808
-0.556373687129888 -0.080288933075451 0.126972201352367 0.085335917227192 -0.483964035931017 0.136685702036177 0.379216656463122 -2.150644529490542 -2.604557976458866
-0.555937527127340 -0.082762519368343 0.127590515913136 0.087232000509507 -0.494717258578470 0.123662912153882 0.383382928488274 -2.174272632262664 -2.668868049950923
-0.555491782551580 -0.085290462477042 0.128142108772657 0.089148915151949 -0.505588621739783 0.110318571904128 0.387549200500104 -2.197900735039227 -2.733178123446312
-0.555036349245808 -0.087873353104117 0.128625372179091 0.091086661154449 -0.516578125414979 0.096652681286896 0.391715472529697 -2.221528837802467 -2.797488196936149
-0.554571123053223 -0.090511781952137 0.129038698380602 0.093045238517098 -0.527685769603992 0.082665240302215 0.395881744545967 -2.245156940574589 -2.861798270428206
-0.554095999817024 -0.093206339723671 0.129380479625353 0.095024647239828 -0.538911554306865 0.068356248950074 0.400048016571120 -2.268785043346710 -2.926108343924705
-0.553610875380410 -0.095957617121289 0.129649108161505 0.097024887322683 -0.550255479523598 0.053725707230451 0.404214288591831 -2.292413146114392 -2.990418417415652
-0.553115645586582 -0.098766204847560 0.129842976237222 0.099045958765642 -0.561717545254170 0.038773615143373 0.408380560612542 -2.316041248888734 -3.054728490908820
-0.552610206278738 -0.101632693605053 0.129960476100666 0.101087861568705 -0.573297751498614 0.023499972688829 0.412546832633254 -2.339669351665297 -3.119038564400878
-0.552094453300079 -0.104557674096338 0.130000000000000 0.103150595731871 -0.584996098256940 0.007904779866824 0.002820465940800 -0.015995657192125 -1.580955973364828
-0.551578629809771 -0.107483054479052 0.130000000000000 0.103164698061575 -0.585076076542901 0.000000000000000 -0.404128386075620 2.291925968735953 0.000000000000000
-0.551072909529115 -0.110351136712548 0.130000000000000 0.101144056131197 -0.573616446699221 0.000000000000000 -0.395795842034197 2.244669763205032 0.000000000000000
-0.550577084144510 -0.113163102201964 0.130000000000000 0.099165076921026 -0.562393097883196 0.000000000000000 -0.387463297992774 2.197413557654126 0.000000000000000
-0.550090945342355 -0.115920132352439 0.130000000000000 0.097227760431062 -0.551406030094925 0.000000000000000 -0.379130753942469 2.150157352116544 0.000000000000000
-0.549614284809048 -0.118623408569111 0.130000000000000 0.095332106661350 -0.540655243334343 0.000000000000000 -0.370798209905487 2.102901146574521 0.000000000000000
-0.549146894230989 -0.121274112257118 0.130000000000000 0.093478115611823 -0.530140737601470 0.000000000000000 -0.362465665859624 2.055644941032497 0.000000000000000
-0.548688565294576 -0.123873424821600 0.130000000000000 0.091665787282524 -0.519862512896307 0.000000000000000 -0.354133121818201 2.008388735497135 0.000000000000000
-0.548239089686209 -0.126422527667694 0.130000000000000 0.089895121673433 -0.509820569218822 0.000000000000000 -0.345800577776778 1.961132529950671 0.000000000000000
-0.547798259092286 -0.128922602200539 0.130000000000000 0.088166118784549 -0.500014906569068 0.000000000000000 -0.337468033735355 1.913876324410868 0.000000000000000
-0.547365865199207 -0.131374829825274 0.130000000000000 0.086478778615873 -0.490445524947014 0.000000000000000 -0.329135489685051 1.866620118871065 0.000000000000000
-0.546941699693370 -0.133780391947037 0.130000000000000 0.084833101167447 -0.481112424352659 0.000000000000000 -0.320802945652510 1.819363913331262 0.000000000000000
-0.546525554261174 -0.136140469970967 0.130000000000000 0.083229086439185 -0.472015604786002 0.000000000000000 -0.312470401602205 1.772107707787018 0.000000000000000
-0.546117220589018 -0.138456245302203 0.130000000000000 0.081666734431174 -0.463155066247067 0.000000000000000 -0.304137857560782 1.724851502244995 0.000000000000000
-0.545716490363301 -0.140728899345882 0.130000000000000 0.080146045143370 -0.454530808735842 0.000000000000000 -0.295805313519359 1.677595296707413 0.000000000000000
-0.545323155270422 -0.142959613507144 0.130000000000000 0.078667018575773 -0.446142832252305 0.000000000000000 -0.287472769477937 1.630339091167610 0.000000000000000
-0.544937006996780 -0.145149569191126 0.130000000000000 0.077229654728384 -0.437991136796467 0.000000000000000 -0.279140225427632 1.583082885618925 0.000000000000000
-0.544557837228774 -0.147299947802968 0.130000000000000 0.075833953601245 -0.430075722368373 0.000000000000000 -0.270807681395091 1.535826680090224 0.000000000000000
-0.544185437652803 -0.149411930747807 0.130000000000000 0.074479915194270 -0.422396588967922 0.000000000000000 -0.262475137349227 1.488570474538209 0.000000000000000
-0.543819599955265 -0.151486699430783 0.130000000000000 0.073167539507524 -0.414953736595230 0.000000000000000 -0.254142593303364 1.441314269003957 0.000000000000000
-0.543460115822560 -0.153525435257035 0.130000000000000 0.071896826541007 -0.407747165250211 0.000000000000000 -0.245810049261941 1.394058063457493 0.000000000000000
-0.543106776941087 -0.155529319631699 0.130000000000000 0.070667776294697 -0.400776874932923 0.000000000000000 -0.237477505220518 1.346801857919910 0.000000000000000
-0.542759374997244 -0.157499533959916 0.130000000000000 0.069480388768595 -0.394042865643324 0.000000000000000 -0.229144961174654 1.299545652377887 0.000000000000000
-0.542417701677430 -0.159437259646823 0.130000000000000 0.068334663962721 -0.387545137381434 0.000000000000000 -0.220812417137672 1.252289446836974 0.000000000000000
-0.542081548668045 -0.161343678097559 0.130000000000000 0.067230601877033 -0.381283690147249 0.000000000000000 -0.212479873087368 1.205033241296061 0.000000000000000
-0.541750707655487 -0.163219970717263 0.130000000000000 0.066168202511596 -0.375258523940769 0.000000000000000 -0.204147329050386 1.157777035755148 0.000000000000000
-0.541424970326155 -0.165067318911073 0.130000000000000 0.065147465866344 -0.369469638761993 0.000000000000000 -0.195814785004522 1.110520830213124 0.000000000000000
-0.541104128366449 -0.166886904084128 0.130000000000000 0.064168391941322 -0.363917034610928 0.000000000000000 -0.187482240963099 1.063264624673321 0.000000000000000
-0.540787973462766 -0.168679907641565 0.130000000000000 0.063230980736506 -0.358600711487561 0.000000000000000 -0.179149696917236 1.016008419133518 0.000000000000000
-0.540476297301506 -0.170447510988525 0.130000000000000 0.062335232251920 -0.353520669391894 0.000000000000000 -0.170817152880254 0.968752213591495 0.000000000000000
-0.540168891569069 -0.172190895530145 0.130000000000000 0.061481146487519 -0.348676908323936 0.000000000000000 -0.162484608834390 0.921496008048361 0.000000000000000
-0.539865547951852 -0.173911242671563 0.130000000000000 0.060668723443347 -0.344069428283694 0.000000000000000 -0.154152064788526 0.874239802509669 0.000000000000000
-0.539566058136255 -0.175609733817919 0.130000000000000 0.059897963119404 -0.339698229271146 0.000000000000000 -0.145819520751544 0.826983596965425 0.000000000000000
-0.539270213808677 -0.177287550374350 0.130000000000000 0.059168865515646 -0.335563311286319 0.000000000000000 -0.137486976705681 0.779727391430063 0.000000000000000
-0.538977806655516 -0.178945873745996 0.130000000000000 0.058481430632118 -0.331664674329168 0.000000000000000 -0.129154432664258 0.732471185883599 0.000000000000000
-0.538688628363172 -0.180585885337995 0.130000000000000 0.057835658468797 -0.328002318399750 0.000000000000000 -0.120821888618394 0.685214980346016 0.000000000000000
-0.538402470618044 -0.182208766555485 0.130000000000000 0.057231549025705 -0.324576243498020 0.000000000000000 -0.112489344576971 0.637958774803993 0.000000000000000
-0.538119125106530 -0.183815698803605 0.130000000000000 0.056669102302820 -0.321386449624000 0.000000000000000 -0.104156800535549 0.590702569263080 0.000000000000000
-0.537838383515029 -0.185407863487494 0.130000000000000 0.056148318300142 -0.318432936777685 0.000000000000000 -0.095824256494126 0.543446363719946 0.000000000000000
-0.537560037529941 -0.186986442012289 0.130000000000000 0.055669197017671 -0.315715704959085 0.000000000000000 -0.087491712448262 0.496190158181253 0.000000000000000
-0.537283878837663 -0.188552615783130 0.130000000000000 0.055231738455430 -0.313234754168179 0.000000000000000 -0.079159168402398 0.448933952640340 0.000000000000000
-0.537009699124596 -0.190107566205155 0.130000000000000 0.054835942613418 -0.310990084404977 0.000000000000000 -0.070826624369857 0.401677747100537 0.000000000000000
-0.536737290077139 -0.191652474683502 0.130000000000000 0.054481809491569 -0.308981695669475 0.000000000000000 -0.062494080319553 0.354421541554073 0.000000000000000
-0.536466443381689 -0.193188522623311 0.130000000000000 0.054169339089971 -0.307209587961704 0.000000000000000 -0.054161536273689 0.307165336018711 0.000000000000000
-0.536196950724646 -0.194716891429719 0.130000000000000 0.053898531408603 -0.305673761281611 0.000000000000000 -0.045828992241148 0.259909130474467 0.000000000000000
-0.535928603792409 -0.196238762507865 0.130000000000000 0.053669386447397 -0.304374215629238 0.000000000000000 -0.037496448190844 0.212652924935774 0.000000000000000
-0.535661194271376 -0.197755317262888 0.130000000000000 0.053481904206443 -0.303310951004560 0.000000000000000 -0.029163904144980 0.165396719392641 0.000000000000000
-0.535394513847948 -0.199267737099926 0.130000000000000 0.053336084685718 -0.302483967407596 0.000000000000000 -0.020831360112439 0.118140513852838 0.000000000000000
-0.535128354208522 -0.200777203424117 0.130000000000000 0.053231927885156 -0.301893264838332 0.000000000000000 -0.012498816062134 0.070884308311925 0.000000000000000
-0.534862507039498 -0.202284897640601 0.130000000000000 0.053169433804845 -0.301538843296772 0.000000000000000 -0.004166272020711 0.023628102771012 0.000000000000000
-0.534596764027274 -0.203792001154516 0.130000000000000 0.053148602444741 -0.301420702782917 0.000000000000000 0.004166272020711 -0.023628102771012 0.000000000000000
-0.534330916858250 -0.205299695371000 0.130000000000000 0.053169433804845 -0.301538843296772 0.000000000000000 0.012498816062134 -0.070884308309704 0.000000000000000
-0.534064757218824 -0.206809161695191 0.130000000000000 0.053231927885156 -0.301893264838321 0.000000000000000 0.020831360107998 -0.118140513857279 0.000000000000000
-0.533798076795396 -0.208321581532229 0.130000000000000 0.053336084685696 -0.302483967407607 0.000000000000000 0.029163904149421 -0.165396719390420 0.000000000000000
-0.533530667274363 -0.209838136287252 0.130000000000000 0.053481904206443 -0.303310951004560 0.000000000000000 0.037496448195284 -0.212652924935774 0.000000000000000
-0.533262320342126 -0.211360007365398 0.130000000000000 0.053669386447419 -0.304374215629238 0.000000000000000 0.045828992232266 -0.259909130474467 0.000000000000000
-0.532992827685083 -0.212888376171806 0.130000000000000 0.053898531408580 -0.305673761281611 0.000000000000000 0.054161536282571 -0.307165336016491 0.000000000000000
-0.532721980989634 -0.214424424111615 0.130000000000000 0.054169339089993 -0.307209587961693 0.000000000000000 0.062494080315112 -0.354421541558514 0.000000000000000
-0.532449571942176 -0.215969332589962 0.130000000000000 0.054481809491569 -0.308981695669486 0.000000000000000 0.070826624365417 -0.401677747099427 0.000000000000000
-0.532175392229109 -0.217524283011987 0.130000000000000 0.054835942613396 -0.310990084404983 0.000000000000000 0.079159168406839 -0.448933952638120 0.000000000000000
-0.531899233536832 -0.219090456782828 0.130000000000000 0.055231738455430 -0.313234754168173 0.000000000000000 0.087491712452703 -0.496190158182364 0.000000000000000
-0.531620887551743 -0.220669035307623 0.130000000000000 0.055669197017694 -0.315715704959085 0.000000000000000 0.095824256489685 -0.543446363719946 0.000000000000000
-0.531340145960242 -0.222261199991512 0.130000000000000 0.056148318300142 -0.318432936777685 0.000000000000000 0.104156800531108 -0.590702569264190 0.000000000000000
-0.531056800448728 -0.223868132239632 0.130000000000000 0.056669102302798 -0.321386449624006 0.000000000000000 0.112489344581412 -0.637958774802883 0.000000000000000
-0.530770642703600 -0.225491013457122 0.130000000000000 0.057231549025705 -0.324576243498020 0.000000000000000 0.120821888622835 -0.685214980344906 0.000000000000000
-0.530481464411256 -0.227131025049121 0.130000000000000 0.057835658468819 -0.328002318399745 0.000000000000000 0.129154432659817 -0.732471185885819 0.000000000000000
-0.530189057258095 -0.228789348420767 0.130000000000000 0.058481430632118 -0.331664674329174 0.000000000000000 0.137486976705681 -0.779727391426732 0.000000000000000
-0.529893212930517 -0.230467164977198 0.130000000000000 0.059168865515646 -0.335563311286308 0.000000000000000 0.145819520747104 -0.826983596968756 0.000000000000000
-0.529593723114920 -0.232165656123554 0.130000000000000 0.059897963119382 -0.339698229271151 0.000000000000000 0.154152064797408 -0.874239802508558 0.000000000000000
-0.529290379497703 -0.233886003264972 0.130000000000000 0.060668723443369 -0.344069428283694 0.000000000000000 0.162484608829949 -0.921496008048361 0.000000000000000
-0.528982973765266 -0.235629387806592 0.130000000000000 0.061481146487519 -0.348676908323936 0.000000000000000 0.170817152875813 -0.968752213592605 0.000000000000000
-0.528671297604006 -0.237396991153552 0.130000000000000 0.062335232251898 -0.353520669391899 0.000000000000000 0.179149696921677 -1.016008419131298 0.000000000000000
-0.528355142700324 -0.239189994710989 0.130000000000000 0.063230980736506 -0.358600711487556 0.000000000000000 0.187482240963099 -1.063264624673321 0.000000000000000
-0.528034300740617 -0.241009579884044 0.130000000000000 0.064168391941322 -0.363917034610922 0.000000000000000 0.195814785008963 -1.110520830215345 0.000000000000000
-0.527708563411285 -0.242856928077854 0.130000000000000 0.065147465866366 -0.369469638761999 0.000000000000000 0.204147329041504 -1.157777035754037 0.000000000000000
-0.527377722398727 -0.244733220697558 0.130000000000000 0.066168202511574 -0.375258523940769 0.000000000000000 0.212479873096250 -1.205033241296061 0.000000000000000
-0.527041569389342 -0.246639639148294 0.130000000000000 0.067230601877055 -0.381283690147249 0.000000000000000 0.220812417133232 -1.252289446835864 0.000000000000000
-0.526699896069528 -0.248577364835201 0.130000000000000 0.068334663962721 -0.387545137381429 0.000000000000000 0.229144961174654 -1.299545652378997 0.000000000000000
-0.526352494125685 -0.250547579163418 0.130000000000000 0.069480388768595 -0.394042865643324 0.000000000000000 0.237477505220518 -1.346801857921021 0.000000000000000
-0.525999155244212 -0.252551463538082 0.130000000000000 0.070667776294697 -0.400776874932929 0.000000000000000 0.245810049261941 -1.394058063457493 0.000000000000000
-0.525639671111507 -0.254590199364333 0.130000000000000 0.071896826541007 -0.407747165250216 0.000000000000000 0.254142593303364 -1.441314269003957 0.000000000000000
-0.525273833413969 -0.256664968047310 0.130000000000000 0.073167539507524 -0.414953736595236 0.000000000000000 0.262475137349227 -1.488570474539319 0.000000000000000
-0.524901433837998 -0.258776950992149 0.130000000000000 0.074479915194270 -0.422396588967933 0.000000000000000 0.270807681390650 -1.535826680085783 0.000000000000000
-0.524522264069992 -0.260927329603991 0.130000000000000 0.075833953601223 -0.430075722368362 0.000000000000000 0.279140225436514 -1.583082885621145 0.000000000000000
-0.524136115796350 -0.263117285287973 0.130000000000000 0.077229654728406 -0.437991136796467 0.000000000000000 0.287472769473496 -1.630339091165389 0.000000000000000
-0.523742780703471 -0.265347999449235 0.130000000000000 0.078667018575773 -0.446142832252294 0.000000000000000 0.295805313514919 -1.677595296709633 0.000000000000000
-0.523342050477754 -0.267620653492914 0.130000000000000 0.080146045143348 -0.454530808735842 0.000000000000000 0.304137857565223 -1.724851502244995 0.000000000000000
-0.522933716805598 -0.269936428824149 0.130000000000000 0.081666734431174 -0.463155066247067 0.000000000000000 0.312470401606646 -1.772107707787018 0.000000000000000
-0.522517571373402 -0.272296506848079 0.130000000000000 0.083229086439207 -0.472015604786002 0.000000000000000 0.320802945643628 -1.819363913333483 0.000000000000000
-0.522093405867565 -0.274702068969843 0.130000000000000 0.084833101167425 -0.481112424352670 0.000000000000000 0.329135489693932 -1.866620118866624 0.000000000000000
-0.521661011974486 -0.277154296594578 0.130000000000000 0.086478778615895 -0.490445524947003 0.000000000000000 0.337468033730914 -1.913876324413089 0.000000000000000
-0.521220181380563 -0.279654371127423 0.130000000000000 0.088166118784549 -0.500014906569068 0.000000000000000 0.345800577776778 -1.961132529952891 0.000000000000000
-0.520770705772196 -0.282203473973517 0.130000000000000 0.089895121673433 -0.509820569218833 0.000000000000000 0.354133121813760 -2.008388735492694 0.000000000000000
-0.520312376835783 -0.284802786537999 0.130000000000000 0.091665787282502 -0.519862512896296 0.000000000000000 0.362465665864065 -2.055644941032497 0.000000000000000
-0.519844986257724 -0.287453490226006 0.130000000000000 0.093478115611823 -0.530140737601459 0.000000000000000 0.370798209905487 -2.102901146581182 0.000000000000000
-0.519368325724417 -0.290156766442678 0.130000000000000 0.095332106661350 -0.540655243334365 0.000000000000000 0.379130753946910 -2.150157352112103 0.000000000000000
-0.518882186922262 -0.292913796593153 0.130000000000000 0.097227760431084 -0.551406030094925 0.000000000000000 0.387463297988333 -2.197413557656347 0.000000000000000
-0.518386361537657 -0.295725762082569 0.130000000000000 0.099165076921026 -0.562393097883207 0.000000000000000 0.395795842034197 -2.244669763202811 0.000000000000000
-0.517880641257001 -0.298593844316065 0.130000000000000 0.101144056131197 -0.573616446699221 0.000000000000000 0.404128386071179 -2.291925968735953 0.000000000002220
-0.517364817766693 -0.301519224698779 0.130000000000000 0.103164698061553 -0.585076076542901 0.000000000000011 -0.002820465936360 0.015995657198786 -1.580955973368159
-0.516849064788034 -0.304444205190064 0.129960476100666 0.103150595731871 -0.584996098256907 -0.007904779866830 -0.412546832633254 2.339669351658635 -3.119038564400878
-0.516343625480190 -0.307310693947557 0.129842976237222 0.101087861568705 -0.573297751498614 -0.023499972688834 -0.408380560612542 2.316041248888734 -3.054728490906600
-0.515848395686362 -0.310119281673828 0.129649108161505 0.099045958765642 -0.561717545254170 -0.038773615143367 -0.404214288591831 2.292413146116612 -2.990418417417873
-0.515363271249749 -0.312870559071446 0.129380479625353 0.097024887322683 -0.550255479523587 -0.053725707230456 -0.400048016566679 2.268785043342270 -2.926108343921374
-0.514888148013549 -0.315565116842980 0.129038698380602 0.095024647239850 -0.538911554306876 -0.068356248950063 -0.395881744554849 2.245156940579029 -2.861798270431537
-0.514422921820964 -0.318203545691000 0.128625372179091 0.093045238517075 -0.527685769603981 -0.082665240302221 -0.391715472520815 2.221528837800246 -2.797488196935038
-0.513967488515192 -0.320786436318075 0.128142108772657 0.091086661154471 -0.516578125414979 -0.096652681286896 -0.387549200508985 2.197900735039227 -2.733178123447422
-0.513521743939432 -0.323314379426774 0.127590515913136 0.089148915151926 -0.505588621739783 -0.110318571904133 -0.383382928483833 2.174272632262664 -2.668868049948703
-0.513085583936884 -0.325787965719666 0.126972201352367 0.087232000509507 -0.494717258578470 -0.123662912153877 -0.379216656458681 2.150644529488321 -2.604557976458866
-0.512658904350748 -0.328207785899321 0.126288772842186 0.085335917227214 -0.483964035931028 -0.136685702036171 -0.375050384446851 2.127016426729522 -2.540247902969028
-0.512241601024223 -0.330574430668308 0.125541838134431 0.083460665304980 -0.473328953797381 -0.149386941551016 -0.370884112417258 2.103388323946298 -2.475937829470309
-0.511833569800509 -0.332888490729196 0.124733004980939 0.081606244742893 -0.462812012177649 -0.161766630698368 -0.366717840396547 2.079760221185278 -2.411627755980472
-0.511434706522804 -0.335150556784555 0.123863881133548 0.079772655540911 -0.452413211071723 -0.173824769478270 -0.362551568380276 2.056132118410936 -2.347317682489525
-0.511044907034309 -0.337361219536953 0.122936074344094 0.077959897699009 -0.442132550479668 -0.185561357890718 -0.358385296355124 2.032504015638814 -2.283007608993026
-0.510664067178223 -0.339521069688961 0.121951192364416 0.076167971217234 -0.431970030401474 -0.196976395935683 -0.354219024334412 2.008875912873354 -2.218697535502079
-0.510292082797745 -0.341630697943146 0.120910842946350 0.074396876095562 -0.421925650837107 -0.208069883613193 -0.350052752313701 1.985247810094570 -2.154387462011131
-0.509928849736075 -0.343690695002079 0.119816633841733 0.072646612333993 -0.411999411786634 -0.218841820923249 -0.345886480288549 1.961619707335771 -2.090077388514633
-0.509574263836413 -0.345701651568329 0.118670172802404 0.070917179932550 -0.402191313249955 -0.229292207865822 -0.341720208272278 1.937991604554767 -2.025767315022575
-0.509228220941957 -0.347664158344465 0.117473067580200 0.069208578891189 -0.392501355227182 -0.239421044440935 -0.337553936251567 1.914363501784866 -1.961457241531628
-0.508890616895907 -0.349578806033056 0.116226925926957 0.067520809209931 -0.382929537718257 -0.249228330648593 -0.333387664221974 1.890735399023846 -1.897147168038460
-0.508561347541463 -0.351446185336672 0.114933355594513 0.065853870888821 -0.373475860723138 -0.258714066488785 -0.329221392210144 1.867107296245063 -1.832837094544737
-0.508240308721824 -0.353266886957882 0.113593964334705 0.064207763927771 -0.364140324241913 -0.267878251961509 -0.325055120180551 1.843479193475162 -1.768527021052124
-0.507927396280190 -0.355041501599254 0.112210359899371 0.062582488326868 -0.354922928274537 -0.276720887066770 -0.320888848168721 1.819851090705260 -1.704216947560067
-0.507622506059760 -0.356770619963359 0.110784150040348 0.060978044086024 -0.345823672821011 -0.285241971804570 -0.316722576139128 1.796222987939800 -1.639906874066344
-0.507325533903733 -0.358454832752766 0.109316942509474 0.059394431205329 -0.336842557881312 -0.293441506174902 -0.312556304118417 1.772594885161016 -1.575596800573176
-0.507036375655309 -0.360094730670043 0.107810345058585 0.057831649684736 -0.327979583455507 -0.301319490177768 -0.308390032102146 1.748966782397776 -1.511286727081673
-0.506754927157688 -0.361690904417761 0.106265965439519 0.056289699524226 -0.319234749543518 -0.308875923813176 -0.304223760076994 1.725338679621213 -1.446976653587950
-0.506481084254069 -0.363243944698488 0.104685411404114 0.054768580723841 -0.310608056145412 -0.316110807081116 -0.300057488051841 1.701710576853532 -1.382666580095337
-0.506214742787651 -0.364754442214794 0.103070290704206 0.053268293283582 -0.302099503261144 -0.323024139981593 -0.295891216040012 1.678082474083631 -1.318356506602725
-0.505955798601634 -0.366222987669247 0.101422211091633 0.051788837203381 -0.293709090890726 -0.329615922514606 -0.291724944010419 1.654454371315950 -1.254046433110112
-0.505704147539218 -0.367650171764418 0.099742780318232 0.050330212483329 -0.285436819034146 -0.335886154680157 -0.287558671994148 1.630826268534946 -1.189736359616944
-0.505459685443601 -0.369036585202876 0.098033606135841 0.048892419123359 -0.277282687691471 -0.341834836478241 -0.283392399968996 1.607198165776147 -1.125426286123221
-0.505222308157983 -0.370382818687188 0.096296296296296 0.047475457123514 -0.269246696862591 -0.347461967908858 -0.279226127952725 1.583570063001805 -1.061116212632274
-0.504991911525564 -0.371689462919926 0.094532458551436 0.046079326483750 -0.261328846547582 -0.352767548972019 -0.275059855923132 1.559941960227462 -0.996806139138551
-0.504768391389544 -0.372957108603659 0.092743700653098 0.044704027204134 -0.253529136746444 -0.357751579667712 -0.270893583911302 1.536313857462002 -0.932496065645938
-0.504551643593121 -0.374186346440954 0.090931630353118 0.043349559284578 -0.245847567459134 -0.362414059995941 -0.266727311881709 1.512685754689880 -0.868185992151660
-0.504341563979495 -0.375377767134383 0.089097855403334 0.042015922725169 -0.238284138685685 -0.366754989956700 -0.262561039865439 1.489057651917758 -0.803875918661268
-0.504138048391866 -0.376531961386513 0.087243983555584 0.040703117525842 -0.230838850426096 -0.370774369550006 -0.258394767840286 1.465429549145636 -0.739565845167545
-0.503940992673433 -0.377649519899915 0.085371622561705 0.039411143686641 -0.223511702680368 -0.374472198775844 -0.254228495824016 1.441801446382396 -0.675255771673822
-0.503750292667395 -0.378731033377157 0.083482380173534 0.038140001207521 -0.216302695448456 -0.377848477634213 -0.250062223794423 1.418173343605833 -0.610945698182874
-0.503565844216952 -0.379777092520809 0.081577864142909 0.036889690088548 -0.209211828730427 -0.380903206125127 -0.245895951782593 1.394545240835932 -0.546635624686931
-0.503387543165304 -0.380788288033441 0.079659682221666 0.035660210329636 -0.202239102526247 -0.383636384248562 -0.241729679757441 1.370917138068251 -0.482325551197649
-0.503215285355650 -0.381765210617620 0.077729442161643 0.034451561930848 -0.195384516835906 -0.386048012004550 -0.237563407732289 1.347289035293908 -0.418015477701705
-0.503048966631189 -0.382708450975917 0.075788751714678 0.033263744892187 -0.188648071659436 -0.388138089393059 -0.233397135716018 1.323660932526227 -0.353705404211868
-0.502888482835121 -0.383618599810901 0.073839218632607 0.032096759213607 -0.182029766996805 -0.389906616414118 -0.229230863690866 1.300032829754105 -0.289395330717035
-0.502733729810645 -0.384496247825142 0.071882450667269 0.030950604895152 -0.175529602848035 -0.391353593067703 -0.225064591670154 1.276404726984204 -0.225085257225532
-0.502584603400961 -0.385341985721207 0.069920055570499 0.029825281936802 -0.169147579213114 -0.392479019353831 -0.220898319649443 1.252776624214302 -0.160775183731809
-0.502440999449268 -0.386156404201667 0.067953641094137 0.028720790338554 -0.162883696092042 -0.393282895272490 -0.216732047633172 1.229148521444401 -0.096465110238642
-0.502302813798766 -0.386940093969091 0.065984814990019 0.027637130100389 -0.156737953484820 -0.393765220823683 -0.212565775603579 1.205520418674499 -0.032155036746584
-0.502169942292655 -0.387693645726049 0.064015185009981 0.026574301222371 -0.150710351391448 -0.393925996007416 -0.208399503587309 1.181892315897937 0.032155036746584
-0.502042280774132 -0.388417650175108 0.062046358905863 0.025532303704434 -0.144800889811958 -0.393765220823683 -0.204233231562156 1.158264213134697 0.096465110239197
-0.501919725086399 -0.389112698018840 0.060079944429501 0.024511137546623 -0.139009568746284 -0.393282895272487 -0.200066959541445 1.134636110358134 0.160775183731809
-0.501802171072655 -0.389779379959812 0.058117549332731 0.023510802748916 -0.133336388194494 -0.392479019353828 -0.195900687525175 1.111008007594894 0.225085257224422
-0.501689514576098 -0.390418286700595 0.056160781367393 0.022531299311290 -0.127781348156519 -0.391353593067706 -0.191734415500022 1.087379904818331 0.289395330718145
-0.501581651439929 -0.391030008943757 0.054211248285322 0.021572627233790 -0.122344448632428 -0.389906616414115 -0.187568143474870 1.063751802050650 0.353705404210758
-0.501478477507347 -0.391615137391868 0.052270557838357 0.020634786516416 -0.117025689622174 -0.388138089393061 -0.183401871458599 1.040123699276307 0.418015477702538
-0.501379888621552 -0.392174262747497 0.050340317778334 0.019717777159123 -0.111825071125793 -0.386048012004549 -0.179235599437888 1.016495596510847 0.482325551195983
-0.501285780625742 -0.392707975713213 0.048422135857091 0.018821599161933 -0.106742593143239 -0.383636384248569 -0.175069327412736 0.992867493736505 0.546635624689706
-0.501196049363118 -0.393216866991586 0.046517619826466 0.017946252524870 -0.101778255674556 -0.380903206125120 -0.170903055392024 0.969239390968823 0.610945698181209
-0.501110590676878 -0.393701527285184 0.044628377438295 0.017091737247910 -0.096932058719712 -0.377848477634214 -0.166736783375754 0.945611288196702 0.675255771674654
-0.501029300410223 -0.394162547296578 0.042756016444416 0.016258053331031 -0.092204002278728 -0.374472198775841 -0.162570511346161 0.921983185426800 0.739565845166990
-0.500952074406351 -0.394600517728336 0.040902144596666 0.015445200774300 -0.087594086351594 -0.370774369550006 -0.158404239329890 0.898355082659119 0.803875918660435
-0.500878808508463 -0.395016029283028 0.039068369646882 0.014653179577651 -0.083102310938299 -0.366754989956704 -0.154237967309179 0.874726979880336 0.868185992153048
-0.500809398559758 -0.395409672663222 0.037256299346902 0.013881989741105 -0.078728676038897 -0.362414059995939 -0.150071695284026 0.851098877119316 0.932496065645383
-0.500743740403434 -0.395782038571489 0.035467541448564 0.013131631264685 -0.074473181653301 -0.357751579667712 -0.145905423267756 0.827470774342753 0.996806139138828
-0.500681729882692 -0.396133717710397 0.033703703703704 0.012402104148346 -0.070335827781587 -0.352767548972018 -0.141739151238163 0.803842671572852 1.061116212631441
-0.500623262840732 -0.396465300782515 0.031966393864159 0.011693408392155 -0.066316614423723 -0.347461967908860 -0.137572879226333 0.780214568805171 1.125426286124054
-0.500568235120752 -0.396777378490414 0.030257219681768 0.011005543996023 -0.062415541579697 -0.341834836478240 -0.133406607196740 0.756586466033049 1.189736359616667
-0.500516542565951 -0.397070541536661 0.028577788908367 0.010338510960040 -0.058632609249532 -0.335886154680157 -0.129240335180469 0.732958363263148 1.254046433109979
-0.500468081019531 -0.397345380623827 0.026929709295794 0.009692309284137 -0.054967817433216 -0.329615922514607 -0.125074063159758 0.709330260491026 1.318356506602858
-0.500422746324689 -0.397602486454481 0.025314588595886 0.009066938968338 -0.051421166130761 -0.323024139981593 -0.120907791134606 0.685702157721124 1.382666580095204
-0.500380434324626 -0.397842449731192 0.023734034560481 0.008462400012665 -0.047992655342155 -0.316110807081116 -0.116741519118335 0.662074054953443 1.446976653588361
-0.500341040862540 -0.398065861156529 0.022189654941415 0.007878692417074 -0.044682285067388 -0.308875923813175 -0.112575247088742 0.638445952176880 1.511286727080841
-0.500304461781632 -0.398273311433061 0.020683057490526 0.007315816181630 -0.041490055306503 -0.301319490177770 -0.108408975072471 0.614817849411420 1.575596800574008
-0.500270592925101 -0.398465391263359 0.019215849959652 0.006773771306268 -0.038415966059446 -0.293441506174900 -0.104242703051760 0.591189746641518 1.639906874066621
-0.500239330136146 -0.398642691349990 0.017789640100629 0.006252557791009 -0.035460017326239 -0.285241971804567 -0.100076431031049 0.567561643867176 1.704216947559378
-0.500210569257966 -0.398805802395524 0.016406035665295 0.005752175635854 -0.032622209106903 -0.276720887066770 -0.095910159005896 0.543933541099495 1.768527021052402
-0.500184206133762 -0.398955315102531 0.015066644405487 0.005272624840824 -0.029902541401405 -0.267878251961508 -0.091743886989626 0.520305438327373 1.832837094545015
-0.500160136606733 -0.399091820173580 0.013773074073043 0.004813905405876 -0.027301014209768 -0.258714066488783 -0.087577614960033 0.496677335555251 1.897147168037899
-0.500138256520078 -0.399215908311240 0.012526932419800 0.004376017331076 -0.024817627531992 -0.249228330648594 -0.083411342948203 0.473049232789791 1.961457241530656
-0.500118461716996 -0.399328170218080 0.011329827197596 0.003958960616335 -0.022452381368043 -0.239421044440941 -0.079245070923051 0.449421130017669 2.025767315023546
-0.500100648040687 -0.399429196596670 0.010183366158267 0.003562735261720 -0.020205275717955 -0.229292207865823 -0.075078798897898 0.425793027243326 2.090077388516298
-0.500084711334351 -0.399519578149579 0.009089157053650 0.003187341267230 -0.018076310581738 -0.218841820923241 -0.070912526877187 0.402164924475645 2.154387462009122
-0.500070547441187 -0.399599905579376 0.008048807635584 0.002832778632844 -0.016065485959360 -0.208069883613196 -0.066746254860917 0.378536821703523 2.218697535502040
-0.500058052204394 -0.399670769588630 0.007063925655906 0.002499047358540 -0.014172801850842 -0.196976395935686 -0.062579982840205 0.354908718938063 2.283007608994692
-0.500047121467173 -0.399732760879911 0.006136118866453 0.002186147444339 -0.012398258256152 -0.185561357890712 -0.058413710810612 0.331280616161500 2.347317682487582
-0.500037651072721 -0.399786470155787 0.005266995019061 0.001894078890285 -0.010741855175345 -0.173824769478274 -0.054247438798782 0.307652513393819 2.411627755980333
-0.500029536864240 -0.399832488118829 0.004458161865569 0.001622841696292 -0.009203592608376 -0.161766630698373 -0.050081166769189 0.284024410621697 2.475937829473240
-0.500022674684927 -0.399871405471606 0.003711227157814 0.001372435862446 -0.007783470555267 -0.149386941551006 -0.045914894752919 0.260396307854016 2.540247902965958
-0.500016960377984 -0.399903812916686 0.003027798647633 0.001142861388681 -0.006481489015997 -0.136685702036177 -0.041748622727766 0.236768205081894 2.604557976458815
-0.500012289786609 -0.399930301156638 0.002409484086864 0.000934118275042 -0.005297647990588 -0.123662912153882 -0.037582350707055 0.213140102311993 2.668868049951600
-0.500008558754001 -0.399951460894034 0.001857891227343 0.000746206521507 -0.004231947479028 -0.110318571904124 -0.033416078690784 0.189511999537650 2.733178123444438
-0.500005663123361 -0.399967882831440 0.001374627820909 0.000579126128053 -0.003284387481339 -0.096652681286902 -0.029249806665632 0.165883896772190 2.797488196937220
-0.500003498737887 -0.399980157671428 0.000961301619398 0.000432877094725 -0.002454967997478 -0.082665240302216 -0.025083534640480 0.142255794000068 2.861798270430049
-0.500001961440780 -0.399988876116565 0.000619520374647 0.000307459421522 -0.001743689027478 -0.068356248950066 -0.020917262628650 0.118627691230166 2.926108343922853
-0.500000947075238 -0.399994628869422 0.000350891838495 0.000202873108379 -0.001150550571327 -0.053725707230452 -0.016750990594616 0.094999588455824 2.990418417415661
-0.500000351484461 -0.399998006632567 0.000157023762778 0.000119118155406 -0.000675552629048 -0.038773615143373 -0.012584718587227 0.071371485690364 3.054728490908474
