-0.500001439465683 -0.429991836384443 0.000110770818828 -0.000287893136575 0.001632723111422 0.022154163765526 -0.125979669158838 0.714466207345499 8.659113151782801
-0.500006028423095 -0.429965811113702 0.000438019466450 -0.000917791482369 0.005205054148150 0.065449729524440 -0.142213290956761 0.806531651518227 8.355284620141298
-0.500014172712780 -0.429919622551673 0.000974150229576 -0.001628857937153 0.009237712405741 0.107226152625147 -0.158446912754684 0.898597095684295 8.051456088499798
-0.500026278175285 -0.429850969062253 0.001711567394914 -0.002421092500926 0.013730697884162 0.147483433067646 -0.174680534557048 0.990662539850362 7.747627556858300
-0.500042750651154 -0.429757549009336 0.002642675249173 -0.003294495173711 0.018684010583414 0.186221570851937 -0.190914156346089 1.082727984023091 7.443799025216779
-0.500063995980931 -0.429637060756818 0.003759878079064 -0.004249065955442 0.024097650503530 0.223440565978021 -0.207147778152894 1.174793428186938 7.139970493575293
-0.500090420005162 -0.429487202668596 0.005055580171293 -0.005284804846206 0.029971617644464 0.259140418445898 -0.223381399946376 1.266858872357446 6.836141961933817
-0.500122428564392 -0.429305673108564 0.006522185812571 -0.006401711845938 0.036305912006251 0.293321128255567 -0.239615021739858 1.358924316525734 6.532313430292269
-0.500160427499165 -0.429090170440620 0.008152099289606 -0.007599786954637 0.043100533588880 0.325982695407028 -0.255848643546663 1.450989760694021 6.228484898650854
-0.500204822650027 -0.428838393028658 0.009937724889107 -0.008879030172371 0.050355482392350 0.357125119900282 -0.272082265335705 1.543055204860089 5.924656367009140
-0.500256019857522 -0.428548039236575 0.011871466897784 -0.010239441499049 0.058070758416651 0.386748401735328 -0.288315887138069 1.635120649030597 5.620827835367825
-0.500314424962196 -0.428216807428266 0.013945729602345 -0.011681020934740 0.066246361661804 0.414852540912167 -0.304549508940433 1.727186093198885 5.316999303726432
-0.500380443804593 -0.427842395967627 0.016152917289499 -0.013203768479442 0.074882292127798 0.441437537430799 -0.320783130729474 1.819251537367172 5.013170772084496
-0.500454482225258 -0.427422503218554 0.018485434245955 -0.014807684133089 0.083978549814634 0.466503391291222 -0.337016752531838 1.911316981535460 4.709342240443448
-0.500536946064737 -0.426954827544942 0.020935684758422 -0.016492767895748 0.093535134722311 0.490050102493439 -0.353250374325320 2.003382425701528 4.405513708801845
-0.500628241163574 -0.426437067310688 0.023496073113609 -0.018259019767375 0.103552046850819 0.512077671037448 -0.369483996127684 2.095447869872036 4.101685177160119
-0.500728773362314 -0.425866920879687 0.026159003598226 -0.020106439748013 0.114029286200179 0.532586096923249 -0.385717617925607 2.187513314038103 3.797856645518927
-0.500838948501502 -0.425242086615835 0.028916880498980 -0.022035027837641 0.124966852770370 0.551575380150843 -0.401951239723530 2.279578758213052 3.494028113877201
-0.500959172421683 -0.424560262883028 0.031762108102581 -0.024044784036259 0.136364746561435 0.569045520720229 -0.418184861517013 2.371644202372458 3.190199582235875
-0.501089850963403 -0.423819148045162 0.034687090695738 -0.026135708343844 0.148222967573297 0.584996518631409 -0.434418483319376 2.463709646545187 2.886371050594128
-0.501231389967205 -0.423016440466132 0.037684232565160 -0.028307800760441 0.160541515806023 0.599428373884379 -0.450652105112859 2.555775090711254 2.582542518952691
-0.501384195273635 -0.422149838509834 0.040745937997556 -0.030561061286005 0.173320391259579 0.612341086479143 -0.466885726915223 2.647840534883983 2.278713987311498
-0.501548672723238 -0.421217040540164 0.043864611279634 -0.032895489920581 0.186559593933999 0.623734656415700 -0.483119348708705 2.739905979047830 1.974885455669484
-0.501725228156558 -0.420215744921017 0.047032656698104 -0.035311086664125 0.200259123829238 0.633609083694048 -0.499352970511069 2.831971423216118 1.671056924028291
-0.501914267414142 -0.419143650016291 0.050242478539675 -0.037807851516680 0.214418980945319 0.641964368314189 -0.515586592304551 2.924036867388846 1.367228392387121
-0.502116196336533 -0.417998454189880 0.053486481091056 -0.040385784478203 0.229039165282263 0.648800510276125 -0.531820214106915 3.016102311552693 1.063399860744552
-0.502331420764277 -0.416777855805679 0.056757068638955 -0.043044885548738 0.244119676840027 0.654117509579848 -0.548053835900397 3.108167755723201 0.759571329104491
-0.502560346537918 -0.415479553227586 0.060046645470082 -0.045785154728240 0.259660515618643 0.657915366225370 -0.564287457698320 3.200233199889269 0.455742797462189
-0.502803379498001 -0.414101244819496 0.063347615871146 -0.048606592016731 0.275661681618089 0.660194080212681 -0.580521079500684 3.292298644061997 0.151914265820174
-0.503060925485073 -0.412640628945304 0.066652384128854 -0.051509197414235 0.292123174838399 0.660953651541782 -0.596754701289726 3.384364088223624 -0.151914265820174
-0.503333390339676 -0.411095403968906 0.069953354529918 -0.054492970920683 0.309044995279517 0.660194080212681 -0.612988323096531 3.476429532396352 -0.455742797462189
-0.503621179902357 -0.409463268254199 0.073242931361045 -0.057557912536166 0.326427142941499 0.657915366225370 -0.629221944894454 3.568494976566861 -0.759571329104203
-0.503924700013660 -0.407741920165077 0.076513518908944 -0.060704022260638 0.344269617824333 0.654117509579849 -0.645455566683495 3.660560420728487 -1.063399860745662
-0.504244356514130 -0.405929058065437 0.079757521460325 -0.063931300094056 0.362572419927976 0.648800510276121 -0.661689188485859 3.752625864898995 -1.367228392386011
-0.504580555244313 -0.404022380319175 0.082967343301896 -0.067239746036485 0.381335549252471 0.641964368314191 -0.677922810288223 3.844691309073944 -1.671056924028025
-0.504933702044752 -0.402019585290186 0.086135388720366 -0.070629360087926 0.400559005797840 0.633609083694051 -0.694156432077264 3.936756753233350 -1.974885455670594
-0.505304202755994 -0.399918371342366 0.089254062002444 -0.074100142248312 0.420242789564007 0.623734656415698 -0.710390053884069 4.028822197401638 -2.278713987310388
-0.505692463218583 -0.397716436839610 0.092315767434840 -0.077652092517733 0.440386900551015 0.612341086479146 -0.726623675673110 4.120887641578808 -2.582542518954067
-0.506098889273063 -0.395411480145816 0.095312909304262 -0.081285210896098 0.460991338758909 0.599428373884375 -0.742857297479915 4.212953085738214 -2.886371050592196
-0.506523886759981 -0.393001199624878 0.098237891897419 -0.084999497383498 0.482056104187600 0.584996518631414 -0.759090919268957 4.305018529913163 -3.190199582238096
-0.506967861519880 -0.390483293640692 0.101083119501020 -0.088794951979843 0.503581196837166 0.569045520720224 -0.775324541075761 4.397083974077010 -3.494028113875114
-0.507431219393306 -0.387855460557154 0.103840996401774 -0.092671574685221 0.525566616707551 0.551575380150848 -0.791558162864803 4.489149418243077 -3.797856645519904
-0.507914366220804 -0.385115398738161 0.106503926886391 -0.096629365499545 0.548012363798767 0.532586096923249 -0.807791784667167 4.581214862420246 -4.101685177161363
-0.508417707842918 -0.382260806547606 0.109064315241578 -0.100668324422881 0.570918438110868 0.512077671037442 -0.824025406460649 4.673280306579652 -4.405513708799491
-0.508941650100194 -0.379289382349387 0.111514565754045 -0.104788451455184 0.594284839643766 0.490050102493444 -0.840259028267454 4.765345750752381 -4.709342240444281
-0.509486598833176 -0.376198824507400 0.113847082710501 -0.108989746596522 0.618111568397528 0.466503391291223 -0.856492650056495 4.857411194916228 -5.013170772086295
-0.510052959882411 -0.372986831385539 0.116054270397655 -0.113272209846804 0.642398624372109 0.441437537430792 -0.872726271858859 4.949476639093398 -5.316999303724423
-0.510641139088441 -0.369651101347701 0.118128533102216 -0.117635841206098 0.667146007567576 0.414852540912169 -0.888959893652341 5.041542083248363 -5.620827835368658
-0.511251542291813 -0.366189332757782 0.120062275110893 -0.122080640674360 0.692353717983818 0.386748401735326 -0.905193515454705 5.133607527429973 -5.924656367009007
-0.511884575333071 -0.362599223979677 0.121847900710394 -0.126606608251634 0.718021755620968 0.357125119900281 -0.921427137252628 5.225672971593820 -6.228484898649356
-0.512540644052760 -0.358878473377283 0.123477814187429 -0.131213743937897 0.744150120478937 0.325982695407034 -0.937660759046111 5.317738415757667 -6.532313430294145
-0.513220154291426 -0.355024779314494 0.124944419828707 -0.135902047733127 0.770738812557725 0.293321128255564 -0.953894380848475 5.409803859928175 -6.836141961933384
-0.513923511889613 -0.351035840155207 0.126240121920936 -0.140671519637370 0.797787831857366 0.259140418445897 -0.970128002641957 5.501869304098683 -7.139970493575953
-0.514651122687866 -0.346909354263318 0.127357324750826 -0.145522159650580 0.825297178377860 0.223440565978017 -0.986361624444321 5.593934748266971 -7.443799025216302
-0.515403392526730 -0.342643020002722 0.128288432605086 -0.150453967772801 0.853266852119194 0.186221570851935 -1.002595246237803 5.686000192433038 -7.747627556857761
-0.516180727246750 -0.338234535737315 0.129025849770424 -0.155466944003990 0.881696853081360 0.147483433067647 -1.018828868035726 5.778065636601326 -8.051456088499220
-0.516983532688471 -0.333681599830993 0.129561980533550 -0.160561088344169 0.910587181264366 0.107226152625151 -1.035062489838090 5.870131080771834 -8.355284620141790
-0.517812214692437 -0.328981910647652 0.129889229181172 -0.165736400793359 0.939937836668225 0.065449729524442 -1.051296111631572 5.962196524937902 -8.659113151782138
-0.518667179099195 -0.324133166551188 0.130000000000000 -0.170992881351517 0.969748819292915 0.022154163765531 -0.057578627314925 0.326544622284430 -4.430832753106184
-0.519523582971635 -0.319276258839166 0.130000000000000 -0.171280774488092 0.971381542404337 0.000000000000000 0.925316442472734 -5.247730317590182 0.000000000000000
-0.520356853933014 -0.314550544385084 0.130000000000000 -0.166654192275728 0.945142890816386 0.000000000000000 0.892849198881329 -5.063599429258048 0.000000000000000
-0.521167803664421 -0.309951419916734 0.130000000000000 -0.162189946281321 0.919824893670096 0.000000000000000 0.860381955281042 -4.879468540914811 0.000000000000000
-0.521957243846945 -0.305474282161906 0.130000000000000 -0.157888036504916 0.895427550965522 0.000000000000000 0.827914711680755 -4.695337652582676 0.000000000000000
-0.522725986161678 -0.301114527848393 0.130000000000000 -0.153748462946512 0.871950862702608 0.000000000000000 0.795447468098232 -4.511206764246101 0.000000000000000
-0.523474842289708 -0.296867553703986 0.130000000000000 -0.149771225606021 0.849394828881378 0.000000000000000 0.762980224489063 -4.327075875907305 0.000000000000000
-0.524204623912126 -0.292728756456477 0.130000000000000 -0.145956324483576 0.827759449501841 0.000000000000000 0.730512980906539 -4.142944987572950 0.000000000000000
-0.524916142710021 -0.288693532833657 0.130000000000000 -0.142303759579043 0.807044724563977 0.000000000000000 0.698045737297370 -3.958814099234154 0.000000000000000
-0.525610210364484 -0.284757279563318 0.130000000000000 -0.138813530892556 0.787250654067806 0.000000000000000 0.665578493714847 -3.774683210899799 0.000000000000000
-0.526287638556604 -0.280915393373251 0.130000000000000 -0.135485638423982 0.768377238013307 0.000000000000000 0.633111250110119 -3.590552322561003 0.000000000000000
-0.526949238967471 -0.277163270991249 0.130000000000000 -0.132320082173432 0.750424476400502 0.000000000000000 0.600644006518714 -3.406421434228868 0.000000000000000
-0.527595823278175 -0.273496309145102 0.130000000000000 -0.129316862140838 0.733392369229358 0.000000000000000 0.568176762918426 -3.222290545887851 0.000000000000000
-0.528228203169806 -0.269909904562602 0.130000000000000 -0.126475978326246 0.717280916499918 0.000000000000000 0.535709519331462 -3.038159657551276 0.000000000000000
-0.528847190323454 -0.266399453971542 0.130000000000000 -0.123797430729589 0.702090118212162 0.000000000000000 0.503242275726734 -2.854028769216921 0.000000000000000
-0.529453596420209 -0.262960354099711 0.130000000000000 -0.121281219350955 0.687819974366077 0.000000000000000 0.470775032139770 -2.669897880878125 0.000000000000000
-0.530048233141160 -0.259588001674903 0.130000000000000 -0.118927344190256 0.674470484961687 0.000000000000000 0.438307788535042 -2.485766992548211 0.000000000000000
-0.530631912167398 -0.256277793424908 0.130000000000000 -0.116735805247581 0.662041649998946 0.000000000000000 0.405840544948077 -2.301636104202753 0.000000000000000
-0.531205445180012 -0.253025126077518 0.130000000000000 -0.114706602522840 0.650533469477932 0.000000000000000 0.373373301347790 -2.117505215870619 0.000000000000000
-0.531769643860093 -0.249825396360526 0.130000000000000 -0.112839736016102 0.639945943398579 0.000000000000000 0.340906057751944 -1.933374327535153 0.000000000000000
-0.532325319888730 -0.246674001001721 0.130000000000000 -0.111135205727342 0.630279071760903 0.000000000000000 0.308438814160539 -1.749243439196357 0.000000000000000
-0.532873284947012 -0.243566336728896 0.130000000000000 -0.109593011656539 0.621532854564921 0.000000000000000 0.275971570560252 -1.565112550859782 0.000000000000000
-0.533414350716031 -0.240497800269843 0.130000000000000 -0.108213153803738 0.613707291810622 0.000000000000000 0.243504326968846 -1.380981662524317 0.000000000000000
-0.533949328876876 -0.237463788352353 0.130000000000000 -0.106995632168894 0.606802383498001 0.000000000000000 0.211037083368559 -1.196850774187741 0.000000000000000
-0.534479031110636 -0.234459697704218 0.130000000000000 -0.105940446752051 0.600818129627062 0.000000000000000 0.178569839777154 -1.012719885851165 0.000000000000000
-0.535004269098402 -0.231480925053229 0.130000000000000 -0.105047597553165 0.595754530197806 0.000000000000000 0.146102596176867 -0.828588997512369 0.000000000000000
-0.535525854521263 -0.228522867127178 0.130000000000000 -0.104317084572281 0.591611585210244 0.000000000000000 0.113635352589903 -0.644458109180235 0.000000000000000
-0.536044599060310 -0.225580920653856 0.130000000000000 -0.103748907809331 0.588389294664343 0.000000000000000 0.081168108985175 -0.460327220839218 0.000000000000000
-0.536561314396632 -0.222650482361055 0.130000000000000 -0.103343067264405 0.586087658560147 0.000000000000000 0.048700865393769 -0.276196332507084 0.000000000000000
-0.537076812211319 -0.219726948976567 0.130000000000000 -0.103099562937436 0.584706676897612 0.000000000000000 0.016233621797923 -0.092065444168288 0.000000000000000
-0.537591904185461 -0.216805717228183 0.130000000000000 -0.103018394828447 0.584246349676770 0.000000000000000 -0.016233621797923 0.092065444168288 0.000000000000000
-0.538107402000148 -0.213882183843695 0.130000000000000 -0.103099562937436 0.584706676897612 0.000000000000000 -0.048700865393769 0.276196332508194 0.000000000000000
-0.538624117336470 -0.210951745550895 0.130000000000000 -0.103343067264405 0.586087658560153 0.000000000000000 -0.081168108989615 0.460327220839218 0.000000000000000
-0.539142861875517 -0.208009799077573 0.130000000000000 -0.103748907809353 0.588389294664349 0.000000000000000 -0.113635352585462 0.644458109175794 0.000000000000000
-0.539664447298378 -0.205051741151522 0.130000000000000 -0.104317084572281 0.591611585210228 0.000000000000000 -0.146102596176867 0.828588997517921 0.000000000000000
-0.540189685286144 -0.202072968500533 0.130000000000000 -0.105047597553165 0.595754530197817 0.000000000000000 -0.178569839777154 1.012719885847835 0.000000000000000
-0.540719387519905 -0.199068877852397 0.130000000000000 -0.105940446752051 0.600818129627056 0.000000000000000 -0.211037083368559 1.196850774188851 0.000000000000000
-0.541254365680749 -0.196034865934907 0.130000000000000 -0.106995632168894 0.606802383498001 0.000000000000000 -0.243504326968846 1.380981662524317 0.000000000000000
-0.541795431449768 -0.192966329475854 0.130000000000000 -0.108213153803738 0.613707291810622 0.000000000000000 -0.275971570560252 1.565112550859782 0.000000000000000
-0.542343396508050 -0.189858665203030 0.130000000000000 -0.109593011656539 0.621532854564921 0.000000000000000 -0.308438814160539 1.749243439198578 0.000000000000000
-0.542899072536687 -0.186707269844225 0.130000000000000 -0.111135205727342 0.630279071760914 0.000000000000000 -0.340906057751944 1.933374327534043 0.000000000000000
-0.543463271216768 -0.183507540127232 0.130000000000000 -0.112839736016102 0.639945943398584 0.000000000000000 -0.373373301347790 2.117505215866178 0.000000000000000
-0.544036804229382 -0.180254872779843 0.130000000000000 -0.114706602522840 0.650533469477915 0.000000000000000 -0.405840544943636 2.301636104207194 0.000000000000000
-0.544620483255620 -0.176944664529848 0.130000000000000 -0.116735805247559 0.662041649998951 0.000000000000000 -0.438307788543923 2.485766992544880 0.000000000000000
-0.545215119976571 -0.173572312105039 0.130000000000000 -0.118927344190278 0.674470484961676 0.000000000000000 -0.470775032130888 2.669897880882566 0.000000000000000
-0.545821526073326 -0.170133212233209 0.130000000000000 -0.121281219350933 0.687819974366088 0.000000000000000 -0.503242275735616 2.854028769212480 0.000000000000000
-0.546440513226974 -0.166622761642148 0.130000000000000 -0.123797430729611 0.702090118212151 0.000000000000000 -0.535709519322580 3.038159657555717 0.000000000000000
-0.547072893118605 -0.163036357059649 0.130000000000000 -0.126475978326224 0.717280916499929 0.000000000000000 -0.568176762922867 3.222290545885631 0.000000000000000
-0.547719477429309 -0.159369395213502 0.130000000000000 -0.129316862140838 0.733392369229358 0.000000000000000 -0.600644006518714 3.406421434228868 0.000000000000000
-0.548381077840176 -0.155617272831499 0.130000000000000 -0.132320082173432 0.750424476400502 0.000000000000000 -0.633111250114560 3.590552322561003 0.000000000000000
-0.549058506032296 -0.151775386641433 0.130000000000000 -0.135485638424004 0.768377238013307 0.000000000000000 -0.665578493705965 3.774683210897578 0.000000000000000
-0.549752573686759 -0.147839133371094 0.130000000000000 -0.138813530892534 0.787250654067795 0.000000000000000 -0.698045737306252 3.958814099238595 0.000000000000000
-0.550464092484654 -0.143803909748274 0.130000000000000 -0.142303759579065 0.807044724563988 0.000000000000000 -0.730512980897657 4.142944987570729 0.000000000000000
-0.551193874107072 -0.139665112500765 0.130000000000000 -0.145956324483554 0.827759449501841 0.000000000000000 -0.762980224497944 4.327075875907305 0.000000000000000
-0.551942730235102 -0.135418138356358 0.130000000000000 -0.149771225606044 0.849394828881378 0.000000000000000 -0.795447468089350 4.511206764248321 0.000000000000000
-0.552711472549835 -0.131058384042845 0.130000000000000 -0.153748462946490 0.871950862702620 0.000000000000000 -0.827914711689637 4.695337652578235 0.000000000000000
-0.553500912732359 -0.126581246288017 0.130000000000000 -0.157888036504938 0.895427550965511 0.000000000000000 -0.860381955276601 4.879468540919252 0.000000000000000
-0.554311862463766 -0.121982121819667 0.130000000000000 -0.162189946281321 0.919824893670107 0.000000000000000 -0.892849198881329 5.063599429251386 0.000000000000000
-0.555145133425145 -0.117256407365585 0.130000000000000 -0.166654192275728 0.945142890816364 0.000000000000000 -0.925316442472734 5.247730317594623 0.000000000000000
-0.556001537297585 -0.112399499653563 0.130000000000000 -0.171280774488092 0.971381542404337 0.000000000000000 0.057578627314925 -0.326544622282210 -4.430832753105074
-0.556856501704343 -0.107550755557098 0.129889229181172 -0.170992881351517 0.969748819292926 -0.022154163765525 1.051296111631572 -5.962196524940122 -8.659113151783249
-0.557685183708309 -0.102851066373757 0.129561980533550 -0.165736400793359 0.939937836668225 -0.065449729524442 1.035062489838090 -5.870131080771834 -8.355284620140679
-0.558487989150030 -0.098298130467435 0.129025849770424 -0.160561088344169 0.910587181264366 -0.107226152625145 1.018828868035726 -5.778065636599106 -8.051456088500331
-0.559265323870050 -0.093889646202029 0.128288432605086 -0.155466944003990 0.881696853081371 -0.147483433067647 1.002595246237803 -5.686000192437479 -7.747627556857761
-0.560017593708914 -0.089623311941433 0.127357324750827 -0.150453967772801 0.853266852119183 -0.186221570851935 0.986361624444321 -5.593934748264751 -7.443799025217412
-0.560745204507167 -0.085496826049543 0.126240121920936 -0.145522159650580 0.825297178377860 -0.223440565978023 0.970128002641957 -5.501869304096463 -7.139970493574843
-0.561448562105354 -0.081507886890256 0.124944419828707 -0.140671519637370 0.797787831857377 -0.259140418445897 0.953894380848475 -5.409803859930395 -6.836141961934494
-0.562128072344020 -0.077654192827468 0.123477814187429 -0.135902047733127 0.770738812557725 -0.293321128255569 0.937660759050551 -5.317738415759887 -6.532313430291925
-0.562784141063709 -0.073933442225073 0.121847900710394 -0.131213743937875 0.744150120478926 -0.325982695407029 0.921427137248187 -5.225672971593820 -6.228484898650466
-0.563417174104967 -0.070343333446968 0.120062275110893 -0.126606608251634 0.718021755620957 -0.357125119900281 0.905193515450264 -5.133607527423312 -5.924656367009007
-0.564027577308339 -0.066881564857049 0.118128533102216 -0.122080640674382 0.692353717983840 -0.386748401735326 0.888959893656782 -5.041542083255024 -5.620827835368658
-0.564615756514370 -0.063545834819211 0.116054270397655 -0.117635841206098 0.667146007567565 -0.414852540912169 0.872726271858859 -4.949476639088957 -5.316999303725534
-0.565182117563604 -0.060333841697351 0.113847082710501 -0.113272209846804 0.642398624372120 -0.441437537430797 0.856492650060936 -4.857411194920669 -5.013170772084630
-0.565727066296586 -0.057243283855363 0.111514565754045 -0.108989746596500 0.618111568397517 -0.466503391291220 0.840259028258572 -4.765345750750161 -4.709342240444281
-0.566251008553862 -0.054271859657144 0.109064315241578 -0.104788451455207 0.594284839643766 -0.490050102493442 0.824025406465090 -4.673280306581873 -4.405513708801156
-0.566754350175977 -0.051417267466590 0.106503926886391 -0.100668324422881 0.570918438110857 -0.512077671037448 0.807791784667167 -4.581214862413585 -4.101685177160252
-0.567237497003474 -0.048677205647596 0.103840996401774 -0.096629365499545 0.548012363798789 -0.532586096923249 0.791558162869244 -4.489149418249738 -3.797856645518793
-0.567700854876900 -0.046049372564058 0.101083119501020 -0.092671574685199 0.525566616707540 -0.551575380150843 0.775324541066880 -4.397083974077010 -3.494028113877889
-0.568144829636800 -0.043531466579873 0.098237891897419 -0.088794951979865 0.503581196837155 -0.569045520720232 0.759090919277838 -4.305018529906501 -3.190199582234765
-0.568569827123717 -0.041121186058935 0.095312909304262 -0.084999497383476 0.482056104187623 -0.584996518631406 0.742857297471033 -4.212953085747095 -2.886371050594416
-0.568976253178198 -0.038816229365140 0.092315767434840 -0.081285210896120 0.460991338758887 -0.599428373884378 0.726623675681992 -4.120887641567705 -2.582542518953512
-0.569364513640786 -0.036614294862385 0.089254062002444 -0.077652092517710 0.440386900551049 -0.612341086479146 0.710390053875187 -4.028822197408299 -2.278713987310388
-0.569735014352028 -0.034513080914565 0.086135388720366 -0.074100142248334 0.420242789564007 -0.623734656415698 0.694156432086146 -3.936756753237791 -1.974885455670039
-0.570088161152467 -0.032510285885576 0.082967343301896 -0.070629360087904 0.400559005797818 -0.633609083694048 0.677922810279341 -3.844691309067283 -1.671056924028580
-0.570424359882650 -0.030603608139313 0.079757521460325 -0.067239746036507 0.381335549252482 -0.641964368314191 0.661689188490300 -3.752625864898995 -1.367228392387121
-0.570744016383120 -0.028790746039673 0.076513518908944 -0.063931300094056 0.362572419927987 -0.648800510276126 0.645455566687936 -3.660560420735148 -1.063399860743997
-0.571047536494423 -0.027069397950552 0.073242931361045 -0.060704022260616 0.344269617824311 -0.654117509579846 0.629221944890013 -3.568494976562420 -0.759571329104758
-0.571335326057104 -0.025437262235844 0.069953354529918 -0.057557912536166 0.326427142941499 -0.657915366225370 0.612988323092090 -3.476429532394132 -0.455742797462189
-0.571607790911708 -0.023892037259447 0.066652384128854 -0.054492970920705 0.309044995279528 -0.660194080212681 0.596754701294167 -3.384364088228065 -0.151914265820174
-0.571865336898779 -0.022431421385255 0.063347615871146 -0.051509197414235 0.292123174838388 -0.660953651541782 0.580521079500684 -3.292298644059777 0.151914265820174
-0.572108369858862 -0.021053112977164 0.060046645470082 -0.048606592016731 0.275661681618089 -0.660194080212681 0.564287457698320 -3.200233199889269 0.455742797462477
-0.572337295632504 -0.019754810399071 0.056757068638955 -0.045785154728240 0.259660515618643 -0.657915366225369 0.548053835904838 -3.108167755723201 0.759571329103914
-0.572552520060247 -0.018534212014871 0.053486481091056 -0.043044885548715 0.244119676840027 -0.654117509579849 0.531820214102474 -3.016102311552693 1.063399860745395
-0.572754448982638 -0.017389016188460 0.050242478539675 -0.040385784478203 0.229039165282263 -0.648800510276122 0.515586592304551 -2.924036867388846 1.367228392386566
-0.572943488240222 -0.016316921283733 0.047032656698105 -0.037807851516680 0.214418980945319 -0.641964368314189 0.499352970506628 -2.831971423216118 1.671056924027470
-0.573120043673542 -0.015315625664587 0.043864611279634 -0.035311086664147 0.200259123829238 -0.633609083694052 0.483119348713146 -2.739905979047830 1.974885455670861
-0.573284521123145 -0.014382827694917 0.040745937997556 -0.032895489920581 0.186559593933999 -0.623734656415698 0.466885726915223 -2.647840534881762 2.278713987310388
-0.573437326429575 -0.013516225738619 0.037684232565160 -0.030561061286005 0.173320391259590 -0.612341086479146 0.450652105112859 -2.555775090713475 2.582542518954067
-0.573578865433377 -0.012713518159589 0.034687090695738 -0.028307800760441 0.160541515806023 -0.599428373884375 0.434418483319376 -2.463709646545187 2.886371050592196
-0.573709543975097 -0.011972403321722 0.031762108102581 -0.026135708343844 0.148222967573297 -0.584996518631414 0.418184861517013 -2.371644202374679 3.190199582238096
-0.573829767895278 -0.011290579588915 0.028916880498980 -0.024044784036259 0.136364746561424 -0.569045520720224 0.401951239727971 -2.279578758210832 3.494028113875114
-0.573939943034466 -0.010665745325063 0.026159003598226 -0.022035027837619 0.124966852770370 -0.551575380150848 0.385717617916725 -2.187513314035883 3.797856645519904
-0.574040475233206 -0.010095598894062 0.023496073113609 -0.020106439748035 0.114029286200190 -0.532586096923249 0.369483996132125 -2.095447869874256 4.101685177161363
-0.574131770332043 -0.009577838659808 0.020935684758422 -0.018259019767375 0.103552046850819 -0.512077671037442 0.353250374325320 -2.003382425703748 4.405513708799491
-0.574214234171522 -0.009110162986197 0.018485434245955 -0.016492767895748 0.093535134722300 -0.490050102493444 0.337016752531838 -1.911316981533240 4.709342240444281
-0.574288272592187 -0.008690270237124 0.016152917289499 -0.014807684133089 0.083978549814634 -0.466503391291223 0.320783130733915 -1.819251537364952 5.013170772086295
-0.574354291434584 -0.008315858776485 0.013945729602345 -0.013203768479420 0.074882292127809 -0.441437537430792 0.304549508931551 -1.727186093201105 5.316999303724423
-0.574412696539258 -0.007984626968176 0.011871466897784 -0.011681020934762 0.066246361661804 -0.414852540912169 0.288315887142510 -1.635120649030597 5.620827835368658
-0.574463893746753 -0.007694273176092 0.009937724889107 -0.010239441499049 0.058070758416651 -0.386748401735326 0.272082265335705 -1.543055204860089 5.924656367009007
-0.574508288897615 -0.007442495764131 0.008152099289606 -0.008879030172371 0.050355482392350 -0.357125119900281 0.255848643546663 -1.450989760694021 6.228484898649356
-0.574546287832388 -0.007226993096186 0.006522185812571 -0.007599786954637 0.043100533588880 -0.325982695407034 0.239615021739858 -1.358924316525734 6.532313430294145
-0.574578296391618 -0.007045463536155 0.005055580171293 -0.006401711845938 0.036305912006251 -0.293321128255564 0.223381399950817 -1.266858872357446 6.836141961933384
-0.574604720415849 -0.006895605447933 0.003759878079064 -0.005284804846184 0.029971617644464 -0.259140418445897 0.207147778144012 -1.174793428189158 7.139970493575953
-0.574625965745626 -0.006775117195415 0.002642675249174 -0.004249065955464 0.024097650503518 -0.223440565978017 0.190914156350530 -1.082727984018650 7.443799025216302
-0.574642438221495 -0.006681697142498 0.001711567394914 -0.003294495173711 0.018684010583425 -0.186221570851935 0.174680534557048 -0.990662539852583 7.747627556857761
-0.574654543684000 -0.006613043653077 0.000974150229576 -0.002421092500926 0.013730697884162 -0.147483433067647 0.158446912754684 -0.898597095684295 8.051456088499220
-0.574662687973685 -0.006566855091048 0.000438019466450 -0.001628857937153 0.009237712405741 -0.107226152625151 0.142213290956761 -0.806531651518227 8.355284620141790
-0.574667276931097 -0.006540829820308 0.000110770818828 -0.000917791482369 0.005205054148150 -0.065449729524442 0.125979669158838 -0.714466207345499 8.659113151782138
-0.574668716396780 -0.006532666204751 0.000000000000000 -0.000287893136575 0.001632723111422 -0.022154163765531 0.115157254629850 -0.653089244568861 6.646249129659276
-0.574667276931097 -0.006540829820308 0.000055385409414 0.000287893136575 -0.001632723111422 0.011077081882765 0.125979669158838 -0.714466207345499 4.329556575891069
-0.574662687973685 -0.006566855091048 0.000219009733225 0.000917791482369 -0.005205054148150 0.032724864762221 0.142213290956761 -0.806531651518227 4.177642310070895
-0.574654543684000 -0.006613043653077 0.000487075114788 0.001628857937153 -0.009237712405741 0.053613076312575 0.158446912754684 -0.898597095684295 4.025728044249610
-0.574642438221495 -0.006681697142498 0.000855783697457 0.002421092500926 -0.013730697884162 0.073741716533823 0.174680534557048 -0.990662539852583 3.873813778428881
-0.574625965745626 -0.006775117195415 0.001321337624587 0.003294495173711 -0.018684010583425 0.093110785425968 0.190914156350530 -1.082727984018650 3.721899512608151
-0.574604720415849 -0.006895605447933 0.001879939039532 0.004249065955464 -0.024097650503518 0.111720282989008 0.207147778144012 -1.174793428189158 3.569985246787977
-0.574578296391618 -0.007045463536155 0.002527790085647 0.005284804846184 -0.029971617644464 0.129570209222948 0.223381399950817 -1.266858872357446 3.418070980966692
-0.574546287832388 -0.007226993096186 0.003261092906285 0.006401711845938 -0.036305912006251 0.146660564127782 0.239615021739858 -1.358924316525734 3.266156715147073
-0.574508288897615 -0.007442495764131 0.004076049644803 0.007599786954637 -0.043100533588880 0.162991347703517 0.255848643546663 -1.450989760694021 3.114242449324678
-0.574463893746753 -0.007694273176092 0.004968862444554 0.008879030172371 -0.050355482392350 0.178562559950141 0.272082265335705 -1.543055204860089 2.962328183504503
-0.574412696539258 -0.007984626968176 0.005935733448892 0.010239441499049 -0.058070758416651 0.193374200867663 0.288315887142510 -1.635120649030597 2.810413917684329
-0.574354291434584 -0.008315858776485 0.006972864801172 0.011681020934762 -0.066246361661804 0.207426270456085 0.304549508931551 -1.727186093201105 2.658499651862212
-0.574288272592187 -0.008690270237124 0.008076458644749 0.013203768479420 -0.074882292127809 0.220718768715396 0.320783130733915 -1.819251537364952 2.506585386043148
-0.574214234171522 -0.009110162986197 0.009242717122978 0.014807684133089 -0.083978549814634 0.233251695645612 0.337016752531838 -1.911316981533240 2.354671120222140
-0.574131770332043 -0.009577838659808 0.010467842379211 0.016492767895748 -0.093535134722300 0.245025051246722 0.353250374325320 -2.003382425703748 2.202756854399746
-0.574040475233206 -0.010095598894062 0.011748036556805 0.018259019767375 -0.103552046850819 0.256038835518721 0.369483996132125 -2.095447869874256 2.050842588580681
-0.573939943034466 -0.010665745325063 0.013079501799113 0.020106439748035 -0.114029286200190 0.266293048461624 0.385717617916725 -2.187513314035883 1.898928322759952
-0.573829767895278 -0.011290579588915 0.014458440249490 0.022035027837619 -0.124966852770370 0.275787690075424 0.401951239727971 -2.279578758210832 1.747014056937557
-0.573709543975097 -0.011972403321722 0.015881054051291 0.024044784036259 -0.136364746561424 0.284522760360112 0.418184861517013 -2.371644202374679 1.595099791119048
-0.573578865433377 -0.012713518159589 0.017343545347869 0.026135708343844 -0.148222967573297 0.292498259315707 0.434418483319376 -2.463709646545187 1.443185525296098
-0.573437326429575 -0.013516225738619 0.018842116282580 0.028307800760441 -0.160541515806023 0.299714186942188 0.450652105112859 -2.555775090713475 1.291271259477034
-0.573284521123145 -0.014382827694917 0.020372968998778 0.030561061286005 -0.173320391259590 0.306170543239573 0.466885726915223 -2.647840534881762 1.139356993655194
-0.573120043673542 -0.015315625664587 0.021932305639817 0.032895489920581 -0.186559593933999 0.311867328207849 0.483119348713146 -2.739905979047830 0.987442727835430
-0.572943488240222 -0.016316921283733 0.023516328349052 0.035311086664147 -0.200259123829238 0.316804541847026 0.499352970506628 -2.831971423216118 0.835528462013735
-0.572754448982638 -0.017389016188460 0.025121239269838 0.037807851516680 -0.214418980945319 0.320982184157095 0.515586592304551 -2.924036867388846 0.683614196193283
-0.572552520060247 -0.018534212014871 0.026743240545528 0.040385784478203 -0.229039165282263 0.324400255138061 0.531820214102474 -3.016102311552693 0.531699930372698
-0.572337295632504 -0.019754810399071 0.028378534319478 0.043044885548715 -0.244119676840027 0.327058754789925 0.548053835904838 -3.108167755723201 0.379785664551957
-0.572108369858862 -0.021053112977164 0.030023322735041 0.045785154728240 -0.259660515618643 0.328957683112684 0.564287457698320 -3.200233199889269 0.227871398731239
-0.571865336898779 -0.022431421385255 0.031673807935573 0.048606592016731 -0.275661681618089 0.330097040106341 0.580521079500684 -3.292298644059777 0.075957132910087
-0.571607790911708 -0.023892037259447 0.033326192064427 0.051509197414235 -0.292123174838388 0.330476825770891 0.596754701294167 -3.384364088228065 -0.075957132910087
-0.571335326057104 -0.025437262235844 0.034976677264959 0.054492970920705 -0.309044995279528 0.330097040106341 0.612988323092090 -3.476429532394132 -0.227871398731094
-0.571047536494423 -0.027069397950552 0.036621465680522 0.057557912536166 -0.326427142941499 0.328957683112685 0.629221944890013 -3.568494976562420 -0.379785664552379
-0.570744016383120 -0.028790746039673 0.038256759454472 0.060704022260616 -0.344269617824311 0.327058754789923 0.645455566687936 -3.660560420735148 -0.531699930371998
-0.570424359882650 -0.030603608139313 0.039878760730162 0.063931300094056 -0.362572419927987 0.324400255138063 0.661689188490300 -3.752625864898995 -0.683614196193560
-0.570088161152467 -0.032510285885576 0.041483671650948 0.067239746036507 -0.381335549252482 0.320982184157095 0.677922810279341 -3.844691309067283 -0.835528462014290
-0.569735014352028 -0.034513080914565 0.043067694360183 0.070629360087904 -0.400559005797818 0.316804541847024 0.694156432086146 -3.936756753237791 -0.987442727835020
-0.569364513640786 -0.036614294862385 0.044627031001222 0.074100142248334 -0.420242789564007 0.311867328207849 0.710390053875187 -4.028822197408299 -1.139356993655194
-0.568976253178198 -0.038816229365140 0.046157883717420 0.077652092517710 -0.440386900551049 0.306170543239573 0.726623675681992 -4.120887641567705 -1.291271259476756
-0.568569827123717 -0.041121186058935 0.047656454652131 0.081285210896120 -0.460991338758887 0.299714186942189 0.742857297471033 -4.212953085747095 -1.443185525297208
-0.568144829636800 -0.043531466579873 0.049118945948709 0.084999497383476 -0.482056104187623 0.292498259315703 0.759090919277838 -4.305018529906501 -1.595099791117383
-0.567700854876900 -0.046049372564058 0.050541559750510 0.088794951979865 -0.503581196837155 0.284522760360116 0.775324541066880 -4.397083974077010 -1.747014056938945
-0.567237497003474 -0.048677205647596 0.051920498200887 0.092671574685199 -0.525566616707540 0.275787690075421 0.791558162869244 -4.489149418249738 -1.898928322759397
-0.566754350175977 -0.051417267466590 0.053251963443195 0.096629365499545 -0.548012363798789 0.266293048461624 0.807791784667167 -4.581214862413585 -2.050842588580126
-0.566251008553862 -0.054271859657144 0.054532157620789 0.100668324422881 -0.570918438110857 0.256038835518724 0.824025406465090 -4.673280306581873 -2.202756854400578
-0.565727066296586 -0.057243283855363 0.055757282877022 0.104788451455207 -0.594284839643766 0.245025051246721 0.840259028258572 -4.765345750750161 -2.354671120222140
-0.565182117563604 -0.060333841697351 0.056923541355251 0.108989746596500 -0.618111568397517 0.233251695645610 0.856492650060936 -4.857411194920669 -2.506585386042315
-0.564615756514370 -0.063545834819211 0.058027135198828 0.113272209846804 -0.642398624372120 0.220718768715399 0.872726271858859 -4.949476639088957 -2.658499651862767
-0.564027577308339 -0.066881564857049 0.059064266551108 0.117635841206098 -0.667146007567565 0.207426270456085 0.888959893656782 -5.041542083255024 -2.810413917684329
-0.563417174104967 -0.070343333446968 0.060031137555446 0.122080640674382 -0.692353717983840 0.193374200867663 0.905193515450264 -5.133607527423312 -2.962328183504503
-0.562784141063709 -0.073933442225073 0.060923950355197 0.126606608251634 -0.718021755620957 0.178562559950141 0.921427137248187 -5.225672971593820 -3.114242449325233
-0.562128072344020 -0.077654192827468 0.061738907093715 0.131213743937875 -0.744150120478926 0.162991347703514 0.937660759050551 -5.317738415759887 -3.266156715145963
-0.561448562105354 -0.081507886890256 0.062472209914353 0.135902047733127 -0.770738812557725 0.146660564127785 0.953894380848475 -5.409803859930395 -3.418070980967247
-0.560745204507167 -0.085496826049543 0.063120060960468 0.140671519637370 -0.797787831857377 0.129570209222948 0.970128002641957 -5.501869304096463 -3.569985246787422
-0.560017593708914 -0.089623311941433 0.063678662375413 0.145522159650580 -0.825297178377860 0.111720282989011 0.986361624444321 -5.593934748264751 -3.721899512608706
-0.559265323870050 -0.093889646202029 0.064144216302543 0.150453967772801 -0.853266852119183 0.093110785425968 1.002595246237803 -5.686000192437479 -3.873813778428881
-0.558487989150030 -0.098298130467435 0.064512924885212 0.155466944003990 -0.881696853081371 0.073741716533823 1.018828868035726 -5.778065636599106 -4.025728044250165
-0.557685183708309 -0.102851066373757 0.064780990266775 0.160561088344169 -0.910587181264366 0.053613076312573 1.035062489838090 -5.870131080771834 -4.177642310070340
-0.556856501704343 -0.107550755557098 0.064944614590586 0.165736400793359 -0.939937836668225 0.032724864762221 1.051296111631572 -5.962196524940122 -4.329556575891624
-0.556001537297585 -0.112399499653563 0.065000000000000 0.170992881351517 -0.969748819292926 0.011077081882763 0.057578627314925 -0.326544622282210 -2.215416376552537
-0.555145133425145 -0.117256407365585 0.065000000000000 0.171280774488092 -0.971381542404337 0.000000000000000 -0.925316442472734 5.247730317594623 0.000000000000000
-0.554311862463766 -0.121982121819667 0.065000000000000 0.166654192275728 -0.945142890816364 0.000000000000000 -0.892849198881329 5.063599429251386 0.000000000000000
-0.553500912732359 -0.126581246288017 0.065000000000000 0.162189946281321 -0.919824893670107 0.000000000000000 -0.860381955276601 4.879468540919252 0.000000000000000
-0.552711472549835 -0.131058384042845 0.065000000000000 0.157888036504938 -0.895427550965511 0.000000000000000 -0.827914711689637 4.695337652578235 0.000000000000000
-0.551942730235102 -0.135418138356358 0.065000000000000 0.153748462946490 -0.871950862702620 0.000000000000000 -0.795447468089350 4.511206764248321 0.000000000000000
-0.551193874107072 -0.139665112500765 0.065000000000000 0.149771225606044 -0.849394828881378 0.000000000000000 -0.762980224497944 4.327075875907305 0.000000000000000
-0.550464092484654 -0.143803909748274 0.065000000000000 0.145956324483554 -0.827759449501841 0.000000000000000 -0.730512980897657 4.142944987570729 0.000000000000000
-0.549752573686759 -0.147839133371094 0.065000000000000 0.142303759579065 -0.807044724563988 0.000000000000000 -0.698045737306252 3.958814099238595 0.000000000000000
-0.549058506032296 -0.151775386641433 0.065000000000000 0.138813530892534 -0.787250654067795 0.000000000000000 -0.665578493705965 3.774683210897578 0.000000000000000
-0.548381077840176 -0.155617272831499 0.065000000000000 0.135485638424004 -0.768377238013307 0.000000000000000 -0.633111250114560 3.590552322561003 0.000000000000000
-0.547719477429309 -0.159369395213502 0.065000000000000 0.132320082173432 -0.750424476400502 0.000000000000000 -0.600644006518714 3.406421434228868 0.000000000000000
-0.547072893118605 -0.163036357059649 0.065000000000000 0.129316862140838 -0.733392369229358 0.000000000000000 -0.568176762922867 3.222290545885631 0.000000000000000
-0.546440513226974 -0.166622761642148 0.065000000000000 0.126475978326224 -0.717280916499929 0.000000000000000 -0.535709519322580 3.038159657555717 0.000000000000000
-0.545821526073326 -0.170133212233209 0.065000000000000 0.123797430729611 -0.702090118212151 0.000000000000000 -0.503242275735616 2.854028769212480 0.000000000000000
-0.545215119976571 -0.173572312105039 0.065000000000000 0.121281219350933 -0.687819974366088 0.000000000000000 -0.470775032130888 2.669897880882566 0.000000000000000
-0.544620483255620 -0.176944664529848 0.065000000000000 0.118927344190278 -0.674470484961676 0.000000000000000 -0.438307788543923 2.485766992544880 0.000000000000000
-0.544036804229382 -0.180254872779843 0.065000000000000 0.116735805247559 -0.662041649998951 0.000000000000000 -0.405840544943636 2.301636104207194 0.000000000000000
-0.543463271216768 -0.183507540127232 0.065000000000000 0.114706602522840 -0.650533469477915 0.000000000000000 -0.373373301347790 2.117505215866178 0.000000000000000
-0.542899072536687 -0.186707269844225 0.065000000000000 0.112839736016102 -0.639945943398584 0.000000000000000 -0.340906057751944 1.933374327534043 0.000000000000000
-0.542343396508050 -0.189858665203030 0.065000000000000 0.111135205727342 -0.630279071760914 0.000000000000000 -0.308438814160539 1.749243439198578 0.000000000000000
-0.541795431449768 -0.192966329475854 0.065000000000000 0.109593011656539 -0.621532854564921 0.000000000000000 -0.275971570560252 1.565112550859782 0.000000000000000
-0.541254365680749 -0.196034865934907 0.065000000000000 0.108213153803738 -0.613707291810622 0.000000000000000 -0.243504326968846 1.380981662524317 0.000000000000000
-0.540719387519905 -0.199068877852397 0.065000000000000 0.106995632168894 -0.606802383498001 0.000000000000000 -0.211037083368559 1.196850774188851 0.000000000000000
-0.540189685286144 -0.202072968500533 0.065000000000000 0.105940446752051 -0.600818129627056 0.000000000000000 -0.178569839777154 1.012719885847835 0.000000000000000
-0.539664447298378 -0.205051741151522 0.065000000000000 0.105047597553165 -0.595754530197817 0.000000000000000 -0.146102596176867 0.828588997517921 0.000000000000000
-0.539142861875517 -0.208009799077573 0.065000000000000 0.104317084572281 -0.591611585210228 0.000000000000000 -0.113635352585462 0.644458109175794 0.000000000000000
-0.538624117336470 -0.210951745550895 0.065000000000000 0.103748907809353 -0.588389294664349 0.000000000000000 -0.081168108989615 0.460327220839218 0.000000000000000
-0.538107402000148 -0.213882183843695 0.065000000000000 0.103343067264405 -0.586087658560153 0.000000000000000 -0.048700865393769 0.276196332508194 0.000000000000000
-0.537591904185461 -0.216805717228183 0.065000000000000 0.103099562937436 -0.584706676897612 0.000000000000000 -0.016233621797923 0.092065444168288 0.000000000000000
-0.537076812211319 -0.219726948976567 0.065000000000000 0.103018394828447 -0.584246349676770 0.000000000000000 0.016233621797923 -0.092065444168288 0.000000000000000
-0.536561314396632 -0.222650482361055 0.065000000000000 0.103099562937436 -0.584706676897612 0.000000000000000 0.048700865393769 -0.276196332507084 0.000000000000000
-0.536044599060310 -0.225580920653856 0.065000000000000 0.103343067264405 -0.586087658560147 0.000000000000000 0.081168108985175 -0.460327220839218 0.000000000000000
-0.535525854521263 -0.228522867127178 0.065000000000000 0.103748907809331 -0.588389294664343 0.000000000000000 0.113635352589903 -0.644458109180235 0.000000000000000
-0.535004269098402 -0.231480925053229 0.065000000000000 0.104317084572281 -0.591611585210244 0.000000000000000 0.146102596176867 -0.828588997512369 0.000000000000000
-0.534479031110636 -0.234459697704218 0.065000000000000 0.105047597553165 -0.595754530197806 0.000000000000000 0.178569839777154 -1.012719885851165 0.000000000000000
-0.533949328876876 -0.237463788352353 0.065000000000000 0.105940446752051 -0.600818129627062 0.000000000000000 0.211037083368559 -1.196850774187741 0.000000000000000
-0.533414350716031 -0.240497800269843 0.065000000000000 0.106995632168894 -0.606802383498001 0.000000000000000 0.243504326968846 -1.380981662524317 0.000000000000000
-0.532873284947012 -0.243566336728896 0.065000000000000 0.108213153803738 -0.613707291810622 0.000000000000000 0.275971570560252 -1.565112550859782 0.000000000000000
-0.532325319888730 -0.246674001001721 0.065000000000000 0.109593011656539 -0.621532854564921 0.000000000000000 0.308438814160539 -1.749243439196357 0.000000000000000
-0.531769643860093 -0.249825396360526 0.065000000000000 0.111135205727342 -0.630279071760903 0.000000000000000 0.340906057751944 -1.933374327535153 0.000000000000000
-0.531205445180012 -0.253025126077518 0.065000000000000 0.112839736016102 -0.639945943398579 0.000000000000000 0.373373301347790 -2.117505215870619 0.000000000000000
-0.530631912167398 -0.256277793424908 0.065000000000000 0.114706602522840 -0.650533469477932 0.000000000000000 0.405840544948077 -2.301636104202753 0.000000000000000
-0.530048233141160 -0.259588001674903 0.065000000000000 0.116735805247581 -0.662041649998946 0.000000000000000 0.438307788535042 -2.485766992548211 0.000000000000000
-0.529453596420209 -0.262960354099711 0.065000000000000 0.118927344190256 -0.674470484961687 0.000000000000000 0.470775032139770 -2.669897880878125 0.000000000000000
-0.528847190323454 -0.266399453971542 0.065000000000000 0.121281219350955 -0.687819974366077 0.000000000000000 0.503242275726734 -2.854028769216921 0.000000000000000
-0.528228203169806 -0.269909904562602 0.065000000000000 0.123797430729589 -0.702090118212162 0.000000000000000 0.535709519331462 -3.038159657551276 0.000000000000000
-0.527595823278175 -0.273496309145102 0.065000000000000 0.126475978326246 -0.717280916499918 0.000000000000000 0.568176762918426 -3.222290545887851 0.000000000000000
-0.526949238967471 -0.277163270991249 0.065000000000000 0.129316862140838 -0.733392369229358 0.000000000000000 0.600644006518714 -3.406421434228868 0.000000000000000
-0.526287638556604 -0.280915393373251 0.065000000000000 0.132320082173432 -0.750424476400502 0.000000000000000 0.633111250110119 -3.590552322561003 0.000000000000000
-0.525610210364484 -0.284757279563318 0.065000000000000 0.135485638423982 -0.768377238013307 0.000000000000000 0.665578493714847 -3.774683210899799 0.000000000000000
-0.524916142710021 -0.288693532833657 0.065000000000000 0.138813530892556 -0.787250654067806 0.000000000000000 0.698045737297370 -3.958814099234154 0.000000000000000
-0.524204623912126 -0.292728756456477 0.065000000000000 0.142303759579043 -0.807044724563977 0.000000000000000 0.730512980906539 -4.142944987572950 0.000000000000000
-0.523474842289708 -0.296867553703986 0.065000000000000 0.145956324483576 -0.827759449501841 0.000000000000000 0.762980224489063 -4.327075875907305 0.000000000000000
-0.522725986161678 -0.301114527848393 0.065000000000000 0.149771225606021 -0.849394828881378 0.000000000000000 0.795447468098232 -4.511206764246101 0.000000000000000
-0.521957243846945 -0.305474282161906 0.065000000000000 0.153748462946512 -0.871950862702608 0.000000000000000 0.827914711680755 -4.695337652582676 0.000000000000000
-0.521167803664421 -0.309951419916734 0.065000000000000 0.157888036504916 -0.895427550965522 0.000000000000000 0.860381955281042 -4.879468540914811 0.000000000000000
-0.520356853933014 -0.314550544385084 0.065000000000000 0.162189946281321 -0.919824893670096 0.000000000000000 0.892849198881329 -5.063599429258048 0.000000000000000
-0.519523582971635 -0.319276258839166 0.065000000000000 0.166654192275728 -0.945142890816386 0.000000000000000 0.925316442472734 -5.247730317590182 0.000000000000000
-0.518667179099195 -0.324133166551188 0.065000000000000 0.171280774488092 -0.971381542404337 0.000000000000000 -0.057578627314925 0.326544622284430 -2.215416376553092
-0.517812214692437 -0.328981910647652 0.064944614590586 0.170992881351517 -0.969748819292915 -0.011077081882765 -1.051296111631572 5.962196524937902 -4.329556575891069
-0.516983532688471 -0.333681599830993 0.064780990266775 0.165736400793359 -0.939937836668225 -0.032724864762221 -1.035062489838090 5.870131080771834 -4.177642310070895
-0.516180727246750 -0.338234535737315 0.064512924885212 0.160561088344169 -0.910587181264366 -0.053613076312575 -1.018828868035726 5.778065636601326 -4.025728044249610
-0.515403392526730 -0.342643020002722 0.064144216302543 0.155466944003990 -0.881696853081360 -0.073741716533823 -1.002595246237803 5.686000192433038 -3.873813778428881
-0.514651122687866 -0.346909354263318 0.063678662375413 0.150453967772801 -0.853266852119194 -0.093110785425968 -0.986361624444321 5.593934748266971 -3.721899512608151
-0.513923511889613 -0.351035840155207 0.063120060960468 0.145522159650580 -0.825297178377860 -0.111720282989008 -0.970128002641957 5.501869304098683 -3.569985246787977
-0.513220154291426 -0.355024779314494 0.062472209914353 0.140671519637370 -0.797787831857366 -0.129570209222948 -0.953894380848475 5.409803859928175 -3.418070980966692
-0.512540644052760 -0.358878473377283 0.061738907093715 0.135902047733127 -0.770738812557725 -0.146660564127782 -0.937660759046111 5.317738415757667 -3.266156715147073
-0.511884575333071 -0.362599223979677 0.060923950355197 0.131213743937897 -0.744150120478937 -0.162991347703517 -0.921427137252628 5.225672971593820 -3.114242449324678
-0.511251542291813 -0.366189332757782 0.060031137555446 0.126606608251634 -0.718021755620968 -0.178562559950141 -0.905193515454705 5.133607527429973 -2.962328183504503
-0.510641139088441 -0.369651101347701 0.059064266551108 0.122080640674360 -0.692353717983818 -0.193374200867663 -0.888959893652341 5.041542083248363 -2.810413917684329
-0.510052959882411 -0.372986831385539 0.058027135198828 0.117635841206098 -0.667146007567576 -0.207426270456085 -0.872726271858859 4.949476639093398 -2.658499651862212
-0.509486598833176 -0.376198824507400 0.056923541355251 0.113272209846804 -0.642398624372109 -0.220718768715396 -0.856492650056495 4.857411194916228 -2.506585386043148
-0.508941650100194 -0.379289382349387 0.055757282877022 0.108989746596522 -0.618111568397528 -0.233251695645612 -0.840259028267454 4.765345750752381 -2.354671120222140
-0.508417707842918 -0.382260806547606 0.054532157620789 0.104788451455184 -0.594284839643766 -0.245025051246722 -0.824025406460649 4.673280306579652 -2.202756854399746
-0.507914366220804 -0.385115398738161 0.053251963443195 0.100668324422881 -0.570918438110868 -0.256038835518721 -0.807791784667167 4.581214862420246 -2.050842588580681
-0.507431219393306 -0.387855460557154 0.051920498200887 0.096629365499545 -0.548012363798767 -0.266293048461624 -0.791558162864803 4.489149418243077 -1.898928322759952
-0.506967861519880 -0.390483293640692 0.050541559750510 0.092671574685221 -0.525566616707551 -0.275787690075424 -0.775324541075761 4.397083974077010 -1.747014056937557
-0.506523886759981 -0.393001199624878 0.049118945948709 0.088794951979843 -0.503581196837166 -0.284522760360112 -0.759090919268957 4.305018529913163 -1.595099791119048
-0.506098889273063 -0.395411480145816 0.047656454652131 0.084999497383498 -0.482056104187600 -0.292498259315707 -0.742857297479915 4.212953085738214 -1.443185525296098
-0.505692463218583 -0.397716436839610 0.046157883717420 0.081285210896098 -0.460991338758909 -0.299714186942188 -0.726623675673110 4.120887641578808 -1.291271259477034
-0.505304202755994 -0.399918371342366 0.044627031001222 0.077652092517733 -0.440386900551015 -0.306170543239573 -0.710390053884069 4.028822197401638 -1.139356993655194
-0.504933702044752 -0.402019585290186 0.043067694360183 0.074100142248312 -0.420242789564007 -0.311867328207849 -0.694156432077264 3.936756753233350 -0.987442727835297
-0.504580555244313 -0.404022380319175 0.041483671650948 0.070629360087926 -0.400559005797840 -0.316804541847025 -0.677922810288223 3.844691309073944 -0.835528462014012
-0.504244356514130 -0.405929058065437 0.039878760730162 0.067239746036485 -0.381335549252471 -0.320982184157095 -0.661689188485859 3.752625864898995 -0.683614196193005
-0.503924700013660 -0.407741920165077 0.038256759454472 0.063931300094056 -0.362572419927976 -0.324400255138060 -0.645455566683495 3.660560420728487 -0.531699930372831
-0.503621179902357 -0.409463268254199 0.036621465680522 0.060704022260638 -0.344269617824333 -0.327058754789925 -0.629221944894454 3.568494976566861 -0.379785664552101
-0.503333390339676 -0.411095403968906 0.034976677264959 0.057557912536166 -0.326427142941499 -0.328957683112685 -0.612988323096531 3.476429532396352 -0.227871398731094
-0.503060925485073 -0.412640628945304 0.033326192064427 0.054492970920683 -0.309044995279517 -0.330097040106341 -0.596754701289726 3.384364088223624 -0.075957132910087
-0.502803379498001 -0.414101244819496 0.031673807935573 0.051509197414235 -0.292123174838399 -0.330476825770891 -0.580521079500684 3.292298644061997 0.075957132910087
-0.502560346537918 -0.415479553227586 0.030023322735041 0.048606592016731 -0.275661681618089 -0.330097040106341 -0.564287457698320 3.200233199889269 0.227871398731094
-0.502331420764277 -0.416777855805679 0.028378534319478 0.045785154728240 -0.259660515618643 -0.328957683112685 -0.548053835900397 3.108167755723201 0.379785664552246
-0.502116196336533 -0.417998454189880 0.026743240545528 0.043044885548738 -0.244119676840027 -0.327058754789924 -0.531820214106915 3.016102311552693 0.531699930372276
-0.501914267414142 -0.419143650016291 0.025121239269838 0.040385784478203 -0.229039165282263 -0.324400255138062 -0.515586592304551 2.924036867388846 0.683614196193560
-0.501725228156558 -0.420215744921017 0.023516328349052 0.037807851516680 -0.214418980945319 -0.320982184157095 -0.499352970511069 2.831971423216118 0.835528462014146
-0.501548672723238 -0.421217040540164 0.021932305639817 0.035311086664125 -0.200259123829238 -0.316804541847024 -0.483119348708705 2.739905979047830 0.987442727834742
-0.501384195273635 -0.422149838509834 0.020372968998778 0.032895489920581 -0.186559593933999 -0.311867328207850 -0.466885726915223 2.647840534883983 1.139356993655749
-0.501231389967205 -0.423016440466132 0.018842116282580 0.030561061286005 -0.173320391259579 -0.306170543239571 -0.450652105112859 2.555775090711254 1.291271259476345
-0.501089850963403 -0.423819148045162 0.017343545347869 0.028307800760441 -0.160541515806023 -0.299714186942190 -0.434418483319376 2.463709646545187 1.443185525297064
-0.500959172421683 -0.424560262883028 0.015881054051291 0.026135708343844 -0.148222967573297 -0.292498259315704 -0.418184861517013 2.371644202372458 1.595099791117938
-0.500838948501502 -0.425242086615835 0.014458440249490 0.024044784036259 -0.136364746561435 -0.284522760360115 -0.401951239723530 2.279578758213052 1.747014056938601
-0.500728773362314 -0.425866920879687 0.013079501799113 0.022035027837641 -0.124966852770370 -0.275787690075422 -0.385717617925607 2.187513314038103 1.898928322759463
-0.500628241163574 -0.426437067310688 0.011748036556805 0.020106439748013 -0.114029286200179 -0.266293048461624 -0.369483996127684 2.095447869872036 2.050842588580060
-0.500536946064737 -0.426954827544942 0.010467842379211 0.018259019767375 -0.103552046850819 -0.256038835518724 -0.353250374325320 2.003382425701528 2.202756854400922
-0.500454482225258 -0.427422503218554 0.009242717122978 0.016492767895748 -0.093535134722311 -0.245025051246719 -0.337016752531838 1.911316981535460 2.354671120221724
-0.500380443804593 -0.427842395967627 0.008076458644749 0.014807684133089 -0.083978549814634 -0.233251695645611 -0.320783130729474 1.819251537367172 2.506585386042248
-0.500314424962196 -0.428216807428266 0.006972864801172 0.013203768479442 -0.074882292127798 -0.220718768715400 -0.304549508940433 1.727186093198885 2.658499651863216
-0.500256019857522 -0.428548039236575 0.005935733448892 0.011681020934740 -0.066246361661804 -0.207426270456084 -0.288315887138069 1.635120649030597 2.810413917683912
-0.500204822650027 -0.428838393028658 0.004968862444554 0.010239441499049 -0.058070758416651 -0.193374200867664 -0.272082265335705 1.543055204860089 2.962328183504570
-0.500160427499165 -0.429090170440620 0.004076049644803 0.008879030172371 -0.050355482392350 -0.178562559950141 -0.255848643546663 1.450989760694021 3.114242449325427
-0.500122428564392 -0.429305673108564 0.003261092906285 0.007599786954637 -0.043100533588880 -0.162991347703514 -0.239615021739858 1.358924316525734 3.266156715146134
-0.500090420005162 -0.429487202668596 0.002527790085647 0.006401711845938 -0.036305912006251 -0.146660564127783 -0.223381399946376 1.266858872357446 3.418070980966908
-0.500063995980931 -0.429637060756818 0.001879939039532 0.005284804846206 -0.029971617644464 -0.129570209222949 -0.207147778152894 1.174793428186938 3.569985246787646
-0.500042750651154 -0.429757549009336 0.001321337624587 0.004249065955442 -0.024097650503530 -0.111720282989011 -0.190914156346089 1.082727984023091 3.721899512608390
-0.500026278175285 -0.429850969062253 0.000855783697457 0.003294495173711 -0.018684010583414 -0.093110785425969 -0.174680534557048 0.990662539850362 3.873813778429150
-0.500014172712780 -0.429919622551673 0.000487075114788 0.002421092500926 -0.013730697884162 -0.073741716533823 -0.158446912754684 0.898597095684295 4.025728044249899
-0.500006028423095 -0.429965811113702 0.000219009733225 0.001628857937153 -0.009237712405741 -0.053613076312573 -0.142213290956761 0.806531651518227 4.177642310070649
