-0.500008379894225 -0.429952475258229 0.000189739368999 -0.001675978845084 0.009504948354166 0.037947873799726 -0.673440504663780 3.819270890699222 14.722633744855967
-0.500033595801067 -0.429809468744191 0.000747544581619 -0.005043181368403 0.028601302807663 0.111561042524005 -0.678013954611423 3.845208214225959 14.037860082304517
-0.500075762056775 -0.429570332024797 0.001656296296296 -0.008433251141460 0.047827343878792 0.181750342935528 -0.682587404554624 3.871145537768239 13.353086419753096
-0.500134992997596 -0.429234416666959 0.002898875171468 -0.011846188164233 0.067183071567634 0.248515775034294 -0.687160854506708 3.897082861301637 12.668312757201639
-0.500211402959780 -0.428801074237588 0.004458161865569 -0.015281992436766 0.086668485874142 0.311857338820302 -0.691734304449909 3.923020184837256 11.983539094650197
-0.500305106279575 -0.428269656303596 0.006317037037037 -0.018740663959016 0.106283586798328 0.371775034293553 -0.696307754397552 3.948957508379536 11.298765432098822
-0.500416217293230 -0.427639514431895 0.008458381344307 -0.022222202731004 0.126028374340226 0.428268861454047 -0.700881204345194 3.974894831906273 10.613991769547226
-0.500544850336993 -0.426910000189396 0.010865075445816 -0.025726608752730 0.145902848499757 0.481338820301783 -0.705454654292836 4.000832155452994 9.929218106995918
-0.500691119747114 -0.426080465143011 0.013520000000000 -0.029253882024194 0.165907009277022 0.530984910836763 -0.710028104236038 4.026769478977510 9.244444444444566
-0.500855139859841 -0.425150260859652 0.016406035665295 -0.032804022545374 0.186040856671910 0.577207133058985 -0.714601554183680 4.052706802519790 8.559670781892947
-0.501037025011423 -0.424118738906229 0.019506063100137 -0.036377030316292 0.206304390684509 0.620005486968450 -0.719175004131323 4.078644126059849 7.874897119341395
-0.501236889538108 -0.422985250849655 0.022802962962963 -0.039972905336949 0.226697611314808 0.659379972565157 -0.723748454083406 4.104581449588807 7.190123456790176
-0.501454847776144 -0.421749148256841 0.026279615912209 -0.043591647607366 0.247220518562752 0.695330589849108 -0.728321904022167 4.130518773124425 6.505349794238824
-0.501691014061782 -0.420409782694700 0.029918902606310 -0.047233257127477 0.267873112428374 0.727857338820302 -0.732895353969809 4.156456096666705 5.820576131687361
-0.501945502731268 -0.418966505730141 0.033703703703704 -0.050897733897326 0.288655392911707 0.756960219478739 -0.737468803921892 4.182393420200103 5.135802469135586
-0.502218428120853 -0.417418668930078 0.037616899862826 -0.054585077916935 0.309567360012708 0.782639231824417 -0.742042253865094 4.208330743740163 4.451028806584367
-0.502509904566784 -0.415765623861420 0.041641371742112 -0.058295289186261 0.330609013731409 0.804894375857339 -0.746615703812736 4.234268067269120 3.766255144032615
-0.502820046405311 -0.414006722091082 0.045760000000000 -0.062028367705325 0.351780354067754 0.823725651577502 -0.751189153755938 4.260205390806959 3.081481481481974
-0.503148967972681 -0.412141315185973 0.049955665294925 -0.065784313474104 0.373081381021789 0.839133058984912 -0.755762603708021 4.286142714344798 2.396707818930199
-0.503496783605145 -0.410168754713005 0.054211248285322 -0.069563126492644 0.394512094593513 0.851116598079563 -0.760336053655664 4.312080037880417 1.711934156378159
-0.503863607638949 -0.408088392239091 0.058509629629630 -0.073364806760923 0.416072494782915 0.859676268861453 -0.764909503598865 4.338017361420476 1.027160493827228
-0.504249554410344 -0.405899579331141 0.062833689986283 -0.077189354278917 0.437762581590018 0.864812071330590 -0.769482953542067 4.363954684947213 0.342386831275743
-0.504654738255577 -0.403601667556067 0.067166310013717 -0.081036769046627 0.459582355014754 0.866524005486968 -0.774056403494150 4.389892008491714 -0.342386831275743
-0.505079273510898 -0.401194008480781 0.071490370370370 -0.084907051064098 0.481531815057212 0.864812071330590 -0.778629853441792 4.415829332025112 -1.027160493827228
-0.505523274512554 -0.398675953672194 0.075788751714678 -0.088800200331307 0.503610961717338 0.859676268861453 -0.783203303389435 4.441766655560730 -1.711934156378714
-0.505986855596795 -0.396046854697218 0.080044334705075 -0.092716216848254 0.525819794995142 0.851116598079560 -0.787776753328195 4.467703979096349 -2.396707818929644
-0.506470131099870 -0.393306063122765 0.084240000000000 -0.096655100614895 0.548158314890623 0.839133058984912 -0.792350203280279 4.493641302636409 -3.081481481481130
-0.506973215358026 -0.390452930515746 0.088358628257888 -0.100616851631297 0.570626521403805 0.823725651577506 -0.796923653232362 4.519578626167586 -3.766255144033726
-0.507496222707514 -0.387486808443073 0.092383100137174 -0.104601469897458 0.593224414534643 0.804894375857337 -0.801497103166682 4.545515949705425 -4.451028806584101
-0.508039267484580 -0.384407048471657 0.096296296296296 -0.108608955413292 0.615951994283170 0.782639231824417 -0.806070553127647 4.571453273245485 -5.135802469135586
-0.508602464025475 -0.381213002168410 0.100081097393690 -0.112639308178930 0.638809260649398 0.756960219478739 -0.810644003061967 4.597390596774442 -5.820576131687627
-0.509185926666446 -0.377904021100244 0.103720384087791 -0.116692528194240 0.661796213633270 0.727857338820301 -0.815217453014050 4.623327920312281 -6.505349794238557
-0.509789769743742 -0.374479456834070 0.107197037037037 -0.120768615459310 0.684912853234831 0.695330589849108 -0.819790902966133 4.649265243856782 -7.190123456789488
-0.510414107593613 -0.370938660936799 0.110493936899863 -0.124867569974141 0.708159179454115 0.659379972565161 -0.824364352904894 4.675202567381298 -7.874897119342639
-0.511059054552306 -0.367280984975344 0.113593964334705 -0.128989391738665 0.731535192291022 0.620005486968447 -0.828937802852536 4.701139890921358 -8.559670781892459
-0.511724724956071 -0.363505780516616 0.116480000000000 -0.133134080752928 0.755040891745629 0.577207133058985 -0.833511252804620 4.727077214461417 -9.244444444444499
-0.512411233141156 -0.359612399127526 0.119134924554184 -0.137301637016951 0.778676277817936 0.530984910836763 -0.838084702743380 4.753014537992595 -9.929218106996540
-0.513118693443809 -0.355600192374987 0.121541618655693 -0.141492060530668 0.802441350507899 0.481338820301780 -0.842658152699904 4.778951861534875 -10.613991769546915
-0.513847220200280 -0.351468511825909 0.123682962962963 -0.145705351294168 0.826336109815573 0.428268861454045 -0.847231602638665 4.804889185063832 -11.298765432096181
-0.514596927746817 -0.347216709047204 0.125541838134431 -0.149941509307361 0.850360555740892 0.371775034293564 -0.851805052590748 4.830826508603892 -11.983539094653217
-0.515367930419668 -0.342844135605785 0.127101124828532 -0.154200534570315 0.874514688283912 0.311857338820298 -0.856378502529509 4.856763832139510 -12.668312757201372
-0.516160342555083 -0.338350143068562 0.128343703703704 -0.158482427082962 0.898798507444609 0.248515775034291 -0.860951952486033 4.882701155675129 -13.353086419752858
-0.516974278489310 -0.333734083002447 0.129252455418381 -0.162787186845392 0.923212013222985 0.181750342935527 -0.865525402429235 4.908638479210747 -14.037860082303233
-0.517809852558598 -0.328995306974352 0.129810260631001 -0.167114813857538 0.947755205619039 0.111561042524011 -0.870098852376877 4.934575802748586 -14.722633744858049
-0.518667179099195 -0.324133166551188 0.130000000000000 -0.171465308119423 0.972428084632782 0.037947873799721 -0.250587400185687 1.421151766916040 -7.589574759944151
-0.519530770324797 -0.319235497333851 0.130000000000000 -0.172718245120351 0.979533843467362 0.000000000000000 0.361268759099254 -2.048856945482402 0.000000000000000
-0.520385329831421 -0.314389049540151 0.130000000000000 -0.170911901324855 0.969289558739950 0.000000000000000 0.345212369805559 -1.957796636791187 0.000000000000000
-0.521231259028800 -0.309591546662371 0.130000000000000 -0.169185839475827 0.959500575555994 0.000000000000000 0.329155980511864 -1.866736328104412 0.000000000000000
-0.522068959326667 -0.304840712192794 0.130000000000000 -0.167540059573268 0.950166893915472 0.000000000000000 0.313099591227051 -1.775676019417638 0.000000000000000
-0.522898832134752 -0.300134269623702 0.130000000000000 -0.165974561617133 0.941288513818384 0.000000000000000 0.297043201920033 -1.684615710726423 0.000000000000000
-0.523721278862790 -0.295469942447378 0.130000000000000 -0.164489345607532 0.932865435264751 0.000000000000000 0.280986812635220 -1.593555402039648 0.000000000000000
-0.524536700920512 -0.290845454156105 0.130000000000000 -0.163084411544356 0.924897658254553 0.000000000000000 0.264930423341525 -1.502495093357314 0.000000000000000
-0.525345499717650 -0.286258528242166 0.130000000000000 -0.161759759427649 0.917385182787767 0.000000000000000 0.248874034047830 -1.411434784661658 0.000000000000000
-0.526148076663937 -0.281706888197844 0.130000000000000 -0.160515389257410 0.910328008864458 0.000000000000000 0.232817644749694 -1.320374475977104 0.000000000000000
-0.526944833169105 -0.277188257515421 0.130000000000000 -0.159351301033661 0.903726136484573 0.000000000000000 0.216761255464881 -1.229314167288109 0.000000000000000
-0.527736170642887 -0.272700359687181 0.130000000000000 -0.158267494756337 0.897579565648132 0.000000000000000 0.200704866162305 -1.138253858599114 0.000000000000000
-0.528522490495015 -0.268240918205405 0.130000000000000 -0.157263970425525 0.891888296355137 0.000000000000000 0.184648476873051 -1.047193549912340 0.000000000000000
-0.529304194135220 -0.263807656562377 0.130000000000000 -0.156340728041160 0.886652328605575 0.000000000000000 0.168592087583797 -0.956133241225565 0.000000000000000
-0.530081682973237 -0.259398298250380 0.130000000000000 -0.155497767603241 0.881871662399447 0.000000000000000 0.152535698285661 -0.865072932534350 0.000000000000000
-0.530855358418796 -0.255010566761696 0.130000000000000 -0.154735089111813 0.877546297736775 0.000000000000000 0.136479308991966 -0.774012623852016 0.000000000000000
-0.531625621881630 -0.250642185588608 0.130000000000000 -0.154052692566853 0.873676234617515 0.000000000000000 0.120422919698271 -0.682952315157470 0.000000000000000
-0.532392874771472 -0.246290878223400 0.130000000000000 -0.153450577968361 0.870261473041728 0.000000000000000 0.104366530413458 -0.591892006474026 0.000000000000000
-0.533157518498053 -0.241954368158353 0.130000000000000 -0.152928745316294 0.867302013009358 0.000000000000000 0.088310141106440 -0.500831697781701 0.000000000000000
-0.533919954471107 -0.237630378885751 0.130000000000000 -0.152487194610762 0.864797854520449 0.000000000000000 0.072253751821627 -0.409771389097147 0.000000000000000
-0.534680584100365 -0.233316633897876 0.130000000000000 -0.152125925851654 0.862748997574964 0.000000000000000 0.056197362527932 -0.318711080408152 0.000000000000000
-0.535439808795560 -0.229010856687011 0.130000000000000 -0.151844939039014 0.861155442172923 0.000000000000000 0.040140973234237 -0.227650771721377 0.000000000000000
-0.536198029966425 -0.224710770745440 0.130000000000000 -0.151644234172843 0.860017188314316 0.000000000000000 0.024084583940542 -0.136590463031272 0.000000000000000
-0.536955649022690 -0.220414099565444 0.130000000000000 -0.151523811253140 0.859334235999160 0.000000000000000 0.008028194646847 -0.045530154342277 0.000000000000000
-0.537713067374090 -0.216118566639307 0.130000000000000 -0.151483670279906 0.859106585227448 0.000000000000000 -0.008028194651288 0.045530154343387 0.000000000000000
-0.538470686430356 -0.211821895459311 0.130000000000000 -0.151523811253162 0.859334235999165 0.000000000000000 -0.024084583936101 0.136590463031272 0.000000000000000
-0.539228907601220 -0.207521809517739 0.130000000000000 -0.151644234172843 0.860017188314322 0.000000000000000 -0.040140973234237 0.227650771720267 0.000000000000000
-0.539988132296415 -0.203216032306875 0.130000000000000 -0.151844939039014 0.861155442172923 0.000000000000000 -0.056197362527932 0.318711080408152 0.000000000000000
-0.540748761925673 -0.198902287319000 0.130000000000000 -0.152125925851654 0.862748997574964 0.000000000000000 -0.072253751817186 0.409771389096036 0.000000000000000
-0.541511197898727 -0.194578298046398 0.130000000000000 -0.152487194610740 0.864797854520444 0.000000000000000 -0.088310141115322 0.500831697783921 0.000000000000000
-0.542275841625308 -0.190241787981351 0.130000000000000 -0.152928745316316 0.867302013009363 0.000000000000000 -0.104366530409017 0.591892006474026 0.000000000000000
-0.543043094515150 -0.185890480616142 0.130000000000000 -0.153450577968361 0.870261473041734 0.000000000000000 -0.120422919693830 0.682952315158580 0.000000000000000
-0.543813357977984 -0.181522099443054 0.130000000000000 -0.154052692566831 0.873676234617526 0.000000000000000 -0.136479309000848 0.774012623847575 0.000000000000000
-0.544587033423544 -0.177134367954371 0.130000000000000 -0.154735089111835 0.877546297736764 0.000000000000000 -0.152535698281220 0.865072932536570 0.000000000000000
-0.545364522261560 -0.172725009642373 0.130000000000000 -0.155497767603241 0.881871662399447 0.000000000000000 -0.168592087583797 0.956133241225565 0.000000000000000
-0.546146225901766 -0.168291747999346 0.130000000000000 -0.156340728041160 0.886652328605575 0.000000000000000 -0.184648476868610 1.047193549910119 0.000000000000000
-0.546932545753893 -0.163832306517570 0.130000000000000 -0.157263970425503 0.891888296355126 0.000000000000000 -0.200704866171186 1.138253858603555 0.000000000000000
-0.547723883227675 -0.159344408689329 0.130000000000000 -0.158267494756359 0.897579565648143 0.000000000000000 -0.216761255455999 1.229314167285889 0.000000000000000
-0.548520639732843 -0.154825778006906 0.130000000000000 -0.159351301033639 0.903726136484573 0.000000000000000 -0.232817644758576 1.320374475974884 0.000000000000000
-0.549323216679130 -0.150274137962584 0.130000000000000 -0.160515389257432 0.910328008864447 0.000000000000000 -0.248874034043389 1.411434784670540 0.000000000000000
-0.550132015476268 -0.145687212048645 0.130000000000000 -0.161759759427649 0.917385182787800 0.000000000000000 -0.264930423341525 1.502495093346212 0.000000000000000
-0.550947437533990 -0.141062723757372 0.130000000000000 -0.163084411544356 0.924897658254531 0.000000000000000 -0.280986812630779 1.593555402041869 0.000000000000000
-0.551769884262028 -0.136398396581049 0.130000000000000 -0.164489345607510 0.932865435264740 0.000000000000000 -0.297043201928915 1.684615710728643 0.000000000000000
-0.552599757070114 -0.131691954011957 0.130000000000000 -0.165974561617155 0.941288513818384 0.000000000000000 -0.313099591222610 1.775676019419858 0.000000000000000
-0.553437457367980 -0.126941119542379 0.130000000000000 -0.167540059573268 0.950166893915483 0.000000000000000 -0.329155980507423 1.866736328104412 0.000000000000000
-0.554283386565359 -0.122143616664599 0.130000000000000 -0.169185839475805 0.959500575556005 0.000000000000000 -0.345212369814440 1.957796636788967 0.000000000000000
-0.555137946071983 -0.117297168870900 0.130000000000000 -0.170911901324877 0.969289558739950 0.000000000000000 -0.361268759094813 2.048856945480182 0.000000000000000
-0.556001537297585 -0.112399499653563 0.130000000000000 -0.172718245120351 0.979533843467351 0.000000000000000 0.250587400190128 -1.421151766916040 -7.589574759945261
-0.556858863838182 -0.107537359230399 0.129810260631001 -0.171465308119401 0.972428084632770 -0.037947873799726 0.870098852372436 -4.934575802744146 -14.722633744855829
-0.557694437907470 -0.102798583202304 0.129252455418381 -0.167114813857538 0.947755205619050 -0.111561042524005 0.865525402429235 -4.908638479215188 -14.037860082304343
-0.558508373841697 -0.098182523136189 0.128343703703704 -0.162787186845392 0.923212013222974 -0.181750342935527 0.860951952481592 -4.882701155672908 -13.353086419753968
-0.559300785977112 -0.093688530598966 0.127101124828532 -0.158482427082984 0.898798507444609 -0.248515775034297 0.856378502533950 -4.856763832139510 -12.668312757201372
-0.560071788649963 -0.089315957157546 0.125541838134431 -0.154200534570315 0.874514688283912 -0.311857338820304 0.851805052590748 -4.830826508603892 -11.983539094648776
-0.560821496196500 -0.085064154378842 0.123682962962963 -0.149941509307361 0.850360555740892 -0.371775034293548 0.847231602643106 -4.804889185066052 -11.298765432099511
-0.561550022952971 -0.080932473829764 0.121541618655693 -0.145705351294145 0.826336109815562 -0.428268861454045 0.842658152691023 -4.778951861532654 -10.613991769547470
-0.562257483255624 -0.076920267077225 0.119134924554184 -0.141492060530690 0.802441350507899 -0.481338820301783 0.838084702747821 -4.753014537990374 -9.929218106996540
-0.562943991440709 -0.073026885688135 0.116480000000000 -0.137301637016951 0.778676277817947 -0.530984910836765 0.833511252804620 -4.727077214463637 -9.244444444443388
-0.563609661844474 -0.069251681229407 0.113593964334705 -0.133134080752928 0.755040891745629 -0.577207133058982 0.828937802852536 -4.701139890919137 -8.559670781893569
-0.564254608803167 -0.065594005267952 0.110493936899863 -0.128989391738665 0.731535192291033 -0.620005486968450 0.824364352909335 -4.675202567387959 -7.874897119341528
-0.564878946653038 -0.062053209370681 0.107197037037037 -0.124867569974119 0.708159179454093 -0.659379972565158 0.819790902957251 -4.649265243850120 -7.190123456790598
-0.565482789730334 -0.058628645104507 0.103720384087791 -0.120768615459332 0.684912853234843 -0.695330589849111 0.815217453018491 -4.623327920312281 -6.505349794238002
-0.566066252371305 -0.055319664036340 0.100081097393690 -0.116692528194240 0.661796213633281 -0.727857338820301 0.810644003066407 -4.597390596778883 -5.820576131687627
-0.566629448912200 -0.052125617733093 0.096296296296296 -0.112639308178908 0.638809260649387 -0.756960219478739 0.806070553118765 -4.571453273243264 -5.135802469135586
-0.567172493689266 -0.049045857761678 0.092383100137174 -0.108608955413314 0.615951994283170 -0.782639231824417 0.801497103175564 -4.545515949705425 -4.451028806584656
-0.567695501038754 -0.046079735689004 0.088358628257888 -0.104601469897436 0.593224414534643 -0.804894375857340 0.796923653223480 -4.519578626169807 -3.766255144032060
-0.568198585296910 -0.043226603081985 0.084240000000000 -0.100616851631319 0.570626521403794 -0.823725651577500 0.792350203284720 -4.493641302631968 -3.081481481482240
-0.568681860799985 -0.040485811507532 0.080044334705075 -0.096655100614895 0.548158314890634 -0.839133058984912 0.787776753332636 -4.467703979096349 -2.396707818930199
-0.569145441884226 -0.037856712532557 0.075788751714678 -0.092716216848232 0.525819794995153 -0.851116598079563 0.783203303384994 -4.441766655565171 -1.711934156378159
-0.569589442885882 -0.035338657723970 0.071490370370370 -0.088800200331307 0.503610961717327 -0.859676268861453 0.778629853437351 -4.415829332022891 -1.027160493827228
-0.570013978141203 -0.032930998648684 0.067166310013717 -0.084907051064120 0.481531815057212 -0.864812071330590 0.774056403498591 -4.389892008487273 -0.342386831275743
-0.570419161986436 -0.030633086873610 0.062833689986283 -0.081036769046627 0.459582355014776 -0.866524005486968 0.769482953542067 -4.363954684956095 0.342386831276031
-0.570805108757831 -0.028444273965660 0.058509629629630 -0.077189354278917 0.437762581589995 -0.864812071330588 0.764909503603306 -4.338017361413815 1.027160493826940
-0.571171932791635 -0.026363911491745 0.054211248285322 -0.073364806760901 0.416072494782926 -0.859676268861453 0.760336053651223 -4.312080037882637 1.711934156378447
-0.571519748424098 -0.024391351018778 0.049955665294925 -0.069563126492644 0.394512094593513 -0.851116598079561 0.755762603703580 -4.286142714342578 2.396707818929911
-0.571848669991469 -0.022525944113669 0.045760000000000 -0.065784313474126 0.373081381021800 -0.839133058984912 0.751189153760379 -4.260205390811400 3.081481481481130
-0.572158811829996 -0.020767042343330 0.041641371742112 -0.062028367705325 0.351780354067743 -0.823725651577506 0.746615703812736 -4.234268067271341 3.766255144033726
-0.572450288275927 -0.019113997274673 0.037616899862826 -0.058295289186261 0.330609013731387 -0.804894375857337 0.742042253869535 -4.208330743735722 4.451028806584101
-0.572723213665512 -0.017566160474610 0.033703703703704 -0.054585077916913 0.309567360012708 -0.782639231824417 0.737468803913011 -4.182393420197883 5.135802469135586
-0.572977702334998 -0.016122883510051 0.029918902606310 -0.050897733897348 0.288655392911719 -0.756960219478739 0.732895353974250 -4.156456096664485 5.820576131687627
-0.573213868620636 -0.014783517947909 0.026279615912209 -0.047233257127477 0.267873112428396 -0.727857338820301 0.728321904026608 -4.130518773128866 6.505349794238557
-0.573431826858672 -0.013547415355095 0.022802962962963 -0.043591647607344 0.247220518562752 -0.695330589849108 0.723748454074524 -4.104581449593248 7.190123456789488
-0.573631691385357 -0.012413927298521 0.019506063100137 -0.039972905336971 0.226697611314786 -0.659379972565161 0.719175004135764 -4.078644126053188 7.874897119342639
-0.573813576536939 -0.011382405345099 0.016406035665295 -0.036377030316292 0.206304390684520 -0.620005486968447 0.714601554183680 -4.052706802519790 8.559670781892459
-0.573977596649666 -0.010452201061739 0.013520000000000 -0.032804022545374 0.186040856671921 -0.577207133058985 0.710028104236038 -4.026769478984171 9.244444444444499
-0.574123866059787 -0.009622666015354 0.010865075445816 -0.029253882024194 0.165907009277000 -0.530984910836763 0.705454654292836 -4.000832155446332 9.929218106996540
-0.574252499103550 -0.008893151772855 0.008458381344307 -0.025726608752730 0.145902848499768 -0.481338820301780 0.700881204345194 -3.974894831910714 10.613991769546915
-0.574363610117205 -0.008263009901154 0.006317037037037 -0.022222202731004 0.126028374340215 -0.428268861454045 0.696307754397552 -3.948957508377315 11.298765432096181
-0.574457313437000 -0.007731591967163 0.004458161865569 -0.018740663959016 0.106283586798328 -0.371775034293564 0.691734304449909 -3.923020184835035 11.983539094653217
-0.574533723399184 -0.007298249537792 0.002898875171468 -0.015281992436766 0.086668485874153 -0.311857338820298 0.687160854506708 -3.897082861303858 12.668312757201372
-0.574592954340005 -0.006962334179954 0.001656296296296 -0.011846188164233 0.067183071567634 -0.248515775034291 0.682587404554624 -3.871145537768239 13.353086419752858
-0.574635120595713 -0.006723197460560 0.000747544581619 -0.008433251141460 0.047827343878792 -0.181750342935527 0.678013954611423 -3.845208214228180 14.037860082303233
-0.574660336502555 -0.006580190946521 0.000189739368999 -0.005043181368403 0.028601302807651 -0.111561042524011 0.673440504663780 -3.819270890697002 14.722633744858049
-0.574668716396780 -0.006532666204751 0.000000000000000 -0.001675978845084 0.009504948354166 -0.037947873799721 0.670391538033499 -3.801979341666595 11.384362139916226
-0.574660336502555 -0.006580190946521 0.000094869684499 0.001675978845084 -0.009504948354166 0.018973936899860 0.673440504663780 -3.819270890697002 7.361316872429025
-0.574635120595713 -0.006723197460560 0.000373772290809 0.005043181368403 -0.028601302807651 0.055780521262006 0.678013954611423 -3.845208214228180 7.018930041151616
-0.574592954340005 -0.006962334179954 0.000828148148148 0.008433251141460 -0.047827343878792 0.090875171467764 0.682587404554624 -3.871145537768239 6.676543209876429
-0.574533723399184 -0.007298249537792 0.001449437585734 0.011846188164233 -0.067183071567634 0.124257887517146 0.687160854506708 -3.897082861303858 6.334156378600686
-0.574457313437000 -0.007731591967163 0.002229080932785 0.015281992436766 -0.086668485874153 0.155928669410149 0.691734304449909 -3.923020184835035 5.991769547326609
-0.574363610117205 -0.008263009901154 0.003158518518519 0.018740663959016 -0.106283586798328 0.185887517146782 0.696307754397552 -3.948957508377315 5.649382716048090
-0.574252499103550 -0.008893151772855 0.004229190672154 0.022222202731004 -0.126028374340215 0.214134430727023 0.700881204345194 -3.974894831910714 5.306995884773458
-0.574123866059787 -0.009622666015354 0.005432537722908 0.025726608752730 -0.145902848499768 0.240669410150890 0.705454654292836 -4.000832155446332 4.964609053498270
-0.573977596649666 -0.010452201061739 0.006760000000000 0.029253882024194 -0.165907009277000 0.265492455418381 0.710028104236038 -4.026769478984171 4.622222222222249
-0.573813576536939 -0.011382405345099 0.008203017832647 0.032804022545374 -0.186040856671921 0.288603566529493 0.714601554183680 -4.052706802519790 4.279835390946229
-0.573631691385357 -0.012413927298521 0.009753031550069 0.036377030316292 -0.206304390684520 0.310002743484224 0.719175004135764 -4.078644126053188 3.937448559671319
-0.573431826858672 -0.013547415355095 0.011401481481481 0.039972905336971 -0.226697611314786 0.329689986282580 0.723748454074524 -4.104581449593248 3.595061728394744
-0.573213868620636 -0.014783517947909 0.013139807956104 0.043591647607344 -0.247220518562752 0.347665294924554 0.728321904026608 -4.130518773128866 3.252674897119279
-0.572977702334998 -0.016122883510051 0.014959451303155 0.047233257127477 -0.267873112428396 0.363928669410150 0.732895353974250 -4.156456096664485 2.910288065843813
-0.572723213665512 -0.017566160474610 0.016851851851852 0.050897733897348 -0.288655392911719 0.378480109739369 0.737468803913011 -4.182393420197883 2.567901234567793
-0.572450288275927 -0.019113997274673 0.018808449931413 0.054585077916913 -0.309567360012708 0.391319615912208 0.742042253869535 -4.208330743735722 2.225514403292050
-0.572158811829996 -0.020767042343330 0.020820685871056 0.058295289186261 -0.330609013731387 0.402447187928669 0.746615703812736 -4.234268067271341 1.883127572016863
-0.571848669991469 -0.022525944113669 0.022880000000000 0.062028367705325 -0.351780354067743 0.411862825788753 0.751189153760379 -4.260205390811400 1.540740740740565
-0.571519748424098 -0.024391351018778 0.024977832647462 0.065784313474126 -0.373081381021800 0.419566529492456 0.755762603703580 -4.286142714342578 1.198353909464955
-0.571171932791635 -0.026363911491745 0.027105624142661 0.069563126492644 -0.394512094593513 0.425558299039781 0.760336053651223 -4.312080037882637 0.855967078189224
-0.570805108757831 -0.028444273965660 0.029254814814815 0.073364806760901 -0.416072494782926 0.429838134430727 0.764909503603306 -4.338017361413815 0.513580246913470
-0.570419161986436 -0.030633086873610 0.031416844993141 0.077189354278917 -0.437762581589995 0.432406035665294 0.769482953542067 -4.363954684956095 0.171193415638016
-0.570013978141203 -0.032930998648684 0.033583155006859 0.081036769046627 -0.459582355014776 0.433262002743484 0.774056403498591 -4.389892008487273 -0.171193415637871
-0.569589442885882 -0.035338657723970 0.035745185185185 0.084907051064120 -0.481531815057212 0.432406035665295 0.778629853437351 -4.415829332022891 -0.513580246913614
-0.569145441884226 -0.037856712532557 0.037894375857339 0.088800200331307 -0.503610961717327 0.429838134430727 0.783203303384994 -4.441766655565171 -0.855967078189079
-0.568681860799985 -0.040485811507532 0.040022167352538 0.092716216848232 -0.525819794995153 0.425558299039781 0.787776753332636 -4.467703979096349 -1.198353909465100
-0.568198585296910 -0.043226603081985 0.042120000000000 0.096655100614895 -0.548158314890634 0.419566529492456 0.792350203284720 -4.493641302631968 -1.540740740741120
-0.567695501038754 -0.046079735689004 0.044179314128944 0.100616851631319 -0.570626521403794 0.411862825788750 0.796923653223480 -4.519578626169807 -1.883127572016030
-0.567172493689266 -0.049045857761678 0.046191550068587 0.104601469897436 -0.593224414534643 0.402447187928670 0.801497103175564 -4.545515949705425 -2.225514403292328
-0.566629448912200 -0.052125617733093 0.048148148148148 0.108608955413314 -0.615951994283170 0.391319615912208 0.806070553118765 -4.571453273243264 -2.567901234567793
-0.566066252371305 -0.055319664036340 0.050040548696845 0.112639308178908 -0.638809260649387 0.378480109739369 0.810644003066407 -4.597390596778883 -2.910288065843813
-0.565482789730334 -0.058628645104507 0.051860192043896 0.116692528194240 -0.661796213633281 0.363928669410150 0.815217453018491 -4.623327920312281 -3.252674897119001
-0.564878946653038 -0.062053209370681 0.053598518518519 0.120768615459332 -0.684912853234843 0.347665294924555 0.819790902957251 -4.649265243850120 -3.595061728395299
-0.564254608803167 -0.065594005267952 0.055246968449931 0.124867569974119 -0.708159179454093 0.329689986282579 0.824364352909335 -4.675202567387959 -3.937448559670764
-0.563609661844474 -0.069251681229407 0.056796982167353 0.128989391738665 -0.731535192291033 0.310002743484225 0.828937802852536 -4.701139890919137 -4.279835390946785
-0.562943991440709 -0.073026885688135 0.058240000000000 0.133134080752928 -0.755040891745629 0.288603566529491 0.833511252804620 -4.727077214463637 -4.622222222221694
-0.562257483255624 -0.076920267077225 0.059567462277092 0.137301637016951 -0.778676277817947 0.265492455418383 0.838084702747821 -4.753014537990374 -4.964609053498270
-0.561550022952971 -0.080932473829764 0.060770809327846 0.141492060530690 -0.802441350507899 0.240669410150891 0.842658152691023 -4.778951861532654 -5.306995884773735
-0.560821496196500 -0.085064154378842 0.061841481481481 0.145705351294145 -0.826336109815562 0.214134430727023 0.847231602643106 -4.804889185066052 -5.649382716049756
-0.560071788649963 -0.089315957157546 0.062770919067215 0.149941509307361 -0.850360555740892 0.185887517146774 0.851805052590748 -4.830826508603892 -5.991769547324388
-0.559300785977112 -0.093688530598966 0.063550562414266 0.154200534570315 -0.874514688283912 0.155928669410152 0.856378502533950 -4.856763832139510 -6.334156378600686
-0.558508373841697 -0.098182523136189 0.064171851851852 0.158482427082984 -0.898798507444609 0.124257887517149 0.860951952481592 -4.882701155672908 -6.676543209876984
-0.557694437907470 -0.102798583202304 0.064626227709191 0.162787186845392 -0.923212013222974 0.090875171467764 0.865525402429235 -4.908638479215188 -7.018930041152172
-0.556858863838182 -0.107537359230399 0.064905130315501 0.167114813857538 -0.947755205619050 0.055780521262003 0.870098852372436 -4.934575802744146 -7.361316872427914
-0.556001537297585 -0.112399499653563 0.065000000000000 0.171465308119401 -0.972428084632770 0.018973936899863 0.250587400190128 -1.421151766916040 -3.794787379972631
-0.555137946071983 -0.117297168870900 0.065000000000000 0.172718245120351 -0.979533843467351 0.000000000000000 -0.361268759094813 2.048856945480182 0.000000000000000
-0.554283386565359 -0.122143616664599 0.065000000000000 0.170911901324877 -0.969289558739950 0.000000000000000 -0.345212369814440 1.957796636788967 0.000000000000000
-0.553437457367980 -0.126941119542379 0.065000000000000 0.169185839475805 -0.959500575556005 0.000000000000000 -0.329155980507423 1.866736328104412 0.000000000000000
-0.552599757070114 -0.131691954011957 0.065000000000000 0.167540059573268 -0.950166893915483 0.000000000000000 -0.313099591222610 1.775676019419858 0.000000000000000
-0.551769884262028 -0.136398396581049 0.065000000000000 0.165974561617155 -0.941288513818384 0.000000000000000 -0.297043201928915 1.684615710728643 0.000000000000000
-0.550947437533990 -0.141062723757372 0.065000000000000 0.164489345607510 -0.932865435264740 0.000000000000000 -0.280986812630779 1.593555402041869 0.000000000000000
-0.550132015476268 -0.145687212048645 0.065000000000000 0.163084411544356 -0.924897658254531 0.000000000000000 -0.264930423341525 1.502495093346212 0.000000000000000
-0.549323216679130 -0.150274137962584 0.065000000000000 0.161759759427649 -0.917385182787800 0.000000000000000 -0.248874034043389 1.411434784670540 0.000000000000000
-0.548520639732843 -0.154825778006906 0.065000000000000 0.160515389257432 -0.910328008864447 0.000000000000000 -0.232817644758576 1.320374475974884 0.000000000000000
-0.547723883227675 -0.159344408689329 0.065000000000000 0.159351301033639 -0.903726136484573 0.000000000000000 -0.216761255455999 1.229314167285889 0.000000000000000
-0.546932545753893 -0.163832306517570 0.065000000000000 0.158267494756359 -0.897579565648143 0.000000000000000 -0.200704866171186 1.138253858603555 0.000000000000000
-0.546146225901766 -0.168291747999346 0.065000000000000 0.157263970425503 -0.891888296355126 0.000000000000000 -0.184648476868610 1.047193549910119 0.000000000000000
-0.545364522261560 -0.172725009642373 0.065000000000000 0.156340728041160 -0.886652328605575 0.000000000000000 -0.168592087583797 0.956133241225565 0.000000000000000
-0.544587033423544 -0.177134367954371 0.065000000000000 0.155497767603241 -0.881871662399447 0.000000000000000 -0.152535698281220 0.865072932536570 0.000000000000000
-0.543813357977984 -0.181522099443054 0.065000000000000 0.154735089111835 -0.877546297736764 0.000000000000000 -0.136479309000848 0.774012623847575 0.000000000000000
-0.543043094515150 -0.185890480616142 0.065000000000000 0.154052692566831 -0.873676234617526 0.000000000000000 -0.120422919693830 0.682952315158580 0.000000000000000
-0.542275841625308 -0.190241787981351 0.065000000000000 0.153450577968361 -0.870261473041734 0.000000000000000 -0.104366530409017 0.591892006474026 0.000000000000000
-0.541511197898727 -0.194578298046398 0.065000000000000 0.152928745316316 -0.867302013009363 0.000000000000000 -0.088310141115322 0.500831697783921 0.000000000000000
-0.540748761925673 -0.198902287319000 0.065000000000000 0.152487194610740 -0.864797854520444 0.000000000000000 -0.072253751817186 0.409771389096036 0.000000000000000
-0.539988132296415 -0.203216032306875 0.065000000000000 0.152125925851654 -0.862748997574964 0.000000000000000 -0.056197362527932 0.318711080408152 0.000000000000000
-0.539228907601220 -0.207521809517739 0.065000000000000 0.151844939039014 -0.861155442172923 0.000000000000000 -0.040140973234237 0.227650771720267 0.000000000000000
-0.538470686430356 -0.211821895459311 0.065000000000000 0.151644234172843 -0.860017188314322 0.000000000000000 -0.024084583936101 0.136590463031272 0.000000000000000
-0.537713067374090 -0.216118566639307 0.065000000000000 0.151523811253162 -0.859334235999165 0.000000000000000 -0.008028194651288 0.045530154343387 0.000000000000000
-0.536955649022690 -0.220414099565444 0.065000000000000 0.151483670279906 -0.859106585227448 0.000000000000000 0.008028194646847 -0.045530154342277 0.000000000000000
-0.536198029966425 -0.224710770745440 0.065000000000000 0.151523811253140 -0.859334235999160 0.000000000000000 0.024084583940542 -0.136590463031272 0.000000000000000
-0.535439808795560 -0.229010856687011 0.065000000000000 0.151644234172843 -0.860017188314316 0.000000000000000 0.040140973234237 -0.227650771721377 0.000000000000000
-0.534680584100365 -0.233316633897876 0.065000000000000 0.151844939039014 -0.861155442172923 0.000000000000000 0.056197362527932 -0.318711080408152 0.000000000000000
-0.533919954471107 -0.237630378885751 0.065000000000000 0.152125925851654 -0.862748997574964 0.000000000000000 0.072253751821627 -0.409771389097147 0.000000000000000
-0.533157518498053 -0.241954368158353 0.065000000000000 0.152487194610762 -0.864797854520449 0.000000000000000 0.088310141106440 -0.500831697781701 0.000000000000000
-0.532392874771472 -0.246290878223400 0.065000000000000 0.152928745316294 -0.867302013009358 0.000000000000000 0.104366530413458 -0.591892006474026 0.000000000000000
-0.531625621881630 -0.250642185588608 0.065000000000000 0.153450577968361 -0.870261473041728 0.000000000000000 0.120422919698271 -0.682952315157470 0.000000000000000
-0.530855358418796 -0.255010566761696 0.065000000000000 0.154052692566853 -0.873676234617515 0.000000000000000 0.136479308991966 -0.774012623852016 0.000000000000000
-0.530081682973237 -0.259398298250380 0.065000000000000 0.154735089111813 -0.877546297736775 0.000000000000000 0.152535698285661 -0.865072932534350 0.000000000000000
-0.529304194135220 -0.263807656562377 0.065000000000000 0.155497767603241 -0.881871662399447 0.000000000000000 0.168592087583797 -0.956133241225565 0.000000000000000
-0.528522490495015 -0.268240918205405 0.065000000000000 0.156340728041160 -0.886652328605575 0.000000000000000 0.184648476873051 -1.047193549912340 0.000000000000000
-0.527736170642887 -0.272700359687181 0.065000000000000 0.157263970425525 -0.891888296355137 0.000000000000000 0.200704866162305 -1.138253858599114 0.000000000000000
-0.526944833169105 -0.277188257515421 0.065000000000000 0.158267494756337 -0.897579565648132 0.000000000000000 0.216761255464881 -1.229314167288109 0.000000000000000
-0.526148076663937 -0.281706888197844 0.065000000000000 0.159351301033661 -0.903726136484573 0.000000000000000 0.232817644749694 -1.320374475977104 0.000000000000000
-0.525345499717650 -0.286258528242166 0.065000000000000 0.160515389257410 -0.910328008864458 0.000000000000000 0.248874034047830 -1.411434784661658 0.000000000000000
-0.524536700920512 -0.290845454156105 0.065000000000000 0.161759759427649 -0.917385182787767 0.000000000000000 0.264930423341525 -1.502495093357314 0.000000000000000
-0.523721278862790 -0.295469942447378 0.065000000000000 0.163084411544356 -0.924897658254553 0.000000000000000 0.280986812635220 -1.593555402039648 0.000000000000000
-0.522898832134752 -0.300134269623702 0.065000000000000 0.164489345607532 -0.932865435264751 0.000000000000000 0.297043201920033 -1.684615710726423 0.000000000000000
-0.522068959326667 -0.304840712192794 0.065000000000000 0.165974561617133 -0.941288513818384 0.000000000000000 0.313099591227051 -1.775676019417638 0.000000000000000
-0.521231259028800 -0.309591546662371 0.065000000000000 0.167540059573268 -0.950166893915472 0.000000000000000 0.329155980511864 -1.866736328104412 0.000000000000000
-0.520385329831421 -0.314389049540151 0.065000000000000 0.169185839475827 -0.959500575555994 0.000000000000000 0.345212369805559 -1.957796636791187 0.000000000000000
-0.519530770324797 -0.319235497333851 0.065000000000000 0.170911901324855 -0.969289558739950 0.000000000000000 0.361268759099254 -2.048856945482402 0.000000000000000
-0.518667179099195 -0.324133166551188 0.065000000000000 0.172718245120351 -0.979533843467362 0.000000000000000 -0.250587400185687 1.421151766916040 -3.794787379972075
-0.517809852558598 -0.328995306974352 0.064905130315501 0.171465308119423 -0.972428084632782 -0.018973936899860 -0.870098852376877 4.934575802748586 -7.361316872429025
-0.516974278489310 -0.333734083002447 0.064626227709191 0.167114813857538 -0.947755205619039 -0.055780521262006 -0.865525402429235 4.908638479210747 -7.018930041151616
-0.516160342555083 -0.338350143068562 0.064171851851852 0.162787186845392 -0.923212013222985 -0.090875171467764 -0.860951952486033 4.882701155675129 -6.676543209876429
-0.515367930419668 -0.342844135605785 0.063550562414266 0.158482427082962 -0.898798507444609 -0.124257887517146 -0.856378502529509 4.856763832139510 -6.334156378600686
-0.514596927746817 -0.347216709047204 0.062770919067215 0.154200534570315 -0.874514688283912 -0.155928669410149 -0.851805052590748 4.830826508603892 -5.991769547326609
-0.513847220200280 -0.351468511825909 0.061841481481481 0.149941509307361 -0.850360555740892 -0.185887517146782 -0.847231602638665 4.804889185063832 -5.649382716048090
-0.513118693443809 -0.355600192374987 0.060770809327846 0.145705351294168 -0.826336109815573 -0.214134430727023 -0.842658152699904 4.778951861534875 -5.306995884773458
-0.512411233141156 -0.359612399127526 0.059567462277092 0.141492060530668 -0.802441350507899 -0.240669410150890 -0.838084702743380 4.753014537992595 -4.964609053498270
-0.511724724956071 -0.363505780516616 0.058240000000000 0.137301637016951 -0.778676277817936 -0.265492455418381 -0.833511252804620 4.727077214461417 -4.622222222222249
-0.511059054552306 -0.367280984975344 0.056796982167353 0.133134080752928 -0.755040891745629 -0.288603566529493 -0.828937802852536 4.701139890921358 -4.279835390946229
-0.510414107593613 -0.370938660936799 0.055246968449931 0.128989391738665 -0.731535192291022 -0.310002743484224 -0.824364352904894 4.675202567381298 -3.937448559671319
-0.509789769743742 -0.374479456834070 0.053598518518519 0.124867569974141 -0.708159179454115 -0.329689986282580 -0.819790902966133 4.649265243856782 -3.595061728394744
-0.509185926666446 -0.377904021100244 0.051860192043896 0.120768615459310 -0.684912853234831 -0.347665294924554 -0.815217453014050 4.623327920312281 -3.252674897119279
-0.508602464025475 -0.381213002168410 0.050040548696845 0.116692528194240 -0.661796213633270 -0.363928669410150 -0.810644003061967 4.597390596774442 -2.910288065843813
-0.508039267484580 -0.384407048471657 0.048148148148148 0.112639308178930 -0.638809260649398 -0.378480109739369 -0.806070553127647 4.571453273245485 -2.567901234567793
-0.507496222707514 -0.387486808443073 0.046191550068587 0.108608955413292 -0.615951994283170 -0.391319615912208 -0.801497103166682 4.545515949705425 -2.225514403292050
-0.506973215358026 -0.390452930515746 0.044179314128944 0.104601469897458 -0.593224414534643 -0.402447187928669 -0.796923653232362 4.519578626167586 -1.883127572016863
-0.506470131099870 -0.393306063122765 0.042120000000000 0.100616851631297 -0.570626521403805 -0.411862825788753 -0.792350203280279 4.493641302636409 -1.540740740740565
-0.505986855596795 -0.396046854697218 0.040022167352538 0.096655100614895 -0.548158314890623 -0.419566529492456 -0.787776753328195 4.467703979096349 -1.198353909464822
-0.505523274512554 -0.398675953672194 0.037894375857339 0.092716216848254 -0.525819794995142 -0.425558299039780 -0.783203303389435 4.441766655560730 -0.855967078189357
-0.505079273510898 -0.401194008480781 0.035745185185185 0.088800200331307 -0.503610961717338 -0.429838134430727 -0.778629853441792 4.415829332025112 -0.513580246913614
-0.504654738255577 -0.403601667556067 0.033583155006859 0.084907051064098 -0.481531815057212 -0.432406035665295 -0.774056403494150 4.389892008491714 -0.171193415637871
-0.504249554410344 -0.405899579331141 0.031416844993141 0.081036769046627 -0.459582355014754 -0.433262002743484 -0.769482953542067 4.363954684947213 0.171193415637871
-0.503863607638949 -0.408088392239091 0.029254814814815 0.077189354278917 -0.437762581590018 -0.432406035665295 -0.764909503598865 4.338017361420476 0.513580246913614
-0.503496783605145 -0.410168754713005 0.027105624142661 0.073364806760923 -0.416072494782915 -0.429838134430727 -0.760336053655664 4.312080037880417 0.855967078189079
-0.503148967972681 -0.412141315185973 0.024977832647462 0.069563126492644 -0.394512094593513 -0.425558299039781 -0.755762603708021 4.286142714344798 1.198353909465100
-0.502820046405311 -0.414006722091082 0.022880000000000 0.065784313474104 -0.373081381021789 -0.419566529492456 -0.751189153755938 4.260205390806959 1.540740740740987
-0.502509904566784 -0.415765623861420 0.020820685871056 0.062028367705325 -0.351780354067754 -0.411862825788751 -0.746615703812736 4.234268067269120 1.883127572016308
-0.502218428120853 -0.417418668930078 0.018808449931413 0.058295289186261 -0.330609013731409 -0.402447187928669 -0.742042253865094 4.208330743740163 2.225514403292184
-0.501945502731268 -0.418966505730141 0.016851851851852 0.054585077916935 -0.309567360012708 -0.391319615912208 -0.737468803921892 4.182393420200103 2.567901234567793
-0.501691014061782 -0.420409782694700 0.014959451303155 0.050897733897326 -0.288655392911707 -0.378480109739369 -0.732895353969809 4.156456096666705 2.910288065843680
-0.501454847776144 -0.421749148256841 0.013139807956104 0.047233257127477 -0.267873112428374 -0.363928669410151 -0.728321904022167 4.130518773124425 3.252674897119412
-0.501236889538108 -0.422985250849655 0.011401481481481 0.043591647607366 -0.247220518562752 -0.347665294924554 -0.723748454083406 4.104581449588807 3.595061728395088
-0.501037025011423 -0.424118738906229 0.009753031550069 0.039972905336949 -0.226697611314808 -0.329689986282579 -0.719175004131323 4.078644126059849 3.937448559670698
-0.500855139859841 -0.425150260859652 0.008203017832647 0.036377030316292 -0.206304390684509 -0.310002743484225 -0.714601554183680 4.052706802519790 4.279835390946474
-0.500691119747114 -0.426080465143011 0.006760000000000 0.032804022545374 -0.186040856671910 -0.288603566529493 -0.710028104236038 4.026769478977510 4.622222222222283
-0.500544850336993 -0.426910000189396 0.005432537722908 0.029253882024194 -0.165907009277022 -0.265492455418381 -0.705454654292836 4.000832155452994 4.964609053497959
-0.500416217293230 -0.427639514431895 0.004229190672154 0.025726608752730 -0.145902848499757 -0.240669410150891 -0.700881204345194 3.974894831906273 5.306995884773613
-0.500305106279575 -0.428269656303596 0.003158518518519 0.022222202731004 -0.126028374340226 -0.214134430727023 -0.696307754397552 3.948957508379536 5.649382716049411
-0.500211402959780 -0.428801074237588 0.002229080932785 0.018740663959016 -0.106283586798328 -0.185887517146776 -0.691734304449909 3.923020184837256 5.991769547325099
-0.500134992997596 -0.429234416666959 0.001449437585734 0.015281992436766 -0.086668485874142 -0.155928669410151 -0.687160854506708 3.897082861301637 6.334156378600819
-0.500075762056775 -0.429570332024797 0.000828148148148 0.011846188164233 -0.067183071567634 -0.124257887517147 -0.682587404554624 3.871145537768239 6.676543209876548
-0.500033595801067 -0.429809468744191 0.000373772290809 0.008433251141460 -0.047827343878792 -0.090875171467764 -0.678013954611423 3.845208214225959 7.018930041152259
