-0.500000466468558 -0.429997354525349 0.000039523899334 -0.000093293711556 0.000529094930168 0.007904779866825 -0.039665486712970 0.224954153693613 3.119038564401282
-0.500001924574283 -0.429989085196856 0.000157023762778 -0.000291621145121 0.001653865698636 0.023499972688831 -0.043187489877639 0.244928426145208 3.054728490908474
-0.500004462367256 -0.429974692657709 0.000350891838495 -0.000507558594509 0.002878507829362 0.038773615143373 -0.046709493020103 0.264902698587921 2.990418417415661
-0.500008167897554 -0.429953677551098 0.000619520374647 -0.000741106059610 0.004203021322302 0.053725707230452 -0.050231496175890 0.284876971028414 2.926108343922853
-0.500013129215256 -0.429925540520210 0.000961301619398 -0.000992263540489 0.005627406177444 0.068356248950066 -0.053753499327236 0.304851243480009 2.861798270430049
-0.500019434370442 -0.429889782208236 0.001374627820909 -0.001261031037125 0.007151662394844 0.082665240302216 -0.057275502483023 0.324825515922722 2.797488196937220
-0.500027171413190 -0.429845903258364 0.001857891227343 -0.001547408549540 0.008775789974458 0.096652681286902 -0.060797505625487 0.344799788363215 2.733178123444438
-0.500036428393578 -0.429793404313783 0.002409484086864 -0.001851396077668 0.010499788916274 0.110318571904124 -0.064319508790156 0.364774060817030 2.668868049951600
-0.500047293361686 -0.429731786017681 0.003027798647633 -0.002172993621619 0.012323659220359 0.123662912153882 -0.067841511932620 0.384748333255303 2.604557976458815
-0.500059854367593 -0.429660549013248 0.003711227157814 -0.002512201181282 0.014247400886636 0.136685702036177 -0.071363515088407 0.404722605706898 2.540247902965958
-0.500074199461376 -0.429579193943672 0.004458161865569 -0.002869018756724 0.016271013915170 0.149386941551006 -0.074885518239753 0.424696878145170 2.475937829473240
-0.500090416693116 -0.429487221452142 0.005266995019061 -0.003243446347923 0.018394498305896 0.161766630698373 -0.078407521395540 0.444671150594544 2.411627755980333
-0.500108594112890 -0.429384132181848 0.006136118866453 -0.003635483954900 0.020617854058869 0.173824769478274 -0.081929524538005 0.464645423041699 2.347317682487582
-0.500128819770778 -0.429269426775978 0.007063925655906 -0.004045131577590 0.022941081174077 0.185561357890712 -0.085451527702674 0.484619695477750 2.283007608994692
-0.500151181716859 -0.429142605877720 0.008048807635584 -0.004472389216104 0.025364179651466 0.196976395935686 -0.088973530845138 0.504593967931566 2.218697535502040
-0.500175768001210 -0.429003170130265 0.009089157053650 -0.004917256870329 0.027887149491124 0.208069883613196 -0.092495534000925 0.524568240374279 2.154387462009122
-0.500202666673912 -0.428850620176800 0.010183366158267 -0.005379734540334 0.030509990692995 0.218841820923241 -0.096017537156712 0.544542512821433 2.090077388516298
-0.500231965785043 -0.428684456660514 0.011329827197596 -0.005859822226117 0.033232703257102 0.229292207865823 -0.099539540299176 0.564516785259706 2.025767315023546
-0.500263753384681 -0.428504180224597 0.012526932419800 -0.006357519927613 0.036055287183401 0.239421044440941 -0.103061543463845 0.584491057713521 1.961457241530656
-0.500298117522905 -0.428309291512237 0.013773074073043 -0.006872827644933 0.038977742471968 0.249228330648594 -0.106583546601868 0.604465330154014 1.897147168037899
-0.500335146249795 -0.428099291166624 0.015066644405487 -0.007405745377942 0.042000069122738 0.258714066488783 -0.110105549766537 0.624439602598947 1.832837094545015
-0.500374927615429 -0.427873679830945 0.016406035665295 -0.007956273126775 0.045122267135733 0.267878251961508 -0.113627552913442 0.644413875048322 1.768527021052402
-0.500417549669886 -0.427631958148390 0.017789640100629 -0.008524410891342 0.048344336510975 0.276720887066770 -0.117149556060347 0.664388147486594 1.704216947559378
-0.500463100463244 -0.427373626762148 0.019215849959652 -0.009110158671644 0.051666277248408 0.285241971804567 -0.120671559220575 0.684362419938189 1.639906874066621
-0.500511668045583 -0.427098186315407 0.020683057490526 -0.009713516467746 0.055088089348099 0.293441506174900 -0.124193562371921 0.704336692380902 1.575596800574008
-0.500563340466981 -0.426805137451357 0.022189654941415 -0.010334484279606 0.058609772810003 0.301319490177770 -0.127715565518827 0.724310964825836 1.511286727080841
-0.500618205777517 -0.426493980813187 0.023734034560481 -0.010973062107200 0.062231327634132 0.308875923813175 -0.131237568674614 0.744285237268549 1.446976653588361
-0.500676352027270 -0.426164217044084 0.025314588595886 -0.011629249950573 0.065952753820475 0.316110807081116 -0.134759571825960 0.764259509720144 1.382666580095204
-0.500737867266318 -0.425815346787239 0.026929709295794 -0.012303047809703 0.069774051369076 0.323024139981593 -0.138281574977306 0.784233782158417 1.318356506602858
-0.500802839544741 -0.425446870685840 0.028577788908367 -0.012994455684590 0.073695220279868 0.329615922514607 -0.141803578133093 0.804208054607791 1.254046433109979
-0.500871356912617 -0.425058289383075 0.030257219681768 -0.013703473575255 0.077716260552907 0.335886154680157 -0.145325581279998 0.824182327050504 1.189736359616667
-0.500943507420026 -0.424649103522134 0.031966393864159 -0.014430101481655 0.081837172188159 0.341834836478240 -0.148847584435785 0.844156599499879 1.125426286124054
-0.501019379117045 -0.424218813746206 0.033703703703704 -0.015174339403834 0.086057955185659 0.347461967908860 -0.152369587587131 0.864130871935931 1.061116212631441
-0.501099060053754 -0.423766920698479 0.035467541448564 -0.015936187341770 0.090378609545338 0.352767548972018 -0.155891590734036 0.884105144394187 0.996806139138828
-0.501182638280231 -0.423292925022143 0.037256299346902 -0.016715645295440 0.094799135267309 0.357751579667712 -0.159413593894264 0.904079416830239 0.932496065645383
-0.501270201846555 -0.422796327360386 0.039068369646882 -0.017512713264911 0.099319532351461 0.362414059995939 -0.162935597045610 0.924053689275173 0.868185992153048
-0.501361838802806 -0.422276628356396 0.040902144596666 -0.018327391250139 0.103939800797836 0.366754989956704 -0.166457600192516 0.944027961726768 0.803875918660435
-0.501457637199062 -0.421733328653364 0.042756016444416 -0.019159679251102 0.108659940606470 0.370774369550006 -0.169979603343862 0.964002234167260 0.739565845166990
-0.501557685085401 -0.421165928894477 0.044628377438295 -0.020009577267821 0.113479951777307 0.374472198775841 -0.173501606504090 0.983976506609974 0.675255771674654
-0.501662070511902 -0.420573929722926 0.046517619826466 -0.020877085300341 0.118399834310356 0.377848477634214 -0.177023609646554 1.003950779061569 0.610945698181209
-0.501770881528645 -0.419956831781897 0.048422135857091 -0.021762203348574 0.123419588205664 0.380903206125120 -0.180545612806782 1.023925051504282 0.546635624689706
-0.501884206185708 -0.419314135714581 0.050340317778334 -0.022664931412608 0.128539213463186 0.383636384248569 -0.184067615953687 1.043899323946995 0.482325551195983
-0.502002132533170 -0.418645342164167 0.052270557838357 -0.023585269492377 0.133758710082921 0.386048012004549 -0.187589619109474 1.063873596391929 0.418015477702538
-0.502124748621110 -0.417949951773842 0.054211248285322 -0.024523217587924 0.139078078064880 0.388138089393061 -0.191111622256379 1.083847868843524 0.353705404210758
-0.502252142499606 -0.417227465186797 0.056160781367393 -0.025478775699206 0.144497317409098 0.389906616414115 -0.194633625416607 1.103822141279576 0.289395330718145
-0.502384402218737 -0.416477383046219 0.058117549332731 -0.026451943826289 0.150016428115496 0.391353593067706 -0.198155628559071 1.123796413733391 0.225085257224422
-0.502521615828583 -0.415699205995299 0.060079944429501 -0.027442721969084 0.155635410184163 0.392479019353828 -0.201677631719299 1.143770686171663 0.160775183731809
-0.502663871379221 -0.414892434677224 0.062046358905863 -0.028451110127681 0.161354263615021 0.393282895272487 -0.205199634866204 1.163744958621038 0.096465110239197
-0.502811256920731 -0.414056569735183 0.064015185009981 -0.029477108302012 0.167172988408126 0.393765220823683 -0.208721638021991 1.183719231065972 0.032155036746584
-0.502963860503192 -0.413191111812366 0.065984814990019 -0.030520716492122 0.173091584563456 0.393925996007416 -0.212243641173337 1.203693503508685 -0.032155036746584
-0.503121770176682 -0.412295561551961 0.067953641094137 -0.031581934697988 0.179110052081000 0.393765220823683 -0.215765644320243 1.223667775955839 -0.096465110238642
-0.503285073991280 -0.411369419597157 0.069920055570499 -0.032660762919590 0.185228390960779 0.393282895272490 -0.219287647480471 1.243642048398552 -0.160775183731809
-0.503453859997065 -0.410412186591143 0.071882450667269 -0.033757201156992 0.191446601202772 0.392479019353831 -0.222809650627376 1.263616320847927 -0.225085257225532
-0.503628216244115 -0.409423363177108 0.073839218632607 -0.034871249410129 0.197764682807011 0.391353593067703 -0.226331653778722 1.283590593290640 -0.289395330717035
-0.503808230782510 -0.408402449998240 0.075788751714678 -0.036002907679022 0.204182635773464 0.389906616414118 -0.229853656934509 1.303564865735574 -0.353705404211868
-0.503993991662329 -0.407348947697730 0.077729442161643 -0.037152175963695 0.210700460102142 0.388138089393059 -0.233375660085855 1.323539138180507 -0.418015477701705
-0.504185586933649 -0.406262356918765 0.079659682221666 -0.038319054264124 0.217318155793045 0.386048012004550 -0.236897663237201 1.343513410627661 -0.482325551197649
-0.504383104646551 -0.405142178304534 0.081577864142909 -0.039503542580310 0.224035722846183 0.383636384248562 -0.240419666384106 1.363487683070375 -0.546635624686931
-0.504586632851112 -0.403987912498226 0.083482380173534 -0.040705640912231 0.230853161261535 0.380903206125127 -0.243941669548775 1.383461955517529 -0.610945698182874
-0.504796259597412 -0.402799060143030 0.085371622561705 -0.041925349259975 0.237770471039123 0.377848477634213 -0.247463672686798 1.403436227962462 -0.675255771673822
-0.505012072935529 -0.401575121882136 0.087243983555584 -0.043162667623409 0.244787652178935 0.374472198775844 -0.250985675851467 1.423410500405176 -0.739565845167545
-0.505234160915542 -0.400315598358731 0.089097855403334 -0.044417596002666 0.251904704680961 0.370774369550006 -0.254507678993932 1.443384772852330 -0.803875918661268
-0.505462611587531 -0.399019990216005 0.090931630353118 -0.045690134397636 0.259121628545222 0.366754989956700 -0.258029682149719 1.463359045297263 -0.868185992151660
-0.505697513001573 -0.397687798097146 0.092743700653098 -0.046980282808384 0.266438423771709 0.362414059995941 -0.261551685305506 1.483333317744417 -0.932496065645938
-0.505938953207747 -0.396318522645344 0.094532458551436 -0.048288041234912 0.273855090360431 0.357751579667712 -0.265073688447970 1.503307590187131 -0.996806139138551
-0.506187020256133 -0.394911664503787 0.096296296296296 -0.049613409677152 0.281371628311367 0.352767548972019 -0.268595691608198 1.523281862629844 -1.061116212632274
-0.506441802196809 -0.393466724315665 0.098033606135841 -0.050956388135193 0.288988037624516 0.347461967908858 -0.272117694759544 1.543256135083659 -1.125426286123221
-0.506703387079854 -0.391983202724165 0.099742780318232 -0.052316976608990 0.296704318299934 0.341834836478241 -0.275639697910890 1.563230407519711 -1.189736359616944
-0.506971862955346 -0.390460600372477 0.101422211091633 -0.053695175098545 0.304520470337533 0.335886154680157 -0.279161701062236 1.583204679966865 -1.254046433110112
-0.507247317873366 -0.388898417903790 0.103070290704206 -0.055090983603856 0.312436493737367 0.329615922514606 -0.282683704213582 1.603178952416240 -1.318356506602725
-0.507529839883990 -0.387296155961293 0.104685411404114 -0.056504402124924 0.320452388499448 0.323024139981593 -0.286205707364928 1.623153224858953 -1.382666580095337
-0.507819517037299 -0.385653315188175 0.106265965439519 -0.057935430661749 0.328568154623743 0.316110807081116 -0.289727710520715 1.643127497301666 -1.446976653587950
-0.508116437383371 -0.383969396227623 0.107810345058585 -0.059384069214352 0.336783792110251 0.308875923813176 -0.293249713672061 1.663101769753261 -1.511286727081673
-0.508420688972284 -0.382243899722828 0.109316942509474 -0.060850317782712 0.345099300959018 0.301319490177768 -0.296771716818967 1.683076042191534 -1.575596800573176
-0.508732359854118 -0.380476326316978 0.110784150040348 -0.062334176366807 0.353514681169975 0.293441506174902 -0.300293719979194 1.703050314638688 -1.639906874066344
-0.509051538078952 -0.378666176653262 0.112210359899371 -0.063835644966703 0.362029932743169 0.285241971804570 -0.303815723121659 1.723024587085842 -1.704216947560067
-0.509378311696864 -0.376812951374869 0.113593964334705 -0.065354723582312 0.370645055678598 0.276720887066770 -0.307337726281887 1.742998859528555 -1.768527021052124
-0.509712768757932 -0.374916151124988 0.114933355594513 -0.066891412213721 0.379360049976241 0.267878251961509 -0.310859729433233 1.762973131977930 -1.832837094544737
-0.510054997312237 -0.372975276546808 0.116226925926957 -0.068445710860887 0.388174915636130 0.258714066488785 -0.314381732584579 1.782947404416202 -1.897147168038460
-0.510405085409856 -0.370989828283517 0.117473067580200 -0.070017619523810 0.397089652658211 0.249228330648593 -0.317903735731484 1.802921676867797 -1.961457241531628
-0.510763121100868 -0.368959306978304 0.118670172802404 -0.071607138202467 0.406104261042550 0.239421044440935 -0.321425738887271 1.822895949310510 -2.025767315022575
-0.511129192435352 -0.366883213274358 0.119816633841733 -0.073214266896904 0.415218740789103 0.229292207865822 -0.324947742043058 1.842870221755444 -2.090077388514633
-0.511503387463388 -0.364761047814869 0.120910842946350 -0.074839005607119 0.424433091897880 0.218841820923249 -0.328469745189963 1.862844494200377 -2.154387462011131
-0.511885794235053 -0.362592311243024 0.121951192364416 -0.076481354333069 0.433747314368882 0.208069883613193 -0.331991748345750 1.882818766645311 -2.218697535502079
-0.512276500800427 -0.360376504202014 0.122936074344094 -0.078141313074798 0.443161408202108 0.196976395935683 -0.335513751492655 1.902793039092465 -2.283007608993026
-0.512675595209589 -0.358113127335026 0.123863881133548 -0.079818881832261 0.452675373397571 0.185561357890718 -0.339035754652883 1.922767311537399 -2.347317682489525
-0.513083165512616 -0.355801681285250 0.124733004980939 -0.081514060605525 0.462289209955258 0.173824769478270 -0.342557757795348 1.942741583982333 -2.411627755980472
-0.513499299759589 -0.353441666695874 0.125541838134431 -0.083226849394502 0.472002917875169 0.161766630698368 -0.346079760955575 1.962715856422825 -2.475937829470309
-0.513924086000585 -0.351032584210088 0.126288772842186 -0.084957248199280 0.481816497157284 0.149386941551016 -0.349601764102481 1.982690128872200 -2.540247902969028
-0.514357612285684 -0.348573934471079 0.126972201352367 -0.086705257019792 0.491729947801645 0.136685702036171 -0.353123767258268 2.002664401319354 -2.604557976458866
-0.514799966664965 -0.346065218122038 0.127590515913136 -0.088470875856084 0.501743269808241 0.123662912153877 -0.356645770405173 2.022638673762067 -2.668868049948703
-0.515251237188505 -0.343505935806153 0.128142108772657 -0.090254104708110 0.511856463177052 0.110318571904133 -0.360167773565401 2.042612946209221 -2.733178123447422
-0.515711511906385 -0.340895588166612 0.128625372179091 -0.092054943575937 0.522069527908098 0.096652681286896 -0.363689776712306 2.062587218649714 -2.797488196935038
-0.516180878868682 -0.338233675846606 0.129038698380602 -0.093873392459498 0.532382464001346 0.082665240302221 -0.367211779859211 2.082561491096868 -2.861798270431537
-0.516659426125476 -0.335519699489321 0.129380479625353 -0.095709451358794 0.542795271456831 0.068356248950063 -0.370733783023880 2.102535763546243 -2.926108343921374
-0.517147241726846 -0.332753159737949 0.129649108161505 -0.097563120273914 0.553307950274562 0.053725707230456 -0.374255786166344 2.122510035986735 -2.990418417417873
-0.517644413722870 -0.329933557235676 0.129842976237222 -0.099434399204745 0.563920500454496 0.038773615143367 -0.377777789322131 2.142484308431669 -3.054728490906600
-0.518151030163626 -0.327060392625693 0.129960476100666 -0.101323288151356 0.574632921996654 0.023499972688834 -0.381299792473477 2.162458580881044 -3.119038564400878
-0.518667179099195 -0.324133166551188 0.130000000000000 -0.103229787113723 0.585445214901059 0.007904779866830 -0.018658742306776 0.105818986031458 -1.580955973368159
-0.519183794503321 -0.321203295002032 0.130000000000000 -0.103323080825257 0.585974309831216 -0.000000000000011 0.341634305751626 -1.937504427180770 0.000000000002220
-0.519691869049804 -0.318321861063555 0.130000000000000 -0.101614909296499 0.576286787695313 0.000000000000000 0.334590299448934 -1.897555882293123 0.000000000000000
-0.520191578838800 -0.315487866022136 0.130000000000000 -0.099941957799254 0.566799008283847 0.000000000000000 0.327546293150682 -1.857607337401035 0.000000000000000
-0.520683099970468 -0.312700311164152 0.130000000000000 -0.098304226333501 0.557510971596842 0.000000000000000 0.320502286839108 -1.817658792508947 0.000000000000000
-0.521166608544964 -0.309958197775980 0.130000000000000 -0.096701714899305 0.548422677634297 0.000000000000000 0.313458280536416 -1.777710247621300 0.000000000000000
-0.521642280662447 -0.307260527143999 0.130000000000000 -0.095134423496623 0.539534126396191 0.000000000000000 0.306414274233724 -1.737761702729212 0.000000000000000
-0.522110292423074 -0.304606300554586 0.130000000000000 -0.093602352125455 0.530845317882545 0.000000000000000 0.299370267931032 -1.697813157841566 0.000000000000000
-0.522570819927003 -0.301994519294120 0.130000000000000 -0.092105500785800 0.522356252093337 0.000000000000000 0.292326261619458 -1.657864612951698 0.000000000000000
-0.523024039274392 -0.299424184648977 0.130000000000000 -0.090643869477702 0.514066929028578 0.000000000000000 0.285282255325647 -1.617916068052949 0.000000000000000
-0.523470126565397 -0.296894297905535 0.130000000000000 -0.089217458201074 0.505977348688313 0.000000000000000 0.278238249014073 -1.577967523171964 0.000000000000000
-0.523909257900177 -0.294403860350173 0.130000000000000 -0.087826266956004 0.498087511072454 0.000000000000000 0.271194242715822 -1.538018978279876 0.000000000000000
-0.524341609378890 -0.291951873269268 0.130000000000000 -0.086470295742425 0.490397416181054 0.000000000000000 0.264150236404248 -1.498070433387788 0.000000000000000
-0.524767357101692 -0.289537337949197 0.130000000000000 -0.085149544560403 0.482907064014115 0.000000000000000 0.257106230105997 -1.458121888495700 0.000000000000000
-0.525186677168741 -0.287159255676339 0.130000000000000 -0.083864013409873 0.475616454571637 0.000000000000000 0.250062223794423 -1.418173343612494 0.000000000000000
-0.525599745680195 -0.284816627737071 0.130000000000000 -0.082613702290901 0.468525587853574 0.000000000000000 0.243018217500612 -1.378224798709304 0.000000000000000
-0.526006738736212 -0.282508455417771 0.130000000000000 -0.081398611203398 0.461634463860028 0.000000000000000 0.235974211189038 -1.338276253832760 0.000000000000000
-0.526407832436950 -0.280233740004817 0.130000000000000 -0.080218740147453 0.454943082590864 0.000000000000000 0.228930204886346 -1.298327708934011 0.000000000000000
-0.526803202882565 -0.277991482784586 0.130000000000000 -0.079074089123021 0.448451444046194 0.000000000000000 0.221886198583654 -1.258379164046364 0.000000000000000
-0.527193026173215 -0.275780685043456 0.130000000000000 -0.077964658130103 0.442159548225962 0.000000000000000 0.214842192280962 -1.218430619154276 0.000000000000000
-0.527577478409059 -0.273600348067805 0.130000000000000 -0.076890447168698 0.436067395130191 0.000000000000000 0.207798185969388 -1.178482074266629 0.000000000000000
-0.527956735690253 -0.271449473144011 0.130000000000000 -0.075851456238851 0.430174984758858 0.000000000000000 0.200754179671137 -1.138533529374541 0.000000000000000
-0.528330974116956 -0.269327061558451 0.130000000000000 -0.074847685340496 0.424482317111985 0.000000000000000 0.193710173368444 -1.098584984484674 0.000000000000000
-0.528700369789324 -0.267232114597503 0.130000000000000 -0.073879134473653 0.418989392189562 0.000000000000000 0.186666167061311 -1.058636439594807 0.000000000000000
-0.529065098807516 -0.265163633547545 0.130000000000000 -0.072945803638347 0.413696209991588 0.000000000000000 0.179622160754178 -1.018687894702719 0.000000000000000
-0.529425337271688 -0.263120619694955 0.130000000000000 -0.072047692834576 0.408602770518074 0.000000000000000 0.172578154455927 -0.978739349815072 0.000000000000000
-0.529781261282000 -0.261102074326110 0.130000000000000 -0.071184802062296 0.403709073768999 0.000000000000000 0.165534148148794 -0.938790804920764 0.000000000000000
-0.530133046938608 -0.259106998727388 0.130000000000000 -0.070357131321552 0.399015119744395 0.000000000000000 0.158490141846102 -0.898842260033117 0.000000000000000
-0.530480870341669 -0.257134394185166 0.130000000000000 -0.069564680612322 0.394520908444229 0.000000000000000 0.151446135538968 -0.858893715143250 0.000000000000000
-0.530824907591342 -0.255183261985824 0.130000000000000 -0.068807449934627 0.390226439868513 0.000000000000000 0.144402129236276 -0.818945170255603 0.000000000000000
-0.531165334787785 -0.253252603415738 0.130000000000000 -0.068085439288446 0.386131714017235 0.000000000000000 0.137358122929143 -0.778996625356854 0.000000000000000
-0.531502328031154 -0.251341419761285 0.130000000000000 -0.067398648673800 0.382236730890451 0.000000000000000 0.130314116630892 -0.739048080474758 0.000000000000000
-0.531836063421607 -0.249448712308845 0.130000000000000 -0.066747078090645 0.378541490488077 0.000000000000000 0.123270110323759 -0.699099535579339 0.000000000000000
-0.532166717059302 -0.247573482344794 0.130000000000000 -0.066130727539027 0.375045992810180 0.000000000000000 0.116226104021067 -0.659150990691693 0.000000000000000
-0.532494465044397 -0.245714731155511 0.130000000000000 -0.065549597018921 0.371750237856722 0.000000000000000 0.109182097713934 -0.619202445800715 0.000000000000000
-0.532819483477048 -0.243871460027372 0.130000000000000 -0.065003686530352 0.368654225627718 0.000000000000000 0.102138091411241 -0.579253900908627 0.000000000000000
-0.533141948457415 -0.242042670246756 0.130000000000000 -0.064492996073295 0.365757956123175 0.000000000000000 0.095094085104108 -0.539305356020980 0.000000000000000
-0.533462036085654 -0.240227363100041 0.130000000000000 -0.064017525647775 0.363061429343070 0.000000000000000 0.088050078805857 -0.499356811127782 0.000000000000000
-0.533779922461922 -0.238424539873604 0.130000000000000 -0.063577275253746 0.360564645287431 0.000000000000000 0.081006072498724 -0.459408266240136 0.000000000000000
-0.534095783686379 -0.236633201853822 0.130000000000000 -0.063172244891252 0.358267603956230 0.000000000000000 0.073962066191591 -0.419459721349158 0.000000000000000
-0.534409795859180 -0.234852350327075 0.130000000000000 -0.062802434560294 0.356170305349485 0.000000000000000 0.066918059893339 -0.379511176455960 0.000000000000000
-0.534722135080484 -0.233080986579739 0.130000000000000 -0.062467844260827 0.354272749467205 0.000000000000000 0.059874053581765 -0.339562631571644 0.000000000000000
-0.535032977450449 -0.231318111898192 0.130000000000000 -0.062168473992918 0.352574936309347 0.000000000000000 0.052830047283514 -0.299614086674005 0.000000000000000
-0.535342499069231 -0.229562727568812 0.130000000000000 -0.061904323756501 0.351076865875977 0.000000000000000 0.045786040976381 -0.259665541788578 0.000000000000000
-0.535650876036989 -0.227813834877977 0.130000000000000 -0.061675393551619 0.349778538167034 0.000000000000000 0.038742034678130 -0.219716996897601 0.000000000000000
-0.535958284453881 -0.226070435112064 0.130000000000000 -0.061481683378228 0.348679953182546 0.000000000000000 0.031698028362115 -0.179768452005513 0.000000000000000
-0.536264900420063 -0.224331529557452 0.130000000000000 -0.061323193236418 0.347781110922518 0.000000000000000 0.024654022068304 -0.139819907116756 0.000000000000000
-0.536570900035693 -0.222596119500517 0.130000000000000 -0.061199923126076 0.347082011386934 0.000000000000000 0.017610015761171 -0.099871362225779 0.000000000000000
-0.536876459400929 -0.220863206227638 0.130000000000000 -0.061111873047270 0.346582654575806 0.000000000000000 0.010566009454038 -0.059922817338132 0.000000000000000
-0.537181754615929 -0.219131791025193 0.130000000000000 -0.061059043000000 0.346283040489115 0.000000000000000 0.003522003151346 -0.019974272443823 0.000000000000000
-0.537486961780851 -0.217400875179558 0.130000000000000 -0.061041432984243 0.346183169126896 0.000000000000000 -0.003522003146905 0.019974272447154 0.000000000000000
-0.537792256995851 -0.215669459977112 0.130000000000000 -0.061059042999978 0.346283040489131 0.000000000000000 -0.010566009462920 0.059922817334801 0.000000000000000
-0.538097816361087 -0.213936546704233 0.130000000000000 -0.061111873047293 0.346582654575806 0.000000000000000 -0.017610015756730 0.099871362225779 0.000000000000000
-0.538403815976717 -0.212201136647299 0.130000000000000 -0.061199923126076 0.347082011386934 0.000000000000000 -0.024654022063864 0.139819907115646 0.000000000000000
-0.538710431942899 -0.210462231092686 0.130000000000000 -0.061323193236396 0.347781110922513 0.000000000000000 -0.031698028370997 0.179768452007734 0.000000000000000
-0.539017840359791 -0.208718831326773 0.130000000000000 -0.061481683378251 0.348679953182551 0.000000000000000 -0.038742034673689 0.219716996896491 0.000000000000000
-0.539326217327549 -0.206969938635938 0.130000000000000 -0.061675393551619 0.349778538167034 0.000000000000000 -0.045786040976381 0.259665541787468 0.000000000000000
-0.539635738946331 -0.205214554306558 0.130000000000000 -0.061904323756501 0.351076865875971 0.000000000000000 -0.052830047279073 0.299614086677336 0.000000000000000
-0.539946581316296 -0.203451679625012 0.130000000000000 -0.062168473992896 0.352574936309358 0.000000000000000 -0.059874053590647 0.339562631566093 0.000000000000000
-0.540258920537600 -0.201680315877676 0.130000000000000 -0.062467844260850 0.354272749467188 0.000000000000000 -0.066918059884458 0.379511176459291 0.000000000000000
-0.540572932710401 -0.199899464350928 0.130000000000000 -0.062802434560272 0.356170305349485 0.000000000000000 -0.073962066200473 0.419459721350268 0.000000000000000
-0.540888793934858 -0.198108126331147 0.130000000000000 -0.063172244891274 0.358267603956236 0.000000000000000 -0.081006072494283 0.459408266237915 0.000000000000000
-0.541206680311126 -0.196305303104710 0.130000000000000 -0.063577275253746 0.360564645287426 0.000000000000000 -0.088050078801416 0.499356811130003 0.000000000000000
-0.541526767939365 -0.194489995957995 0.130000000000000 -0.064017525647753 0.363061429343076 0.000000000000000 -0.095094085108549 0.539305356019870 0.000000000000000
-0.541849232919732 -0.192661206177379 0.130000000000000 -0.064492996073295 0.365757956123175 0.000000000000000 -0.102138091415682 0.579253900908627 0.000000000000000
-0.542174251352384 -0.190817935049240 0.130000000000000 -0.065003686530374 0.368654225627718 0.000000000000000 -0.109182097709493 0.619202445800715 0.000000000000000
-0.542501999337478 -0.188959183859956 0.130000000000000 -0.065549597018921 0.371750237856722 0.000000000000000 -0.116226104021067 0.659150990692803 0.000000000000000
-0.542832652975173 -0.187083953895906 0.130000000000000 -0.066130727539027 0.375045992810186 0.000000000000000 -0.123270110323759 0.699099535579339 0.000000000000000
-0.543166388365626 -0.185191246443465 0.130000000000000 -0.066747078090645 0.378541490488082 0.000000000000000 -0.130314116626451 0.739048080470317 0.000000000000000
-0.543503381608995 -0.183280062789013 0.130000000000000 -0.067398648673778 0.382236730890434 0.000000000000000 -0.137358122933584 0.778996625363515 0.000000000000000
-0.543843808805438 -0.181349404218927 0.130000000000000 -0.068085439288446 0.386131714017252 0.000000000000000 -0.144402129236276 0.818945170251162 0.000000000000000
-0.544187846055111 -0.179398272019584 0.130000000000000 -0.068807449934627 0.390226439868507 0.000000000000000 -0.151446135543409 0.858893715142139 0.000000000000000
-0.544535669458172 -0.177425667477363 0.130000000000000 -0.069564680612344 0.394520908444218 0.000000000000000 -0.158490141841661 0.898842260035337 0.000000000000000
-0.544887455114780 -0.175430591878641 0.130000000000000 -0.070357131321552 0.399015119744395 0.000000000000000 -0.165534148148794 0.938790804920764 0.000000000000000
-0.545243379125092 -0.173412046509796 0.130000000000000 -0.071184802062296 0.403709073768999 0.000000000000000 -0.172578154451486 0.978739349815072 0.000000000000000
-0.545603617589264 -0.171369032657206 0.130000000000000 -0.072047692834554 0.408602770518074 0.000000000000000 -0.179622160763060 1.018687894700498 0.000000000000000
-0.545968346607456 -0.169300551607248 0.130000000000000 -0.072945803638369 0.413696209991576 0.000000000000000 -0.186666167056870 1.058636439599248 0.000000000000000
-0.546337742279825 -0.167205604646300 0.130000000000000 -0.073879134473653 0.418989392189573 0.000000000000000 -0.193710173368444 1.098584984482454 0.000000000000000
-0.546711980706527 -0.165083193060740 0.130000000000000 -0.074847685340496 0.424482317111985 0.000000000000000 -0.200754179666696 1.138533529376762 0.000000000000000
-0.547091237987721 -0.162932318136946 0.130000000000000 -0.075851456238829 0.430174984758869 0.000000000000000 -0.207798185978270 1.178482074259968 0.000000000000000
-0.547475690223565 -0.160751981161295 0.130000000000000 -0.076890447168720 0.436067395130169 0.000000000000000 -0.214842192276521 1.218430619158717 0.000000000000000
-0.547865513514215 -0.158541183420165 0.130000000000000 -0.077964658130103 0.442159548225962 0.000000000000000 -0.221886198583654 1.258379164046364 0.000000000000000
-0.548260883959830 -0.156298926199934 0.130000000000000 -0.079074089123021 0.448451444046194 0.000000000000000 -0.228930204881905 1.298327708936231 0.000000000000000
-0.548661977660568 -0.154024210786980 0.130000000000000 -0.080218740147431 0.454943082590875 0.000000000000000 -0.235974211197920 1.338276253828319 0.000000000000000
-0.549068970716585 -0.151716038467680 0.130000000000000 -0.081398611203420 0.461634463860017 0.000000000000000 -0.243018217491731 1.378224798713745 0.000000000000000
-0.549482039228039 -0.149373410528412 0.130000000000000 -0.082613702290879 0.468525587853585 0.000000000000000 -0.250062223798864 1.418173343610274 0.000000000000000
-0.549901359295088 -0.146995328255554 0.130000000000000 -0.083864013409873 0.475616454571637 0.000000000000000 -0.257106230105997 1.458121888495700 0.000000000000000
-0.550327107017890 -0.144580792935483 0.130000000000000 -0.085149544560403 0.482907064014115 0.000000000000000 -0.264150236408689 1.498070433392229 0.000000000000000
-0.550759458496603 -0.142128805854578 0.130000000000000 -0.086470295742447 0.490397416181076 0.000000000000000 -0.271194242711381 1.538018978273215 0.000000000000000
-0.551198589831383 -0.139638368299215 0.130000000000000 -0.087826266956004 0.498087511072443 0.000000000000000 -0.278238249014073 1.577967523169743 0.000000000000000
-0.551644677122388 -0.137108481555774 0.130000000000000 -0.089217458201074 0.505977348688291 0.000000000000000 -0.285282255321206 1.617916068061831 0.000000000000000
-0.552097896469776 -0.134538146910631 0.130000000000000 -0.090643869477680 0.514066929028600 0.000000000000000 -0.292326261628340 1.657864612947257 0.000000000000000
-0.552558423973706 -0.131926365650164 0.130000000000000 -0.092105500785822 0.522356252093337 0.000000000000000 -0.299370267922150 1.697813157837125 0.000000000000000
-0.553026435734333 -0.129272139060752 0.130000000000000 -0.093602352125433 0.530845317882522 0.000000000000000 -0.306414274238165 1.737761702735874 0.000000000000000
-0.553502107851816 -0.126574468428771 0.130000000000000 -0.095134423496623 0.539534126396202 0.000000000000000 -0.313458280536416 1.777710247619080 0.000000000000000
-0.553985616426312 -0.123832355040599 0.130000000000000 -0.096701714899305 0.548422677634297 0.000000000000000 -0.320502286843549 1.817658792506727 0.000000000000000
-0.554477137557980 -0.121044800182615 0.130000000000000 -0.098304226333523 0.557510971596831 0.000000000000000 -0.327546293141801 1.857607337405476 0.000000000000000
-0.554976847346976 -0.118210805141196 0.130000000000000 -0.099941957799232 0.566799008283858 0.000000000000000 -0.334590299453374 1.897555882288682 0.000000000000000
-0.555484921893459 -0.115329371202719 0.130000000000000 -0.101614909296499 0.576286787695302 0.000000000000000 -0.341634305751626 1.937504427182990 0.000000000000000
-0.556001537297585 -0.112399499653563 0.130000000000000 -0.103323080825257 0.585974309831216 0.000000000000000 0.018658742302335 -0.105818986024797 -1.580955973364828
-0.556517686233154 -0.109472273579058 0.129960476100666 -0.103229787113746 0.585445214901092 -0.007904779866824 0.381299792477918 -2.162458580885485 -3.119038564400878
-0.557024302673910 -0.106599108969074 0.129842976237222 -0.101323288151356 0.574632921996665 -0.023499972688829 0.377777789322131 -2.142484308436110 -3.054728490908820
-0.557521474669934 -0.103779506466802 0.129649108161505 -0.099434399204745 0.563920500454484 -0.038773615143373 0.374255786170785 -2.122510035984515 -2.990418417415652
-0.558009290271304 -0.101012966715429 0.129380479625353 -0.097563120273891 0.553307950274562 -0.053725707230451 0.370733783014998 -2.102535763546243 -2.926108343924705
-0.558487837528098 -0.098298990358145 0.129038698380602 -0.095709451358816 0.542795271456831 -0.068356248950074 0.367211779863652 -2.082561491094648 -2.861798270428206
-0.558957204490395 -0.095637078038138 0.128625372179091 -0.093873392459498 0.532382464001357 -0.082665240302215 0.363689776716747 -2.062587218654155 -2.797488196936149
-0.559417479208275 -0.093026730398598 0.128142108772657 -0.092054943575914 0.522069527908087 -0.096652681286896 0.360167773556519 -2.042612946207001 -2.733178123446312
-0.559868749731815 -0.090467448082712 0.127590515913136 -0.090254104708132 0.511856463177052 -0.110318571904128 0.356645770409614 -2.022638673764288 -2.668868049950923
-0.560311104111096 -0.087958731733671 0.126972201352367 -0.088470875856084 0.501743269808230 -0.123662912153882 0.353123767258268 -2.002664401314913 -2.604557976458866
-0.560744630396195 -0.085500081994663 0.126288772842186 -0.086705257019792 0.491729947801656 -0.136685702036177 0.349601764102481 -1.982690128872200 -2.540247902966808
-0.561169416637191 -0.083090999508877 0.125541838134431 -0.084957248199280 0.481816497157295 -0.149386941551011 0.346079760955575 -1.962715856427266 -2.475937829471420
-0.561585550884164 -0.080730984919501 0.124733004980939 -0.083226849394502 0.472002917875158 -0.161766630698368 0.342557757795348 -1.942741583982333 -2.411627755981027
-0.561993121187191 -0.078419538869725 0.123863881133548 -0.081514060605525 0.462289209955247 -0.173824769478273 0.339035754652883 -1.922767311535178 -2.347317682487859
-0.562392215596353 -0.076156162002737 0.122936074344094 -0.079818881832261 0.452675373397571 -0.185561357890712 0.335513751492655 -1.902793039090245 -2.283007608995247
-0.562782922161727 -0.073940354961726 0.121951192364415 -0.078141313074798 0.443161408202120 -0.196976395935688 0.331991748345750 -1.882818766647532 -2.218697535500969
-0.563165328933392 -0.071771618389882 0.120910842946350 -0.076481354333069 0.433747314368882 -0.208069883613193 0.328469745194404 -1.862844494200377 -2.154387462009466
-0.563539523961427 -0.069649452930392 0.119816633841733 -0.074839005607097 0.424433091897880 -0.218841820923241 0.324947742034176 -1.842870221755444 -2.090077388516853
-0.563905595295912 -0.067573359226447 0.118670172802404 -0.073214266896926 0.415218740789103 -0.229292207865825 0.321425738891712 -1.822895949310510 -2.025767315022575
-0.564263630986924 -0.065542837921234 0.117473067580200 -0.071607138202467 0.406104261042550 -0.239421044440938 0.317903735731484 -1.802921676867797 -1.961457241531628
-0.564613719084543 -0.063557389657943 0.116226925926957 -0.070017619523810 0.397089652658211 -0.249228330648596 0.314381732589020 -1.782947404416202 -1.897147168037350
-0.564955947638848 -0.061616515079762 0.114933355594513 -0.068445710860865 0.388174915636130 -0.258714066488783 0.310859729428792 -1.762973131977930 -1.832837094544737
-0.565290404699916 -0.059719714829881 0.113593964334705 -0.066891412213721 0.379360049976241 -0.267878251961506 0.307337726277446 -1.742998859528555 -1.768527021052679
-0.565617178317828 -0.057866489551488 0.112210359899371 -0.065354723582334 0.370645055678598 -0.276720887066770 0.303815723126100 -1.723024587085842 -1.704216947560067
-0.565936356542662 -0.056056339887772 0.110784150040348 -0.063835644966703 0.362029932743169 -0.285241971804570 0.300293719979194 -1.703050314636467 -1.639906874065789
-0.566248027424496 -0.054288766481922 0.109316942509474 -0.062334176366807 0.353514681169986 -0.293441506174899 0.296771716818967 -1.683076042195975 -1.575596800574841
-0.566552279013409 -0.052563269977127 0.107810345058585 -0.060850317782712 0.345099300959006 -0.301319490177773 0.293249713676502 -1.663101769748820 -1.511286727080008
-0.566849199359481 -0.050879351016576 0.106265965439519 -0.059384069214330 0.336783792110262 -0.308875923813173 0.289727710511833 -1.643127497306107 -1.446976653588505
-0.567138876512790 -0.049236510243457 0.104685411404114 -0.057935430661771 0.328568154623732 -0.316110807081116 0.286205707369369 -1.623153224856733 -1.382666580095893
-0.567421398523414 -0.047634248300960 0.103070290704206 -0.056504402124924 0.320452388499448 -0.323024139981595 0.282683704213582 -1.603178952414019 -1.318356506601615
-0.567696853441434 -0.046072065832273 0.101422211091633 -0.055090983603856 0.312436493737378 -0.329615922514603 0.279161701066677 -1.583204679969086 -1.254046433110667
-0.567965329316926 -0.044549463480586 0.099742780318232 -0.053695175098523 0.304520470337533 -0.335886154680157 0.275639697906449 -1.563230407521932 -1.189736359616944
-0.568226914199971 -0.043065941889086 0.098033606135841 -0.052316976608990 0.296704318299923 -0.341834836478241 0.272117694759544 -1.543256135079218 -1.125426286123776
-0.568481696140647 -0.041621001700963 0.096296296296296 -0.050956388135193 0.288988037624527 -0.347461967908860 0.268595691603757 -1.523281862632064 -1.061116212631719
-0.568729763189033 -0.040214143559406 0.094532458551436 -0.049613409677174 0.281371628311367 -0.352767548972019 0.265073688456852 -1.503307590189351 -0.996806139137996
-0.568971203395207 -0.038844868107604 0.092743700653098 -0.048288041234890 0.273855090360420 -0.357751579667709 0.261551685296624 -1.483333317742197 -0.932496065646493
-0.569206104809249 -0.037512675988746 0.090931630353118 -0.046980282808406 0.266438423771709 -0.362414059995941 0.258029682154159 -1.463359045297263 -0.868185992152215
-0.569434555481238 -0.036217067846020 0.089097855403334 -0.045690134397636 0.259121628545222 -0.366754989956702 0.254507678998372 -1.443384772850109 -0.803875918660713
-0.569656643461251 -0.034957544322615 0.087243983555584 -0.044417596002644 0.251904704680972 -0.370774369550006 0.250985675842585 -1.423410500407396 -0.739565845166434
-0.569872456799368 -0.033733606061720 0.085371622561705 -0.043162667623431 0.244787652178935 -0.374472198775838 0.247463672695680 -1.403436227964683 -0.675255771676042
-0.570082083545668 -0.032544753706525 0.083482380173534 -0.041925349259953 0.237770471039112 -0.377848477634218 0.243941669539893 -1.383461955515308 -0.610945698180099
-0.570285611750229 -0.031390487900217 0.081577864142909 -0.040705640912253 0.230853161261535 -0.380903206125119 0.240419666388547 -1.363487683068154 -0.546635624689706
-0.570483129463131 -0.030270309285986 0.079659682221666 -0.039503542580310 0.224035722846194 -0.383636384248567 0.236897663237201 -1.343513410629882 -0.482325551196539
-0.570674724734451 -0.029183718507021 0.077729442161643 -0.038319054264124 0.217318155793045 -0.386048012004550 0.233375660085855 -1.323539138180507 -0.418015477702260
-0.570860485614270 -0.028130216206510 0.075788751714678 -0.037152175963695 0.210700460102142 -0.388138089393061 0.229853656934509 -1.303564865737794 -0.353705404210758
-0.571040500152665 -0.027109303027643 0.073839218632607 -0.036002907679022 0.204182635773453 -0.389906616414115 0.226331653778722 -1.283590593288420 -0.289395330718145
-0.571214856399715 -0.026120479613608 0.071882450667269 -0.034871249410129 0.197764682807011 -0.391353593067706 0.222809650627376 -1.263616320845706 -0.225085257224422
-0.571383642405500 -0.025163246607594 0.069920055570499 -0.033757201156992 0.191446601202783 -0.392479019353828 0.219287647480471 -1.243642048400773 -0.160775183731809
-0.571546946220098 -0.024237104652790 0.067953641094137 -0.032660762919590 0.185228390960779 -0.393282895272487 0.215765644320243 -1.223667775955839 -0.096465110239197
-0.571704855893588 -0.023341554392385 0.065984814990019 -0.031581934697988 0.179110052081000 -0.393765220823683 0.212243641177778 -1.203693503508685 -0.032155036746584
-0.571857459476049 -0.022476096469568 0.064015185009981 -0.030520716492100 0.173091584563456 -0.393925996007416 0.208721638013110 -1.183719231068192 0.032155036746306
-0.572004845017559 -0.021640231527527 0.062046358905863 -0.029477108302034 0.167172988408115 -0.393765220823684 0.205199634875086 -1.163744958616597 0.096465110238919
-0.572147100568197 -0.020833460209452 0.060079944429501 -0.028451110127659 0.161354263615032 -0.393282895272490 0.201677631710417 -1.143770686176104 0.160775183732365
-0.572284314178043 -0.020055283158531 0.058117549332731 -0.027442721969106 0.155635410184152 -0.392479019353828 0.198155628567953 -1.123796413728950 0.225085257224700
-0.572416573897174 -0.019305201017954 0.056160781367393 -0.026451943826267 0.150016428115507 -0.391353593067705 0.194633625407725 -1.103822141284017 0.289395330717590
-0.572543967775670 -0.018582714430908 0.054211248285322 -0.025478775699228 0.144497317409087 -0.389906616414117 0.191111622260820 -1.083847868836862 0.353705404211035
-0.572666583863610 -0.017887324040584 0.052270557838357 -0.024523217587924 0.139078078064903 -0.388138089393061 0.187589619109474 -1.063873596398590 0.418015477702538
-0.572784510211072 -0.017218530490169 0.050340317778334 -0.023585269492377 0.133758710082910 -0.386048012004549 0.184067615953687 -1.043899323946995 0.482325551197094
-0.572897834868135 -0.016575834422853 0.048422135857091 -0.022664931412608 0.128539213463175 -0.383636384248563 0.180545612806782 -1.023925051502061 0.546635624687486
-0.573006645884878 -0.015958736481825 0.046517619826466 -0.021762203348574 0.123419588205664 -0.380903206125126 0.177023609646554 -1.003950779061569 0.610945698182874
-0.573111031311379 -0.015366737310273 0.044628377438295 -0.020877085300341 0.118399834310356 -0.377848477634211 0.173501606504090 -0.983976506609974 0.675255771673544
-0.573211079197719 -0.014799337551387 0.042756016444416 -0.020009577267821 0.113479951777307 -0.374472198775844 0.169979603343862 -0.964002234169481 0.739565845167267
-0.573306877593974 -0.014256037848354 0.040902144596666 -0.019159679251102 0.108659940606459 -0.370774369550007 0.166457600196956 -0.944027961722327 0.803875918661545
-0.573398514550225 -0.013736338844365 0.039068369646882 -0.018327391250117 0.103939800797848 -0.366754989956700 0.162935597041169 -0.924053689277393 0.868185992151660
-0.573486078116549 -0.013239741182608 0.037256299346902 -0.017512713264911 0.099319532351461 -0.362414059995941 0.159413593889823 -0.904079416830239 0.932496065645938
-0.573569656343026 -0.012765745506271 0.035467541448564 -0.016715645295462 0.094799135267309 -0.357751579667712 0.155891590738477 -0.884105144391967 0.996806139138551
-0.573649337279735 -0.012313852458544 0.033703703703704 -0.015936187341770 0.090378609545350 -0.352767548972019 0.152369587591572 -0.864130871938151 1.061116212632274
-0.573725208976754 -0.011883562682616 0.031966393864159 -0.015174339403812 0.086057955185659 -0.347461967908858 0.148847584426903 -0.844156599497659 1.125426286123221
-0.573797359484163 -0.011474376821675 0.030257219681768 -0.014430101481677 0.081837172188171 -0.341834836478241 0.145325581288880 -0.824182327054945 1.189736359616944
-0.573865876852039 -0.011085795518911 0.028577788908367 -0.013703473575233 0.077716260552896 -0.335886154680157 0.141803578128652 -0.804208054605571 1.254046433110112
-0.573930849130462 -0.010717319417511 0.026929709295794 -0.012994455684590 0.073695220279868 -0.329615922514606 0.138281574977306 -0.784233782160637 1.318356506602725
-0.573992364369510 -0.010368449160666 0.025314588595886 -0.012303047809703 0.069774051369065 -0.323024139981593 0.134759571825960 -0.764259509715703 1.382666580095337
-0.574050510619263 -0.010038685391564 0.023734034560481 -0.011629249950573 0.065952753820486 -0.316110807081116 0.131237568670173 -0.744285237272990 1.446976653587950
-0.574105375929799 -0.009727528753393 0.022189654941415 -0.010973062107222 0.062231327634121 -0.308875923813176 0.127715565527708 -0.724310964823616 1.511286727081673
-0.574157048351197 -0.009434479889343 0.020683057490526 -0.010334484279584 0.058609772810003 -0.301319490177768 0.124193562367481 -0.704336692380902 1.575596800573176
-0.574205615933536 -0.009159039442603 0.019215849959652 -0.009713516467746 0.055088089348099 -0.293441506174902 0.120671559216134 -0.684362419938189 1.639906874066344
-0.574251166726894 -0.008900708056361 0.017789640100629 -0.009110158671666 0.051666277248408 -0.285241971804570 0.117149556064788 -0.664388147486594 1.704216947560067
-0.574293788781351 -0.008658986373806 0.016406035665295 -0.008524410891342 0.048344336510975 -0.276720887066770 0.113627552917883 -0.644413875048322 1.768527021052124
-0.574333570146985 -0.008433375038127 0.015066644405487 -0.007956273126752 0.045122267135733 -0.267878251961509 0.110105549757655 -0.624439602598947 1.832837094544737
-0.574370598873875 -0.008223374692513 0.013773074073043 -0.007405745377964 0.042000069122738 -0.258714066488785 0.106583546610750 -0.604465330154014 1.897147168038460
-0.574404963012099 -0.008028485980153 0.012526932419800 -0.006872827644910 0.038977742471968 -0.249228330648593 0.103061543454963 -0.584491057711300 1.961457241531628
-0.574436750611737 -0.007848209544236 0.011329827197596 -0.006357519927636 0.036055287183412 -0.239421044440935 0.099539540308058 -0.564516785264146 2.025767315022575
-0.574466049722868 -0.007682046027951 0.010183366158267 -0.005859822226095 0.033232703257091 -0.229292207865822 0.096017537147830 -0.544542512819213 2.090077388514633
-0.574492948395570 -0.007529496074486 0.009089157053650 -0.005379734540356 0.030509990692995 -0.218841820923249 0.092495534005366 -0.524568240372059 2.154387462011131
-0.574517534679921 -0.007390060327030 0.008048807635584 -0.004917256870329 0.027887149491135 -0.208069883613193 0.088973530849579 -0.504593967929345 2.218697535502079
-0.574539896626002 -0.007263239428773 0.007063925655906 -0.004472389216081 0.025364179651488 -0.196976395935683 0.085451527693792 -0.484619695486632 2.283007608993026
-0.574560122283890 -0.007148534022903 0.006136118866452 -0.004045131577612 0.022941081174055 -0.185561357890718 0.081929524542446 -0.464645423039478 2.347317682489525
-0.574578299703664 -0.007045444752608 0.005266995019061 -0.003635483954900 0.020617854058858 -0.173824769478270 0.078407521395540 -0.444671150587883 2.411627755980472
-0.574594516935404 -0.006953472261079 0.004458161865569 -0.003243446347923 0.018394498305918 -0.161766630698368 0.074885518239753 -0.424696878151831 2.475937829470309
-0.574608862029187 -0.006872117191503 0.003711227157814 -0.002869018756724 0.016271013915159 -0.149386941551016 0.071363515088407 -0.404722605702457 2.540247902969028
-0.574621423035094 -0.006800880187070 0.003027798647633 -0.002512201181282 0.014247400886647 -0.136685702036171 0.067841511932620 -0.384748333259743 2.604557976458866
-0.574632288003202 -0.006739261890968 0.002409484086864 -0.002172993621619 0.012323659220348 -0.123662912153877 0.064319508790156 -0.364774060814810 2.668868049948703
-0.574641544983590 -0.006686762946387 0.001857891227343 -0.001851396077668 0.010499788916274 -0.110318571904133 0.060797505625487 -0.344799788363215 2.733178123447422
-0.574649282026338 -0.006642883996514 0.001374627820909 -0.001547408549540 0.008775789974458 -0.096652681286896 0.057275502483023 -0.324825515922722 2.797488196935038
-0.574655587181524 -0.006607125684540 0.000961301619398 -0.001261031037125 0.007151662394844 -0.082665240302221 0.053753499327236 -0.304851243477788 2.861798270431537
-0.574660548499226 -0.006578988653653 0.000619520374647 -0.000992263540489 0.005627406177455 -0.068356248950063 0.050231496175890 -0.284876971032855 2.926108343921374
-0.574664254029524 -0.006557973547041 0.000350891838495 -0.000741106059610 0.004203021322291 -0.053725707230456 0.046709493024544 -0.264902698587921 2.990418417417873
-0.574666791822497 -0.006543581007895 0.000157023762778 -0.000507558594487 0.002878507829351 -0.038773615143367 0.043187489868757 -0.244928426140767 3.054728490906600
-0.574668249928222 -0.006535311679401 0.000039523899334 -0.000291621145143 0.001653865698648 -0.023499972688834 0.039665486717411 -0.224954153695833 3.119038564400878
-0.574668716396780 -0.006532666204751 -0.000000000000000 -0.000093293711556 0.000529094930168 -0.007904779866830 0.037317484622434 -0.211637972067358 2.371433960050018
-0.574668249928222 -0.006535311679401 0.000019761949667 0.000093293711556 -0.000529094930168 0.003952389933420 0.039665486717411 -0.224954153695833 1.559519282199329
-0.574666791822497 -0.006543581007895 0.000078511881389 0.000291621145143 -0.001653865698648 0.011749986344417 0.043187489868757 -0.244928426140767 1.527364245453300
-0.574664254029524 -0.006557973547041 0.000175445919248 0.000507558594487 -0.002878507829351 0.019386807571684 0.046709493024544 -0.264902698587921 1.495209208708936
-0.574660548499226 -0.006578988653653 0.000309760187324 0.000741106059610 -0.004203021322291 0.026862853615228 0.050231496175890 -0.284876971032855 1.463054171960687
-0.574655587181524 -0.006607125684540 0.000480650809699 0.000992263540489 -0.005627406177455 0.034178124475032 0.053753499327236 -0.304851243477788 1.430899135215769
-0.574649282026338 -0.006642883996514 0.000687313910454 0.001261031037125 -0.007151662394844 0.041332620151110 0.057275502483023 -0.324825515922722 1.398744098467519
-0.574641544983590 -0.006686762946387 0.000928945613672 0.001547408549540 -0.008775789974458 0.048326340643448 0.060797505625487 -0.344799788363215 1.366589061723711
-0.574632288003202 -0.006739261890968 0.001204742043432 0.001851396077668 -0.010499788916274 0.055159285952067 0.064319508790156 -0.364774060814810 1.334434024974351
-0.574621423035094 -0.006800880187070 0.001513899323817 0.002172993621619 -0.012323659220348 0.061831456076938 0.067841511932620 -0.384748333259743 1.302278988229433
-0.574608862029187 -0.006872117191503 0.001855613578907 0.002512201181282 -0.014247400886647 0.068342851018086 0.071363515088407 -0.404722605702457 1.270123951484514
-0.574594516935404 -0.006953472261079 0.002229080932785 0.002869018756724 -0.016271013915159 0.074693470775508 0.074885518239753 -0.424696878151831 1.237968914735155
-0.574578299703664 -0.007045444752608 0.002633497509531 0.003243446347923 -0.018394498305918 0.080883315349184 0.078407521395540 -0.444671150587883 1.205813877990236
-0.574560122283890 -0.007148534022903 0.003068059433226 0.003635483954900 -0.020617854058858 0.086912384739135 0.081929524542446 -0.464645423039478 1.173658841244762
-0.574539896626002 -0.007263239428773 0.003531962827953 0.004045131577612 -0.022941081174055 0.092780678945359 0.085451527693792 -0.484619695486632 1.141503804496513
-0.574517534679921 -0.007390060327030 0.004024403817792 0.004472389216081 -0.025364179651488 0.098488197967841 0.088973530849579 -0.504593967929345 1.109348767751039
-0.574492948395570 -0.007529496074486 0.004544578526825 0.004917256870329 -0.027887149491135 0.104034941806597 0.092495534005366 -0.524568240372059 1.077193731005566
-0.574466049722868 -0.007682046027951 0.005091683079133 0.005379734540356 -0.030509990692995 0.109420910461624 0.096017537147830 -0.544542512819213 1.045038694257316
-0.574436750611737 -0.007848209544236 0.005664913598798 0.005859822226095 -0.033232703257091 0.114646103932911 0.099539540308058 -0.564516785264146 1.012883657511288
-0.574404963012099 -0.008028485980153 0.006263466209900 0.006357519927636 -0.036055287183412 0.119710522220468 0.103061543454963 -0.584491057711300 0.980728620765814
-0.574370598873875 -0.008223374692513 0.006886537036522 0.006872827644910 -0.038977742471968 0.124614165324297 0.106583546610750 -0.604465330154014 0.948573584019230
-0.574333570146985 -0.008433375038127 0.007533322202744 0.007405745377964 -0.042000069122738 0.129357033244393 0.110105549757655 -0.624439602598947 0.916418547272368
-0.574293788781351 -0.008658986373806 0.008203017832647 0.007956273126752 -0.045122267135733 0.133939125980755 0.113627552917883 -0.644413875048322 0.884263510526062
-0.574251166726894 -0.008900708056361 0.008894820050314 0.008524410891342 -0.048344336510975 0.138360443533385 0.117149556064788 -0.664388147486594 0.852108473780033
-0.574205615933536 -0.009159039442603 0.009607924979826 0.009110158671666 -0.051666277248408 0.142620985902285 0.120671559216134 -0.684362419938189 0.819953437033172
-0.574157048351197 -0.009434479889343 0.010341528745263 0.009713516467746 -0.055088089348099 0.146720753087451 0.124193562367481 -0.704336692380902 0.787798400286588
-0.574105375929799 -0.009727528753393 0.011094827470707 0.010334484279584 -0.058609772810003 0.150659745088884 0.127715565527708 -0.724310964823616 0.755643363540837
-0.574050510619263 -0.010038685391564 0.011867017280240 0.010973062107222 -0.062231327634121 0.154437961906588 0.131237568670173 -0.744285237272990 0.723488326793975
-0.573992364369510 -0.010368449160666 0.012657294297943 0.011629249950573 -0.065952753820486 0.158055403540558 0.134759571825960 -0.764259509715703 0.691333290047669
-0.573930849130462 -0.010717319417511 0.013464854647897 0.012303047809703 -0.069774051369065 0.161512069990796 0.138281574977306 -0.784233782160637 0.659178253301362
-0.573865876852039 -0.011085795518911 0.014288894454184 0.012994455684590 -0.073695220279868 0.164807961257303 0.141803578128652 -0.804208054605571 0.627023216555056
-0.573797359484163 -0.011474376821675 0.015128609840884 0.013703473575233 -0.077716260552896 0.167943077340078 0.145325581288880 -0.824182327054945 0.594868179808472
-0.573725208976754 -0.011883562682616 0.015983196932080 0.014430101481677 -0.081837172188171 0.170917418239121 0.148847584426903 -0.844156599497659 0.562713143061611
-0.573649337279735 -0.012313852458544 0.016851851851852 0.015174339403812 -0.086057955185659 0.173730983954429 0.152369587591572 -0.864130871938151 0.530558106316137
-0.573569656343026 -0.012765745506271 0.017733770724282 0.015936187341770 -0.090378609545350 0.176383774486009 0.155891590738477 -0.884105144391967 0.498403069569275
-0.573486078116549 -0.013239741182608 0.018628149673451 0.016715645295462 -0.094799135267309 0.178875789833856 0.159413593889823 -0.904079416830239 0.466248032822969
-0.573398514550225 -0.013736338844365 0.019534184823441 0.017512713264911 -0.099319532351461 0.181207029997971 0.162935597041169 -0.924053689277393 0.434092996075830
-0.573306877593974 -0.014256037848354 0.020451072298333 0.018327391250117 -0.103939800797848 0.183377494978350 0.166457600196956 -0.944027961722327 0.401937959330773
-0.573211079197719 -0.014799337551387 0.021378008222208 0.019159679251102 -0.108659940606459 0.185387184775004 0.169979603343862 -0.964002234169481 0.369782922583634
-0.573111031311379 -0.015366737310273 0.022314188719147 0.020009577267821 -0.113479951777307 0.187236099387922 0.173501606504090 -0.983976506609974 0.337627885836772
-0.573006645884878 -0.015958736481825 0.023258809913233 0.020877085300341 -0.118399834310356 0.188924238817106 0.177023609646554 -1.003950779061569 0.305472849091437
-0.572897834868135 -0.016575834422853 0.024211067928546 0.021762203348574 -0.123419588205664 0.190451603062563 0.180545612806782 -1.023925051502061 0.273317812343743
-0.572784510211072 -0.017218530490169 0.025170158889167 0.022664931412608 -0.128539213463175 0.191818192124282 0.184067615953687 -1.043899323946995 0.241162775598547
-0.572666583863610 -0.017887324040584 0.026135278919179 0.023585269492377 -0.133758710082910 0.193024006002274 0.187589619109474 -1.063873596398590 0.209007738851269
-0.572543967775670 -0.018582714430908 0.027105624142661 0.024523217587924 -0.139078078064903 0.194069044696531 0.191111622260820 -1.083847868836862 0.176852702105518
-0.572416573897174 -0.019305201017954 0.028080390683696 0.025478775699228 -0.144497317409087 0.194953308207058 0.194633625407725 -1.103822141284017 0.144697665358795
-0.572284314178043 -0.020055283158531 0.029058774666366 0.026451943826267 -0.150016428115507 0.195676796533852 0.198155628567953 -1.123796413728950 0.112542628612350
-0.572147100568197 -0.020833460209452 0.030039972214750 0.027442721969106 -0.155635410184152 0.196239509676914 0.201677631710417 -1.143770686176104 0.080387591866182
-0.572004845017559 -0.021640231527527 0.031023179452932 0.028451110127659 -0.161354263615032 0.196641447636245 0.205199634875086 -1.163744958616597 0.048232555119460
-0.571857459476049 -0.022476096469568 0.032007592504991 0.029477108302034 -0.167172988408115 0.196882610411842 0.208721638013110 -1.183719231068192 0.016077518373153
-0.571704855893588 -0.023341554392385 0.032992407495009 0.030520716492100 -0.173091584563456 0.196962998003708 0.212243641177778 -1.203693503508685 -0.016077518373292
-0.571546946220098 -0.024237104652790 0.033976820547068 0.031581934697988 -0.179110052081000 0.196882610411842 0.215765644320243 -1.223667775955839 -0.048232555119598
-0.571383642405500 -0.025163246607594 0.034960027785250 0.032660762919590 -0.185228390960779 0.196641447636244 0.219287647480471 -1.243642048400773 -0.080387591865905
-0.571214856399715 -0.026120479613608 0.035941225333634 0.033757201156992 -0.191446601202783 0.196239509676914 0.222809650627376 -1.263616320845706 -0.112542628612211
-0.571040500152665 -0.027109303027643 0.036919609316304 0.034871249410129 -0.197764682807011 0.195676796533853 0.226331653778722 -1.283590593288420 -0.144697665359073
-0.570860485614270 -0.028130216206510 0.037894375857339 0.036002907679022 -0.204182635773453 0.194953308207058 0.229853656934509 -1.303564865737794 -0.176852702105379
-0.570674724734451 -0.029183718507021 0.038864721080821 0.037152175963695 -0.210700460102142 0.194069044696531 0.233375660085855 -1.323539138180507 -0.209007738851130
-0.570483129463131 -0.030270309285986 0.039829841110833 0.038319054264124 -0.217318155793045 0.193024006002275 0.236897663237201 -1.343513410629882 -0.241162775598269
-0.570285611750229 -0.031390487900217 0.040788932071454 0.039503542580310 -0.224035722846194 0.191818192124284 0.240419666388547 -1.363487683068154 -0.273317812344853
-0.570082083545668 -0.032544753706525 0.041741190086767 0.040705640912253 -0.230853161261535 0.190451603062559 0.243941669539893 -1.383461955515308 -0.305472849090049
-0.569872456799368 -0.033733606061720 0.042685811280853 0.041925349259953 -0.237770471039112 0.188924238817109 0.247463672695680 -1.403436227964683 -0.337627885838021
-0.569656643461251 -0.034957544322615 0.043621991777792 0.043162667623431 -0.244787652178935 0.187236099387919 0.250985675842585 -1.423410500407396 -0.369782922583217
-0.569434555481238 -0.036217067846020 0.044548927701667 0.044417596002644 -0.251904704680972 0.185387184775003 0.254507678998372 -1.443384772850109 -0.401937959330356
-0.569206104809249 -0.037512675988746 0.045465815176559 0.045690134397636 -0.259121628545222 0.183377494978351 0.258029682154159 -1.463359045297263 -0.434092996076108
-0.568971203395207 -0.038844868107604 0.046371850326549 0.046980282808406 -0.266438423771709 0.181207029997971 0.261551685296624 -1.483333317742197 -0.466248032823247
-0.568729763189033 -0.040214143559406 0.047266229275718 0.048288041234890 -0.273855090360420 0.178875789833854 0.265073688456852 -1.503307590189351 -0.498403069568998
-0.568481696140647 -0.041621001700963 0.048148148148148 0.049613409677174 -0.281371628311367 0.176383774486009 0.268595691603757 -1.523281862632064 -0.530558106315859
-0.568226914199971 -0.043065941889086 0.049016803067920 0.050956388135193 -0.288988037624527 0.173730983954430 0.272117694759544 -1.543256135079218 -0.562713143061888
-0.567965329316926 -0.044549463480586 0.049871390159116 0.052316976608990 -0.296704318299923 0.170917418239121 0.275639697906449 -1.563230407521932 -0.594868179808472
-0.567696853441434 -0.046072065832273 0.050711105545816 0.053695175098523 -0.304520470337533 0.167943077340078 0.279161701066677 -1.583204679969086 -0.627023216555334
-0.567421398523414 -0.047634248300960 0.051535145352103 0.055090983603856 -0.312436493737378 0.164807961257302 0.282683704213582 -1.603178952414019 -0.659178253300807
-0.567138876512790 -0.049236510243457 0.052342705702057 0.056504402124924 -0.320452388499448 0.161512069990798 0.286205707369369 -1.623153224856733 -0.691333290047946
-0.566849199359481 -0.050879351016576 0.053132982719760 0.057935430661771 -0.328568154623732 0.158055403540558 0.289727710511833 -1.643127497306107 -0.723488326794253
-0.566552279013409 -0.052563269977127 0.053905172529293 0.059384069214330 -0.336783792110262 0.154437961906587 0.293249713676502 -1.663101769748820 -0.755643363540004
-0.566248027424496 -0.054288766481922 0.054658471254737 0.060850317782712 -0.345099300959006 0.150659745088887 0.296771716818967 -1.683076042195975 -0.787798400287421
-0.565936356542662 -0.056056339887772 0.055392075020174 0.062334176366807 -0.353514681169986 0.146720753087450 0.300293719979194 -1.703050314636467 -0.819953437032894
-0.565617178317828 -0.057866489551488 0.056105179949686 0.063835644966703 -0.362029932743169 0.142620985902285 0.303815723126100 -1.723024587085842 -0.852108473780033
-0.565290404699916 -0.059719714829881 0.056796982167353 0.065354723582334 -0.370645055678598 0.138360443533385 0.307337726277446 -1.742998859528555 -0.884263510526340
-0.564955947638848 -0.061616515079762 0.057466677797256 0.066891412213721 -0.379360049976241 0.133939125980753 0.310859729428792 -1.762973131977930 -0.916418547272368
-0.564613719084543 -0.063557389657943 0.058113462963478 0.068445710860865 -0.388174915636130 0.129357033244391 0.314381732589020 -1.782947404416202 -0.948573584018675
-0.564263630986924 -0.065542837921234 0.058736533790100 0.070017619523810 -0.397089652658211 0.124614165324298 0.317903735731484 -1.802921676867797 -0.980728620765814
-0.563905595295912 -0.067573359226447 0.059335086401202 0.071607138202467 -0.406104261042550 0.119710522220469 0.321425738891712 -1.822895949310510 -1.012883657511288
-0.563539523961427 -0.069649452930392 0.059908316920867 0.073214266896926 -0.415218740789103 0.114646103932912 0.324947742034176 -1.842870221755444 -1.045038694258427
-0.563165328933392 -0.071771618389882 0.060455421473175 0.074839005607097 -0.424433091897880 0.109420910461620 0.328469745194404 -1.862844494200377 -1.077193731004733
-0.562782922161727 -0.073940354961726 0.060975596182208 0.076481354333069 -0.433747314368882 0.104034941806597 0.331991748345750 -1.882818766647532 -1.109348767750484
-0.562392215596353 -0.076156162002737 0.061468037172047 0.078141313074798 -0.443161408202120 0.098488197967844 0.335513751492655 -1.902793039090245 -1.141503804497623
-0.561993121187191 -0.078419538869725 0.061931940566774 0.079818881832261 -0.452675373397571 0.092780678945356 0.339035754652883 -1.922767311535178 -1.173658841243930
-0.561585550884164 -0.080730984919501 0.062366502490469 0.081514060605525 -0.462289209955247 0.086912384739136 0.342557757795348 -1.942741583982333 -1.205813877990514
-0.561169416637191 -0.083090999508877 0.062770919067215 0.083226849394502 -0.472002917875158 0.080883315349184 0.346079760955575 -1.962715856427266 -1.237968914735710
-0.560744630396195 -0.085500081994663 0.063144386421093 0.084957248199280 -0.481816497157295 0.074693470775505 0.349601764102481 -1.982690128872200 -1.270123951483404
-0.560311104111096 -0.087958731733671 0.063486100676183 0.086705257019792 -0.491729947801656 0.068342851018088 0.353123767258268 -2.002664401314913 -1.302278988229433
-0.559868749731815 -0.090467448082712 0.063795257956568 0.088470875856084 -0.501743269808230 0.061831456076941 0.356645770409614 -2.022638673764288 -1.334434024975462
-0.559417479208275 -0.093026730398598 0.064071054386328 0.090254104708132 -0.511856463177052 0.055159285952064 0.360167773556519 -2.042612946207001 -1.366589061723156
-0.558957204490395 -0.095637078038138 0.064312686089546 0.092054943575914 -0.522069527908087 0.048326340643448 0.363689776716747 -2.062587218654155 -1.398744098468074
-0.558487837528098 -0.098298990358145 0.064519349190301 0.093873392459498 -0.532382464001357 0.041332620151108 0.367211779863652 -2.082561491094648 -1.430899135214103
-0.558009290271304 -0.101012966715429 0.064690239812676 0.095709451358816 -0.542795271456831 0.034178124475037 0.370733783014998 -2.102535763546243 -1.463054171962352
-0.557521474669934 -0.103779506466802 0.064824554080752 0.097563120273891 -0.553307950274562 0.026862853615225 0.374255786170785 -2.122510035984515 -1.495209208707826
-0.557024302673910 -0.106599108969074 0.064921488118611 0.099434399204745 -0.563920500454484 0.019386807571686 0.377777789322131 -2.142484308436110 -1.527364245454410
-0.556517686233154 -0.109472273579058 0.064980238050333 0.101323288151356 -0.574632921996665 0.011749986344414 0.381299792477918 -2.162458580885485 -1.559519282200439
-0.556001537297585 -0.112399499653563 0.065000000000000 0.103229787113746 -0.585445214901092 0.003952389933412 0.018658742302335 -0.105818986024797 -0.790477986682414
-0.555484921893459 -0.115329371202719 0.065000000000000 0.103323080825257 -0.585974309831216 0.000000000000000 -0.341634305751626 1.937504427182990 0.000000000000000
-0.554976847346976 -0.118210805141196 0.065000000000000 0.101614909296499 -0.576286787695302 0.000000000000000 -0.334590299453374 1.897555882288682 0.000000000000000
-0.554477137557980 -0.121044800182615 0.065000000000000 0.099941957799232 -0.566799008283858 0.000000000000000 -0.327546293141801 1.857607337405476 0.000000000000000
-0.553985616426312 -0.123832355040599 0.065000000000000 0.098304226333523 -0.557510971596831 0.000000000000000 -0.320502286843549 1.817658792506727 0.000000000000000
-0.553502107851816 -0.126574468428771 0.065000000000000 0.096701714899305 -0.548422677634297 0.000000000000000 -0.313458280536416 1.777710247619080 0.000000000000000
-0.553026435734333 -0.129272139060752 0.065000000000000 0.095134423496623 -0.539534126396202 0.000000000000000 -0.306414274238165 1.737761702735874 0.000000000000000
-0.552558423973706 -0.131926365650164 0.065000000000000 0.093602352125433 -0.530845317882522 0.000000000000000 -0.299370267922150 1.697813157837125 0.000000000000000
-0.552097896469776 -0.134538146910631 0.065000000000000 0.092105500785822 -0.522356252093337 0.000000000000000 -0.292326261628340 1.657864612947257 0.000000000000000
-0.551644677122388 -0.137108481555774 0.065000000000000 0.090643869477680 -0.514066929028600 0.000000000000000 -0.285282255321206 1.617916068061831 0.000000000000000
-0.551198589831383 -0.139638368299215 0.065000000000000 0.089217458201074 -0.505977348688291 0.000000000000000 -0.278238249014073 1.577967523169743 0.000000000000000
-0.550759458496603 -0.142128805854578 0.065000000000000 0.087826266956004 -0.498087511072443 0.000000000000000 -0.271194242711381 1.538018978273215 0.000000000000000
-0.550327107017890 -0.144580792935483 0.065000000000000 0.086470295742447 -0.490397416181076 0.000000000000000 -0.264150236408689 1.498070433392229 0.000000000000000
-0.549901359295088 -0.146995328255554 0.065000000000000 0.085149544560403 -0.482907064014115 0.000000000000000 -0.257106230105997 1.458121888495700 0.000000000000000
-0.549482039228039 -0.149373410528412 0.065000000000000 0.083864013409873 -0.475616454571637 0.000000000000000 -0.250062223798864 1.418173343610274 0.000000000000000
-0.549068970716585 -0.151716038467680 0.065000000000000 0.082613702290879 -0.468525587853585 0.000000000000000 -0.243018217491731 1.378224798713745 0.000000000000000
-0.548661977660568 -0.154024210786980 0.065000000000000 0.081398611203420 -0.461634463860017 0.000000000000000 -0.235974211197920 1.338276253828319 0.000000000000000
-0.548260883959830 -0.156298926199934 0.065000000000000 0.080218740147431 -0.454943082590875 0.000000000000000 -0.228930204881905 1.298327708936231 0.000000000000000
-0.547865513514215 -0.158541183420165 0.065000000000000 0.079074089123021 -0.448451444046194 0.000000000000000 -0.221886198583654 1.258379164046364 0.000000000000000
-0.547475690223565 -0.160751981161295 0.065000000000000 0.077964658130103 -0.442159548225962 0.000000000000000 -0.214842192276521 1.218430619158717 0.000000000000000
-0.547091237987721 -0.162932318136946 0.065000000000000 0.076890447168720 -0.436067395130169 0.000000000000000 -0.207798185978270 1.178482074259968 0.000000000000000
-0.546711980706527 -0.165083193060740 0.065000000000000 0.075851456238829 -0.430174984758869 0.000000000000000 -0.200754179666696 1.138533529376762 0.000000000000000
-0.546337742279825 -0.167205604646300 0.065000000000000 0.074847685340496 -0.424482317111985 0.000000000000000 -0.193710173368444 1.098584984482454 0.000000000000000
-0.545968346607456 -0.169300551607248 0.065000000000000 0.073879134473653 -0.418989392189573 0.000000000000000 -0.186666167056870 1.058636439599248 0.000000000000000
-0.545603617589264 -0.171369032657206 0.065000000000000 0.072945803638369 -0.413696209991576 0.000000000000000 -0.179622160763060 1.018687894700498 0.000000000000000
-0.545243379125092 -0.173412046509796 0.065000000000000 0.072047692834554 -0.408602770518074 0.000000000000000 -0.172578154451486 0.978739349815072 0.000000000000000
-0.544887455114780 -0.175430591878641 0.065000000000000 0.071184802062296 -0.403709073768999 0.000000000000000 -0.165534148148794 0.938790804920764 0.000000000000000
-0.544535669458172 -0.177425667477363 0.065000000000000 0.070357131321552 -0.399015119744395 0.000000000000000 -0.158490141841661 0.898842260035337 0.000000000000000
-0.544187846055111 -0.179398272019584 0.065000000000000 0.069564680612344 -0.394520908444218 0.000000000000000 -0.151446135543409 0.858893715142139 0.000000000000000
-0.543843808805438 -0.181349404218927 0.065000000000000 0.068807449934627 -0.390226439868507 0.000000000000000 -0.144402129236276 0.818945170251162 0.000000000000000
-0.543503381608995 -0.183280062789013 0.065000000000000 0.068085439288446 -0.386131714017252 0.000000000000000 -0.137358122933584 0.778996625363515 0.000000000000000
-0.543166388365626 -0.185191246443465 0.065000000000000 0.067398648673778 -0.382236730890434 0.000000000000000 -0.130314116626451 0.739048080470317 0.000000000000000
-0.542832652975173 -0.187083953895906 0.065000000000000 0.066747078090645 -0.378541490488082 0.000000000000000 -0.123270110323759 0.699099535579339 0.000000000000000
-0.542501999337478 -0.188959183859956 0.065000000000000 0.066130727539027 -0.375045992810186 0.000000000000000 -0.116226104021067 0.659150990692803 0.000000000000000
-0.542174251352384 -0.190817935049240 0.065000000000000 0.065549597018921 -0.371750237856722 0.000000000000000 -0.109182097709493 0.619202445800715 0.000000000000000
-0.541849232919732 -0.192661206177379 0.065000000000000 0.065003686530374 -0.368654225627718 0.000000000000000 -0.102138091415682 0.579253900908627 0.000000000000000
-0.541526767939365 -0.194489995957995 0.065000000000000 0.064492996073295 -0.365757956123175 0.000000000000000 -0.095094085108549 0.539305356019870 0.000000000000000
-0.541206680311126 -0.196305303104710 0.065000000000000 0.064017525647753 -0.363061429343076 0.000000000000000 -0.088050078801416 0.499356811130003 0.000000000000000
-0.540888793934858 -0.198108126331147 0.065000000000000 0.063577275253746 -0.360564645287426 0.000000000000000 -0.081006072494283 0.459408266237915 0.000000000000000
-0.540572932710401 -0.199899464350928 0.065000000000000 0.063172244891274 -0.358267603956236 0.000000000000000 -0.073962066200473 0.419459721350268 0.000000000000000
-0.540258920537600 -0.201680315877676 0.065000000000000 0.062802434560272 -0.356170305349485 0.000000000000000 -0.066918059884458 0.379511176459291 0.000000000000000
-0.539946581316296 -0.203451679625012 0.065000000000000 0.062467844260850 -0.354272749467188 0.000000000000000 -0.059874053590647 0.339562631566093 0.000000000000000
-0.539635738946331 -0.205214554306558 0.065000000000000 0.062168473992896 -0.352574936309358 0.000000000000000 -0.052830047279073 0.299614086677336 0.000000000000000
-0.539326217327549 -0.206969938635938 0.065000000000000 0.061904323756501 -0.351076865875971 0.000000000000000 -0.045786040976381 0.259665541787468 0.000000000000000
-0.539017840359791 -0.208718831326773 0.065000000000000 0.061675393551619 -0.349778538167034 0.000000000000000 -0.038742034673689 0.219716996896491 0.000000000000000
-0.538710431942899 -0.210462231092686 0.065000000000000 0.061481683378251 -0.348679953182551 0.000000000000000 -0.031698028370997 0.179768452007734 0.000000000000000
-0.538403815976717 -0.212201136647299 0.065000000000000 0.061323193236396 -0.347781110922513 0.000000000000000 -0.024654022063864 0.139819907115646 0.000000000000000
-0.538097816361087 -0.213936546704233 0.065000000000000 0.061199923126076 -0.347082011386934 0.000000000000000 -0.017610015756730 0.099871362225779 0.000000000000000
-0.537792256995851 -0.215669459977112 0.065000000000000 0.061111873047293 -0.346582654575806 0.000000000000000 -0.010566009462920 0.059922817334801 0.000000000000000
-0.537486961780851 -0.217400875179558 0.065000000000000 0.061059042999978 -0.346283040489131 0.000000000000000 -0.003522003146905 0.019974272447154 0.000000000000000
-0.537181754615929 -0.219131791025193 0.065000000000000 0.061041432984243 -0.346183169126896 0.000000000000000 0.003522003151346 -0.019974272443823 0.000000000000000
-0.536876459400929 -0.220863206227638 0.065000000000000 0.061059043000000 -0.346283040489115 0.000000000000000 0.010566009454038 -0.059922817338132 0.000000000000000
-0.536570900035693 -0.222596119500517 0.065000000000000 0.061111873047270 -0.346582654575806 0.000000000000000 0.017610015761171 -0.099871362225779 0.000000000000000
-0.536264900420063 -0.224331529557452 0.065000000000000 0.061199923126076 -0.347082011386934 0.000000000000000 0.024654022068304 -0.139819907116756 0.000000000000000
-0.535958284453881 -0.226070435112064 0.065000000000000 0.061323193236418 -0.347781110922518 0.000000000000000 0.031698028362115 -0.179768452005513 0.000000000000000
-0.535650876036989 -0.227813834877977 0.065000000000000 0.061481683378228 -0.348679953182546 0.000000000000000 0.038742034678130 -0.219716996897601 0.000000000000000
-0.535342499069231 -0.229562727568812 0.065000000000000 0.061675393551619 -0.349778538167034 0.000000000000000 0.045786040976381 -0.259665541788578 0.000000000000000
-0.535032977450449 -0.231318111898192 0.065000000000000 0.061904323756501 -0.351076865875977 0.000000000000000 0.052830047283514 -0.299614086674005 0.000000000000000
-0.534722135080484 -0.233080986579739 0.065000000000000 0.062168473992918 -0.352574936309347 0.000000000000000 0.059874053581765 -0.339562631571644 0.000000000000000
-0.534409795859180 -0.234852350327075 0.065000000000000 0.062467844260827 -0.354272749467205 0.000000000000000 0.066918059893339 -0.379511176455960 0.000000000000000
-0.534095783686379 -0.236633201853822 0.065000000000000 0.062802434560294 -0.356170305349485 0.000000000000000 0.073962066191591 -0.419459721349158 0.000000000000000
-0.533779922461922 -0.238424539873604 0.065000000000000 0.063172244891252 -0.358267603956230 0.000000000000000 0.081006072498724 -0.459408266240136 0.000000000000000
-0.533462036085654 -0.240227363100041 0.065000000000000 0.063577275253746 -0.360564645287431 0.000000000000000 0.088050078805857 -0.499356811127782 0.000000000000000
-0.533141948457415 -0.242042670246756 0.065000000000000 0.064017525647775 -0.363061429343070 0.000000000000000 0.095094085104108 -0.539305356020980 0.000000000000000
-0.532819483477048 -0.243871460027372 0.065000000000000 0.064492996073295 -0.365757956123175 0.000000000000000 0.102138091411241 -0.579253900908627 0.000000000000000
-0.532494465044397 -0.245714731155511 0.065000000000000 0.065003686530352 -0.368654225627718 0.000000000000000 0.109182097713934 -0.619202445800715 0.000000000000000
-0.532166717059302 -0.247573482344794 0.065000000000000 0.065549597018921 -0.371750237856722 0.000000000000000 0.116226104021067 -0.659150990691693 0.000000000000000
-0.531836063421607 -0.249448712308845 0.065000000000000 0.066130727539027 -0.375045992810180 0.000000000000000 0.123270110323759 -0.699099535579339 0.000000000000000
-0.531502328031154 -0.251341419761285 0.065000000000000 0.066747078090645 -0.378541490488077 0.000000000000000 0.130314116630892 -0.739048080474758 0.000000000000000
-0.531165334787785 -0.253252603415738 0.065000000000000 0.067398648673800 -0.382236730890451 0.000000000000000 0.137358122929143 -0.778996625356854 0.000000000000000
-0.530824907591342 -0.255183261985824 0.065000000000000 0.068085439288446 -0.386131714017235 0.000000000000000 0.144402129236276 -0.818945170255603 0.000000000000000
-0.530480870341669 -0.257134394185166 0.065000000000000 0.068807449934627 -0.390226439868513 0.000000000000000 0.151446135538968 -0.858893715143250 0.000000000000000
-0.530133046938608 -0.259106998727388 0.065000000000000 0.069564680612322 -0.394520908444229 0.000000000000000 0.158490141846102 -0.898842260033117 0.000000000000000
-0.529781261282000 -0.261102074326110 0.065000000000000 0.070357131321552 -0.399015119744395 0.000000000000000 0.165534148148794 -0.938790804920764 0.000000000000000
-0.529425337271688 -0.263120619694955 0.065000000000000 0.071184802062296 -0.403709073768999 0.000000000000000 0.172578154455927 -0.978739349815072 0.000000000000000
-0.529065098807516 -0.265163633547545 0.065000000000000 0.072047692834576 -0.408602770518074 0.000000000000000 0.179622160754178 -1.018687894702719 0.000000000000000
-0.528700369789324 -0.267232114597503 0.065000000000000 0.072945803638347 -0.413696209991588 0.000000000000000 0.186666167061311 -1.058636439594807 0.000000000000000
-0.528330974116956 -0.269327061558451 0.065000000000000 0.073879134473653 -0.418989392189562 0.000000000000000 0.193710173368444 -1.098584984484674 0.000000000000000
-0.527956735690253 -0.271449473144011 0.065000000000000 0.074847685340496 -0.424482317111985 0.000000000000000 0.200754179671137 -1.138533529374541 0.000000000000000
-0.527577478409059 -0.273600348067805 0.065000000000000 0.075851456238851 -0.430174984758858 0.000000000000000 0.207798185969388 -1.178482074266629 0.000000000000000
-0.527193026173215 -0.275780685043456 0.065000000000000 0.076890447168698 -0.436067395130191 0.000000000000000 0.214842192280962 -1.218430619154276 0.000000000000000
-0.526803202882565 -0.277991482784586 0.065000000000000 0.077964658130103 -0.442159548225962 0.000000000000000 0.221886198583654 -1.258379164046364 0.000000000000000
-0.526407832436950 -0.280233740004817 0.065000000000000 0.079074089123021 -0.448451444046194 0.000000000000000 0.228930204886346 -1.298327708934011 0.000000000000000
-0.526006738736212 -0.282508455417771 0.065000000000000 0.080218740147453 -0.454943082590864 0.000000000000000 0.235974211189038 -1.338276253832760 0.000000000000000
-0.525599745680195 -0.284816627737071 0.065000000000000 0.081398611203398 -0.461634463860028 0.000000000000000 0.243018217500612 -1.378224798709304 0.000000000000000
-0.525186677168741 -0.287159255676339 0.065000000000000 0.082613702290901 -0.468525587853574 0.000000000000000 0.250062223794423 -1.418173343612494 0.000000000000000
-0.524767357101692 -0.289537337949197 0.065000000000000 0.083864013409873 -0.475616454571637 0.000000000000000 0.257106230105997 -1.458121888495700 0.000000000000000
-0.524341609378890 -0.291951873269268 0.065000000000000 0.085149544560403 -0.482907064014115 0.000000000000000 0.264150236404248 -1.498070433387788 0.000000000000000
-0.523909257900177 -0.294403860350173 0.065000000000000 0.086470295742425 -0.490397416181054 0.000000000000000 0.271194242715822 -1.538018978279876 0.000000000000000
-0.523470126565397 -0.296894297905535 0.065000000000000 0.087826266956004 -0.498087511072454 0.000000000000000 0.278238249014073 -1.577967523171964 0.000000000000000
-0.523024039274392 -0.299424184648977 0.065000000000000 0.089217458201074 -0.505977348688313 0.000000000000000 0.285282255325647 -1.617916068052949 0.000000000000000
-0.522570819927003 -0.301994519294120 0.065000000000000 0.090643869477702 -0.514066929028578 0.000000000000000 0.292326261619458 -1.657864612951698 0.000000000000000
-0.522110292423074 -0.304606300554586 0.065000000000000 0.092105500785800 -0.522356252093337 0.000000000000000 0.299370267931032 -1.697813157841566 0.000000000000000
-0.521642280662447 -0.307260527143999 0.065000000000000 0.093602352125455 -0.530845317882545 0.000000000000000 0.306414274233724 -1.737761702729212 0.000000000000000
-0.521166608544964 -0.309958197775980 0.065000000000000 0.095134423496623 -0.539534126396191 0.000000000000000 0.313458280536416 -1.777710247621300 0.000000000000000
-0.520683099970468 -0.312700311164152 0.065000000000000 0.096701714899305 -0.548422677634297 0.000000000000000 0.320502286839108 -1.817658792508947 0.000000000000000
-0.520191578838800 -0.315487866022136 0.065000000000000 0.098304226333501 -0.557510971596842 0.000000000000000 0.327546293150682 -1.857607337401035 0.000000000000000
-0.519691869049804 -0.318321861063555 0.065000000000000 0.099941957799254 -0.566799008283847 0.000000000000000 0.334590299448934 -1.897555882293123 0.000000000000000
-0.519183794503321 -0.321203295002032 0.065000000000000 0.101614909296499 -0.576286787695313 0.000000000000000 0.341634305751626 -1.937504427180770 0.000000000001110
-0.518667179099195 -0.324133166551188 0.065000000000000 0.103323080825257 -0.585974309831216 0.000000000000006 -0.018658742306776 0.105818986031458 -0.790477986684079
-0.518151030163626 -0.327060392625693 0.064980238050333 0.103229787113723 -0.585445214901059 -0.003952389933415 -0.381299792473477 2.162458580881044 -1.559519282200439
-0.517644413722870 -0.329933557235676 0.064921488118611 0.101323288151356 -0.574632921996654 -0.011749986344417 -0.377777789322131 2.142484308431669 -1.527364245453300
-0.517147241726846 -0.332753159737949 0.064824554080752 0.099434399204745 -0.563920500454496 -0.019386807571684 -0.374255786166344 2.122510035986735 -1.495209208708936
-0.516659426125476 -0.335519699489321 0.064690239812676 0.097563120273914 -0.553307950274562 -0.026862853615228 -0.370733783023880 2.102535763546243 -1.463054171960687
-0.516180878868682 -0.338233675846606 0.064519349190301 0.095709451358794 -0.542795271456831 -0.034178124475032 -0.367211779859211 2.082561491096868 -1.430899135215769
-0.515711511906385 -0.340895588166612 0.064312686089546 0.093873392459498 -0.532382464001346 -0.041332620151110 -0.363689776712306 2.062587218649714 -1.398744098467519
-0.515251237188505 -0.343505935806153 0.064071054386328 0.092054943575937 -0.522069527908098 -0.048326340643448 -0.360167773565401 2.042612946209221 -1.366589061723711
-0.514799966664965 -0.346065218122038 0.063795257956568 0.090254104708110 -0.511856463177052 -0.055159285952067 -0.356645770405173 2.022638673762067 -1.334434024974351
-0.514357612285684 -0.348573934471079 0.063486100676183 0.088470875856084 -0.501743269808241 -0.061831456076938 -0.353123767258268 2.002664401319354 -1.302278988229433
-0.513924086000585 -0.351032584210088 0.063144386421093 0.086705257019792 -0.491729947801645 -0.068342851018086 -0.349601764102481 1.982690128872200 -1.270123951484514
-0.513499299759589 -0.353441666695874 0.062770919067215 0.084957248199280 -0.481816497157284 -0.074693470775508 -0.346079760955575 1.962715856422825 -1.237968914735155
-0.513083165512616 -0.355801681285250 0.062366502490469 0.083226849394502 -0.472002917875169 -0.080883315349184 -0.342557757795348 1.942741583982333 -1.205813877990236
-0.512675595209589 -0.358113127335026 0.061931940566774 0.081514060605525 -0.462289209955258 -0.086912384739135 -0.339035754652883 1.922767311537399 -1.173658841244762
-0.512276500800427 -0.360376504202014 0.061468037172047 0.079818881832261 -0.452675373397571 -0.092780678945359 -0.335513751492655 1.902793039092465 -1.141503804496513
-0.511885794235053 -0.362592311243024 0.060975596182208 0.078141313074798 -0.443161408202108 -0.098488197967841 -0.331991748345750 1.882818766645311 -1.109348767751039
-0.511503387463388 -0.364761047814869 0.060455421473175 0.076481354333069 -0.433747314368882 -0.104034941806597 -0.328469745189963 1.862844494200377 -1.077193731005566
-0.511129192435352 -0.366883213274358 0.059908316920867 0.074839005607119 -0.424433091897880 -0.109420910461624 -0.324947742043058 1.842870221755444 -1.045038694257316
-0.510763121100868 -0.368959306978304 0.059335086401202 0.073214266896904 -0.415218740789103 -0.114646103932911 -0.321425738887271 1.822895949310510 -1.012883657511288
-0.510405085409856 -0.370989828283517 0.058736533790100 0.071607138202467 -0.406104261042550 -0.119710522220468 -0.317903735731484 1.802921676867797 -0.980728620765814
-0.510054997312237 -0.372975276546808 0.058113462963478 0.070017619523810 -0.397089652658211 -0.124614165324297 -0.314381732584579 1.782947404416202 -0.948573584019230
-0.509712768757932 -0.374916151124988 0.057466677797256 0.068445710860887 -0.388174915636130 -0.129357033244393 -0.310859729433233 1.762973131977930 -0.916418547272368
-0.509378311696864 -0.376812951374869 0.056796982167353 0.066891412213721 -0.379360049976241 -0.133939125980755 -0.307337726281887 1.742998859528555 -0.884263510526062
-0.509051538078952 -0.378666176653262 0.056105179949686 0.065354723582312 -0.370645055678598 -0.138360443533385 -0.303815723121659 1.723024587085842 -0.852108473780033
-0.508732359854118 -0.380476326316978 0.055392075020174 0.063835644966703 -0.362029932743169 -0.142620985902285 -0.300293719979194 1.703050314638688 -0.819953437033172
-0.508420688972284 -0.382243899722828 0.054658471254737 0.062334176366807 -0.353514681169975 -0.146720753087451 -0.296771716818967 1.683076042191534 -0.787798400286588
-0.508116437383371 -0.383969396227623 0.053905172529293 0.060850317782712 -0.345099300959018 -0.150659745088884 -0.293249713672061 1.663101769753261 -0.755643363540837
-0.507819517037299 -0.385653315188175 0.053132982719760 0.059384069214352 -0.336783792110251 -0.154437961906588 -0.289727710520715 1.643127497301666 -0.723488326793975
-0.507529839883990 -0.387296155961293 0.052342705702057 0.057935430661749 -0.328568154623743 -0.158055403540558 -0.286205707364928 1.623153224858953 -0.691333290047669
-0.507247317873366 -0.388898417903790 0.051535145352103 0.056504402124924 -0.320452388499448 -0.161512069990796 -0.282683704213582 1.603178952416240 -0.659178253301362
-0.506971862955346 -0.390460600372477 0.050711105545816 0.055090983603856 -0.312436493737367 -0.164807961257303 -0.279161701062236 1.583204679966865 -0.627023216555056
-0.506703387079854 -0.391983202724165 0.049871390159116 0.053695175098545 -0.304520470337533 -0.167943077340078 -0.275639697910890 1.563230407519711 -0.594868179808472
-0.506441802196809 -0.393466724315665 0.049016803067920 0.052316976608990 -0.296704318299934 -0.170917418239121 -0.272117694759544 1.543256135083659 -0.562713143061611
-0.506187020256133 -0.394911664503787 0.048148148148148 0.050956388135193 -0.288988037624516 -0.173730983954429 -0.268595691608198 1.523281862629844 -0.530558106316137
-0.505938953207747 -0.396318522645344 0.047266229275718 0.049613409677152 -0.281371628311367 -0.176383774486009 -0.265073688447970 1.503307590187131 -0.498403069569275
-0.505697513001573 -0.397687798097146 0.046371850326549 0.048288041234912 -0.273855090360431 -0.178875789833856 -0.261551685305506 1.483333317744417 -0.466248032822969
-0.505462611587531 -0.399019990216005 0.045465815176559 0.046980282808384 -0.266438423771709 -0.181207029997971 -0.258029682149719 1.463359045297263 -0.434092996075830
-0.505234160915542 -0.400315598358731 0.044548927701667 0.045690134397636 -0.259121628545222 -0.183377494978350 -0.254507678993932 1.443384772852330 -0.401937959330634
-0.505012072935529 -0.401575121882136 0.043621991777792 0.044417596002666 -0.251904704680961 -0.185387184775003 -0.250985675851467 1.423410500405176 -0.369782922583772
-0.504796259597412 -0.402799060143030 0.042685811280853 0.043162667623409 -0.244787652178935 -0.187236099387922 -0.247463672686798 1.403436227962462 -0.337627885836911
-0.504586632851112 -0.403987912498226 0.041741190086767 0.041925349259975 -0.237770471039123 -0.188924238817106 -0.243941669548775 1.383461955517529 -0.305472849091437
-0.504383104646551 -0.405142178304534 0.040788932071454 0.040705640912231 -0.230853161261535 -0.190451603062564 -0.240419666384106 1.363487683070375 -0.273317812343465
-0.504185586933649 -0.406262356918765 0.039829841110833 0.039503542580310 -0.224035722846183 -0.191818192124281 -0.236897663237201 1.343513410627661 -0.241162775598824
-0.503993991662329 -0.407348947697730 0.038864721080821 0.038319054264124 -0.217318155793045 -0.193024006002275 -0.233375660085855 1.323539138180507 -0.209007738850853
-0.503808230782510 -0.408402449998240 0.037894375857339 0.037152175963695 -0.210700460102142 -0.194069044696529 -0.229853656934509 1.303564865735574 -0.176852702105934
-0.503628216244115 -0.409423363177108 0.036919609316304 0.036002907679022 -0.204182635773464 -0.194953308207059 -0.226331653778722 1.283590593290640 -0.144697665358517
-0.503453859997065 -0.410412186591143 0.035941225333634 0.034871249410129 -0.197764682807011 -0.195676796533852 -0.222809650627376 1.263616320847927 -0.112542628612766
-0.503285073991280 -0.411369419597157 0.034960027785250 0.033757201156992 -0.191446601202772 -0.196239509676915 -0.219287647480471 1.243642048398552 -0.080387591865905
-0.503121770176682 -0.412295561551961 0.033976820547068 0.032660762919590 -0.185228390960779 -0.196641447636245 -0.215765644320243 1.223667775955839 -0.048232555119321
-0.502963860503192 -0.413191111812366 0.032992407495009 0.031581934697988 -0.179110052081000 -0.196882610411842 -0.212243641173337 1.203693503508685 -0.016077518373292
-0.502811256920731 -0.414056569735183 0.032007592504991 0.030520716492122 -0.173091584563456 -0.196962998003708 -0.208721638021991 1.183719231065972 0.016077518373292
-0.502663871379221 -0.414892434677224 0.031023179452932 0.029477108302012 -0.167172988408126 -0.196882610411842 -0.205199634866204 1.163744958621038 0.048232555119598
-0.502521615828583 -0.415699205995299 0.030039972214750 0.028451110127681 -0.161354263615021 -0.196641447636244 -0.201677631719299 1.143770686171663 0.080387591865905
-0.502384402218737 -0.416477383046219 0.029058774666366 0.027442721969084 -0.155635410184163 -0.196239509676914 -0.198155628559071 1.123796413733391 0.112542628612211
-0.502252142499606 -0.417227465186797 0.028080390683696 0.026451943826289 -0.150016428115496 -0.195676796533853 -0.194633625416607 1.103822141279576 0.144697665359073
-0.502124748621110 -0.417949951773842 0.027105624142661 0.025478775699206 -0.144497317409098 -0.194953308207058 -0.191111622256379 1.083847868843524 0.176852702105379
-0.502002132533170 -0.418645342164167 0.026135278919179 0.024523217587924 -0.139078078064880 -0.194069044696531 -0.187589619109474 1.063873596391929 0.209007738851269
-0.501884206185708 -0.419314135714581 0.025170158889167 0.023585269492377 -0.133758710082921 -0.193024006002274 -0.184067615953687 1.043899323946995 0.241162775597992
-0.501770881528645 -0.419956831781897 0.024211067928546 0.022664931412608 -0.128539213463186 -0.191818192124284 -0.180545612806782 1.023925051504282 0.273317812344853
-0.501662070511902 -0.420573929722926 0.023258809913233 0.021762203348574 -0.123419588205664 -0.190451603062560 -0.177023609646554 1.003950779061569 0.305472849090604
-0.501557685085401 -0.421165928894477 0.022314188719147 0.020877085300341 -0.118399834310356 -0.188924238817107 -0.173501606504090 0.983976506609974 0.337627885837327
-0.501457637199062 -0.421733328653364 0.021378008222208 0.020009577267821 -0.113479951777307 -0.187236099387920 -0.169979603343862 0.964002234167260 0.369782922583495
-0.501361838802806 -0.422276628356396 0.020451072298333 0.019159679251102 -0.108659940606470 -0.185387184775003 -0.166457600192516 0.944027961726768 0.401937959330217
-0.501270201846555 -0.422796327360386 0.019534184823441 0.018327391250139 -0.103939800797836 -0.183377494978352 -0.162935597045610 0.924053689275173 0.434092996076524
-0.501182638280231 -0.423292925022143 0.018628149673451 0.017512713264911 -0.099319532351461 -0.181207029997969 -0.159413593894264 0.904079416830239 0.466248032822691
-0.501099060053754 -0.423766920698479 0.017733770724282 0.016715645295440 -0.094799135267309 -0.178875789833856 -0.155891590734036 0.884105144394187 0.498403069569414
-0.501019379117045 -0.424218813746206 0.016851851851852 0.015936187341770 -0.090378609545338 -0.176383774486009 -0.152369587587131 0.864130871935931 0.530558106315721
-0.500943507420026 -0.424649103522134 0.015983196932080 0.015174339403834 -0.086057955185659 -0.173730983954430 -0.148847584435785 0.844156599499879 0.562713143062027
-0.500871356912617 -0.425058289383075 0.015128609840884 0.014430101481655 -0.081837172188159 -0.170917418239120 -0.145325581279998 0.824182327050504 0.594868179808333
-0.500802839544741 -0.425446870685840 0.014288894454184 0.013703473575255 -0.077716260552907 -0.167943077340078 -0.141803578133093 0.804208054607791 0.627023216554989
-0.500737867266318 -0.425815346787239 0.013464854647897 0.012994455684590 -0.073695220279868 -0.164807961257303 -0.138281574977306 0.784233782158417 0.659178253301429
-0.500676352027270 -0.426164217044084 0.012657294297943 0.012303047809703 -0.069774051369076 -0.161512069990796 -0.134759571825960 0.764259509720144 0.691333290047602
-0.500618205777517 -0.426493980813187 0.011867017280240 0.011629249950573 -0.065952753820475 -0.158055403540558 -0.131237568674614 0.744285237268549 0.723488326794181
-0.500563340466981 -0.426805137451357 0.011094827470707 0.010973062107200 -0.062231327634132 -0.154437961906587 -0.127715565518827 0.724310964825836 0.755643363540420
-0.500511668045583 -0.427098186315407 0.010341528745263 0.010334484279606 -0.058609772810003 -0.150659745088885 -0.124193562371921 0.704336692380902 0.787798400287004
-0.500463100463244 -0.427373626762148 0.009607924979826 0.009713516467746 -0.055088089348099 -0.146720753087450 -0.120671559220575 0.684362419938189 0.819953437033311
-0.500417549669886 -0.427631958148390 0.008894820050314 0.009110158671644 -0.051666277248408 -0.142620985902284 -0.117149556060347 0.664388147486594 0.852108473779689
-0.500374927615429 -0.427873679830945 0.008203017832647 0.008524410891342 -0.048344336510975 -0.138360443533385 -0.113627552913442 0.644413875048322 0.884263510526201
-0.500335146249795 -0.428099291166624 0.007533322202744 0.007956273126775 -0.045122267135733 -0.133939125980754 -0.110105549766537 0.624439602598947 0.916418547272507
-0.500298117522905 -0.428309291512237 0.006886537036522 0.007405745377942 -0.042000069122738 -0.129357033244392 -0.106583546601868 0.604465330154014 0.948573584018950
-0.500263753384681 -0.428504180224597 0.006263466209900 0.006872827644933 -0.038977742471968 -0.124614165324297 -0.103061543463845 0.584491057713521 0.980728620765328
-0.500231965785043 -0.428684456660514 0.005664913598798 0.006357519927613 -0.036055287183401 -0.119710522220470 -0.099539540299176 0.564516785259706 1.012883657511773
-0.500202666673912 -0.428850620176800 0.005091683079133 0.005859822226117 -0.033232703257102 -0.114646103932911 -0.096017537156712 0.544542512821433 1.045038694258149
-0.500175768001210 -0.429003170130265 0.004544578526825 0.005379734540334 -0.030509990692995 -0.109420910461621 -0.092495534000925 0.524568240374279 1.077193731004561
-0.500151181716859 -0.429142605877720 0.004024403817792 0.004917256870329 -0.027887149491124 -0.104034941806598 -0.088973530845138 0.504593967931566 1.109348767751020
-0.500128819770778 -0.429269426775978 0.003531962827953 0.004472389216104 -0.025364179651466 -0.098488197967843 -0.085451527702674 0.484619695477750 1.141503804497346
-0.500108594112890 -0.429384132181848 0.003068059433226 0.004045131577590 -0.022941081174077 -0.092780678945356 -0.081929524538005 0.464645423041699 1.173658841243791
-0.500090416693116 -0.429487221452142 0.002633497509531 0.003635483954900 -0.020617854058869 -0.086912384739137 -0.078407521395540 0.444671150594544 1.205813877990167
-0.500074199461376 -0.429579193943672 0.002229080932785 0.003243446347923 -0.018394498305896 -0.080883315349186 -0.074885518239753 0.424696878145170 1.237968914736620
-0.500059854367593 -0.429660549013248 0.001855613578907 0.002869018756724 -0.016271013915170 -0.074693470775503 -0.071363515088407 0.404722605706898 1.270123951482979
-0.500047293361686 -0.429731786017681 0.001513899323817 0.002512201181282 -0.014247400886636 -0.068342851018088 -0.067841511932620 0.384748333255303 1.302278988229408
-0.500036428393578 -0.429793404313783 0.001204742043432 0.002172993621619 -0.012323659220359 -0.061831456076941 -0.064319508790156 0.364774060817030 1.334434024975800
-0.500027171413190 -0.429845903258364 0.000928945613672 0.001851396077668 -0.010499788916274 -0.055159285952062 -0.060797505625487 0.344799788363215 1.366589061722219
-0.500019434370442 -0.429889782208236 0.000687313910454 0.001547408549540 -0.008775789974458 -0.048326340643451 -0.057275502483023 0.324825515922722 1.398744098468610
-0.500013129215256 -0.429925540520210 0.000480650809699 0.001261031037125 -0.007151662394844 -0.041332620151108 -0.053753499327236 0.304851243480009 1.430899135215025
-0.500008167897554 -0.429953677551098 0.000309760187324 0.000992263540489 -0.005627406177444 -0.034178124475033 -0.050231496175890 0.284876971028414 1.463054171961427
-0.500004462367256 -0.429974692657709 0.000175445919248 0.000741106059610 -0.004203021322302 -0.026862853615226 -0.046709493020103 0.264902698587921 1.495209208707830
-0.500001924574283 -0.429989085196856 0.000078511881389 0.000507558594509 -0.002878507829362 -0.019386807571687 -0.043187489877639 0.244928426145208 1.527364245454237
