-0.500008379894225 -0.429952475258229 0.018973936899863 -0.001675978845084 0.009504948354166 3.794787379972565 -0.673440504663780 3.819270890699222 1472.263374485596842
-0.500033595801067 -0.429809468744191 0.074754458161866 -0.005043181368403 0.028601302807663 11.156104252400549 -0.678013954611423 3.845208214225959 1403.786008230451898
-0.500075762056775 -0.429570332024797 0.165629629629630 -0.008433251141460 0.047827343878792 18.175034293552809 -0.682587404554624 3.871145537768239 1335.308641975309001
-0.500134992997596 -0.429234416666959 0.289887517146776 -0.011846188164233 0.067183071567634 24.851577503429354 -0.687160854506708 3.897082861301637 1266.831275720166104
-0.500211402959780 -0.428801074237588 0.445816186556927 -0.015281992436766 0.086668485874142 31.185733882030185 -0.691734304449909 3.923020184837256 1198.353909465019797
-0.500305106279575 -0.428269656303596 0.631703703703704 -0.018740663959016 0.106283586798328 37.177503429355284 -0.696307754397552 3.948957508379536 1129.876543209876218
-0.500416217293230 -0.427639514431895 0.845838134430727 -0.022222202731004 0.126028374340226 42.826886145404664 -0.700881204345194 3.974894831906273 1061.399176954735367
-0.500544850336993 -0.426910000189396 1.086507544581619 -0.025726608752730 0.145902848499757 48.133882030178341 -0.705454654292836 4.000832155452994 992.921810699583261
-0.500691119747114 -0.426080465143011 1.352000000000000 -0.029253882024194 0.165907009277022 53.098491083676258 -0.710028104236038 4.026769478977510 924.444444444452529
-0.500855139859841 -0.425150260859652 1.640603566529493 -0.032804022545374 0.186040856671910 57.720713305898521 -0.714601554183680 4.052706802519790 855.967078189294739
-0.501037025011423 -0.424118738906229 1.950606310013718 -0.036377030316292 0.206304390684509 62.000548696844994 -0.719175004131323 4.078644126059849 787.489711934146840
-0.501236889538108 -0.422985250849655 2.280296296296296 -0.039972905336949 0.226697611314808 65.937997256515729 -0.723748454083406 4.104581449588807 719.012345679041687
-0.501454847776144 -0.421749148256841 2.627961591220851 -0.043591647607366 0.247220518562752 69.533058984910937 -0.728321904022167 4.130518773124425 650.534979423846949
-0.501691014061782 -0.420409782694700 2.991890260631002 -0.047233257127477 0.267873112428374 72.785733882030172 -0.732895353969809 4.156456096666705 582.057613168737475
-0.501945502731268 -0.418966505730141 3.370370370370371 -0.050897733897326 0.288655392911707 75.696021947873859 -0.737468803921892 4.182393420200103 513.580246913551264
-0.502218428120853 -0.417418668930078 3.761689986282579 -0.054585077916935 0.309567360012708 78.263923182441616 -0.742042253865094 4.208330743740163 445.102880658438949
-0.502509904566784 -0.415765623861420 4.164137174211248 -0.058295289186261 0.330609013731409 80.489437585733810 -0.746615703812736 4.234268067269120 376.625514403326633
-0.502820046405311 -0.414006722091082 4.576000000000001 -0.062028367705325 0.351780354067754 82.372565157750444 -0.751189153755938 4.260205390806959 308.148148148106316
-0.503148967972681 -0.412141315185973 4.995566529492455 -0.065784313474104 0.373081381021789 83.913305898490975 -0.755762603708021 4.286142714344798 239.670781893045159
-0.503496783605145 -0.410168754713005 5.421124828532236 -0.069563126492644 0.394512094593513 85.111659807956201 -0.760336053655664 4.312080037880417 171.193415637844737
-0.503863607638949 -0.408088392239091 5.850962962962964 -0.073364806760923 0.416072494782915 85.967626886145425 -0.764909503598865 4.338017361420476 102.716049382715369
-0.504249554410344 -0.405899579331141 6.283368998628259 -0.077189354278917 0.437762581590018 86.481207133059002 -0.769482953542067 4.363954684947213 34.238683127583158
-0.504654738255577 -0.403601667556067 6.716631001371743 -0.081036769046627 0.459582355014754 86.652400548696917 -0.774056403494150 4.389892008491714 -34.238683127620106
-0.505079273510898 -0.401194008480781 7.149037037037037 -0.084907051064098 0.481531815057212 86.481207133058817 -0.778629853441792 4.415829332025112 -102.716049382641472
-0.505523274512554 -0.398675953672194 7.578875171467765 -0.088800200331307 0.503610961717338 85.967626886145609 -0.783203303389435 4.441766655560730 -171.193415637881685
-0.505986855596795 -0.396046854697218 8.004433470507546 -0.092716216848254 0.525819794995142 85.111659807956201 -0.787776753328195 4.467703979096349 -239.670781893045159
-0.506470131099870 -0.393306063122765 8.424000000000001 -0.096655100614895 0.548158314890623 83.913305898490975 -0.792350203280279 4.493641302636409 -308.148148148106316
-0.506973215358026 -0.390452930515746 8.835862825788753 -0.100616851631297 0.570626521403805 82.372565157750444 -0.796923653232362 4.519578626167586 -376.625514403343686
-0.507496222707514 -0.387486808443073 9.238310013717422 -0.104601469897458 0.593224414534643 80.489437585733725 -0.801497103166682 4.545515949705425 -445.102880658367894
-0.508039267484580 -0.384407048471657 9.629629629629632 -0.108608955413292 0.615951994283170 78.263923182441886 -0.806070553127647 4.571453273245485 -513.580246913676319
-0.508602464025475 -0.381213002168410 10.008109739368999 -0.112639308178930 0.638809260649398 75.696021947873504 -0.810644003061967 4.597390596774442 -582.057613168629473
-0.509185926666446 -0.377904021100244 10.372038408779151 -0.116692528194240 0.661796213633270 72.785733882030357 -0.815217453014050 4.623327920312281 -650.534979423866844
-0.509789769743742 -0.374479456834070 10.719703703703706 -0.120768615459310 0.684912853234831 69.533058984911023 -0.819790902966133 4.649265243856782 -719.012345679104214
-0.510414107593613 -0.370938660936799 11.049393689986283 -0.124867569974141 0.708159179454115 65.937997256515501 -0.824364352904894 4.675202567381298 -787.489711934057368
-0.511059054552306 -0.367280984975344 11.359396433470510 -0.128989391738665 0.731535192291022 62.000548696845215 -0.828937802852536 4.701139890921358 -855.967078189365793
-0.511724724956071 -0.363505780516616 11.648000000000001 -0.133134080752928 0.755040891745629 57.720713305898386 -0.833511252804620 4.727077214461417 -924.444444444390001
-0.512411233141156 -0.359612399127526 11.913492455418384 -0.137301637016951 0.778676277817936 53.098491083676436 -0.838084702743380 4.753014537992595 -992.921810699698426
-0.513118693443809 -0.355600192374987 12.154161865569273 -0.141492060530668 0.802441350507899 48.133882030177944 -0.842658152699904 4.778951861534875 -1061.399176954509358
-0.513847220200280 -0.351468511825909 12.368296296296300 -0.145705351294168 0.826336109815573 42.826886145405396 -0.847231602638665 4.804889185063832 -1129.876543210102000
-0.514596927746817 -0.347216709047204 12.554183813443075 -0.149941509307361 0.850360555740892 37.177503429354886 -0.851805052590748 4.830826508603892 -1198.353909464913158
-0.515367930419668 -0.342844135605785 12.710112482853226 -0.154200534570315 0.874514688283912 31.185733882030320 -0.856378502529509 4.856763832139510 -1266.831275720221583
-0.516160342555083 -0.338350143068562 12.834370370370372 -0.158482427082962 0.898798507444609 24.851577503429212 -0.860951952486033 4.882701155675129 -1335.308641975103683
-0.516974278489310 -0.333734083002447 12.925245541838141 -0.162787186845392 0.923212013222985 18.175034293553693 -0.865525402429235 4.908638479210747 -1403.786008230696325
-0.517809852558598 -0.328995306974352 12.981026063100142 -0.167114813857538 0.947755205619039 11.156104252400212 -0.870098852376877 4.934575802748586 -1472.263374485720533
-0.518667179099195 -0.324133166551188 13.000000000000000 -0.171465308119423 0.972428084632782 3.794787379971609 -0.250587400185687 1.421151766916040 -758.957475994321840
-0.519530770324797 -0.319235497333851 13.000000000000000 -0.172718245120351 0.979533843467362 0.000000000000000 0.361268759099254 -2.048856945482402 0.000000000000000
-0.520385329831421 -0.314389049540151 13.000000000000000 -0.170911901324855 0.969289558739950 0.000000000000000 0.345212369805559 -1.957796636791187 0.000000000000000
-0.521231259028800 -0.309591546662371 13.000000000000000 -0.169185839475827 0.959500575555994 0.000000000000000 0.329155980511864 -1.866736328104412 0.000000000000000
-0.522068959326667 -0.304840712192794 13.000000000000000 -0.167540059573268 0.950166893915472 0.000000000000000 0.313099591227051 -1.775676019417638 0.000000000000000
-0.522898832134752 -0.300134269623702 13.000000000000000 -0.165974561617133 0.941288513818384 0.000000000000000 0.297043201920033 -1.684615710726423 0.000000000000000
-0.523721278862790 -0.295469942447378 13.000000000000000 -0.164489345607532 0.932865435264751 0.000000000000000 0.280986812635220 -1.593555402039648 0.000000000000000
-0.524536700920512 -0.290845454156105 13.000000000000000 -0.163084411544356 0.924897658254553 0.000000000000000 0.264930423341525 -1.502495093357314 0.000000000000000
-0.525345499717650 -0.286258528242166 13.000000000000000 -0.161759759427649 0.917385182787767 0.000000000000000 0.248874034047830 -1.411434784661658 0.000000000000000
-0.526148076663937 -0.281706888197844 13.000000000000000 -0.160515389257410 0.910328008864458 0.000000000000000 0.232817644749694 -1.320374475977104 0.000000000000000
-0.526944833169105 -0.277188257515421 13.000000000000000 -0.159351301033661 0.903726136484573 0.000000000000000 0.216761255464881 -1.229314167288109 0.000000000000000
-0.527736170642887 -0.272700359687181 13.000000000000000 -0.158267494756337 0.897579565648132 0.000000000000000 0.200704866162305 -1.138253858599114 0.000000000000000
-0.528522490495015 -0.268240918205405 13.000000000000000 -0.157263970425525 0.891888296355137 0.000000000000000 0.184648476873051 -1.047193549912340 0.000000000000000
-0.529304194135220 -0.263807656562377 13.000000000000000 -0.156340728041160 0.886652328605575 0.000000000000000 0.168592087583797 -0.956133241225565 0.000000000000000
-0.530081682973237 -0.259398298250380 13.000000000000000 -0.155497767603241 0.881871662399447 0.000000000000000 0.152535698285661 -0.865072932534350 0.000000000000000
-0.530855358418796 -0.255010566761696 13.000000000000000 -0.154735089111813 0.877546297736775 0.000000000000000 0.136479308991966 -0.774012623852016 0.000000000000000
-0.531625621881630 -0.250642185588608 13.000000000000000 -0.154052692566853 0.873676234617515 0.000000000000000 0.120422919698271 -0.682952315157470 0.000000000000000
-0.532392874771472 -0.246290878223400 13.000000000000000 -0.153450577968361 0.870261473041728 0.000000000000000 0.104366530413458 -0.591892006474026 0.000000000000000
-0.533157518498053 -0.241954368158353 13.000000000000000 -0.152928745316294 0.867302013009358 0.000000000000000 0.088310141106440 -0.500831697781701 0.000000000000000
-0.533919954471107 -0.237630378885751 13.000000000000000 -0.152487194610762 0.864797854520449 0.000000000000000 0.072253751821627 -0.409771389097147 0.000000000000000
-0.534680584100365 -0.233316633897876 13.000000000000000 -0.152125925851654 0.862748997574964 0.000000000000000 0.056197362527932 -0.318711080408152 0.000000000000000
-0.535439808795560 -0.229010856687011 13.000000000000000 -0.151844939039014 0.861155442172923 0.000000000000000 0.040140973234237 -0.227650771721377 0.000000000000000
-0.536198029966425 -0.224710770745440 13.000000000000000 -0.151644234172843 0.860017188314316 0.000000000000000 0.024084583940542 -0.136590463031272 0.000000000000000
-0.536955649022690 -0.220414099565444 13.000000000000000 -0.151523811253140 0.859334235999160 0.000000000000000 0.008028194646847 -0.045530154342277 0.000000000000000
-0.537713067374090 -0.216118566639307 13.000000000000000 -0.151483670279906 0.859106585227448 0.000000000000000 -0.008028194651288 0.045530154343387 0.000000000000000
-0.538470686430356 -0.211821895459311 13.000000000000000 -0.151523811253162 0.859334235999165 0.000000000000000 -0.024084583936101 0.136590463031272 0.000000000000000
-0.539228907601220 -0.207521809517739 13.000000000000000 -0.151644234172843 0.860017188314322 0.000000000000000 -0.040140973234237 0.227650771720267 0.000000000000000
-0.539988132296415 -0.203216032306875 13.000000000000000 -0.151844939039014 0.861155442172923 0.000000000000000 -0.056197362527932 0.318711080408152 0.000000000000000
-0.540748761925673 -0.198902287319000 13.000000000000000 -0.152125925851654 0.862748997574964 0.000000000000000 -0.072253751817186 0.409771389096036 0.000000000000000
-0.541511197898727 -0.194578298046398 13.000000000000000 -0.152487194610740 0.864797854520444 0.000000000000000 -0.088310141115322 0.500831697783921 0.000000000000000
-0.542275841625308 -0.190241787981351 13.000000000000000 -0.152928745316316 0.867302013009363 0.000000000000000 -0.104366530409017 0.591892006474026 0.000000000000000
-0.543043094515150 -0.185890480616142 13.000000000000000 -0.153450577968361 0.870261473041734 0.000000000000000 -0.120422919693830 0.682952315158580 0.000000000000000
-0.543813357977984 -0.181522099443054 13.000000000000000 -0.154052692566831 0.873676234617526 0.000000000000000 -0.136479309000848 0.774012623847575 0.000000000000000
-0.544587033423544 -0.177134367954371 13.000000000000000 -0.154735089111835 0.877546297736764 0.000000000000000 -0.152535698281220 0.865072932536570 0.000000000000000
-0.545364522261560 -0.172725009642373 13.000000000000000 -0.155497767603241 0.881871662399447 0.000000000000000 -0.168592087583797 0.956133241225565 0.000000000000000
-0.546146225901766 -0.168291747999346 13.000000000000000 -0.156340728041160 0.886652328605575 0.000000000000000 -0.184648476868610 1.047193549910119 0.000000000000000
-0.546932545753893 -0.163832306517570 13.000000000000000 -0.157263970425503 0.891888296355126 0.000000000000000 -0.200704866171186 1.138253858603555 0.000000000000000
-0.547723883227675 -0.159344408689329 13.000000000000000 -0.158267494756359 0.897579565648143 0.000000000000000 -0.216761255455999 1.229314167285889 0.000000000000000
-0.548520639732843 -0.154825778006906 13.000000000000000 -0.159351301033639 0.903726136484573 0.000000000000000 -0.232817644758576 1.320374475974884 0.000000000000000
-0.549323216679130 -0.150274137962584 13.000000000000000 -0.160515389257432 0.910328008864447 0.000000000000000 -0.248874034043389 1.411434784670540 0.000000000000000
-0.550132015476268 -0.145687212048645 13.000000000000000 -0.161759759427649 0.917385182787800 0.000000000000000 -0.264930423341525 1.502495093346212 0.000000000000000
-0.550947437533990 -0.141062723757372 13.000000000000000 -0.163084411544356 0.924897658254531 0.000000000000000 -0.280986812630779 1.593555402041869 0.000000000000000
-0.551769884262028 -0.136398396581049 13.000000000000000 -0.164489345607510 0.932865435264740 0.000000000000000 -0.297043201928915 1.684615710728643 0.000000000000000
-0.552599757070114 -0.131691954011957 13.000000000000000 -0.165974561617155 0.941288513818384 0.000000000000000 -0.313099591222610 1.775676019419858 0.000000000000000
-0.553437457367980 -0.126941119542379 13.000000000000000 -0.167540059573268 0.950166893915483 0.000000000000000 -0.329155980507423 1.866736328104412 0.000000000000000
-0.554283386565359 -0.122143616664599 13.000000000000000 -0.169185839475805 0.959500575556005 0.000000000000000 -0.345212369814440 1.957796636788967 0.000000000000000
-0.555137946071983 -0.117297168870900 13.000000000000000 -0.170911901324877 0.969289558739950 0.000000000000000 -0.361268759094813 2.048856945480182 0.000000000000000
-0.556001537297585 -0.112399499653563 13.000000000000000 -0.172718245120351 0.979533843467351 0.000000000000000 0.250587400190128 -1.421151766916040 -758.957475994535002
-0.556858863838182 -0.107537359230399 12.981026063100137 -0.171465308119401 0.972428084632770 -3.794787379972675 0.870098852372436 -4.934575802744146 -1472.263374485578424
-0.557694437907470 -0.102798583202304 12.925245541838134 -0.167114813857538 0.947755205619050 -11.156104252400567 0.865525402429235 -4.908638479215188 -1403.786008230412108
-0.558508373841697 -0.098182523136189 12.834370370370371 -0.162787186845392 0.923212013222974 -18.175034293552628 0.860951952481592 -4.882701155672908 -1335.308641975387900
-0.559300785977112 -0.093688530598966 12.710112482853223 -0.158482427082984 0.898798507444609 -24.851577503429567 0.856378502533950 -4.856763832139510 -1266.831275720079475
-0.560071788649963 -0.089315957157546 12.554183813443073 -0.154200534570315 0.874514688283912 -31.185733882029965 0.851805052590748 -4.830826508603892 -1198.353909465055267
-0.560821496196500 -0.085064154378842 12.368296296296297 -0.149941509307361 0.850360555740892 -37.177503429355241 0.847231602643106 -4.804889185066052 -1129.876543209959891
-0.561550022952971 -0.080932473829764 12.154161865569272 -0.145705351294145 0.826336109815562 -42.826886145405041 0.842658152691023 -4.778951861532654 -1061.399176954580525
-0.562257483255624 -0.076920267077225 11.913492455418382 -0.141492060530690 0.802441350507899 -48.133882030177944 0.838084702747821 -4.753014537990374 -992.921810699698426
-0.562943991440709 -0.073026885688135 11.648000000000000 -0.137301637016951 0.778676277817947 -53.098491083676436 0.833511252804620 -4.727077214463637 -924.444444444390001
-0.563609661844474 -0.069251681229407 11.359396433470508 -0.133134080752928 0.755040891745629 -57.720713305898386 0.828937802852536 -4.701139890919137 -855.967078189365793
-0.564254608803167 -0.065594005267952 11.049393689986282 -0.128989391738665 0.731535192291033 -62.000548696845215 0.824364352909335 -4.675202567387959 -787.489711934057368
-0.564878946653038 -0.062053209370681 10.719703703703704 -0.124867569974119 0.708159179454093 -65.937997256515501 0.819790902957251 -4.649265243850120 -719.012345679033160
-0.565482789730334 -0.058628645104507 10.372038408779151 -0.120768615459332 0.684912853234843 -69.533058984910667 0.815217453018491 -4.623327920312281 -650.534979424008952
-0.566066252371305 -0.055319664036340 10.008109739368997 -0.116692528194240 0.661796213633281 -72.785733882030712 0.810644003066407 -4.597390596778883 -582.057613168558419
-0.566629448912200 -0.052125617733093 9.629629629629630 -0.112639308178908 0.638809260649387 -75.696021947873504 0.806070553118765 -4.571453273243264 -513.580246913676319
-0.567172493689266 -0.049045857761678 9.238310013717420 -0.108608955413314 0.615951994283170 -78.263923182441886 0.801497103175564 -4.545515949705425 -445.102880658367894
-0.567695501038754 -0.046079735689004 8.835862825788752 -0.104601469897436 0.593224414534643 -80.489437585733725 0.796923653223480 -4.519578626169807 -376.625514403343686
-0.568198585296910 -0.043226603081985 8.423999999999999 -0.100616851631319 0.570626521403794 -82.372565157750444 0.792350203284720 -4.493641302631968 -308.148148148106316
-0.568681860799985 -0.040485811507532 8.004433470507545 -0.096655100614895 0.548158314890634 -83.913305898490975 0.787776753332636 -4.467703979096349 -239.670781893045159
-0.569145441884226 -0.037856712532557 7.578875171467764 -0.092716216848232 0.525819794995153 -85.111659807956201 0.783203303384994 -4.441766655565171 -171.193415637844737
-0.569589442885882 -0.035338657723970 7.149037037037036 -0.088800200331307 0.503610961717327 -85.967626886145425 0.778629853437351 -4.415829332022891 -102.716049382715369
-0.570013978141203 -0.032930998648684 6.716631001371741 -0.084907051064120 0.481531815057212 -86.481207133059002 0.774056403498591 -4.389892008487273 -34.238683127583158
-0.570419161986436 -0.030633086873610 6.283368998628257 -0.081036769046627 0.459582355014776 -86.652400548696917 0.769482953542067 -4.363954684956095 34.238683127620106
-0.570805108757831 -0.028444273965660 5.850962962962963 -0.077189354278917 0.437762581589995 -86.481207133058817 0.764909503603306 -4.338017361413815 102.716049382641472
-0.571171932791635 -0.026363911491745 5.421124828532235 -0.073364806760901 0.416072494782926 -85.967626886145609 0.760336053651223 -4.312080037882637 171.193415637881685
-0.571519748424098 -0.024391351018778 4.995566529492454 -0.069563126492644 0.394512094593513 -85.111659807956201 0.755762603703580 -4.286142714342578 239.670781893045159
-0.571848669991469 -0.022525944113669 4.575999999999999 -0.065784313474126 0.373081381021800 -83.913305898490975 0.751189153760379 -4.260205390811400 308.148148148106316
-0.572158811829996 -0.020767042343330 4.164137174211247 -0.062028367705325 0.351780354067743 -82.372565157750444 0.746615703812736 -4.234268067271341 376.625514403343686
-0.572450288275927 -0.019113997274673 3.761689986282578 -0.058295289186261 0.330609013731387 -80.489437585733725 0.742042253869535 -4.208330743735722 445.102880658367894
-0.572723213665512 -0.017566160474610 3.370370370370368 -0.054585077916913 0.309567360012708 -78.263923182441886 0.737468803913011 -4.182393420197883 513.580246913676319
-0.572977702334998 -0.016122883510051 2.991890260631001 -0.050897733897348 0.288655392911719 -75.696021947873504 0.732895353974250 -4.156456096664485 582.057613168629473
-0.573213868620636 -0.014783517947909 2.627961591220849 -0.047233257127477 0.267873112428396 -72.785733882030357 0.728321904026608 -4.130518773128866 650.534979423866844
-0.573431826858672 -0.013547415355095 2.280296296296294 -0.043591647607344 0.247220518562752 -69.533058984911023 0.723748454074524 -4.104581449593248 719.012345679104214
-0.573631691385357 -0.012413927298521 1.950606310013717 -0.039972905336971 0.226697611314786 -65.937997256515501 0.719175004135764 -4.078644126053188 787.489711934057368
-0.573813576536939 -0.011382405345099 1.640603566529490 -0.036377030316292 0.206304390684520 -62.000548696845215 0.714601554183680 -4.052706802519790 855.967078189365793
-0.573977596649666 -0.010452201061739 1.351999999999999 -0.032804022545374 0.186040856671921 -57.720713305898386 0.710028104236038 -4.026769478984171 924.444444444390001
-0.574123866059787 -0.009622666015354 1.086507544581616 -0.029253882024194 0.165907009277000 -53.098491083676436 0.705454654292836 -4.000832155446332 992.921810699698426
-0.574252499103550 -0.008893151772855 0.845838134430727 -0.025726608752730 0.145902848499768 -48.133882030177944 0.700881204345194 -3.974894831910714 1061.399176954509358
-0.574363610117205 -0.008263009901154 0.631703703703700 -0.022222202731004 0.126028374340215 -42.826886145405396 0.696307754397552 -3.948957508377315 1129.876543210102000
-0.574457313437000 -0.007731591967163 0.445816186556925 -0.018740663959016 0.106283586798328 -37.177503429354886 0.691734304449909 -3.923020184835035 1198.353909464913158
-0.574533723399184 -0.007298249537792 0.289887517146774 -0.015281992436766 0.086668485874153 -31.185733882030320 0.687160854506708 -3.897082861303858 1266.831275720221583
-0.574592954340005 -0.006962334179954 0.165629629629628 -0.011846188164233 0.067183071567634 -24.851577503429212 0.682587404554624 -3.871145537768239 1335.308641975103683
-0.574635120595713 -0.006723197460560 0.074754458161859 -0.008433251141460 0.047827343878792 -18.175034293553693 0.678013954611423 -3.845208214228180 1403.786008230696325
-0.574660336502555 -0.006580190946521 0.018973936899858 -0.005043181368403 0.028601302807651 -11.156104252400212 0.673440504663780 -3.819270890697002 1472.263374485720533
-0.574668716396780 -0.006532666204751 0.000000000000000 -0.001675978845084 0.009504948354166 -3.794787379971609 0.670391538033499 -3.801979341666595 1138.436213991482646
-0.574660336502555 -0.006580190946521 0.009486968449929 0.001675978845084 -0.009504948354166 1.897393689985805 0.673440504663780 -3.819270890697002 736.131687242860266
-0.574635120595713 -0.006723197460560 0.037377229080930 0.005043181368403 -0.028601302807651 5.578052126200106 0.678013954611423 -3.845208214228180 701.893004115348162
-0.574592954340005 -0.006962334179954 0.082814814814814 0.008433251141460 -0.047827343878792 9.087517146776847 0.682587404554624 -3.871145537768239 667.654320987551841
-0.574533723399184 -0.007298249537792 0.144943758573387 0.011846188164233 -0.067183071567634 12.425788751714606 0.687160854506708 -3.897082861303858 633.415637860110792
-0.574457313437000 -0.007731591967163 0.222908093278463 0.015281992436766 -0.086668485874153 15.592866941015160 0.691734304449909 -3.923020184835035 599.176954732456579
-0.574363610117205 -0.008263009901154 0.315851851851850 0.018740663959016 -0.106283586798328 18.588751714677443 0.696307754397552 -3.948957508377315 564.938271605051000
-0.574252499103550 -0.008893151772855 0.422919067215363 0.022222202731004 -0.126028374340215 21.413443072702698 0.700881204345194 -3.974894831910714 530.699588477254679
-0.574123866059787 -0.009622666015354 0.543253772290808 0.025726608752730 -0.145902848499768 24.066941015088972 0.705454654292836 -4.000832155446332 496.460905349849213
-0.573977596649666 -0.010452201061739 0.675999999999999 0.029253882024194 -0.165907009277000 26.549245541838218 0.710028104236038 -4.026769478984171 462.222222222195001
-0.573813576536939 -0.011382405345099 0.820301783264745 0.032804022545374 -0.186040856671921 28.860356652949193 0.714601554183680 -4.052706802519790 427.983539094682897
-0.573631691385357 -0.012413927298521 0.975303155006858 0.036377030316292 -0.206304390684520 31.000274348422607 0.719175004135764 -4.078644126053188 393.744855967028684
-0.573431826858672 -0.013547415355095 1.140148148148147 0.039972905336971 -0.226697611314786 32.968998628257751 0.723748454074524 -4.104581449593248 359.506172839552107
-0.573213868620636 -0.014783517947909 1.313980795610425 0.043591647607344 -0.247220518562752 34.766529492455511 0.728321904026608 -4.130518773128866 325.267489711933422
-0.572977702334998 -0.016122883510051 1.495945130315500 0.047233257127477 -0.267873112428396 36.392866941015178 0.732895353974250 -4.156456096664485 291.028806584314736
-0.572723213665512 -0.017566160474610 1.685185185185184 0.050897733897348 -0.288655392911719 37.848010973936752 0.737468803913011 -4.182393420197883 256.790123456838160
-0.572450288275927 -0.019113997274673 1.880844993141289 0.054585077916913 -0.309567360012708 39.131961591220943 0.742042253869535 -4.208330743735722 222.551440329183947
-0.572158811829996 -0.020767042343330 2.082068587105623 0.058295289186261 -0.330609013731387 40.244718792866863 0.746615703812736 -4.234268067271341 188.312757201671843
-0.571848669991469 -0.022525944113669 2.287999999999999 0.062028367705325 -0.351780354067743 41.186282578875222 0.751189153760379 -4.260205390811400 154.074074074053158
-0.571519748424098 -0.024391351018778 2.497783264746227 0.065784313474126 -0.373081381021800 41.956652949245488 0.755762603703580 -4.286142714342578 119.835390946522580
-0.571171932791635 -0.026363911491745 2.710562414266117 0.069563126492644 -0.394512094593513 42.555829903978101 0.760336053651223 -4.312080037882637 85.596707818940843
-0.570805108757831 -0.028444273965660 2.925481481481481 0.073364806760901 -0.416072494782926 42.983813443072805 0.764909503603306 -4.338017361413815 51.358024691320736
-0.570419161986436 -0.030633086873610 3.141684499314128 0.077189354278917 -0.437762581589995 43.240603566529408 0.769482953542067 -4.363954684956095 17.119341563810053
-0.570013978141203 -0.032930998648684 3.358315500685871 0.081036769046627 -0.459582355014776 43.326200274348459 0.774056403498591 -4.389892008487273 -17.119341563791579
-0.569589442885882 -0.035338657723970 3.574518518518518 0.084907051064120 -0.481531815057212 43.240603566529501 0.778629853437351 -4.415829332022891 -51.358024691357684
-0.569145441884226 -0.037856712532557 3.789437585733882 0.088800200331307 -0.503610961717327 42.983813443072712 0.783203303384994 -4.441766655565171 -85.596707818922368
-0.568681860799985 -0.040485811507532 4.002216735253772 0.092716216848232 -0.525819794995153 42.555829903978101 0.787776753332636 -4.467703979096349 -119.835390946522580
-0.568198585296910 -0.043226603081985 4.212000000000000 0.096655100614895 -0.548158314890634 41.956652949245488 0.792350203284720 -4.493641302631968 -154.074074074053158
-0.567695501038754 -0.046079735689004 4.417931412894376 0.100616851631319 -0.570626521403794 41.186282578875222 0.796923653223480 -4.519578626169807 -188.312757201671843
-0.567172493689266 -0.049045857761678 4.619155006858710 0.104601469897436 -0.593224414534643 40.244718792866863 0.801497103175564 -4.545515949705425 -222.551440329183947
-0.566629448912200 -0.052125617733093 4.814814814814815 0.108608955413314 -0.615951994283170 39.131961591220943 0.806070553118765 -4.571453273243264 -256.790123456838160
-0.566066252371305 -0.055319664036340 5.004054869684499 0.112639308178908 -0.638809260649387 37.848010973936752 0.810644003066407 -4.597390596778883 -291.028806584279209
-0.565482789730334 -0.058628645104507 5.186019204389575 0.116692528194240 -0.661796213633281 36.392866941015356 0.815217453018491 -4.623327920312281 -325.267489712004476
-0.564878946653038 -0.062053209370681 5.359851851851852 0.120768615459332 -0.684912853234843 34.766529492455334 0.819790902957251 -4.649265243850120 -359.506172839516580
-0.564254608803167 -0.065594005267952 5.524696844993141 0.124867569974119 -0.708159179454093 32.968998628257751 0.824364352909335 -4.675202567387959 -393.744855967028684
-0.563609661844474 -0.069251681229407 5.679698216735254 0.128989391738665 -0.731535192291033 31.000274348422607 0.828937802852536 -4.701139890919137 -427.983539094682897
-0.562943991440709 -0.073026885688135 5.824000000000000 0.133134080752928 -0.755040891745629 28.860356652949193 0.833511252804620 -4.727077214463637 -462.222222222195001
-0.562257483255624 -0.076920267077225 5.956746227709191 0.137301637016951 -0.778676277817947 26.549245541838218 0.838084702747821 -4.753014537990374 -496.460905349849213
-0.561550022952971 -0.080932473829764 6.077080932784636 0.141492060530690 -0.802441350507899 24.066941015088972 0.842658152691023 -4.778951861532654 -530.699588477290263
-0.560821496196500 -0.085064154378842 6.184148148148148 0.145705351294145 -0.826336109815562 21.413443072702520 0.847231602643106 -4.804889185066052 -564.938271604979946
-0.560071788649963 -0.089315957157546 6.277091906721536 0.149941509307361 -0.850360555740892 18.588751714677620 0.851805052590748 -4.830826508603892 -599.176954732527633
-0.559300785977112 -0.093688530598966 6.355056241426611 0.154200534570315 -0.874514688283912 15.592866941014982 0.856378502533950 -4.856763832139510 -633.415637860039737
-0.558508373841697 -0.098182523136189 6.417185185185185 0.158482427082984 -0.898798507444609 12.425788751714784 0.860951952481592 -4.882701155672908 -667.654320987693950
-0.557694437907470 -0.102798583202304 6.462622770919067 0.162787186845392 -0.923212013222974 9.087517146776314 0.865525402429235 -4.908638479215188 -701.893004115206054
-0.556858863838182 -0.107537359230399 6.490513031550068 0.167114813857538 -0.947755205619050 5.578052126200284 0.870098852372436 -4.934575802744146 -736.131687242789212
-0.556001537297585 -0.112399499653563 6.500000000000000 0.171465308119401 -0.972428084632770 1.897393689986338 0.250587400190128 -1.421151766916040 -379.478737997267501
-0.555137946071983 -0.117297168870900 6.500000000000000 0.172718245120351 -0.979533843467351 0.000000000000000 -0.361268759094813 2.048856945480182 0.000000000000000
-0.554283386565359 -0.122143616664599 6.500000000000000 0.170911901324877 -0.969289558739950 0.000000000000000 -0.345212369814440 1.957796636788967 0.000000000000000
-0.553437457367980 -0.126941119542379 6.500000000000000 0.169185839475805 -0.959500575556005 0.000000000000000 -0.329155980507423 1.866736328104412 0.000000000000000
-0.552599757070114 -0.131691954011957 6.500000000000000 0.167540059573268 -0.950166893915483 0.000000000000000 -0.313099591222610 1.775676019419858 0.000000000000000
-0.551769884262028 -0.136398396581049 6.500000000000000 0.165974561617155 -0.941288513818384 0.000000000000000 -0.297043201928915 1.684615710728643 0.000000000000000
-0.550947437533990 -0.141062723757372 6.500000000000000 0.164489345607510 -0.932865435264740 0.000000000000000 -0.280986812630779 1.593555402041869 0.000000000000000
-0.550132015476268 -0.145687212048645 6.500000000000000 0.163084411544356 -0.924897658254531 0.000000000000000 -0.264930423341525 1.502495093346212 0.000000000000000
-0.549323216679130 -0.150274137962584 6.500000000000000 0.161759759427649 -0.917385182787800 0.000000000000000 -0.248874034043389 1.411434784670540 0.000000000000000
-0.548520639732843 -0.154825778006906 6.500000000000000 0.160515389257432 -0.910328008864447 0.000000000000000 -0.232817644758576 1.320374475974884 0.000000000000000
-0.547723883227675 -0.159344408689329 6.500000000000000 0.159351301033639 -0.903726136484573 0.000000000000000 -0.216761255455999 1.229314167285889 0.000000000000000
-0.546932545753893 -0.163832306517570 6.500000000000000 0.158267494756359 -0.897579565648143 0.000000000000000 -0.200704866171186 1.138253858603555 0.000000000000000
-0.546146225901766 -0.168291747999346 6.500000000000000 0.157263970425503 -0.891888296355126 0.000000000000000 -0.184648476868610 1.047193549910119 0.000000000000000
-0.545364522261560 -0.172725009642373 6.500000000000000 0.156340728041160 -0.886652328605575 0.000000000000000 -0.168592087583797 0.956133241225565 0.000000000000000
-0.544587033423544 -0.177134367954371 6.500000000000000 0.155497767603241 -0.881871662399447 0.000000000000000 -0.152535698281220 0.865072932536570 0.000000000000000
-0.543813357977984 -0.181522099443054 6.500000000000000 0.154735089111835 -0.877546297736764 0.000000000000000 -0.136479309000848 0.774012623847575 0.000000000000000
-0.543043094515150 -0.185890480616142 6.500000000000000 0.154052692566831 -0.873676234617526 0.000000000000000 -0.120422919693830 0.682952315158580 0.000000000000000
-0.542275841625308 -0.190241787981351 6.500000000000000 0.153450577968361 -0.870261473041734 0.000000000000000 -0.104366530409017 0.591892006474026 0.000000000000000
-0.541511197898727 -0.194578298046398 6.500000000000000 0.152928745316316 -0.867302013009363 0.000000000000000 -0.088310141115322 0.500831697783921 0.000000000000000
-0.540748761925673 -0.198902287319000 6.500000000000000 0.152487194610740 -0.864797854520444 0.000000000000000 -0.072253751817186 0.409771389096036 0.000000000000000
-0.539988132296415 -0.203216032306875 6.500000000000000 0.152125925851654 -0.862748997574964 0.000000000000000 -0.056197362527932 0.318711080408152 0.000000000000000
-0.539228907601220 -0.207521809517739 6.500000000000000 0.151844939039014 -0.861155442172923 0.000000000000000 -0.040140973234237 0.227650771720267 0.000000000000000
-0.538470686430356 -0.211821895459311 6.500000000000000 0.151644234172843 -0.860017188314322 0.000000000000000 -0.024084583936101 0.136590463031272 0.000000000000000
-0.537713067374090 -0.216118566639307 6.500000000000000 0.151523811253162 -0.859334235999165 0.000000000000000 -0.008028194651288 0.045530154343387 0.000000000000000
-0.536955649022690 -0.220414099565444 6.500000000000000 0.151483670279906 -0.859106585227448 0.000000000000000 0.008028194646847 -0.045530154342277 0.000000000000000
-0.536198029966425 -0.224710770745440 6.500000000000000 0.151523811253140 -0.859334235999160 0.000000000000000 0.024084583940542 -0.136590463031272 0.000000000000000
-0.535439808795560 -0.229010856687011 6.500000000000000 0.151644234172843 -0.860017188314316 0.000000000000000 0.040140973234237 -0.227650771721377 0.000000000000000
-0.534680584100365 -0.233316633897876 6.500000000000000 0.151844939039014 -0.861155442172923 0.000000000000000 0.056197362527932 -0.318711080408152 0.000000000000000
-0.533919954471107 -0.237630378885751 6.500000000000000 0.152125925851654 -0.862748997574964 0.000000000000000 0.072253751821627 -0.409771389097147 0.000000000000000
-0.533157518498053 -0.241954368158353 6.500000000000000 0.152487194610762 -0.864797854520449 0.000000000000000 0.088310141106440 -0.500831697781701 0.000000000000000
-0.532392874771472 -0.246290878223400 6.500000000000000 0.152928745316294 -0.867302013009358 0.000000000000000 0.104366530413458 -0.591892006474026 0.000000000000000
-0.531625621881630 -0.250642185588608 6.500000000000000 0.153450577968361 -0.870261473041728 0.000000000000000 0.120422919698271 -0.682952315157470 0.000000000000000
-0.530855358418796 -0.255010566761696 6.500000000000000 0.154052692566853 -0.873676234617515 0.000000000000000 0.136479308991966 -0.774012623852016 0.000000000000000
-0.530081682973237 -0.259398298250380 6.500000000000000 0.154735089111813 -0.877546297736775 0.000000000000000 0.152535698285661 -0.865072932534350 0.000000000000000
-0.529304194135220 -0.263807656562377 6.500000000000000 0.155497767603241 -0.881871662399447 0.000000000000000 0.168592087583797 -0.956133241225565 0.000000000000000
-0.528522490495015 -0.268240918205405 6.500000000000000 0.156340728041160 -0.886652328605575 0.000000000000000 0.184648476873051 -1.047193549912340 0.000000000000000
-0.527736170642887 -0.272700359687181 6.500000000000000 0.157263970425525 -0.891888296355137 0.000000000000000 0.200704866162305 -1.138253858599114 0.000000000000000
-0.526944833169105 -0.277188257515421 6.500000000000000 0.158267494756337 -0.897579565648132 0.000000000000000 0.216761255464881 -1.229314167288109 0.000000000000000
-0.526148076663937 -0.281706888197844 6.500000000000000 0.159351301033661 -0.903726136484573 0.000000000000000 0.232817644749694 -1.320374475977104 0.000000000000000
-0.525345499717650 -0.286258528242166 6.500000000000000 0.160515389257410 -0.910328008864458 0.000000000000000 0.248874034047830 -1.411434784661658 0.000000000000000
-0.524536700920512 -0.290845454156105 6.500000000000000 0.161759759427649 -0.917385182787767 0.000000000000000 0.264930423341525 -1.502495093357314 0.000000000000000
-0.523721278862790 -0.295469942447378 6.500000000000000 0.163084411544356 -0.924897658254553 0.000000000000000 0.280986812635220 -1.593555402039648 0.000000000000000
-0.522898832134752 -0.300134269623702 6.500000000000000 0.164489345607532 -0.932865435264751 0.000000000000000 0.297043201920033 -1.684615710726423 0.000000000000000
-0.522068959326667 -0.304840712192794 6.500000000000000 0.165974561617133 -0.941288513818384 0.000000000000000 0.313099591227051 -1.775676019417638 0.000000000000000
-0.521231259028800 -0.309591546662371 6.500000000000000 0.167540059573268 -0.950166893915472 0.000000000000000 0.329155980511864 -1.866736328104412 0.000000000000000
-0.520385329831421 -0.314389049540151 6.500000000000000 0.169185839475827 -0.959500575555994 0.000000000000000 0.345212369805559 -1.957796636791187 0.000000000000000
-0.519530770324797 -0.319235497333851 6.500000000000000 0.170911901324855 -0.969289558739950 0.000000000000000 0.361268759099254 -2.048856945482402 0.000000000000000
-0.518667179099195 -0.324133166551188 6.500000000000000 0.172718245120351 -0.979533843467362 0.000000000000000 -0.250587400185687 1.421151766916040 -379.478737997160920
-0.517809852558598 -0.328995306974352 6.490513031550071 0.171465308119423 -0.972428084632782 -1.897393689985805 -0.870098852376877 4.934575802748586 -736.131687242860266
-0.516974278489310 -0.333734083002447 6.462622770919070 0.167114813857538 -0.947755205619039 -5.578052126200106 -0.865525402429235 4.908638479210747 -701.893004115348162
-0.516160342555083 -0.338350143068562 6.417185185185186 0.162787186845392 -0.923212013222985 -9.087517146776847 -0.860951952486033 4.882701155675129 -667.654320987551841
-0.515367930419668 -0.342844135605785 6.355056241426613 0.158482427082962 -0.898798507444609 -12.425788751714606 -0.856378502529509 4.856763832139510 -633.415637860110792
-0.514596927746817 -0.347216709047204 6.277091906721537 0.154200534570315 -0.874514688283912 -15.592866941015160 -0.851805052590748 4.830826508603892 -599.176954732456579
-0.513847220200280 -0.351468511825909 6.184148148148150 0.149941509307361 -0.850360555740892 -18.588751714677443 -0.847231602638665 4.804889185063832 -564.938271605051000
-0.513118693443809 -0.355600192374987 6.077080932784637 0.145705351294168 -0.826336109815573 -21.413443072702698 -0.842658152699904 4.778951861534875 -530.699588477254679
-0.512411233141156 -0.359612399127526 5.956746227709192 0.141492060530668 -0.802441350507899 -24.066941015088972 -0.838084702743380 4.753014537992595 -496.460905349849213
-0.511724724956071 -0.363505780516616 5.824000000000001 0.137301637016951 -0.778676277817936 -26.549245541838218 -0.833511252804620 4.727077214461417 -462.222222222195001
-0.511059054552306 -0.367280984975344 5.679698216735255 0.133134080752928 -0.755040891745629 -28.860356652949193 -0.828937802852536 4.701139890921358 -427.983539094682897
-0.510414107593613 -0.370938660936799 5.524696844993142 0.128989391738665 -0.731535192291022 -31.000274348422607 -0.824364352904894 4.675202567381298 -393.744855967028684
-0.509789769743742 -0.374479456834070 5.359851851851853 0.124867569974141 -0.708159179454115 -32.968998628257751 -0.819790902966133 4.649265243856782 -359.506172839552107
-0.509185926666446 -0.377904021100244 5.186019204389575 0.120768615459310 -0.684912853234831 -34.766529492455511 -0.815217453014050 4.623327920312281 -325.267489711933422
-0.508602464025475 -0.381213002168410 5.004054869684500 0.116692528194240 -0.661796213633270 -36.392866941015178 -0.810644003061967 4.597390596774442 -291.028806584314736
-0.508039267484580 -0.384407048471657 4.814814814814816 0.112639308178930 -0.638809260649398 -37.848010973936752 -0.806070553127647 4.571453273245485 -256.790123456838160
-0.507496222707514 -0.387486808443073 4.619155006858711 0.108608955413292 -0.615951994283170 -39.131961591220943 -0.801497103166682 4.545515949705425 -222.551440329183947
-0.506973215358026 -0.390452930515746 4.417931412894377 0.104601469897458 -0.593224414534643 -40.244718792866863 -0.796923653232362 4.519578626167586 -188.312757201671843
-0.506470131099870 -0.393306063122765 4.212000000000001 0.100616851631297 -0.570626521403805 -41.186282578875222 -0.792350203280279 4.493641302636409 -154.074074074053158
-0.505986855596795 -0.396046854697218 4.002216735253773 0.096655100614895 -0.548158314890623 -41.956652949245488 -0.787776753328195 4.467703979096349 -119.835390946522580
-0.505523274512554 -0.398675953672194 3.789437585733883 0.092716216848254 -0.525819794995142 -42.555829903978101 -0.783203303389435 4.441766655560730 -85.596707818940843
-0.505079273510898 -0.401194008480781 3.574518518518519 0.088800200331307 -0.503610961717338 -42.983813443072805 -0.778629853441792 4.415829332025112 -51.358024691320736
-0.504654738255577 -0.403601667556067 3.358315500685872 0.084907051064098 -0.481531815057212 -43.240603566529408 -0.774056403494150 4.389892008491714 -17.119341563810053
-0.504249554410344 -0.405899579331141 3.141684499314129 0.081036769046627 -0.459582355014754 -43.326200274348459 -0.769482953542067 4.363954684947213 17.119341563791579
-0.503863607638949 -0.408088392239091 2.925481481481482 0.077189354278917 -0.437762581590018 -43.240603566529501 -0.764909503598865 4.338017361420476 51.358024691357684
-0.503496783605145 -0.410168754713005 2.710562414266118 0.073364806760923 -0.416072494782915 -42.983813443072712 -0.760336053655664 4.312080037880417 85.596707818922368
-0.503148967972681 -0.412141315185973 2.497783264746228 0.069563126492644 -0.394512094593513 -42.555829903978101 -0.755762603708021 4.286142714344798 119.835390946522580
-0.502820046405311 -0.414006722091082 2.288000000000000 0.065784313474104 -0.373081381021789 -41.956652949245488 -0.751189153755938 4.260205390806959 154.074074074053158
-0.502509904566784 -0.415765623861420 2.082068587105624 0.062028367705325 -0.351780354067754 -41.186282578875222 -0.746615703812736 4.234268067269120 188.312757201663317
-0.502218428120853 -0.417418668930078 1.880844993141290 0.058295289186261 -0.330609013731409 -40.244718792866905 -0.742042253865094 4.208330743740163 222.551440329219474
-0.501945502731268 -0.418966505730141 1.685185185185186 0.054585077916935 -0.309567360012708 -39.131961591220808 -0.737468803921892 4.182393420200103 256.790123456775632
-0.501691014061782 -0.420409782694700 1.495945130315501 0.050897733897326 -0.288655392911707 -37.848010973936930 -0.732895353969809 4.156456096666705 291.028806584368738
-0.501454847776144 -0.421749148256841 1.313980795610425 0.047233257127477 -0.267873112428374 -36.392866941015086 -0.728321904022167 4.130518773124425 325.267489711923474
-0.501236889538108 -0.422985250849655 1.140148148148148 0.043591647607366 -0.247220518562752 -34.766529492455469 -0.723748454083406 4.104581449588807 359.506172839520843
-0.501037025011423 -0.424118738906229 0.975303155006859 0.039972905336949 -0.226697611314808 -32.968998628257864 -0.719175004131323 4.078644126059849 393.744855967073420
-0.500855139859841 -0.425150260859652 0.820301783264746 0.036377030316292 -0.206304390684509 -31.000274348422497 -0.714601554183680 4.052706802519790 427.983539094647369
-0.500691119747114 -0.426080465143011 0.676000000000000 0.032804022545374 -0.186040856671910 -28.860356652949260 -0.710028104236038 4.026769478977510 462.222222222226264
-0.500544850336993 -0.426910000189396 0.543253772290809 0.029253882024194 -0.165907009277022 -26.549245541838129 -0.705454654292836 4.000832155452994 496.460905349791631
-0.500416217293230 -0.427639514431895 0.422919067215364 0.025726608752730 -0.145902848499757 -24.066941015089171 -0.700881204345194 3.974894831906273 530.699588477367683
-0.500305106279575 -0.428269656303596 0.315851851851852 0.022222202731004 -0.126028374340226 -21.413443072702332 -0.696307754397552 3.948957508379536 564.938271604938109
-0.500211402959780 -0.428801074237588 0.222908093278464 0.018740663959016 -0.106283586798328 -18.588751714677642 -0.691734304449909 3.923020184837256 599.176954732509898
-0.500134992997596 -0.429234416666959 0.144943758573388 0.015281992436766 -0.086668485874142 -15.592866941015092 -0.687160854506708 3.897082861301637 633.415637860083052
-0.500075762056775 -0.429570332024797 0.082814814814815 0.011846188164233 -0.067183071567634 -12.425788751714677 -0.682587404554624 3.871145537768239 667.654320987654501
-0.500033595801067 -0.429809468744191 0.037377229080933 0.008433251141460 -0.047827343878792 -9.087517146776404 -0.678013954611423 3.845208214225959 701.893004115225949
