-0.499999966803717 -0.430000188265478 0.000091360946746 0.000006639256678 -0.000037653095697 0.018272189349112 -0.008472956141148 0.048052522130249 7.157396449704144
-0.500000145431337 -0.429999175217904 0.000361656804734 -0.000035725524028 0.000202609514954 0.054059171597633 -0.025165944368410 0.142723162748215 6.930177514792897
-0.500000953207566 -0.429994594091260 0.000805207100592 -0.000161555245870 0.000916225328695 0.088710059171598 -0.041858932582350 0.237393803368402 6.702958579881657
-0.500002807457110 -0.429984078119533 0.001416331360947 -0.000370849908782 0.002103194345537 0.122224852071006 -0.058551920809613 0.332064443979707 6.475739644970418
-0.500006125504674 -0.429965260536705 0.002189349112426 -0.000663609512830 0.003763516565436 0.154603550295858 -0.075244909032435 0.426735084604335 6.248520710059174
-0.500011324674964 -0.429935774576763 0.003118579881657 -0.001039834057992 0.005897191988458 0.185846153846154 -0.091937897250816 0.521405725217861 6.021301775147903
-0.500018822292685 -0.429893253473690 0.004198343195266 -0.001499523544246 0.008504220614547 0.215952662721893 -0.108630885469196 0.616076365833607 5.794082840236747
-0.500029035682543 -0.429835330461472 0.005422958579882 -0.002042677971592 0.011584602443715 0.244923076923077 -0.125323873700900 0.710747006453794 5.566863905325370
-0.500042382169244 -0.429759638774092 0.006786745562130 -0.002669297340097 0.015138337475984 0.272757396449704 -0.142016861914840 0.805417647069540 5.339644970414237
-0.500059279077492 -0.429663811645535 0.008284023668639 -0.003379381649671 0.019165425711332 0.299455621301775 -0.158709850137662 0.900088287685286 5.112426035502948
-0.500080143731994 -0.429545482309786 0.009909112426036 -0.004172930900359 0.023665867149758 0.325017751479290 -0.175402838360483 0.994758928307693 4.885207100591771
-0.500105393457455 -0.429402284000830 0.011656331360947 -0.005049945092162 0.028639661791297 0.349443786982249 -0.192095826587746 1.089429568918998 4.657988165680393
-0.500135445578580 -0.429231849952650 0.013520000000000 -0.006010424225100 0.034086809635892 0.372733727810651 -0.208788814797245 1.184100209536965 4.430769230769204
-0.500170717420076 -0.429031813399233 0.015494437869822 -0.007054368299086 0.040007310683576 0.394887573964497 -0.225481803028948 1.278770850159372 4.203550295858172
-0.500211626306647 -0.428799807574561 0.017573964497041 -0.008181777314231 0.046401164934373 0.415905325443788 -0.242174791251770 1.373441490772898 3.976331360946583
-0.500258589562999 -0.428533465712620 0.019752899408284 -0.009392651270490 0.053268372388238 0.435786982248521 -0.258867779465710 1.468112131390864 3.749112426035672
-0.500312024513838 -0.428230421047394 0.022025562130178 -0.010686990167819 0.060608933045192 0.454532544378699 -0.275560767688532 1.562782772008831 3.521893491123951
-0.500372348483870 -0.427888306812867 0.024386272189349 -0.012064794006261 0.068422846905236 0.472142011834319 -0.292253755915794 1.657453412624577 3.294674556213317
-0.500439978797799 -0.427504756243026 0.026829349112426 -0.013526062785840 0.076710113968359 0.488615384615385 -0.308946744138616 1.752124053244764 3.067455621301596
-0.500515332780332 -0.427077402571853 0.029349112426036 -0.015070796506533 0.085470734234583 0.503952662721893 -0.325639732352556 1.846794693856069 2.840236686390685
-0.500598827756173 -0.426603879033333 0.031939881656805 -0.016698995168296 0.094704707703863 0.518153846153847 -0.342332720579819 1.941465334480696 2.613017751479241
-0.500690881050029 -0.426081818861452 0.034595976331361 -0.018410658771195 0.104412034376267 0.531218934911243 -0.359025708798200 2.036135975092002 2.385798816567908
-0.500791909986605 -0.425508855290193 0.037311715976331 -0.020205787315186 0.114592714251727 0.543147928994082 -0.375718697025462 2.130806615712189 2.158579881657019
-0.500902331890607 -0.424882621553542 0.040081420118343 -0.022084380800313 0.125246747330288 0.553940828402367 -0.392411685243843 2.225477256330155 1.931360946745286
-0.501022564086739 -0.424200750885482 0.042899408284024 -0.024046439226533 0.136374133611938 0.563597633136094 -0.409104673462224 2.320147896943681 1.704142011834664
-0.501153023899708 -0.423460876519999 0.045760000000000 -0.026091962593844 0.147974873096657 0.572118343195267 -0.425797661689487 2.414818537566088 1.476923076922665
-0.501294128654220 -0.422660631691077 0.048657514792899 -0.028220950902291 0.160048965784487 0.579502958579881 -0.442490649907867 2.509489178179614 1.249704142011754
-0.501446295674979 -0.421797649632700 0.051586272189349 -0.030433404151831 0.172596411675385 0.585751479289939 -0.459183638135130 2.604159818802021 1.022485207101398
-0.501609942286692 -0.420869563578853 0.054540591715976 -0.032729322342506 0.185617210769395 0.590863905325446 -0.475876626349070 2.698830459411106 0.795266272188844
-0.501785485814063 -0.419874006763520 0.057514792899408 -0.035108705474252 0.199111363066451 0.594840236686391 -0.492569614576333 2.793501100037954 0.568047337278221
-0.501973343581798 -0.418808612420687 0.060503195266272 -0.037571553547133 0.213078868566641 0.597680473372782 -0.509262602794713 2.888171740644818 0.340828402366489
-0.502173932914604 -0.417671013784338 0.063500118343195 -0.040117866561107 0.227519727269865 0.599384615384614 -0.525955591017535 2.982842381267226 0.113609467456155
-0.502387671137185 -0.416458844088457 0.066499881656805 -0.042747644516195 0.242433939176201 0.599952662721895 -0.542648579240357 3.077513021887412 -0.113609467455866
-0.502614975574247 -0.415169736567029 0.069496804733728 -0.045460887412396 0.257821504285638 0.599384615384616 -0.559341567463179 3.172183662500938 -0.340828402367044
-0.502856263550496 -0.413801324454038 0.072485207100592 -0.048257595249712 0.273682422598143 0.597680473372780 -0.576034555686000 3.266854303118905 -0.568047337278221
-0.503111952390636 -0.412351240983469 0.075459408284024 -0.051137768028142 0.290016694113737 0.594840236686389 -0.592727543899940 3.361524943739091 -0.795266272188289
-0.503382459419374 -0.410817119389307 0.078413727810651 -0.054101405747642 0.306824318832433 0.590863905325448 -0.609420532127203 3.456195584350397 -1.022485207101687
-0.503668201961416 -0.409196592905536 0.081342485207101 -0.057148508408278 0.324105296754185 0.585751479289939 -0.626113520354465 3.550866224972804 -1.249704142011199
-0.503969597341466 -0.407487294766141 0.084240000000000 -0.060279076010050 0.341859627879049 0.579502958579883 -0.642806508563964 3.645536865588550 -1.476923076924042
-0.504287062884230 -0.405686858205106 0.087100591715976 -0.063493108552870 0.360087312206991 0.572118343195263 -0.659499496795668 3.740207506204296 -1.704142011833554
-0.504621015914415 -0.403792916456416 0.089918579881657 -0.066790606036848 0.378788349738013 0.563597633136095 -0.676192485014049 3.834878146824483 -1.931360946745286
-0.504971873756724 -0.401803102754055 0.092688284023669 -0.070171568461919 0.397962740472135 0.553940828402369 -0.692885473236871 3.929548787440229 -2.158579881657574
-0.505340053735865 -0.399715050332009 0.095404023668639 -0.073635995828103 0.417610484409336 0.543147928994081 -0.709578461455251 4.024219428055975 -2.385798816567641
-0.505725973176542 -0.397526392424260 0.098060118343195 -0.077183888135379 0.437731581549616 0.531218934911243 -0.726271449682514 4.118890068676162 -2.613017751478819
-0.506130049403461 -0.395234762264795 0.100650887573965 -0.080815245383792 0.458326031892997 0.518153846153849 -0.742964437900895 4.213560709291908 -2.840236686391662
-0.506552699741327 -0.392837793087598 0.103170650887574 -0.084530067573296 0.479393835439457 0.503952662721890 -0.759657426119276 4.308231349909875 -3.067455621301174
-0.506994341514847 -0.390333118126653 0.105613727810651 -0.088328354703893 0.500934992189006 0.488615384615385 -0.776350414346538 4.402901990523400 -3.294674556212351
-0.507455392048725 -0.387718370615945 0.107974437869823 -0.092210106775625 0.522949502141623 0.472142011834323 -0.793043402569360 4.497572631150248 -3.521893491125194
-0.507936268667667 -0.384991183789458 0.110247100591716 -0.096175323788472 0.545437365297374 0.454532544378697 -0.809736390787741 4.592243271754892 -3.749112426035262
-0.508437388696379 -0.382149190881177 0.112426035502959 -0.100224005742411 0.568398581656149 0.435786982248521 -0.826429379006122 4.686913912381740 -3.976331360946439
-0.508959169459566 -0.379190025125087 0.114505562130178 -0.104356152637441 0.591833151218057 0.415905325443788 -0.843122367237825 4.781584552995266 -4.203550295858172
-0.509502028281934 -0.376111319755172 0.116480000000000 -0.108571764473631 0.615741073983034 0.394887573964497 -0.859815355447324 4.876255193613233 -4.430769230769904
-0.510066382488189 -0.372910708005416 0.118343668639053 -0.112870841250867 0.640122349951100 0.372733727810648 -0.876508343679028 4.970925834228979 -4.657988165680527
-0.510652649403035 -0.369585823109805 0.120090887573964 -0.117253382969262 0.664976979122245 0.349443786982245 -0.893201331897409 5.065596474849166 -4.885207100588929
-0.511261246351179 -0.366134298302323 0.121715976331361 -0.121719389628749 0.690304961496491 0.325017751479301 -0.909894320120230 5.160267115464912 -5.112426035507323
-0.511892590657326 -0.362553766816954 0.123213254437870 -0.126268861229351 0.716106297073815 0.299455621301764 -0.926587308338611 5.254937756085098 -5.339644970411284
-0.512547099646181 -0.358841861887683 0.124577041420118 -0.130901797771044 0.742380985854241 0.272757396449708 -0.943280296565874 5.349608396691963 -5.566863905325237
-0.513225190642450 -0.354996216748494 0.125801656804734 -0.135618199253873 0.769129027837701 0.244923076923081 -0.959973284784255 5.444279037325472 -5.794082840238080
-0.513927280970839 -0.351014464633372 0.126881420118343 -0.140418065677794 0.796350423024328 0.215952662721891 -0.976666273002635 5.538949677930116 -6.021301775146481
-0.514653787956053 -0.346894238776302 0.127810650887574 -0.145301397042807 0.824045171413978 0.185846153846159 -0.993359261229898 5.633620318552524 -6.248520710060435
-0.515405128922798 -0.342633172411269 0.128583668639053 -0.150268193348957 0.852213273006741 0.154603550295856 -1.010052249448279 5.728290959163829 -6.475739644969947
-0.516181721195779 -0.338228898772256 0.129194792899408 -0.155318454596198 0.880854727802560 0.122224852071007 -1.026745237675541 5.822961599792897 -6.702958579882790
-0.516983982099702 -0.333679051093248 0.129638343195266 -0.160452180784576 0.909969535801525 0.088710059171593 -1.043438225889481 5.917632240399762 -6.930177514791191
-0.517812328959272 -0.328981262608231 0.129908639053254 -0.165669371914023 0.939557697003524 0.054059171597637 -1.060131214116744 6.012302881019949 -7.157396449706255
-0.518667179099195 -0.324133166551188 0.130000000000000 -0.170970027984607 0.969619211408623 0.018272189349106 0.015863230271584 -0.089964849447899 -3.654437869821114
-0.519521632658361 -0.319287319615381 0.130000000000000 -0.170890711833249 0.969169387161384 0.000000000000000 1.080815753908837 -6.129610735485791 0.000000000000000
-0.520349065823680 -0.314594712947961 0.130000000000000 -0.165486633063705 0.938521333483955 0.000000000000000 1.047559884557181 -5.941007328249537 0.000000000000000
-0.521150309991884 -0.310050631463747 0.130000000000000 -0.160248833640919 0.908816296842707 0.000000000000000 1.014304015205525 -5.752403921002180 0.000000000000000
-0.521926196559709 -0.305650360077559 0.130000000000000 -0.155177313564892 0.880054277237696 0.000000000000000 0.981048145853869 -5.563800513748163 0.000000000000000
-0.522677556923887 -0.301389183704214 0.130000000000000 -0.150272072835622 0.852235274668955 0.000000000000000 0.947792276502213 -5.375197106514129 0.000000000000000
-0.523405222481153 -0.297262387258532 0.130000000000000 -0.145533111453111 0.825359289136385 0.000000000000000 0.914536407154998 -5.186593699262332 0.000000000000000
-0.524110024628239 -0.293265255655332 0.130000000000000 -0.140960429417336 0.799426320640073 0.000000000000000 0.881280537798901 -4.997990292017196 0.000000000000000
-0.524792794761881 -0.289393073809432 0.130000000000000 -0.136554026728342 0.774436369179987 0.000000000000000 0.848024668456127 -4.809386884769840 0.000000000000000
-0.525454364278811 -0.285641126635651 0.130000000000000 -0.132313903386061 0.750389434756138 0.000000000000000 0.814768799091148 -4.620783477524704 0.000000000000000
-0.526095564575764 -0.282004699048809 0.130000000000000 -0.128240059390605 0.727285517368514 0.000000000000000 0.781512929752815 -4.432180070277347 0.000000000000000
-0.526717227049473 -0.278479075963723 0.130000000000000 -0.124332494741841 0.705124617017128 0.000000000000000 0.748257060401158 -4.243576663034432 0.000000000000000
-0.527320183096673 -0.275059542295213 0.130000000000000 -0.120591209439835 0.683906733701956 0.000000000000000 0.715001191040621 -4.054973255787075 0.000000000000000
-0.527905264114096 -0.271741382958098 0.130000000000000 -0.117016203484632 0.663631867423020 0.000000000000000 0.681745321697846 -3.866369848539719 0.000000000000000
-0.528473301498476 -0.268519882867197 0.130000000000000 -0.113607476876143 0.644300018180322 0.000000000000000 0.648489452346190 -3.677766441301245 0.000000000000000
-0.529025126646549 -0.265390326937327 0.130000000000000 -0.110365029614412 0.625911185973815 0.000000000000000 0.615233582990093 -3.489163034042786 0.000000000000000
-0.529561570955046 -0.262348000083309 0.130000000000000 -0.107288861699462 0.608465370803601 0.000000000000000 0.581977713642878 -3.300559626806532 0.000000000000000
-0.530083465820702 -0.259388187219962 0.130000000000000 -0.104378973131247 0.591962572669569 0.000000000000000 0.548721844295663 -3.111956219559175 0.000000000000000
-0.530591642640251 -0.256506173262103 0.130000000000000 -0.101635363909769 0.576402791571773 0.000000000000000 0.515465974935125 -2.923352812311819 0.000000000000000
-0.531086932810426 -0.253697243124552 0.130000000000000 -0.099058034035093 0.561786027510214 0.000000000000000 0.482210105592351 -2.734749405062242 0.000000000000000
-0.531570167727962 -0.250956681722127 0.130000000000000 -0.096646983507132 0.548112280484903 0.000000000000000 0.448954236240695 -2.546145997821547 0.000000000000000
-0.532042178789592 -0.248279773969648 0.130000000000000 -0.094402212325928 0.535381550495795 0.000000000000000 0.415698366884598 -2.357542590571970 0.000000000000000
-0.532503797392049 -0.245661804781934 0.130000000000000 -0.092323720491505 0.523593837542935 0.000000000000000 0.382442497537383 -2.168939183330165 0.000000000000000
-0.532955854932068 -0.243098059073802 0.130000000000000 -0.090411508003818 0.512749141626284 0.000000000000000 0.349186628181286 -1.980335776081699 0.000000000000000
-0.533399182806383 -0.240583821760073 0.130000000000000 -0.088665574862912 0.502847462745876 0.000000000000000 0.315930758838512 -1.791732368835453 0.000000000000000
-0.533834612411726 -0.238114377755564 0.130000000000000 -0.087085921068719 0.493888800901698 0.000000000000000 0.282674889486856 -1.603128961591427 0.000000000000000
-0.534262975144833 -0.235685011975096 0.130000000000000 -0.085672546621285 0.485873156093741 0.000000000000000 0.249419020126318 -1.414525554341850 0.000000000000000
-0.534685102402436 -0.233291009333485 0.130000000000000 -0.084425451520653 0.478800528322032 0.000000000000000 0.216163150783544 -1.225922147101155 0.000000000000000
-0.535101825581270 -0.230927654745553 0.130000000000000 -0.083344635766736 0.472670917586526 0.000000000000000 0.182907281431888 -1.037318739852688 0.000000000000000
-0.535513976078068 -0.228590233126116 0.130000000000000 -0.082430099359576 0.467484323887263 0.000000000000000 0.149651412080232 -0.848715332606442 0.000000000000000
-0.535922385289564 -0.226274029389995 0.130000000000000 -0.081681842299175 0.463240747224231 0.000000000000000 0.116395542728576 -0.660111925359086 0.000000000000000
-0.536327884612491 -0.223974328452008 0.130000000000000 -0.081099864585532 0.459940187597435 0.000000000000000 0.083139673372479 -0.471508518116170 0.000000000000000
-0.536731305443585 -0.221686415226974 0.130000000000000 -0.080684166218670 0.457582645006854 0.000000000000000 0.049883804029704 -0.282905110867704 0.000000000000000
-0.537133479179577 -0.219405574629711 0.130000000000000 -0.080434747198521 0.456168119452516 0.000000000000000 0.016627934678048 -0.094301703624788 0.000000000000000
-0.537535237217203 -0.217127091575039 0.130000000000000 -0.080351607525131 0.455696610934392 0.000000000000000 -0.016627934678048 0.094301703624788 0.000000000000000
-0.537937410953195 -0.214846250977777 0.130000000000000 -0.080434747198521 0.456168119452516 0.000000000000000 -0.049883804025264 0.282905110867704 0.000000000000000
-0.538340831784289 -0.212558337752742 0.130000000000000 -0.080684166218647 0.457582645006854 0.000000000000000 -0.083139673381361 0.471508518116170 0.000000000000000
-0.538746331107216 -0.210258636814755 0.130000000000000 -0.081099864585554 0.459940187597435 0.000000000000000 -0.116395542724135 0.660111925359086 0.000000000000000
-0.539154740318712 -0.207942433078634 0.130000000000000 -0.081681842299175 0.463240747224231 0.000000000000000 -0.149651412080232 0.848715332606442 0.000000000000000
-0.539566890815510 -0.205605011459198 0.130000000000000 -0.082430099359576 0.467484323887263 0.000000000000000 -0.182907281431888 1.037318739853799 0.000000000000000
-0.539983613994344 -0.203241656871265 0.130000000000000 -0.083344635766736 0.472670917586532 0.000000000000000 -0.216163150779103 1.225922147098935 0.000000000000000
-0.540405741251947 -0.200847654229655 0.130000000000000 -0.084425451520631 0.478800528322026 0.000000000000000 -0.249419020135200 1.414525554342960 0.000000000000000
-0.540834103985054 -0.198418288449186 0.130000000000000 -0.085672546621307 0.485873156093741 0.000000000000000 -0.282674889482415 1.603128961590317 0.000000000000000
-0.541269533590397 -0.195948844444678 0.130000000000000 -0.087085921068719 0.493888800901693 0.000000000000000 -0.315930758834071 1.791732368836563 0.000000000000000
-0.541712861464712 -0.193434607130948 0.130000000000000 -0.088665574862890 0.502847462745876 0.000000000000000 -0.349186628190168 1.980335776082809 0.000000000000000
-0.542164919004731 -0.190870861422817 0.130000000000000 -0.090411508003840 0.512749141626290 0.000000000000000 -0.382442497528501 2.168939183326835 0.000000000000000
-0.542626537607188 -0.188252892235102 0.130000000000000 -0.092323720491483 0.523593837542924 0.000000000000000 -0.415698366893480 2.357542590575301 0.000000000000000
-0.543098548668818 -0.185575984482623 0.130000000000000 -0.094402212325950 0.535381550495800 0.000000000000000 -0.448954236236254 2.546145997815996 0.000000000000000
-0.543581783586354 -0.182835423080199 0.130000000000000 -0.096646983507132 0.548112280484880 0.000000000000000 -0.482210105587910 2.734749405070014 0.000000000000000
-0.544077073756529 -0.180026492942648 0.130000000000000 -0.099058034035071 0.561786027510230 0.000000000000000 -0.515465974944007 2.923352812311819 0.000000000000000
-0.544585250576078 -0.177144478984789 0.130000000000000 -0.101635363909791 0.576402791571790 0.000000000000000 -0.548721844291222 3.111956219555845 0.000000000000000
-0.545107145441734 -0.174184666121441 0.130000000000000 -0.104378973131247 0.591962572669569 0.000000000000000 -0.581977713638437 3.300559626806532 0.000000000000000
-0.545643589750231 -0.171142339267423 0.130000000000000 -0.107288861699439 0.608465370803601 0.000000000000000 -0.615233582998975 3.489163034045006 0.000000000000000
-0.546195414898304 -0.168012783337554 0.130000000000000 -0.110365029614434 0.625911185973826 0.000000000000000 -0.648489452341749 3.677766441299024 0.000000000000000
-0.546763452282684 -0.164791283246652 0.130000000000000 -0.113607476876143 0.644300018180322 0.000000000000000 -0.681745321693406 3.866369848539719 0.000000000000000
-0.547348533300107 -0.161473123909537 0.130000000000000 -0.117016203484610 0.663631867423020 0.000000000000000 -0.715001191049502 4.054973255787075 0.000000000000000
-0.547951489347307 -0.158053590241027 0.130000000000000 -0.120591209439858 0.683906733701956 0.000000000000000 -0.748257060396718 4.243576663032211 0.000000000000000
-0.548573151821016 -0.154527967155942 0.130000000000000 -0.124332494741841 0.705124617017117 0.000000000000000 -0.781512929748374 4.432180070279568 0.000000000000000
-0.549214352117969 -0.150891539569099 0.130000000000000 -0.128240059390583 0.727285517368514 0.000000000000000 -0.814768799100030 4.620783477520263 0.000000000000000
-0.549875921634899 -0.147139592395319 0.130000000000000 -0.132313903386083 0.750389434756116 0.000000000000000 -0.848024668451686 4.809386884778721 0.000000000000000
-0.550558691768541 -0.143267410549419 0.130000000000000 -0.136554026728342 0.774436369180009 0.000000000000000 -0.881280537798901 4.997990292012755 0.000000000000000
-0.551263493915628 -0.139270278946218 0.130000000000000 -0.140960429417336 0.799426320640073 0.000000000000000 -0.914536407154998 5.186593699266773 0.000000000000000
-0.551991159472893 -0.135143482500536 0.130000000000000 -0.145533111453111 0.825359289136407 0.000000000000000 -0.947792276502213 5.375197106503027 0.000000000000000
-0.552742519837071 -0.130882306127192 0.130000000000000 -0.150272072835622 0.852235274668922 0.000000000000000 -0.981048145853869 5.563800513757045 0.000000000000000
-0.553518406404896 -0.126482034741003 0.130000000000000 -0.155177313564892 0.880054277237707 0.000000000000000 -1.014304015205525 5.752403921002180 0.000000000000000
-0.554319650573100 -0.121937953256789 0.130000000000000 -0.160248833640919 0.908816296842718 0.000000000000000 -1.047559884557181 5.941007328245096 0.000000000000000
-0.555147083738419 -0.117245346589370 0.130000000000000 -0.165486633063705 0.938521333483944 0.000000000000000 -1.080815753908837 6.129610735490232 0.000000000000000
-0.556001537297585 -0.112399499653563 0.130000000000000 -0.170890711833249 0.969169387161395 0.000000000000000 -0.015863230271584 0.089964849439017 -3.654437869822225
-0.556856387437508 -0.107551403596520 0.129908639053254 -0.170970027984607 0.969619211408590 -0.018272189349111 1.060131214116744 -6.012302881011067 -7.157396449704034
-0.557684734297078 -0.102853615111502 0.129638343195266 -0.165669371914023 0.939557697003535 -0.054059171597631 1.043438225893922 -5.917632240406423 -6.930177514793412
-0.558486995201001 -0.098303767432495 0.129194792899408 -0.160452180784554 0.909969535801503 -0.088710059171598 1.026745237666660 -5.822961599784016 -6.702958579881679
-0.559263587473982 -0.093899493793482 0.128583668639053 -0.155318454596221 0.880854727802582 -0.122224852071007 1.010052249452720 -5.728290959168270 -6.475739644971057
-0.560014928440727 -0.089638427428448 0.127810650887574 -0.150268193348957 0.852213273006741 -0.154603550295862 0.993359261229898 -5.633620318552524 -6.248520710058214
-0.560741435425941 -0.085518201571378 0.126881420118343 -0.145301397042807 0.824045171413978 -0.185846153846153 0.976666273002635 -5.538949677934557 -6.021301775148702
-0.561443525754330 -0.081536449456257 0.125801656804734 -0.140418065677794 0.796350423024306 -0.215952662721897 0.959973284788695 -5.444279037316591 -5.794082840235304
-0.562121616750599 -0.077690804317068 0.124577041420118 -0.135618199253851 0.769129027837723 -0.244923076923073 0.943280296561433 -5.349608396698624 -5.566863905325792
-0.562776125739454 -0.073978899387797 0.123213254437870 -0.130901797771044 0.742380985854230 -0.272757396449702 0.926587308338611 -5.254937756082878 -5.339644970415169
-0.563407470045601 -0.070398367902428 0.121715976331361 -0.126268861229351 0.716106297073815 -0.299455621301778 0.909894320120230 -5.160267115464912 -5.112426035501771
-0.564016066993745 -0.066946843094945 0.120090887573965 -0.121719389628749 0.690304961496491 -0.325017751479287 0.893201331897409 -5.065596474849166 -4.885207100592259
-0.564602333908591 -0.063621958199334 0.118343668639053 -0.117253382969262 0.664976979122245 -0.349443786982248 0.876508343674587 -4.970925834228979 -4.657988165681082
-0.565166688114846 -0.060421346449579 0.116480000000000 -0.112870841250889 0.640122349951100 -0.372733727810654 0.859815355451765 -4.876255193611012 -4.430769230768239
-0.565709546937214 -0.057342641079663 0.114505562130178 -0.108571764473631 0.615741073983045 -0.394887573964495 0.843122367237825 -4.781584552999707 -4.203550295859282
-0.566231327700401 -0.054383475323573 0.112426035502959 -0.104356152637441 0.591833151218046 -0.415905325443791 0.826429379006122 -4.686913912377300 -3.976331360945329
-0.566732447729113 -0.051541482415292 0.110247100591716 -0.100224005742411 0.568398581656160 -0.435786982248518 0.809736390792182 -4.592243271759333 -3.749112426036372
-0.567213324348055 -0.048814295588806 0.107974437869822 -0.096175323788450 0.545437365297363 -0.454532544378700 0.793043402560478 -4.497572631145808 -3.521893491123529
-0.567674374881934 -0.046199548078097 0.105613727810651 -0.092210106775648 0.522949502141634 -0.472142011834317 0.776350414350979 -4.402901990525621 -3.294674556214017
-0.568116016655453 -0.043694873117152 0.103170650887574 -0.088328354703893 0.500934992189006 -0.488615384615387 0.759657426119276 -4.308231349909875 -3.067455621300619
-0.568538666993319 -0.041297903939955 0.100650887573965 -0.084530067573296 0.479393835439457 -0.503952662721890 0.742964437905336 -4.213560709294129 -2.840236686391107
-0.568942743220238 -0.039006273780490 0.098060118343195 -0.080815245383770 0.458326031892986 -0.518153846153846 0.726271449673632 -4.118890068671721 -2.613017751479929
-0.569328662660915 -0.036817615872742 0.095404023668639 -0.077183888135401 0.437731581549627 -0.531218934911246 0.709578461464133 -4.024219428060416 -2.385798816567086
-0.569696842640056 -0.034729563450695 0.092688284023669 -0.073635995828081 0.417610484409325 -0.543147928994081 0.692885473227989 -3.929548787438009 -2.158579881657574
-0.570047700482365 -0.032739749748335 0.089918579881657 -0.070171568461941 0.397962740472135 -0.553940828402369 0.676192485022931 -3.834878146822263 -1.931360946744731
-0.570381653512550 -0.030845807999645 0.087100591715976 -0.066790606036826 0.378788349738024 -0.563597633136093 0.659499496786786 -3.740207506208737 -1.704142011835219
-0.570699119055314 -0.029045371438610 0.084240000000000 -0.063493108552892 0.360087312206980 -0.572118343195269 0.642806508572846 -3.645536865586330 -1.476923076922376
-0.571000514435364 -0.027336073299214 0.081342485207101 -0.060279076010028 0.341859627879049 -0.579502958579881 0.626113520345584 -3.550866224970584 -1.249704142011754
-0.571286256977406 -0.025715546815443 0.078413727810651 -0.057148508408300 0.324105296754196 -0.585751479289939 0.609420532131644 -3.456195584354838 -1.022485207101131
-0.571556764006144 -0.024181425221281 0.075459408284024 -0.054101405747642 0.306824318832422 -0.590863905325445 0.592727543904381 -3.361524943736871 -0.795266272189399
-0.571812452846284 -0.022731341750713 0.072485207100592 -0.051137768028120 0.290016694113737 -0.594840236686392 0.576034555681559 -3.266854303118905 -0.568047337278221
-0.572053740822533 -0.021362929637722 0.069496804733728 -0.048257595249712 0.273682422598143 -0.597680473372783 0.559341567463179 -3.172183662500938 -0.340828402365934
-0.572281045259595 -0.020073822116294 0.066499881656805 -0.045460887412396 0.257821504285638 -0.599384615384613 0.542648579235916 -3.077513021885192 -0.113609467456421
-0.572494783482176 -0.018861652420413 0.063500118343195 -0.042747644516217 0.242433939176212 -0.599952662721895 0.525955591021976 -2.982842381267226 0.113609467455866
-0.572695372814982 -0.017724053784063 0.060503195266272 -0.040117866561107 0.227519727269876 -0.599384615384616 0.509262602794713 -2.888171740651480 0.340828402367044
-0.572883230582717 -0.016658659441230 0.057514792899408 -0.037571553547133 0.213078868566619 -0.597680473372780 0.492569614576333 -2.793501100033513 0.568047337278221
-0.573058774110089 -0.015663102625898 0.054540591715976 -0.035108705474252 0.199111363066451 -0.594840236686389 0.475876626353511 -2.698830459413326 0.795266272188289
-0.573222420721801 -0.014735016572051 0.051586272189349 -0.032729322342484 0.185617210769384 -0.590863905325448 0.459183638126248 -2.604159818797580 1.022485207101420
-0.573374587742560 -0.013872034513674 0.048657514792899 -0.030433404151853 0.172596411675396 -0.585751479289941 0.442490649912308 -2.509489178181834 1.249704142011754
-0.573515692497072 -0.013071789684752 0.045760000000000 -0.028220950902291 0.160048965784487 -0.579502958579882 0.425797661689487 -2.414818537563868 1.476923076923486
-0.573646152310041 -0.012331915319268 0.042899408284024 -0.026091962593844 0.147974873096668 -0.572118343195264 0.409104673462224 -2.320147896945901 1.704142011834109
-0.573766384506174 -0.011650044651209 0.040081420118343 -0.024046439226533 0.136374133611938 -0.563597633136094 0.392411685248284 -2.225477256332375 1.931360946744998
-0.573876806410175 -0.011023810914557 0.037311715976331 -0.022084380800291 0.125246747330277 -0.553940828402369 0.375718697016580 -2.130806615707748 2.158579881657574
-0.573977835346751 -0.010450847343298 0.034595976331361 -0.020205787315208 0.114592714251738 -0.543147928994081 0.359025708802641 -2.036135975094222 2.385798816567641
-0.574069888640607 -0.009928787171417 0.031939881656805 -0.018410658771195 0.104412034376267 -0.531218934911243 0.342332720579819 -1.941465334480696 2.613017751478819
-0.574153383616449 -0.009455263632898 0.029349112426035 -0.016698995168296 0.094704707703863 -0.518153846153849 0.325639732356997 -1.846794693858289 2.840236686391662
-0.574228737598981 -0.009027909961725 0.026829349112426 -0.015070796506511 0.085470734234572 -0.503952662721890 0.308946744134175 -1.752124053242543 3.067455621301174
-0.574296367912910 -0.008644359391883 0.024386272189349 -0.013526062785840 0.076710113968359 -0.488615384615385 0.292253755911354 -1.657453412624577 3.294674556212351
-0.574356691882942 -0.008302245157357 0.022025562130177 -0.012064794006283 0.068422846905236 -0.472142011834323 0.275560767692973 -1.562782772008831 3.521893491125194
-0.574410126833781 -0.007999200492131 0.019752899408284 -0.010686990167819 0.060608933045192 -0.454532544378697 0.258867779470151 -1.468112131390864 3.749112426035262
-0.574457090090133 -0.007732858630190 0.017573964497041 -0.009392651270468 0.053268372388238 -0.435786982248521 0.242174791247329 -1.373441490772898 3.976331360946439
-0.574497998976704 -0.007500852805518 0.015494437869822 -0.008181777314231 0.046401164934373 -0.415905325443788 0.225481803024508 -1.278770850154931 4.203550295858172
-0.574533270818200 -0.007300816252100 0.013520000000000 -0.007054368299109 0.040007310683599 -0.394887573964497 0.208788814806127 -1.184100209541405 4.430769230769904
-0.574563322939325 -0.007130382203921 0.011656331360947 -0.006010424225078 0.034086809635892 -0.372733727810648 0.192095826578864 -1.089429568921219 4.657988165680527
-0.574588572664786 -0.006987183894964 0.009909112426036 -0.005049945092184 0.028639661791285 -0.349443786982245 0.175402838364924 -0.994758928305473 4.885207100588929
-0.574609437319288 -0.006868854559215 0.008284023668639 -0.004172930900359 0.023665867149758 -0.325017751479301 0.158709850137662 -0.900088287683065 5.112426035507323
-0.574626334227536 -0.006773027430659 0.006786745562130 -0.003379381649671 0.019165425711343 -0.299455621301764 0.142016861919281 -0.805417647073980 5.339644970411284
-0.574639680714237 -0.006697335743279 0.005422958579882 -0.002669297340074 0.015138337475973 -0.272757396449708 0.125323873692018 -0.710747006451573 5.566863905325237
-0.574649894104095 -0.006639412731060 0.004198343195266 -0.002042677971614 0.011584602443715 -0.244923076923081 0.108630885473637 -0.616076365835827 5.794082840238080
-0.574657391721816 -0.006596891627987 0.003118579881657 -0.001499523544246 0.008504220614536 -0.215952662721891 0.091937897250816 -0.521405725215640 6.021301775146481
-0.574662590892106 -0.006567405668045 0.002189349112426 -0.001039834057992 0.005897191988458 -0.185846153846159 0.075244909036876 -0.426735084604335 6.248520710060435
-0.574665908939670 -0.006548588085218 0.001416331360947 -0.000663609512808 0.003763516565436 -0.154603550295856 0.058551920800731 -0.332064443979707 6.475739644969947
-0.574667763189214 -0.006538072113490 0.000805207100592 -0.000370849908804 0.002103194345537 -0.122224852071007 0.041858932586791 -0.237393803366182 6.702958579882790
-0.574668570965443 -0.006533490986847 0.000361656804734 -0.000161555245870 0.000916225328706 -0.088710059171593 0.025165944368410 -0.142723162750436 6.930177514791191
-0.574668749593063 -0.006532477939272 0.000091360946746 -0.000035725524028 0.000202609514954 -0.054059171597637 0.008472956141148 -0.048052522130249 7.157396449706255
-0.574668716396780 -0.006532666204751 0.000000000000000 0.000006639256678 -0.000037653095697 -0.018272189349106 -0.002655702671106 0.015061238278768 5.481656804731672
-0.574668749593063 -0.006532477939272 0.000045680473373 -0.000006639256678 0.000037653095697 0.009136094674553 0.008472956141148 -0.048052522130249 3.578698224853127
-0.574668570965443 -0.006533490986847 0.000180828402367 0.000035725524028 -0.000202609514954 0.027029585798818 0.025165944368410 -0.142723162750436 3.465088757395596
-0.574667763189214 -0.006538072113490 0.000402603550296 0.000161555245870 -0.000916225328706 0.044355029585796 0.041858932586791 -0.237393803366182 3.351479289941395
-0.574665908939670 -0.006548588085218 0.000708165680473 0.000370849908804 -0.002103194345537 0.061112426035503 0.058551920800731 -0.332064443979707 3.237869822484973
-0.574662590892106 -0.006567405668045 0.001094674556213 0.000663609512808 -0.003763516565436 0.077301775147928 0.075244909036876 -0.426735084604335 3.124260355030217
-0.574657391721816 -0.006596891627987 0.001559289940828 0.001039834057992 -0.005897191988458 0.092923076923079 0.091937897250816 -0.521405725215640 3.010650887573241
-0.574649894104095 -0.006639412731060 0.002099171597633 0.001499523544246 -0.008504220614536 0.107976331360946 0.108630885473637 -0.616076365835827 2.897041420119040
-0.574639680714237 -0.006697335743279 0.002711479289941 0.002042677971614 -0.011584602443715 0.122461538461541 0.125323873692018 -0.710747006451573 2.783431952662618
-0.574626334227536 -0.006773027430659 0.003393372781065 0.002669297340074 -0.015138337475973 0.136378698224854 0.142016861919281 -0.805417647073980 2.669822485205642
-0.574609437319288 -0.006868854559215 0.004142011834320 0.003379381649671 -0.019165425711343 0.149727810650882 0.158709850137662 -0.900088287683065 2.556213017753661
-0.574588572664786 -0.006987183894964 0.004954556213018 0.004172930900359 -0.023665867149758 0.162508875739650 0.175402838364924 -0.994758928305473 2.442603550294464
-0.574563322939325 -0.007130382203921 0.005828165680473 0.005049945092184 -0.028639661791285 0.174721893491123 0.192095826578864 -1.089429568921219 2.328994082840263
-0.574533270818200 -0.007300816252100 0.006760000000000 0.006010424225078 -0.034086809635892 0.186366863905324 0.208788814806127 -1.184100209541405 2.215384615384952
-0.574497998976704 -0.007500852805518 0.007747218934911 0.007054368299109 -0.040007310683599 0.197443786982249 0.225481803024508 -1.278770850154931 2.101775147929086
-0.574457090090133 -0.007732858630190 0.008786982248521 0.008181777314231 -0.046401164934373 0.207952662721894 0.242174791247329 -1.373441490772898 1.988165680473220
-0.574410126833781 -0.007999200492131 0.009876449704142 0.009392651270468 -0.053268372388238 0.217893491124260 0.258867779470151 -1.468112131390864 1.874556213017631
-0.574356691882942 -0.008302245157357 0.011012781065089 0.010686990167819 -0.060608933045192 0.227266272189348 0.275560767692973 -1.562782772008831 1.760946745562597
-0.574296367912910 -0.008644359391883 0.012193136094675 0.012064794006283 -0.068422846905236 0.236071005917161 0.292253755911354 -1.657453412624577 1.647337278106176
-0.574228737598981 -0.009027909961725 0.013414674556213 0.013526062785840 -0.076710113968359 0.244307692307692 0.308946744134175 -1.752124053242543 1.533727810650587
-0.574153383616449 -0.009455263632898 0.014674556213018 0.015070796506511 -0.085470734234572 0.251976331360945 0.325639732356997 -1.846794693858289 1.420118343195831
-0.574069888640607 -0.009928787171417 0.015969940828402 0.016698995168296 -0.094704707703863 0.259076923076924 0.342332720579819 -1.941465334480696 1.306508875739409
-0.573977835346751 -0.010450847343298 0.017297988165680 0.018410658771195 -0.104412034376267 0.265609467455621 0.359025708802641 -2.036135975094222 1.192899408283821
-0.573876806410175 -0.011023810914557 0.018655857988166 0.020205787315208 -0.114592714251738 0.271573964497041 0.375718697016580 -2.130806615707748 1.079289940828787
-0.573766384506174 -0.011650044651209 0.020040710059172 0.022084380800291 -0.125246747330277 0.276970414201184 0.392411685248284 -2.225477256332375 0.965680473372499
-0.573646152310041 -0.012331915319268 0.021449704142012 0.024046439226533 -0.136374133611938 0.281798816568047 0.409104673462224 -2.320147896945901 0.852071005917054
-0.573515692497072 -0.013071789684752 0.022880000000000 0.026091962593844 -0.147974873096668 0.286059171597632 0.425797661689487 -2.414818537563868 0.738461538461743
-0.573374587742560 -0.013872034513674 0.024328757396450 0.028220950902291 -0.160048965784487 0.289751479289941 0.442490649912308 -2.509489178181834 0.624852071005877
-0.573222420721801 -0.014735016572051 0.025793136094675 0.030433404151853 -0.172596411675396 0.292875739644970 0.459183638126248 -2.604159818797580 0.511242603550710
-0.573058774110089 -0.015663102625898 0.027270295857988 0.032729322342484 -0.185617210769384 0.295431952662724 0.475876626353511 -2.698830459413326 0.397633136094144
-0.572883230582717 -0.016658659441230 0.028757396449704 0.035108705474252 -0.199111363066451 0.297420118343195 0.492569614576333 -2.793501100033513 0.284023668639111
-0.572695372814982 -0.017724053784063 0.030251597633136 0.037571553547133 -0.213078868566619 0.298840236686390 0.509262602794713 -2.888171740651480 0.170414201183522
-0.572494783482176 -0.018861652420413 0.031750059171598 0.040117866561107 -0.227519727269876 0.299692307692308 0.525955591021976 -2.982842381267226 0.056804733727933
-0.572281045259595 -0.020073822116294 0.033249940828402 0.042747644516217 -0.242433939176212 0.299976331360947 0.542648579235916 -3.077513021885192 -0.056804733728211
-0.572053740822533 -0.021362929637722 0.034748402366864 0.045460887412396 -0.257821504285638 0.299692307692306 0.559341567463179 -3.172183662500938 -0.170414201182967
-0.571812452846284 -0.022731341750713 0.036242603550296 0.048257595249712 -0.273682422598143 0.298840236686392 0.576034555681559 -3.266854303118905 -0.284023668639111
-0.571556764006144 -0.024181425221281 0.037729704142012 0.051137768028120 -0.290016694113737 0.297420118343196 0.592727543904381 -3.361524943736871 -0.397633136094699
-0.571286256977406 -0.025715546815443 0.039206863905325 0.054101405747642 -0.306824318832422 0.295431952662722 0.609420532131644 -3.456195584354838 -0.511242603550566
-0.571000514435364 -0.027336073299214 0.040671242603550 0.057148508408300 -0.324105296754196 0.292875739644970 0.626113520345584 -3.550866224970584 -0.624852071005877
-0.570699119055314 -0.029045371438610 0.042120000000000 0.060279076010028 -0.341859627879049 0.289751479289940 0.642806508572846 -3.645536865586330 -0.738461538461188
-0.570381653512550 -0.030845807999645 0.043550295857988 0.063493108552892 -0.360087312206980 0.286059171597634 0.659499496786786 -3.740207506208737 -0.852071005917610
-0.570047700482365 -0.032739749748335 0.044959289940828 0.066790606036826 -0.378788349738024 0.281798816568046 0.676192485022931 -3.834878146822263 -0.965680473372366
-0.569696842640056 -0.034729563450695 0.046344142011834 0.070171568461941 -0.397962740472135 0.276970414201184 0.692885473227989 -3.929548787438009 -1.079289940828787
-0.569328662660915 -0.036817615872742 0.047702011834320 0.073635995828081 -0.417610484409325 0.271573964497041 0.709578461464133 -4.024219428060416 -1.192899408283543
-0.568942743220238 -0.039006273780490 0.049030059171598 0.077183888135401 -0.437731581549627 0.265609467455623 0.726271449673632 -4.118890068671721 -1.306508875739965
-0.568538666993319 -0.041297903939955 0.050325443786982 0.080815245383770 -0.458326031892986 0.259076923076923 0.742964437905336 -4.213560709294129 -1.420118343195553
-0.568116016655453 -0.043694873117152 0.051585325443787 0.084530067573296 -0.479393835439457 0.251976331360945 0.759657426119276 -4.308231349909875 -1.533727810650309
-0.567674374881934 -0.046199548078097 0.052806863905325 0.088328354703893 -0.500934992189006 0.244307692307694 0.776350414350979 -4.402901990525621 -1.647337278107008
-0.567213324348055 -0.048814295588806 0.053987218934911 0.092210106775648 -0.522949502141634 0.236071005917159 0.793043402560478 -4.497572631145808 -1.760946745561764
-0.566732447729113 -0.051541482415292 0.055123550295858 0.096175323788450 -0.545437365297363 0.227266272189350 0.809736390792182 -4.592243271759333 -1.874556213018186
-0.566231327700401 -0.054383475323573 0.056213017751479 0.100224005742411 -0.568398581656160 0.217893491124259 0.826429379006122 -4.686913912377300 -1.988165680472664
-0.565709546937214 -0.057342641079663 0.057252781065089 0.104356152637441 -0.591833151218046 0.207952662721896 0.843122367237825 -4.781584552999707 -2.101775147929641
-0.565166688114846 -0.060421346449579 0.058240000000000 0.108571764473631 -0.615741073983045 0.197443786982247 0.859815355451765 -4.876255193611012 -2.215384615384119
-0.564602333908591 -0.063621958199334 0.059171834319527 0.112870841250889 -0.640122349951100 0.186366863905327 0.876508343674587 -4.970925834228979 -2.328994082840541
-0.564016066993745 -0.066946843094945 0.060045443786982 0.117253382969262 -0.664976979122245 0.174721893491124 0.893201331897409 -5.065596474849166 -2.442603550296130
-0.563407470045601 -0.070398367902428 0.060857988165680 0.121719389628749 -0.690304961496491 0.162508875739643 0.909894320120230 -5.160267115464912 -2.556213017750886
-0.562776125739454 -0.073978899387797 0.061606627218935 0.126268861229351 -0.716106297073815 0.149727810650889 0.926587308338611 -5.254937756082878 -2.669822485207585
-0.562121616750599 -0.077690804317068 0.062288520710059 0.130901797771044 -0.742380985854230 0.136378698224851 0.943280296561433 -5.349608396698624 -2.783431952662896
-0.561443525754330 -0.081536449456257 0.062900828402367 0.135618199253851 -0.769129027837723 0.122461538461537 0.959973284788695 -5.444279037316591 -2.897041420117652
-0.560741435425941 -0.085518201571378 0.063440710059172 0.140418065677794 -0.796350423024306 0.107976331360948 0.976666273002635 -5.538949677934557 -3.010650887574351
-0.560014928440727 -0.089638427428448 0.063905325443787 0.145301397042807 -0.824045171413978 0.092923076923077 0.993359261229898 -5.633620318552524 -3.124260355029107
-0.559263587473982 -0.093899493793482 0.064291834319527 0.150268193348957 -0.852213273006741 0.077301775147931 1.010052249452720 -5.728290959168270 -3.237869822485528
-0.558486995201001 -0.098303767432495 0.064597396449704 0.155318454596221 -0.880854727802582 0.061112426035503 1.026745237666660 -5.822961599784016 -3.351479289940840
-0.557684734297078 -0.102853615111502 0.064819171597633 0.160452180784554 -0.909969535801503 0.044355029585799 1.043438225893922 -5.917632240406423 -3.465088757396706
-0.556856387437508 -0.107551403596520 0.064954319526627 0.165669371914023 -0.939557697003535 0.027029585798816 1.060131214116744 -6.012302881011067 -3.578698224852017
-0.556001537297585 -0.112399499653563 0.065000000000000 0.170970027984607 -0.969619211408590 0.009136094674556 -0.015863230271584 0.089964849439017 -1.827218934911112
-0.555147083738419 -0.117245346589370 0.065000000000000 0.170890711833249 -0.969169387161395 0.000000000000000 -1.080815753908837 6.129610735490232 0.000000000000000
-0.554319650573100 -0.121937953256789 0.065000000000000 0.165486633063705 -0.938521333483944 0.000000000000000 -1.047559884557181 5.941007328245096 0.000000000000000
-0.553518406404896 -0.126482034741003 0.065000000000000 0.160248833640919 -0.908816296842718 0.000000000000000 -1.014304015205525 5.752403921002180 0.000000000000000
-0.552742519837071 -0.130882306127192 0.065000000000000 0.155177313564892 -0.880054277237707 0.000000000000000 -0.981048145853869 5.563800513757045 0.000000000000000
-0.551991159472893 -0.135143482500536 0.065000000000000 0.150272072835622 -0.852235274668922 0.000000000000000 -0.947792276502213 5.375197106503027 0.000000000000000
-0.551263493915628 -0.139270278946218 0.065000000000000 0.145533111453111 -0.825359289136407 0.000000000000000 -0.914536407154998 5.186593699266773 0.000000000000000
-0.550558691768541 -0.143267410549419 0.065000000000000 0.140960429417336 -0.799426320640073 0.000000000000000 -0.881280537798901 4.997990292012755 0.000000000000000
-0.549875921634899 -0.147139592395319 0.065000000000000 0.136554026728342 -0.774436369180009 0.000000000000000 -0.848024668451686 4.809386884778721 0.000000000000000
-0.549214352117969 -0.150891539569099 0.065000000000000 0.132313903386083 -0.750389434756116 0.000000000000000 -0.814768799100030 4.620783477520263 0.000000000000000
-0.548573151821016 -0.154527967155942 0.065000000000000 0.128240059390583 -0.727285517368514 0.000000000000000 -0.781512929748374 4.432180070279568 0.000000000000000
-0.547951489347307 -0.158053590241027 0.065000000000000 0.124332494741841 -0.705124617017117 0.000000000000000 -0.748257060396718 4.243576663032211 0.000000000000000
-0.547348533300107 -0.161473123909537 0.065000000000000 0.120591209439858 -0.683906733701956 0.000000000000000 -0.715001191049502 4.054973255787075 0.000000000000000
-0.546763452282684 -0.164791283246652 0.065000000000000 0.117016203484610 -0.663631867423020 0.000000000000000 -0.681745321693406 3.866369848539719 0.000000000000000
-0.546195414898304 -0.168012783337554 0.065000000000000 0.113607476876143 -0.644300018180322 0.000000000000000 -0.648489452341749 3.677766441299024 0.000000000000000
-0.545643589750231 -0.171142339267423 0.065000000000000 0.110365029614434 -0.625911185973826 0.000000000000000 -0.615233582998975 3.489163034045006 0.000000000000000
-0.545107145441734 -0.174184666121441 0.065000000000000 0.107288861699439 -0.608465370803601 0.000000000000000 -0.581977713638437 3.300559626806532 0.000000000000000
-0.544585250576078 -0.177144478984789 0.065000000000000 0.104378973131247 -0.591962572669569 0.000000000000000 -0.548721844291222 3.111956219555845 0.000000000000000
-0.544077073756529 -0.180026492942648 0.065000000000000 0.101635363909791 -0.576402791571790 0.000000000000000 -0.515465974944007 2.923352812311819 0.000000000000000
-0.543581783586354 -0.182835423080199 0.065000000000000 0.099058034035071 -0.561786027510230 0.000000000000000 -0.482210105587910 2.734749405070014 0.000000000000000
-0.543098548668818 -0.185575984482623 0.065000000000000 0.096646983507132 -0.548112280484880 0.000000000000000 -0.448954236236254 2.546145997815996 0.000000000000000
-0.542626537607188 -0.188252892235102 0.065000000000000 0.094402212325950 -0.535381550495800 0.000000000000000 -0.415698366893480 2.357542590575301 0.000000000000000
-0.542164919004731 -0.190870861422817 0.065000000000000 0.092323720491483 -0.523593837542924 0.000000000000000 -0.382442497528501 2.168939183326835 0.000000000000000
-0.541712861464712 -0.193434607130948 0.065000000000000 0.090411508003840 -0.512749141626290 0.000000000000000 -0.349186628190168 1.980335776082809 0.000000000000000
-0.541269533590397 -0.195948844444678 0.065000000000000 0.088665574862890 -0.502847462745876 0.000000000000000 -0.315930758834071 1.791732368836563 0.000000000000000
-0.540834103985054 -0.198418288449186 0.065000000000000 0.087085921068719 -0.493888800901693 0.000000000000000 -0.282674889482415 1.603128961590317 0.000000000000000
-0.540405741251947 -0.200847654229655 0.065000000000000 0.085672546621307 -0.485873156093741 0.000000000000000 -0.249419020135200 1.414525554342960 0.000000000000000
-0.539983613994344 -0.203241656871265 0.065000000000000 0.084425451520631 -0.478800528322026 0.000000000000000 -0.216163150779103 1.225922147098935 0.000000000000000
-0.539566890815510 -0.205605011459198 0.065000000000000 0.083344635766736 -0.472670917586532 0.000000000000000 -0.182907281431888 1.037318739853799 0.000000000000000
-0.539154740318712 -0.207942433078634 0.065000000000000 0.082430099359576 -0.467484323887263 0.000000000000000 -0.149651412080232 0.848715332606442 0.000000000000000
-0.538746331107216 -0.210258636814755 0.065000000000000 0.081681842299175 -0.463240747224231 0.000000000000000 -0.116395542724135 0.660111925359086 0.000000000000000
-0.538340831784289 -0.212558337752742 0.065000000000000 0.081099864585554 -0.459940187597435 0.000000000000000 -0.083139673381361 0.471508518116170 0.000000000000000
-0.537937410953195 -0.214846250977777 0.065000000000000 0.080684166218647 -0.457582645006854 0.000000000000000 -0.049883804025264 0.282905110867704 0.000000000000000
-0.537535237217203 -0.217127091575039 0.065000000000000 0.080434747198521 -0.456168119452516 0.000000000000000 -0.016627934678048 0.094301703624788 0.000000000000000
-0.537133479179577 -0.219405574629711 0.065000000000000 0.080351607525131 -0.455696610934392 0.000000000000000 0.016627934678048 -0.094301703624788 0.000000000000000
-0.536731305443585 -0.221686415226974 0.065000000000000 0.080434747198521 -0.456168119452516 0.000000000000000 0.049883804029704 -0.282905110867704 0.000000000000000
-0.536327884612491 -0.223974328452008 0.065000000000000 0.080684166218670 -0.457582645006854 0.000000000000000 0.083139673372479 -0.471508518116170 0.000000000000000
-0.535922385289564 -0.226274029389995 0.065000000000000 0.081099864585532 -0.459940187597435 0.000000000000000 0.116395542728576 -0.660111925359086 0.000000000000000
-0.535513976078068 -0.228590233126116 0.065000000000000 0.081681842299175 -0.463240747224231 0.000000000000000 0.149651412080232 -0.848715332606442 0.000000000000000
-0.535101825581270 -0.230927654745553 0.065000000000000 0.082430099359576 -0.467484323887263 0.000000000000000 0.182907281431888 -1.037318739852688 0.000000000000000
-0.534685102402436 -0.233291009333485 0.065000000000000 0.083344635766736 -0.472670917586526 0.000000000000000 0.216163150783544 -1.225922147101155 0.000000000000000
-0.534262975144833 -0.235685011975096 0.065000000000000 0.084425451520653 -0.478800528322032 0.000000000000000 0.249419020126318 -1.414525554341850 0.000000000000000
-0.533834612411726 -0.238114377755564 0.065000000000000 0.085672546621285 -0.485873156093741 0.000000000000000 0.282674889486856 -1.603128961591427 0.000000000000000
-0.533399182806383 -0.240583821760073 0.065000000000000 0.087085921068719 -0.493888800901698 0.000000000000000 0.315930758838512 -1.791732368835453 0.000000000000000
-0.532955854932068 -0.243098059073802 0.065000000000000 0.088665574862912 -0.502847462745876 0.000000000000000 0.349186628181286 -1.980335776081699 0.000000000000000
-0.532503797392049 -0.245661804781934 0.065000000000000 0.090411508003818 -0.512749141626284 0.000000000000000 0.382442497537383 -2.168939183330165 0.000000000000000
-0.532042178789592 -0.248279773969648 0.065000000000000 0.092323720491505 -0.523593837542935 0.000000000000000 0.415698366884598 -2.357542590571970 0.000000000000000
-0.531570167727962 -0.250956681722127 0.065000000000000 0.094402212325928 -0.535381550495795 0.000000000000000 0.448954236240695 -2.546145997821547 0.000000000000000
-0.531086932810426 -0.253697243124552 0.065000000000000 0.096646983507132 -0.548112280484903 0.000000000000000 0.482210105592351 -2.734749405062242 0.000000000000000
-0.530591642640251 -0.256506173262103 0.065000000000000 0.099058034035093 -0.561786027510214 0.000000000000000 0.515465974935125 -2.923352812311819 0.000000000000000
-0.530083465820702 -0.259388187219962 0.065000000000000 0.101635363909769 -0.576402791571773 0.000000000000000 0.548721844295663 -3.111956219559175 0.000000000000000
-0.529561570955046 -0.262348000083309 0.065000000000000 0.104378973131247 -0.591962572669569 0.000000000000000 0.581977713642878 -3.300559626806532 0.000000000000000
-0.529025126646549 -0.265390326937327 0.065000000000000 0.107288861699462 -0.608465370803601 0.000000000000000 0.615233582990093 -3.489163034042786 0.000000000000000
-0.528473301498476 -0.268519882867197 0.065000000000000 0.110365029614412 -0.625911185973815 0.000000000000000 0.648489452346190 -3.677766441301245 0.000000000000000
-0.527905264114096 -0.271741382958098 0.065000000000000 0.113607476876143 -0.644300018180322 0.000000000000000 0.681745321697846 -3.866369848539719 0.000000000000000
-0.527320183096673 -0.275059542295213 0.065000000000000 0.117016203484632 -0.663631867423020 0.000000000000000 0.715001191040621 -4.054973255787075 0.000000000000000
-0.526717227049473 -0.278479075963723 0.065000000000000 0.120591209439835 -0.683906733701956 0.000000000000000 0.748257060401158 -4.243576663034432 0.000000000000000
-0.526095564575764 -0.282004699048809 0.065000000000000 0.124332494741841 -0.705124617017128 0.000000000000000 0.781512929752815 -4.432180070277347 0.000000000000000
-0.525454364278811 -0.285641126635651 0.065000000000000 0.128240059390605 -0.727285517368514 0.000000000000000 0.814768799091148 -4.620783477524704 0.000000000000000
-0.524792794761881 -0.289393073809432 0.065000000000000 0.132313903386061 -0.750389434756138 0.000000000000000 0.848024668456127 -4.809386884769840 0.000000000000000
-0.524110024628239 -0.293265255655332 0.065000000000000 0.136554026728342 -0.774436369179987 0.000000000000000 0.881280537798901 -4.997990292017196 0.000000000000000
-0.523405222481153 -0.297262387258532 0.065000000000000 0.140960429417336 -0.799426320640073 0.000000000000000 0.914536407154998 -5.186593699262332 0.000000000000000
-0.522677556923887 -0.301389183704214 0.065000000000000 0.145533111453111 -0.825359289136385 0.000000000000000 0.947792276502213 -5.375197106514129 0.000000000000000
-0.521926196559709 -0.305650360077559 0.065000000000000 0.150272072835622 -0.852235274668955 0.000000000000000 0.981048145853869 -5.563800513748163 0.000000000000000
-0.521150309991884 -0.310050631463747 0.065000000000000 0.155177313564892 -0.880054277237696 0.000000000000000 1.014304015205525 -5.752403921002180 0.000000000000000
-0.520349065823680 -0.314594712947961 0.065000000000000 0.160248833640919 -0.908816296842707 0.000000000000000 1.047559884557181 -5.941007328249537 0.000000000000000
-0.519521632658361 -0.319287319615381 0.065000000000000 0.165486633063705 -0.938521333483955 0.000000000000000 1.080815753908837 -6.129610735485791 0.000000000000000
-0.518667179099195 -0.324133166551188 0.065000000000000 0.170890711833249 -0.969169387161384 0.000000000000000 0.015863230271584 -0.089964849447899 -1.827218934910557
-0.517812328959272 -0.328981262608231 0.064954319526627 0.170970027984607 -0.969619211408623 -0.009136094674553 -1.060131214116744 6.012302881019949 -3.578698224853127
-0.516983982099702 -0.333679051093248 0.064819171597633 0.165669371914023 -0.939557697003524 -0.027029585798818 -1.043438225889481 5.917632240399762 -3.465088757395596
-0.516181721195779 -0.338228898772256 0.064597396449704 0.160452180784576 -0.909969535801525 -0.044355029585796 -1.026745237675541 5.822961599792897 -3.351479289941395
-0.515405128922798 -0.342633172411269 0.064291834319527 0.155318454596198 -0.880854727802560 -0.061112426035503 -1.010052249448279 5.728290959163829 -3.237869822484973
-0.514653787956053 -0.346894238776302 0.063905325443787 0.150268193348957 -0.852213273006741 -0.077301775147928 -0.993359261229898 5.633620318552524 -3.124260355030217
-0.513927280970839 -0.351014464633372 0.063440710059172 0.145301397042807 -0.824045171413978 -0.092923076923079 -0.976666273002635 5.538949677930116 -3.010650887573241
-0.513225190642450 -0.354996216748494 0.062900828402367 0.140418065677794 -0.796350423024328 -0.107976331360946 -0.959973284784255 5.444279037325472 -2.897041420119040
-0.512547099646181 -0.358841861887683 0.062288520710059 0.135618199253873 -0.769129027837701 -0.122461538461541 -0.943280296565874 5.349608396691963 -2.783431952662618
-0.511892590657326 -0.362553766816954 0.061606627218935 0.130901797771044 -0.742380985854241 -0.136378698224854 -0.926587308338611 5.254937756085098 -2.669822485205642
-0.511261246351179 -0.366134298302323 0.060857988165680 0.126268861229351 -0.716106297073815 -0.149727810650882 -0.909894320120230 5.160267115464912 -2.556213017753661
-0.510652649403035 -0.369585823109805 0.060045443786982 0.121719389628749 -0.690304961496491 -0.162508875739650 -0.893201331897409 5.065596474849166 -2.442603550294464
-0.510066382488189 -0.372910708005416 0.059171834319527 0.117253382969262 -0.664976979122245 -0.174721893491123 -0.876508343679028 4.970925834228979 -2.328994082840263
-0.509502028281934 -0.376111319755172 0.058240000000000 0.112870841250867 -0.640122349951100 -0.186366863905324 -0.859815355447324 4.876255193613233 -2.215384615384952
-0.508959169459566 -0.379190025125087 0.057252781065089 0.108571764473631 -0.615741073983034 -0.197443786982249 -0.843122367237825 4.781584552995266 -2.101775147929086
-0.508437388696379 -0.382149190881177 0.056213017751479 0.104356152637441 -0.591833151218057 -0.207952662721894 -0.826429379006122 4.686913912381740 -1.988165680473220
-0.507936268667667 -0.384991183789458 0.055123550295858 0.100224005742411 -0.568398581656149 -0.217893491124260 -0.809736390787741 4.592243271754892 -1.874556213017631
-0.507455392048725 -0.387718370615945 0.053987218934911 0.096175323788472 -0.545437365297374 -0.227266272189348 -0.793043402569360 4.497572631150248 -1.760946745562597
-0.506994341514847 -0.390333118126653 0.052806863905325 0.092210106775625 -0.522949502141623 -0.236071005917161 -0.776350414346538 4.402901990523400 -1.647337278106176
-0.506552699741327 -0.392837793087598 0.051585325443787 0.088328354703893 -0.500934992189006 -0.244307692307692 -0.759657426119276 4.308231349909875 -1.533727810650587
-0.506130049403461 -0.395234762264795 0.050325443786982 0.084530067573296 -0.479393835439457 -0.251976331360945 -0.742964437900895 4.213560709291908 -1.420118343195831
-0.505725973176542 -0.397526392424260 0.049030059171598 0.080815245383792 -0.458326031892997 -0.259076923076924 -0.726271449682514 4.118890068676162 -1.306508875739409
-0.505340053735865 -0.399715050332009 0.047702011834320 0.077183888135379 -0.437731581549616 -0.265609467455621 -0.709578461455251 4.024219428055975 -1.192899408283821
-0.504971873756724 -0.401803102754055 0.046344142011834 0.073635995828103 -0.417610484409336 -0.271573964497041 -0.692885473236871 3.929548787440229 -1.079289940828787
-0.504621015914415 -0.403792916456416 0.044959289940828 0.070171568461919 -0.397962740472135 -0.276970414201184 -0.676192485014049 3.834878146824483 -0.965680473372643
-0.504287062884230 -0.405686858205106 0.043550295857988 0.066790606036848 -0.378788349738013 -0.281798816568048 -0.659499496795668 3.740207506204296 -0.852071005916777
-0.503969597341466 -0.407487294766141 0.042120000000000 0.063493108552870 -0.360087312206991 -0.286059171597632 -0.642806508563964 3.645536865588550 -0.738461538462021
-0.503668201961416 -0.409196592905536 0.040671242603550 0.060279076010050 -0.341859627879049 -0.289751479289942 -0.626113520354465 3.550866224972804 -0.624852071005599
-0.503382459419374 -0.410817119389307 0.039206863905325 0.057148508408278 -0.324105296754185 -0.292875739644970 -0.609420532127203 3.456195584350397 -0.511242603550843
-0.503111952390636 -0.412351240983469 0.037729704142012 0.054101405747642 -0.306824318832433 -0.295431952662724 -0.592727543899940 3.361524943739091 -0.397633136094144
-0.502856263550496 -0.413801324454038 0.036242603550296 0.051137768028142 -0.290016694113737 -0.297420118343195 -0.576034555686000 3.266854303118905 -0.284023668639111
-0.502614975574247 -0.415169736567029 0.034748402366864 0.048257595249712 -0.273682422598143 -0.298840236686390 -0.559341567463179 3.172183662500938 -0.170414201183522
-0.502387671137185 -0.416458844088457 0.033249940828402 0.045460887412396 -0.257821504285638 -0.299692307692308 -0.542648579240357 3.077513021887412 -0.056804733727933
-0.502173932914604 -0.417671013784338 0.031750059171598 0.042747644516195 -0.242433939176201 -0.299976331360947 -0.525955591017535 2.982842381267226 0.056804733728077
-0.501973343581798 -0.418808612420687 0.030251597633136 0.040117866561107 -0.227519727269865 -0.299692307692307 -0.509262602794713 2.888171740644818 0.170414201183244
-0.501785485814063 -0.419874006763520 0.028757396449704 0.037571553547133 -0.213078868566641 -0.298840236686391 -0.492569614576333 2.793501100037954 0.284023668639111
-0.501609942286692 -0.420869563578853 0.027270295857988 0.035108705474252 -0.199111363066451 -0.297420118343195 -0.475876626349070 2.698830459411106 0.397633136094422
-0.501446295674979 -0.421797649632700 0.025793136094675 0.032729322342506 -0.185617210769395 -0.295431952662723 -0.459183638135130 2.604159818802021 0.511242603550699
-0.501294128654220 -0.422660631691077 0.024328757396450 0.030433404151831 -0.172596411675385 -0.292875739644970 -0.442490649907867 2.509489178179614 0.624852071005877
-0.501153023899708 -0.423460876519999 0.022880000000000 0.028220950902291 -0.160048965784487 -0.289751479289940 -0.425797661689487 2.414818537566088 0.738461538461332
-0.501022564086739 -0.424200750885482 0.021449704142012 0.026091962593844 -0.147974873096657 -0.286059171597634 -0.409104673462224 2.320147896943681 0.852071005917332
-0.500902331890607 -0.424882621553542 0.020040710059172 0.024046439226533 -0.136374133611938 -0.281798816568047 -0.392411685243843 2.225477256330155 0.965680473372643
-0.500791909986605 -0.425508855290193 0.018655857988166 0.022084380800313 -0.125246747330288 -0.276970414201184 -0.375718697025462 2.130806615712189 1.079289940828509
-0.500690881050029 -0.426081818861452 0.017297988165680 0.020205787315186 -0.114592714251727 -0.271573964497041 -0.359025708798200 2.036135975092002 1.192899408283954
-0.500598827756173 -0.426603879033333 0.015969940828402 0.018410658771195 -0.104412034376267 -0.265609467455621 -0.342332720579819 1.941465334480696 1.306508875739620
-0.500515332780332 -0.427077402571853 0.014674556213018 0.016698995168296 -0.094704707703863 -0.259076923076923 -0.325639732352556 1.846794693856069 1.420118343195342
-0.500439978797799 -0.427504756243026 0.013414674556213 0.015070796506533 -0.085470734234583 -0.251976331360947 -0.308946744138616 1.752124053244764 1.533727810650798
-0.500372348483870 -0.427888306812867 0.012193136094675 0.013526062785840 -0.076710113968359 -0.244307692307693 -0.292253755915794 1.657453412624577 1.647337278106659
-0.500312024513838 -0.428230421047394 0.011012781065089 0.012064794006261 -0.068422846905236 -0.236071005917159 -0.275560767688532 1.562782772008831 1.760946745561975
-0.500258589562999 -0.428533465712620 0.009876449704142 0.010686990167819 -0.060608933045192 -0.227266272189349 -0.258867779465710 1.468112131390864 1.874556213017836
-0.500211626306647 -0.428799807574561 0.008786982248521 0.009392651270490 -0.053268372388238 -0.217893491124260 -0.242174791251770 1.373441490772898 1.988165680473292
-0.500170717420076 -0.429031813399233 0.007747218934911 0.008181777314231 -0.046401164934373 -0.207952662721894 -0.225481803028948 1.278770850159372 2.101775147929086
-0.500135445578580 -0.429231849952650 0.006760000000000 0.007054368299086 -0.040007310683576 -0.197443786982248 -0.208788814797245 1.184100209536965 2.215384615384602
-0.500105393457455 -0.429402284000830 0.005828165680473 0.006010424225100 -0.034086809635892 -0.186366863905325 -0.192095826587746 1.089429568918998 2.328994082840197
-0.500080143731994 -0.429545482309786 0.004954556213018 0.005049945092162 -0.028639661791297 -0.174721893491124 -0.175402838360483 0.994758928307693 2.442603550295885
-0.500059279077492 -0.429663811645535 0.004142011834320 0.004172930900359 -0.023665867149758 -0.162508875739645 -0.158709850137662 0.900088287685286 2.556213017751474
-0.500042382169244 -0.429759638774092 0.003393372781065 0.003379381649671 -0.019165425711332 -0.149727810650888 -0.142016861914840 0.805417647069540 2.669822485207118
-0.500029035682543 -0.429835330461472 0.002711479289941 0.002669297340097 -0.015138337475984 -0.136378698224852 -0.125323873700900 0.710747006453794 2.783431952662685
-0.500018822292685 -0.429893253473690 0.002099171597633 0.002042677971592 -0.011584602443715 -0.122461538461539 -0.108630885469196 0.616076365833607 2.897041420118374
-0.500011324674964 -0.429935774576763 0.001559289940828 0.001499523544246 -0.008504220614547 -0.107976331360947 -0.091937897250816 0.521405725217861 3.010650887573951
-0.500006125504674 -0.429965260536705 0.001094674556213 0.001039834057992 -0.005897191988458 -0.092923076923077 -0.075244909032435 0.426735084604335 3.124260355029587
-0.500002807457110 -0.429984078119533 0.000708165680473 0.000663609512830 -0.003763516565436 -0.077301775147929 -0.058551920809613 0.332064443979707 3.237869822485209
-0.500000953207566 -0.429994594091260 0.000402603550296 0.000370849908782 -0.002103194345537 -0.061112426035503 -0.041858932582350 0.237393803368402 3.351479289940829
-0.500000145431337 -0.429999175217904 0.000180828402367 0.000161555245870 -0.000916225328695 -0.044355029585799 -0.025165944368410 0.142723162748215 3.465088757396448
