-0.500005649333186 -0.429967961039408 0.000160222356331 -0.001129866637228 0.006407792118346 0.032044471266224 -0.459031383646114 2.603296340697447 12.464194340793373
-0.500022774450963 -0.429870839670299 0.000632049571182 -0.003425023555459 0.019424273821833 0.094365442970191 -0.469658476771606 2.663565580740546 11.933803092248979
-0.500051641030660 -0.429707129161671 0.001402221863339 -0.005773315939317 0.032742101725536 0.154034458431436 -0.480285569897099 2.723834820781423 11.403411843704591
-0.500092514749604 -0.429475322782524 0.002457479451589 -0.008174743788802 0.046361275829443 0.211051517649959 -0.490912663022591 2.784104060822301 10.873020595160165
-0.500145661285124 -0.429173913801856 0.003784562554718 -0.010629307103915 0.060281796133554 0.265416620625760 -0.501539756148084 2.844373300867620 10.342629346615794
-0.500211346314547 -0.428801395488667 0.005370211391512 -0.013137005884656 0.074503662637893 0.317129767358839 -0.512166849278017 2.904642540906277 9.812238098071346
-0.500289835515202 -0.428356261111955 0.007201166180758 -0.015697840131046 0.089026875342424 0.366190957849195 -0.522793942399069 2.964911780949375 9.281846849527009
-0.500381394564417 -0.427837003940719 0.009264167141242 -0.018311809843041 0.103851434247171 0.412600192096830 -0.533421035529003 3.025181020994694 8.751455600982560
-0.500486289139521 -0.427242117243958 0.011545954491751 -0.020978915020686 0.118977339352144 0.456357470101743 -0.544048128654495 3.085450261031131 8.221064352438233
-0.500604784917841 -0.426570094290672 0.014033268451071 -0.023699155663959 0.134404590657300 0.497462791863934 -0.554675221779988 3.145719501074229 7.690673103893730
-0.500737147576705 -0.425819428349858 0.016712849237988 -0.026472531772859 0.150133188162671 0.535916157383403 -0.565302314909921 3.205988741117327 7.160281855349404
-0.500883642793442 -0.424988612690517 0.019571437071288 -0.029299043347408 0.166163131868258 0.571717566660150 -0.575929408026532 3.266257981158205 6.629890606804922
-0.501044536245380 -0.424076140581647 0.022595772169759 -0.032178690387541 0.182494421774049 0.604867019694175 -0.586556501160906 3.326527221203524 6.099499358260685
-0.501220093609846 -0.423080505292247 0.025772594752187 -0.035111472893345 0.199127057880066 0.635364516485478 -0.597183594286399 3.386796461239960 5.569108109716159
-0.501410580564170 -0.422000200091315 0.029088645037357 -0.038097390864777 0.216061040186266 0.663210057034059 -0.607810687411892 3.447065701283059 5.038716861171810
-0.501616262785679 -0.420833718247852 0.032530663244056 -0.041136444301837 0.233296368692681 0.688403641339918 -0.618437780537384 3.507334941332818 4.508325612627284
-0.501837405951702 -0.419579553030855 0.036085389591072 -0.044228633204524 0.250833043399346 0.710945269403054 -0.629064873662877 3.567604181362594 3.977934364083335
-0.502074275739566 -0.418236197709324 0.039739564297189 -0.047373957572838 0.268671064306159 0.730834941223471 -0.639691966788369 3.627873421414574 3.447543115538121
-0.502327137826600 -0.416802145552258 0.043479927581195 -0.050572417406780 0.286810431413231 0.748072656801162 -0.650319059918303 3.688142661446570 2.917151866994594
-0.502596257890132 -0.415275889828656 0.047293219661876 -0.053824012706372 0.305251144720464 0.762658416136135 -0.660946153039355 3.748411901496329 2.386760618449402
-0.502881901607490 -0.413655923807516 0.051166180758017 -0.057128743471568 0.323993204227946 0.774592219228382 -0.671573246169288 3.808681141537207 1.856369369905297
-0.503184334656002 -0.411940740757838 0.055085551088407 -0.060486609702415 0.343036609935632 0.783874066077908 -0.682200339294781 3.868950381578085 1.325978121361748
-0.503503822712996 -0.410128833948620 0.059038070871831 -0.063897611398889 0.362381361843522 0.790503956684717 -0.692827432420273 3.929219621618962 0.795586872816001
-0.503840631455801 -0.408218696648862 0.063010480327075 -0.067361748560990 0.382027459951617 0.794481891048797 -0.703454525550207 3.989488861662061 0.265195624272474
-0.504195026561745 -0.406208822127563 0.066989519672925 -0.070879021188741 0.401974904259927 0.795807869170159 -0.714081618666818 4.049758101700718 -0.265195624272740
-0.504567273708155 -0.404097703653720 0.070961929128169 -0.074449429282075 0.422223694768431 0.794481891048796 -0.724708711805633 4.110027341748257 -0.795586872815446
-0.504957638572361 -0.401883834496335 0.074914448911593 -0.078072972841103 0.442773831477172 0.790503956684718 -0.735335804922244 4.170296581784694 -1.325978121362037
-0.505366386831689 -0.399565707924404 0.078833819241983 -0.081749651865715 0.463625314386096 0.783874066077908 -0.745962898047736 4.230565821830012 -1.856369369904742
-0.505793784163469 -0.397141817206928 0.082706780338124 -0.085479466355953 0.484778143495246 0.774592219228384 -0.756589991182111 4.290835061873111 -2.386760618450778
-0.506240096245029 -0.394610655612905 0.086520072418805 -0.089262416311864 0.506232318804611 0.762658416136131 -0.767217084303162 4.351104301911768 -2.917151866992929
-0.506705588753695 -0.391970716411334 0.090260435702811 -0.093098501733380 0.527987840314170 0.748072656801166 -0.777844177433096 4.411373541954866 -3.447543115539520
-0.507190527366798 -0.389220492871214 0.093914610408928 -0.096987722620545 0.550044708023945 0.730834941223468 -0.788471270549707 4.471642781995744 -3.977934364082225
-0.507695177761665 -0.386358478261545 0.097469336755944 -0.100930078973294 0.572402921933923 0.710945269403057 -0.799098363688522 4.531912022036622 -4.508325612628816
-0.508219805615623 -0.383383165851324 0.100911354962643 -0.104925570791736 0.595062482044106 0.688403641339913 -0.809725456805133 4.592181262086381 -5.038716861170411
-0.508764676606002 -0.380293048909551 0.104227405247813 -0.108974198075762 0.618023388354538 0.663210057034061 -0.820352549935066 4.652450502116157 -5.569108109716447
-0.509330056410129 -0.377086620705226 0.107404227830241 -0.113075960825437 0.641285640865119 0.635364516485479 -0.830979643065000 4.712719742165916 -6.099499358260818
-0.509916210705333 -0.373762374507346 0.110428562928712 -0.117230859040762 0.664849239575949 0.604867019694175 -0.841606736181610 4.772988982206794 -6.629890606805189
-0.510523405168941 -0.370318803584911 0.113287150762012 -0.121438892721670 0.688714184486983 0.571717566660149 -0.852233829315985 4.833258222247672 -7.160281855348449
-0.511151905478283 -0.366754401206920 0.115966731548929 -0.125700061868250 0.712880475598221 0.535916157383406 -0.862860922441477 4.893527462288549 -7.690673103894485
-0.511801977310685 -0.363067660642372 0.118454045508249 -0.130014366480458 0.737348112909664 0.497462791863934 -0.873488015562529 4.953796702336088 -8.221064352439411
-0.512473886343476 -0.359257075160265 0.120735832858758 -0.134381806558270 0.762117096421344 0.456357470101737 -0.884115108692463 5.014065942368084 -8.751455600980451
-0.513167898253985 -0.355321138029599 0.122798833819242 -0.138802382101733 0.787187426133185 0.412600192096835 -0.894742201817955 5.074335182420064 -9.281846849527042
-0.513884278719539 -0.351258342519373 0.124629788608488 -0.143276093110822 0.812559102045285 0.366190957849200 -0.905369294943448 5.134604422454281 -9.812238098074744
-0.514623293417467 -0.347067181898585 0.126215437445282 -0.147802939585540 0.838232124157556 0.317129767358826 -0.915996388073381 5.194873662501820 -10.342629346611343
-0.515385208025096 -0.342746149436235 0.127542520548411 -0.152382921525906 0.864206492470065 0.265416620625769 -0.926623481194433 5.255142902540477 -10.873020595162375
-0.516170288219756 -0.338293738401321 0.128597778136661 -0.157016038931879 0.890482206982768 0.211051517649957 -0.937250574324366 5.315412142581355 -11.403411843703415
-0.516978799678773 -0.333708442062842 0.129367950428818 -0.161702291803500 0.917059267695675 0.154034458431440 -0.947877667445418 5.375681382626674 -11.933803092251116
-0.517811008079477 -0.328988753689798 0.129839777643669 -0.166441680140728 0.943937674608808 0.094365442970185 -0.958504760579793 5.435950622665331 -12.464194340791046
-0.518667179099195 -0.324133166551188 0.130000000000000 -0.171234203943627 0.971117427722135 0.032044471266229 -0.225973327445672 1.281558423669171 -6.408894253245867
-0.519528999452099 -0.319245540451985 0.130000000000000 -0.172364070580855 0.977525219840480 0.000000000000000 0.499473376933679 -2.832654281970104 0.000000000000000
-0.520378332970580 -0.314428730709832 0.130000000000000 -0.169866703696187 0.963361948430630 0.000000000000000 0.478219190673812 -2.712115801881687 0.000000000000000
-0.521215711009294 -0.309679723862726 0.130000000000000 -0.167475607742817 0.949801369421222 0.000000000000000 0.456965004427268 -2.591577321802152 0.000000000000000
-0.522041664922898 -0.304995506448665 0.130000000000000 -0.165190782720681 0.936843482812211 0.000000000000000 0.435710818176283 -2.471038841718176 0.000000000000000
-0.522856726066047 -0.300373065005647 0.130000000000000 -0.163012228629800 0.924488288603620 0.000000000000000 0.414456631916416 -2.350500361636421 0.000000000000000
-0.523661425793398 -0.295809386071670 0.130000000000000 -0.160939945470218 0.912735786795438 0.000000000000000 0.393202445669871 -2.229961881543563 0.000000000000000
-0.524456295459607 -0.291301456184731 0.130000000000000 -0.158973933241868 0.901585977387720 0.000000000000000 0.371948259418886 -2.109423401472910 0.000000000000000
-0.525241866419331 -0.286846261882829 0.130000000000000 -0.157114191944774 0.891038860380355 0.000000000000000 0.350694073163460 -1.988884921377831 0.000000000000000
-0.526018670027226 -0.282440789703962 0.130000000000000 -0.155360721578957 0.881094435773466 0.000000000000000 0.329439886908034 -1.868346441300517 0.000000000000000
-0.526787237637948 -0.278082026186127 0.130000000000000 -0.153713522144416 0.871752703566964 0.000000000000000 0.308185700661490 -1.747807961212100 0.000000000000000
-0.527548100606153 -0.273766957867323 0.130000000000000 -0.152172593641109 0.863013663760903 0.000000000000000 0.286931514406064 -1.627269481132565 0.000000000000000
-0.528301790286499 -0.269492571285546 0.130000000000000 -0.150737936069079 0.854877316355240 0.000000000000000 0.265677328155078 -1.506731001046369 0.000000000000000
-0.529048838033640 -0.265255852978796 0.130000000000000 -0.149409549428303 0.847343661350008 0.000000000000000 0.244423141904093 -1.386192520964613 0.000000000000000
-0.529789775202234 -0.261053789485070 0.130000000000000 -0.148187433718783 0.840412698745185 0.000000000000000 0.223168955648667 -1.265654040878417 0.000000000000000
-0.530525133146937 -0.256883367342366 0.130000000000000 -0.147071588940539 0.834084428540793 0.000000000000000 0.201914769397682 -1.145115560796661 0.000000000000000
-0.531255443222405 -0.252741573088682 0.130000000000000 -0.146062015093551 0.828358850736810 0.000000000000000 0.180660583142256 -1.024577080711575 0.000000000000000
-0.531981236783294 -0.248625393262016 0.130000000000000 -0.145158712177840 0.823235965333252 0.000000000000000 0.159406396895712 -0.904038600630930 0.000000000000000
-0.532703045184261 -0.244531814400366 0.130000000000000 -0.144361680193361 0.818715772330098 0.000000000000000 0.138152210635845 -0.783500120540292 0.000000000000000
-0.533421399779962 -0.240457823041729 0.130000000000000 -0.143670919140182 0.814798271727396 0.000000000000000 0.116898024393741 -0.662961640462978 0.000000000000000
-0.534136831925053 -0.236400405724103 0.130000000000000 -0.143086429018213 0.811483463525081 0.000000000000000 0.095643838133874 -0.542423160377892 0.000000000000000
-0.534849872974190 -0.232356548985487 0.130000000000000 -0.142608209827544 0.808771347723192 0.000000000000000 0.074389651882889 -0.421884680291695 0.000000000000000
-0.535561054282031 -0.228323239363879 0.130000000000000 -0.142236261568129 0.806661924321733 0.000000000000000 0.053135465627463 -0.301346200209940 0.000000000000000
-0.536270907203231 -0.224297463397275 0.130000000000000 -0.141970584239992 0.805155193320684 0.000000000000000 0.031881279385360 -0.180807720123743 0.000000000000000
-0.536979963092446 -0.220276207623675 0.130000000000000 -0.141811177843065 0.804251154720065 0.000000000000000 0.010627093121052 -0.060269240043098 0.000000000000000
-0.537688753304334 -0.216256458581076 0.130000000000000 -0.141758042377460 0.803949808519849 0.000000000000000 -0.010627093125493 0.060269240040878 0.000000000000000
-0.538397809193549 -0.212235202807475 0.130000000000000 -0.141811177843087 0.804251154720054 0.000000000000000 -0.031881279376478 0.180807720125964 0.000000000000000
-0.539107662114749 -0.208209426840872 0.130000000000000 -0.141970584239970 0.805155193320684 0.000000000000000 -0.053135465631904 0.301346200209940 0.000000000000000
-0.539818843422590 -0.204176117219263 0.130000000000000 -0.142236261568129 0.806661924321733 0.000000000000000 -0.074389651887330 0.421884680292806 0.000000000000000
-0.540531884471727 -0.200132260480647 0.130000000000000 -0.142608209827566 0.808771347723197 0.000000000000000 -0.095643838129433 0.542423160375671 0.000000000000000
-0.541247316616818 -0.196074843163022 0.130000000000000 -0.143086429018213 0.811483463525076 0.000000000000000 -0.116898024389300 0.662961640462978 0.000000000000000
-0.541965671212519 -0.192000851804385 0.130000000000000 -0.143670919140160 0.814798271727390 0.000000000000000 -0.138152210644726 0.783500120544733 0.000000000000000
-0.542687479613486 -0.187907272942734 0.130000000000000 -0.144361680193383 0.818715772330114 0.000000000000000 -0.159406396886830 0.904038600627599 0.000000000000000
-0.543413273174375 -0.183791093116068 0.130000000000000 -0.145158712177818 0.823235965333252 0.000000000000000 -0.180660583151138 1.024577080710465 0.000000000000000
-0.544143583249843 -0.179649298862384 0.130000000000000 -0.146062015093573 0.828358850736804 0.000000000000000 -0.201914769393241 1.145115560799992 0.000000000000000
-0.544878941194546 -0.175478876719680 0.130000000000000 -0.147071588940539 0.834084428540804 0.000000000000000 -0.223168955648667 1.265654040873976 0.000000000000000
-0.545619878363140 -0.171276813225954 0.130000000000000 -0.148187433718783 0.840412698745174 0.000000000000000 -0.244423141904093 1.386192520966834 0.000000000000000
-0.546366926110281 -0.167040094919204 0.130000000000000 -0.149409549428303 0.847343661350008 0.000000000000000 -0.265677328155078 1.506731001046369 0.000000000000000
-0.547120615790627 -0.162765708337428 0.130000000000000 -0.150737936069079 0.854877316355240 0.000000000000000 -0.286931514406064 1.627269481130345 0.000000000000000
-0.547881478758832 -0.158450640018624 0.130000000000000 -0.152172593641109 0.863013663760892 0.000000000000000 -0.308185700657049 1.747807961216541 0.000000000000000
-0.548650046369554 -0.154091876500789 0.130000000000000 -0.153713522144394 0.871752703566975 0.000000000000000 -0.329439886916916 1.868346441298296 0.000000000000000
-0.549426849977449 -0.149686404321921 0.130000000000000 -0.155360721578979 0.881094435773466 0.000000000000000 -0.350694073159019 1.988884921377831 0.000000000000000
-0.550212420937173 -0.145231210020020 0.130000000000000 -0.157114191944774 0.891038860380355 0.000000000000000 -0.371948259418886 2.109423401472910 0.000000000000000
-0.551007290603382 -0.140723280133081 0.130000000000000 -0.158973933241868 0.901585977387720 0.000000000000000 -0.393202445665430 2.229961881543563 0.000000000000000
-0.551811990330733 -0.136159601199104 0.130000000000000 -0.160939945470195 0.912735786795438 0.000000000000000 -0.414456631925297 2.350500361636421 0.000000000000000
-0.552627051473882 -0.131537159756086 0.130000000000000 -0.163012228629822 0.924488288603620 0.000000000000000 -0.435710818171842 2.471038841720397 0.000000000000000
-0.553453005387486 -0.126852942342025 0.130000000000000 -0.165190782720681 0.936843482812222 0.000000000000000 -0.456965004427268 2.591577321797711 0.000000000000000
-0.554290383426200 -0.122103935494918 0.130000000000000 -0.167475607742817 0.949801369421210 0.000000000000000 -0.478219190673812 2.712115801883908 0.000000000000000
-0.555139716944681 -0.117287125752765 0.130000000000000 -0.169866703696187 0.963361948430630 0.000000000000000 -0.499473376933679 2.832654281970104 0.000000000000000
-0.556001537297585 -0.112399499653563 0.130000000000000 -0.172364070580855 0.977525219840480 0.000000000000000 0.225973327450113 -1.281558423666951 -6.408894253244757
-0.556857708317303 -0.107543912514952 0.129839777643669 -0.171234203943604 0.971117427722146 -0.032044471266224 0.958504760570911 -5.435950622667551 -12.464194340793266
-0.557689916718007 -0.102824224141908 0.129367950428818 -0.166441680140750 0.943937674608808 -0.094365442970190 0.947877667449859 -5.375681382626674 -11.933803092248896
-0.558498428177024 -0.098238927803430 0.128597778136661 -0.161702291803500 0.917059267695675 -0.154034458431435 0.937250574324366 -5.315412142583575 -11.403411843705635
-0.559283508371684 -0.093786516768516 0.127542520548411 -0.157016038931879 0.890482206982757 -0.211051517649963 0.926623481198874 -5.255142902538257 -10.873020595159044
-0.560045422979313 -0.089465484306166 0.126215437445282 -0.152382921525884 0.864206492470065 -0.265416620625758 0.915996388064499 -5.194873662499599 -10.342629346615784
-0.560784437677241 -0.085274323685378 0.124629788608488 -0.147802939585562 0.838232124157567 -0.317129767358837 0.905369294947889 -5.134604422458722 -9.812238098071967
-0.561500818142795 -0.081211528175151 0.122798833819242 -0.143276093110822 0.812559102045274 -0.366190957849197 0.894742201817955 -5.074335182415624 -9.281846849527042
-0.562194830053304 -0.077275591044486 0.120735832858758 -0.138802382101733 0.787187426133196 -0.412600192096832 0.884115108692463 -5.014065942374746 -8.751455600982116
-0.562866739086095 -0.073465005562379 0.118454045508249 -0.134381806558270 0.762117096421322 -0.456357470101743 0.873488015562529 -4.953796702329427 -8.221064352438301
-0.563516810918497 -0.069778264997831 0.115966731548929 -0.130014366480458 0.737348112909675 -0.497462791863934 0.862860922445918 -4.893527462290770 -7.690673103893930
-0.564145311227839 -0.066213862619839 0.113287150762012 -0.125700061868228 0.712880475598221 -0.535916157383404 0.852233829307103 -4.833258222247672 -7.160281855349004
-0.564752505691447 -0.062770291697405 0.110428562928712 -0.121438892721693 0.688714184486983 -0.571717566660149 0.841606736190492 -4.772988982206794 -6.629890606805189
-0.565338659986651 -0.059446045499525 0.107404227830241 -0.117230859040740 0.664849239575949 -0.604867019694175 0.830979643056118 -4.712719742163696 -6.099499358260818
-0.565904039790778 -0.056239617295199 0.104227405247813 -0.113075960825459 0.641285640865130 -0.635364516485479 0.820352549939507 -4.652450502122818 -5.569108109715892
-0.566448910781157 -0.053149500353427 0.100911354962643 -0.108974198075762 0.618023388354516 -0.663210057034058 0.809725456809574 -4.592181262077499 -5.038716861172077
-0.566973538635115 -0.050174187943206 0.097469336755944 -0.104925570791714 0.595062482044129 -0.688403641339919 0.799098363679640 -4.531912022043283 -4.508325612627151
-0.567478189029982 -0.047312173333536 0.093914610408928 -0.100930078973316 0.572402921933912 -0.710945269403054 0.788471270558588 -4.471642781993523 -3.977934364082780
-0.567963127643085 -0.044561949793417 0.090260435702811 -0.096987722620523 0.550044708023945 -0.730834941223468 0.777844177428655 -4.411373541952646 -3.447543115539520
-0.568428620151751 -0.041922010591846 0.086520072418805 -0.093098501733380 0.527987840314181 -0.748072656801166 0.767217084303162 -4.351104301916209 -2.917151866993484
-0.568874932233311 -0.039390848997823 0.082706780338124 -0.089262416311864 0.506232318804600 -0.762658416136133 0.756589991177670 -4.290835061873111 -2.386760618449668
-0.569302329565091 -0.036966958280347 0.078833819241983 -0.085479466355975 0.484778143495235 -0.774592219228382 0.745962898052177 -4.230565821825572 -1.856369369905297
-0.569711077824419 -0.034648831708416 0.074914448911593 -0.081749651865715 0.463625314386107 -0.783874066077908 0.735335804926684 -4.170296581786914 -1.325978121361482
-0.570101442688625 -0.032434962551030 0.070961929128169 -0.078072972841081 0.442773831477172 -0.790503956684716 0.724708711796751 -4.110027341746036 -0.795586872816556
-0.570473689835035 -0.030323844077188 0.066989519672925 -0.074449429282097 0.422223694768442 -0.794481891048798 0.714081618671258 -4.049758101702938 -0.265195624272185
-0.570828084940979 -0.028313969555888 0.063010480327075 -0.070879021188741 0.401974904259927 -0.795807869170159 0.703454525550207 -3.989488861662061 0.265195624272474
-0.571164893683784 -0.026403832256130 0.059038070871831 -0.067361748560990 0.382027459951617 -0.794481891048797 0.692827432420273 -3.929219621621183 0.795586872816267
-0.571484381740778 -0.024591925446913 0.055085551088407 -0.063897611398889 0.362381361843511 -0.790503956684716 0.682200339294781 -3.868950381575864 1.325978121361215
-0.571786814789290 -0.022876742397234 0.051166180758018 -0.060486609702415 0.343036609935632 -0.783874066077909 0.671573246169288 -3.808681141537207 1.856369369905297
-0.572072458506648 -0.021256776376095 0.047293219661876 -0.057128743471568 0.323993204227946 -0.774592219228383 0.660946153039355 -3.748411901491888 2.386760618450223
-0.572341578570180 -0.019730520652492 0.043479927581195 -0.053824012706372 0.305251144720486 -0.762658416136132 0.650319059918303 -3.688142661455451 2.917151866993195
-0.572594440657214 -0.018296468495426 0.039739564297189 -0.050572417406780 0.286810431413209 -0.748072656801166 0.639691966788369 -3.627873421407912 3.447543115539520
-0.572831310445078 -0.016953113173895 0.036085389591072 -0.047373957572838 0.268671064306170 -0.730834941223468 0.629064873662877 -3.567604181367034 3.977934364082225
-0.573052453611101 -0.015698947956899 0.032530663244056 -0.044228633204524 0.250833043399334 -0.710945269403057 0.618437780541825 -3.507334941330598 4.508325612628816
-0.573258135832610 -0.014532466113435 0.029088645037357 -0.041136444301815 0.233296368692681 -0.688403641339913 0.607810687407451 -3.447065701278618 5.038716861170411
-0.573448622786934 -0.013452160912504 0.025772594752187 -0.038097390864777 0.216061040186288 -0.663210057034061 0.597183594286399 -3.386796461248842 5.569108109716447
-0.573624180151400 -0.012456525623104 0.022595772169759 -0.035111472893345 0.199127057880044 -0.635364516485479 0.586556501156466 -3.326527221199083 6.099499358260818
-0.573785073603338 -0.011544053514233 0.019571437071288 -0.032178690387563 0.182494421774049 -0.604867019694175 0.575929408030973 -3.266257981155984 6.629890606805189
-0.573931568820075 -0.010713237854892 0.016712849237988 -0.029299043347408 0.166163131868269 -0.571717566660149 0.565302314909921 -3.205988741117327 7.160281855348449
-0.574063931478940 -0.009962571914079 0.014033268451071 -0.026472531772859 0.150133188162682 -0.535916157383406 0.554675221779988 -3.145719501078670 7.690673103894485
-0.574182427257259 -0.009290548960792 0.011545954491751 -0.023699155663959 0.134404590657289 -0.497462791863934 0.544048128654495 -3.085450261031131 8.221064352439411
-0.574287321832363 -0.008695662264032 0.009264167141242 -0.020978915020686 0.118977339352133 -0.456357470101737 0.533421035529003 -3.025181020992473 8.751455600980451
-0.574378880881578 -0.008176405092796 0.007201166180758 -0.018311809843041 0.103851434247171 -0.412600192096835 0.522793942399069 -2.964911780947155 9.281846849527042
-0.574457370082233 -0.007731270716084 0.005370211391512 -0.015697840131046 0.089026875342435 -0.366190957849200 0.512166849278017 -2.904642540910718 9.812238098074744
-0.574523055111656 -0.007358752402894 0.003784562554718 -0.013137005884656 0.074503662637881 -0.317129767358826 0.501539756148084 -2.844373300863179 10.342629346611343
-0.574576201647176 -0.007057343422226 0.002457479451589 -0.010629307103915 0.060281796133566 -0.265416620625769 0.490912663022591 -2.784104060824522 10.873020595162375
-0.574617075366120 -0.006825537043079 0.001402221863339 -0.008174743788802 0.046361275829443 -0.211051517649957 0.480285569901540 -2.723834820781423 11.403411843703415
-0.574645941945817 -0.006661826534451 0.000632049571182 -0.005773315939295 0.032742101725536 -0.154034458431440 0.469658476767165 -2.663565580740546 11.933803092251116
-0.574663067063594 -0.006564705165342 0.000160222356331 -0.003425023555459 0.019424273821833 -0.094365442970185 0.459031383641673 -2.603296340697447 12.464194340791046
-0.574668716396780 -0.006532666204751 0.000000000000000 -0.001129866637251 0.006407792118346 -0.032044471266229 0.451946654900226 -2.563116847338343 9.613341379868800
-0.574663067063594 -0.006564705165342 0.000080111178166 0.001129866637251 -0.006407792118346 0.016022235633115 0.459031383641673 -2.603296340697447 6.232097170395523
-0.574645941945817 -0.006661826534451 0.000316024785591 0.003425023555459 -0.019424273821833 0.047182721485092 0.469658476767165 -2.663565580740546 5.966901546125558
-0.574617075366120 -0.006825537043079 0.000701110931670 0.005773315939295 -0.032742101725536 0.077017229215720 0.480285569901540 -2.723834820781423 5.701705921851707
-0.574576201647176 -0.007057343422226 0.001228739725795 0.008174743788802 -0.046361275829443 0.105525758824979 0.490912663022591 -2.784104060824522 5.436510297581187
-0.574523055111656 -0.007358752402894 0.001892281277359 0.010629307103915 -0.060281796133566 0.132708310312885 0.501539756148084 -2.844373300863179 5.171314673305671
-0.574457370082233 -0.007731270716084 0.002685105695756 0.013137005884656 -0.074503662637881 0.158564883679413 0.512166849278017 -2.904642540910718 4.906119049037372
-0.574378880881578 -0.008176405092796 0.003600583090379 0.015697840131046 -0.089026875342435 0.183095478924600 0.522793942399069 -2.964911780947155 4.640923424763521
-0.574287321832363 -0.008695662264032 0.004632083570621 0.018311809843041 -0.103851434247171 0.206300096048417 0.533421035529003 -3.025181020992473 4.375727800490226
-0.574182427257259 -0.009290548960792 0.005772977245875 0.020978915020686 -0.118977339352133 0.228178735050868 0.544048128654495 -3.085450261031131 4.110532176219706
-0.574063931478940 -0.009962571914079 0.007016634225535 0.023699155663959 -0.134404590657289 0.248731395931967 0.554675221779988 -3.145719501078670 3.845336551947243
-0.573931568820075 -0.010713237854892 0.008356424618994 0.026472531772859 -0.150133188162682 0.267958078691703 0.565302314909921 -3.205988741117327 3.580140927674225
-0.573785073603338 -0.011544053514233 0.009785718535644 0.029299043347408 -0.166163131868269 0.285858783330074 0.575929408030973 -3.266257981155984 3.314945303402594
-0.573624180151400 -0.012456525623104 0.011297886084880 0.032178690387563 -0.182494421774049 0.302433509847087 0.586556501156466 -3.326527221199083 3.049749679130409
-0.573448622786934 -0.013452160912504 0.012886297376093 0.035111472893345 -0.199127057880044 0.317682258242739 0.597183594286399 -3.386796461248842 2.784554054858224
-0.573258135832610 -0.014532466113435 0.014544322518678 0.038097390864777 -0.216061040186288 0.331605028517030 0.607810687407451 -3.447065701278618 2.519358430585206
-0.573052453611101 -0.015698947956899 0.016265331622028 0.041136444301815 -0.233296368692681 0.344201820669957 0.618437780541825 -3.507334941330598 2.254162806314408
-0.572831310445078 -0.016953113173895 0.018042694795536 0.044228633204524 -0.250833043399334 0.355472634701529 0.629064873662877 -3.567604181367034 1.988967182041113
-0.572594440657214 -0.018296468495426 0.019869782148595 0.047373957572838 -0.268671064306170 0.365417470611734 0.639691966788369 -3.627873421407912 1.723771557769760
-0.572341578570180 -0.019730520652492 0.021739963790597 0.050572417406780 -0.286810431413209 0.374036328400583 0.650319059918303 -3.688142661455451 1.458575933496598
-0.572072458506648 -0.021256776376095 0.023646609830938 0.053824012706372 -0.305251144720486 0.381329208068066 0.660946153039355 -3.748411901491888 1.193380309225112
-0.571786814789290 -0.022876742397234 0.025583090379009 0.057128743471568 -0.323993204227946 0.387296109614191 0.671573246169288 -3.808681141537207 0.928184684952649
-0.571484381740778 -0.024591925446913 0.027542775544204 0.060486609702415 -0.343036609935632 0.391937033038955 0.682200339294781 -3.868950381575864 0.662989060680608
-0.571164893683784 -0.026403832256130 0.029519035435915 0.063897611398889 -0.362381361843511 0.395251978342358 0.692827432420273 -3.929219621621183 0.397793436408134
-0.570828084940979 -0.028313969555888 0.031505240163537 0.067361748560990 -0.382027459951617 0.397240945524398 0.703454525550207 -3.989488861662061 0.132597812136237
-0.570473689835035 -0.030323844077188 0.033494759836463 0.070879021188741 -0.401974904259927 0.397903934585080 0.714081618671258 -4.049758101702938 -0.132597812136093
-0.570101442688625 -0.032434962551030 0.035480964564085 0.074449429282097 -0.422223694768442 0.397240945524399 0.724708711796751 -4.110027341746036 -0.397793436408278
-0.569711077824419 -0.034648831708416 0.037457224455796 0.078072972841081 -0.442773831477172 0.395251978342358 0.735335804926684 -4.170296581786914 -0.662989060680741
-0.569302329565091 -0.036966958280347 0.039416909620991 0.081749651865715 -0.463625314386107 0.391937033038954 0.745962898052177 -4.230565821825572 -0.928184684952649
-0.568874932233311 -0.039390848997823 0.041353390169062 0.085479466355975 -0.484778143495235 0.387296109614191 0.756589991177670 -4.290835061873111 -1.193380309224834
-0.568428620151751 -0.041922010591846 0.043260036209403 0.089262416311864 -0.506232318804600 0.381329208068067 0.767217084303162 -4.351104301916209 -1.458575933496742
-0.567963127643085 -0.044561949793417 0.045130217851405 0.093098501733380 -0.527987840314181 0.374036328400583 0.777844177428655 -4.411373541952646 -1.723771557769760
-0.567478189029982 -0.047312173333536 0.046957305204464 0.096987722620523 -0.550044708023945 0.365417470611734 0.788471270558588 -4.471642781993523 -1.988967182041390
-0.566973538635115 -0.050174187943206 0.048734668377972 0.100930078973316 -0.572402921933912 0.355472634701527 0.799098363679640 -4.531912022043283 -2.254162806313575
-0.566448910781157 -0.053149500353427 0.050455677481322 0.104925570791714 -0.595062482044129 0.344201820669959 0.809725456809574 -4.592181262077499 -2.519358430586038
-0.565904039790778 -0.056239617295199 0.052113702623907 0.108974198075762 -0.618023388354516 0.331605028517029 0.820352549939507 -4.652450502122818 -2.784554054857946
-0.565338659986651 -0.059446045499525 0.053702113915120 0.113075960825459 -0.641285640865130 0.317682258242739 0.830979643056118 -4.712719742163696 -3.049749679130409
-0.564752505691447 -0.062770291697405 0.055214281464356 0.117230859040740 -0.664849239575949 0.302433509847087 0.841606736190492 -4.772988982206794 -3.314945303402594
-0.564145311227839 -0.066213862619839 0.056643575381006 0.121438892721693 -0.688714184486983 0.285858783330074 0.852233829307103 -4.833258222247672 -3.580140927674502
-0.563516810918497 -0.069778264997831 0.057983365774465 0.125700061868228 -0.712880475598221 0.267958078691702 0.862860922445918 -4.893527462290770 -3.845336551946965
-0.562866739086095 -0.073465005562379 0.059227022754125 0.130014366480458 -0.737348112909675 0.248731395931967 0.873488015562529 -4.953796702329427 -4.110532176219150
-0.562194830053304 -0.077275591044486 0.060367916429379 0.134381806558270 -0.762117096421322 0.228178735050871 0.884115108692463 -5.014065942374746 -4.375727800491058
-0.561500818142795 -0.081211528175151 0.061399416909621 0.138802382101733 -0.787187426133196 0.206300096048416 0.894742201817955 -5.074335182415624 -4.640923424763521
-0.560784437677241 -0.085274323685378 0.062314894304244 0.143276093110822 -0.812559102045274 0.183095478924598 0.905369294947889 -5.134604422458722 -4.906119049035984
-0.560045422979313 -0.089465484306166 0.063107718722641 0.147802939585562 -0.838232124157567 0.158564883679418 0.915996388064499 -5.194873662499599 -5.171314673307892
-0.559283508371684 -0.093786516768516 0.063771260274205 0.152382921525884 -0.864206492470065 0.132708310312879 0.926623481198874 -5.255142902538257 -5.436510297579522
-0.558498428177024 -0.098238927803430 0.064298889068330 0.157016038931879 -0.890482206982757 0.105525758824981 0.937250574324366 -5.315412142583575 -5.701705921852818
-0.557689916718007 -0.102824224141908 0.064683975214409 0.161702291803500 -0.917059267695675 0.077017229215717 0.947877667449859 -5.375681382626674 -5.966901546124448
-0.556857708317303 -0.107543912514952 0.064919888821834 0.166441680140750 -0.943937674608808 0.047182721485095 0.958504760570911 -5.435950622667551 -6.232097170396633
-0.556001537297585 -0.112399499653563 0.065000000000000 0.171234203943604 -0.971117427722146 0.016022235633112 0.225973327450113 -1.281558423666951 -3.204447126622378
-0.555139716944681 -0.117287125752765 0.065000000000000 0.172364070580855 -0.977525219840480 0.000000000000000 -0.499473376933679 2.832654281970104 0.000000000000000
-0.554290383426200 -0.122103935494918 0.065000000000000 0.169866703696187 -0.963361948430630 0.000000000000000 -0.478219190673812 2.712115801883908 0.000000000000000
-0.553453005387486 -0.126852942342025 0.065000000000000 0.167475607742817 -0.949801369421210 0.000000000000000 -0.456965004427268 2.591577321797711 0.000000000000000
-0.552627051473882 -0.131537159756086 0.065000000000000 0.165190782720681 -0.936843482812222 0.000000000000000 -0.435710818171842 2.471038841720397 0.000000000000000
-0.551811990330733 -0.136159601199104 0.065000000000000 0.163012228629822 -0.924488288603620 0.000000000000000 -0.414456631925297 2.350500361636421 0.000000000000000
-0.551007290603382 -0.140723280133081 0.065000000000000 0.160939945470195 -0.912735786795438 0.000000000000000 -0.393202445665430 2.229961881543563 0.000000000000000
-0.550212420937173 -0.145231210020020 0.065000000000000 0.158973933241868 -0.901585977387720 0.000000000000000 -0.371948259418886 2.109423401472910 0.000000000000000
-0.549426849977449 -0.149686404321921 0.065000000000000 0.157114191944774 -0.891038860380355 0.000000000000000 -0.350694073159019 1.988884921377831 0.000000000000000
-0.548650046369554 -0.154091876500789 0.065000000000000 0.155360721578979 -0.881094435773466 0.000000000000000 -0.329439886916916 1.868346441298296 0.000000000000000
-0.547881478758832 -0.158450640018624 0.065000000000000 0.153713522144394 -0.871752703566975 0.000000000000000 -0.308185700657049 1.747807961216541 0.000000000000000
-0.547120615790627 -0.162765708337428 0.065000000000000 0.152172593641109 -0.863013663760892 0.000000000000000 -0.286931514406064 1.627269481130345 0.000000000000000
-0.546366926110281 -0.167040094919204 0.065000000000000 0.150737936069079 -0.854877316355240 0.000000000000000 -0.265677328155078 1.506731001046369 0.000000000000000
-0.545619878363140 -0.171276813225954 0.065000000000000 0.149409549428303 -0.847343661350008 0.000000000000000 -0.244423141904093 1.386192520966834 0.000000000000000
-0.544878941194546 -0.175478876719680 0.065000000000000 0.148187433718783 -0.840412698745174 0.000000000000000 -0.223168955648667 1.265654040873976 0.000000000000000
-0.544143583249843 -0.179649298862384 0.065000000000000 0.147071588940539 -0.834084428540804 0.000000000000000 -0.201914769393241 1.145115560799992 0.000000000000000
-0.543413273174375 -0.183791093116068 0.065000000000000 0.146062015093573 -0.828358850736804 0.000000000000000 -0.180660583151138 1.024577080710465 0.000000000000000
-0.542687479613486 -0.187907272942734 0.065000000000000 0.145158712177818 -0.823235965333252 0.000000000000000 -0.159406396886830 0.904038600627599 0.000000000000000
-0.541965671212519 -0.192000851804385 0.065000000000000 0.144361680193383 -0.818715772330114 0.000000000000000 -0.138152210644726 0.783500120544733 0.000000000000000
-0.541247316616818 -0.196074843163022 0.065000000000000 0.143670919140160 -0.814798271727390 0.000000000000000 -0.116898024389300 0.662961640462978 0.000000000000000
-0.540531884471727 -0.200132260480647 0.065000000000000 0.143086429018213 -0.811483463525076 0.000000000000000 -0.095643838129433 0.542423160375671 0.000000000000000
-0.539818843422590 -0.204176117219263 0.065000000000000 0.142608209827566 -0.808771347723197 0.000000000000000 -0.074389651887330 0.421884680292806 0.000000000000000
-0.539107662114749 -0.208209426840872 0.065000000000000 0.142236261568129 -0.806661924321733 0.000000000000000 -0.053135465631904 0.301346200209940 0.000000000000000
-0.538397809193549 -0.212235202807475 0.065000000000000 0.141970584239970 -0.805155193320684 0.000000000000000 -0.031881279376478 0.180807720125964 0.000000000000000
-0.537688753304334 -0.216256458581076 0.065000000000000 0.141811177843087 -0.804251154720054 0.000000000000000 -0.010627093125493 0.060269240040878 0.000000000000000
-0.536979963092446 -0.220276207623675 0.065000000000000 0.141758042377460 -0.803949808519849 0.000000000000000 0.010627093121052 -0.060269240043098 0.000000000000000
-0.536270907203231 -0.224297463397275 0.065000000000000 0.141811177843065 -0.804251154720065 0.000000000000000 0.031881279385360 -0.180807720123743 0.000000000000000
-0.535561054282031 -0.228323239363879 0.065000000000000 0.141970584239992 -0.805155193320684 0.000000000000000 0.053135465627463 -0.301346200209940 0.000000000000000
-0.534849872974190 -0.232356548985487 0.065000000000000 0.142236261568129 -0.806661924321733 0.000000000000000 0.074389651882889 -0.421884680291695 0.000000000000000
-0.534136831925053 -0.236400405724103 0.065000000000000 0.142608209827544 -0.808771347723192 0.000000000000000 0.095643838133874 -0.542423160377892 0.000000000000000
-0.533421399779962 -0.240457823041729 0.065000000000000 0.143086429018213 -0.811483463525081 0.000000000000000 0.116898024393741 -0.662961640462978 0.000000000000000
-0.532703045184261 -0.244531814400366 0.065000000000000 0.143670919140182 -0.814798271727396 0.000000000000000 0.138152210635845 -0.783500120540292 0.000000000000000
-0.531981236783294 -0.248625393262016 0.065000000000000 0.144361680193361 -0.818715772330098 0.000000000000000 0.159406396895712 -0.904038600630930 0.000000000000000
-0.531255443222405 -0.252741573088682 0.065000000000000 0.145158712177840 -0.823235965333252 0.000000000000000 0.180660583142256 -1.024577080711575 0.000000000000000
-0.530525133146937 -0.256883367342366 0.065000000000000 0.146062015093551 -0.828358850736810 0.000000000000000 0.201914769397682 -1.145115560796661 0.000000000000000
-0.529789775202234 -0.261053789485070 0.065000000000000 0.147071588940539 -0.834084428540793 0.000000000000000 0.223168955648667 -1.265654040878417 0.000000000000000
-0.529048838033640 -0.265255852978796 0.065000000000000 0.148187433718783 -0.840412698745185 0.000000000000000 0.244423141904093 -1.386192520964613 0.000000000000000
-0.528301790286499 -0.269492571285546 0.065000000000000 0.149409549428303 -0.847343661350008 0.000000000000000 0.265677328155078 -1.506731001046369 0.000000000000000
-0.527548100606153 -0.273766957867323 0.065000000000000 0.150737936069079 -0.854877316355240 0.000000000000000 0.286931514406064 -1.627269481132565 0.000000000000000
-0.526787237637948 -0.278082026186127 0.065000000000000 0.152172593641109 -0.863013663760903 0.000000000000000 0.308185700661490 -1.747807961212100 0.000000000000000
-0.526018670027226 -0.282440789703962 0.065000000000000 0.153713522144416 -0.871752703566964 0.000000000000000 0.329439886908034 -1.868346441300517 0.000000000000000
-0.525241866419331 -0.286846261882829 0.065000000000000 0.155360721578957 -0.881094435773466 0.000000000000000 0.350694073163460 -1.988884921377831 0.000000000000000
-0.524456295459607 -0.291301456184731 0.065000000000000 0.157114191944774 -0.891038860380355 0.000000000000000 0.371948259418886 -2.109423401472910 0.000000000000000
-0.523661425793398 -0.295809386071670 0.065000000000000 0.158973933241868 -0.901585977387720 0.000000000000000 0.393202445669871 -2.229961881543563 0.000000000000000
-0.522856726066047 -0.300373065005647 0.065000000000000 0.160939945470218 -0.912735786795438 0.000000000000000 0.414456631916416 -2.350500361636421 0.000000000000000
-0.522041664922898 -0.304995506448665 0.065000000000000 0.163012228629800 -0.924488288603620 0.000000000000000 0.435710818176283 -2.471038841718176 0.000000000000000
-0.521215711009294 -0.309679723862726 0.065000000000000 0.165190782720681 -0.936843482812211 0.000000000000000 0.456965004427268 -2.591577321802152 0.000000000000000
-0.520378332970580 -0.314428730709832 0.065000000000000 0.167475607742817 -0.949801369421222 0.000000000000000 0.478219190673812 -2.712115801881687 0.000000000000000
-0.519528999452099 -0.319245540451985 0.065000000000000 0.169866703696187 -0.963361948430630 0.000000000000000 0.499473376933679 -2.832654281970104 0.000000000000000
-0.518667179099195 -0.324133166551188 0.065000000000000 0.172364070580855 -0.977525219840480 0.000000000000000 -0.225973327445672 1.281558423669171 -3.204447126622934
-0.517811008079477 -0.328988753689798 0.064919888821834 0.171234203943627 -0.971117427722135 -0.016022235633115 -0.958504760579793 5.435950622665331 -6.232097170395523
-0.516978799678773 -0.333708442062842 0.064683975214409 0.166441680140728 -0.943937674608808 -0.047182721485092 -0.947877667445418 5.375681382626674 -5.966901546125558
-0.516170288219756 -0.338293738401321 0.064298889068330 0.161702291803500 -0.917059267695675 -0.077017229215720 -0.937250574324366 5.315412142581355 -5.701705921851707
-0.515385208025096 -0.342746149436235 0.063771260274205 0.157016038931879 -0.890482206982768 -0.105525758824979 -0.926623481194433 5.255142902540477 -5.436510297581187
-0.514623293417467 -0.347067181898585 0.063107718722641 0.152382921525906 -0.864206492470065 -0.132708310312885 -0.915996388073381 5.194873662501820 -5.171314673305671
-0.513884278719539 -0.351258342519373 0.062314894304244 0.147802939585540 -0.838232124157556 -0.158564883679413 -0.905369294943448 5.134604422454281 -4.906119049037372
-0.513167898253985 -0.355321138029599 0.061399416909621 0.143276093110822 -0.812559102045285 -0.183095478924600 -0.894742201817955 5.074335182420064 -4.640923424763521
-0.512473886343476 -0.359257075160265 0.060367916429379 0.138802382101733 -0.787187426133185 -0.206300096048417 -0.884115108692463 5.014065942368084 -4.375727800490226
-0.511801977310685 -0.363067660642372 0.059227022754125 0.134381806558270 -0.762117096421344 -0.228178735050868 -0.873488015562529 4.953796702336088 -4.110532176219706
-0.511151905478283 -0.366754401206920 0.057983365774465 0.130014366480458 -0.737348112909664 -0.248731395931967 -0.862860922441477 4.893527462288549 -3.845336551947243
-0.510523405168941 -0.370318803584911 0.056643575381006 0.125700061868250 -0.712880475598221 -0.267958078691703 -0.852233829315985 4.833258222247672 -3.580140927674225
-0.509916210705333 -0.373762374507346 0.055214281464356 0.121438892721670 -0.688714184486983 -0.285858783330074 -0.841606736181610 4.772988982206794 -3.314945303402594
-0.509330056410129 -0.377086620705226 0.053702113915120 0.117230859040762 -0.664849239575949 -0.302433509847087 -0.830979643065000 4.712719742165916 -3.049749679130409
-0.508764676606002 -0.380293048909551 0.052113702623907 0.113075960825437 -0.641285640865119 -0.317682258242739 -0.820352549935066 4.652450502116157 -2.784554054858224
-0.508219805615623 -0.383383165851324 0.050455677481322 0.108974198075762 -0.618023388354538 -0.331605028517030 -0.809725456805133 4.592181262086381 -2.519358430585206
-0.507695177761665 -0.386358478261545 0.048734668377972 0.104925570791736 -0.595062482044106 -0.344201820669957 -0.799098363688522 4.531912022036622 -2.254162806314408
-0.507190527366798 -0.389220492871214 0.046957305204464 0.100930078973294 -0.572402921933923 -0.355472634701529 -0.788471270549707 4.471642781995744 -1.988967182041113
-0.506705588753695 -0.391970716411334 0.045130217851405 0.096987722620545 -0.550044708023945 -0.365417470611734 -0.777844177433096 4.411373541954866 -1.723771557769760
-0.506240096245029 -0.394610655612905 0.043260036209403 0.093098501733380 -0.527987840314170 -0.374036328400583 -0.767217084303162 4.351104301911768 -1.458575933496464
-0.505793784163469 -0.397141817206928 0.041353390169062 0.089262416311864 -0.506232318804611 -0.381329208068065 -0.756589991182111 4.290835061873111 -1.193380309225389
-0.505366386831689 -0.399565707924404 0.039416909620991 0.085479466355953 -0.484778143495246 -0.387296109614192 -0.745962898047736 4.230565821830012 -0.928184684952371
-0.504957638572361 -0.401883834496335 0.037457224455796 0.081749651865715 -0.463625314386096 -0.391937033038954 -0.735335804922244 4.170296581784694 -0.662989060681018
-0.504567273708155 -0.404097703653720 0.035480964564085 0.078072972841103 -0.442773831477172 -0.395251978342359 -0.724708711805633 4.110027341748257 -0.397793436407723
-0.504195026561745 -0.406208822127563 0.033494759836463 0.074449429282075 -0.422223694768431 -0.397240945524398 -0.714081618666818 4.049758101700718 -0.132597812136370
-0.503840631455801 -0.408218696648862 0.031505240163537 0.070879021188741 -0.401974904259927 -0.397903934585080 -0.703454525550207 3.989488861662061 0.132597812136237
-0.503503822712996 -0.410128833948620 0.029519035435915 0.067361748560990 -0.382027459951617 -0.397240945524398 -0.692827432420273 3.929219621618962 0.397793436408000
-0.503184334656002 -0.411940740757838 0.027542775544204 0.063897611398889 -0.362381361843522 -0.395251978342358 -0.682200339294781 3.868950381578085 0.662989060680874
-0.502881901607490 -0.413655923807516 0.025583090379009 0.060486609702415 -0.343036609935632 -0.391937033038954 -0.671573246169288 3.808681141537207 0.928184684952649
-0.502596257890132 -0.415275889828656 0.023646609830938 0.057128743471568 -0.323993204227946 -0.387296109614191 -0.660946153039355 3.748411901496329 1.193380309224701
-0.502327137826600 -0.416802145552258 0.021739963790597 0.053824012706372 -0.305251144720464 -0.381329208068067 -0.650319059918303 3.688142661446570 1.458575933497297
-0.502074275739566 -0.418236197709324 0.019869782148595 0.050572417406780 -0.286810431413231 -0.374036328400581 -0.639691966788369 3.627873421414574 1.723771557769060
-0.501837405951702 -0.419579553030855 0.018042694795536 0.047373957572838 -0.268671064306159 -0.365417470611736 -0.629064873662877 3.567604181362594 1.988967182041668
-0.501616262785679 -0.420833718247852 0.016265331622028 0.044228633204524 -0.250833043399346 -0.355472634701527 -0.618437780537384 3.507334941332818 2.254162806313642
-0.501410580564170 -0.422000200091315 0.014544322518678 0.041136444301837 -0.233296368692681 -0.344201820669959 -0.607810687411892 3.447065701283059 2.519358430585905
-0.501220093609846 -0.423080505292247 0.012886297376093 0.038097390864777 -0.216061040186266 -0.331605028517029 -0.597183594286399 3.386796461239960 2.784554054858079
-0.501044536245380 -0.424076140581647 0.011297886084880 0.035111472893345 -0.199127057880066 -0.317682258242739 -0.586556501160906 3.326527221203524 3.049749679130342
-0.500883642793442 -0.424988612690517 0.009785718535644 0.032178690387541 -0.182494421774049 -0.302433509847087 -0.575929408026532 3.266257981158205 3.314945303402461
-0.500737147576705 -0.425819428349858 0.008356424618994 0.029299043347408 -0.166163131868258 -0.285858783330075 -0.565302314909921 3.205988741117327 3.580140927674702
-0.500604784917841 -0.426570094290672 0.007016634225535 0.026472531772859 -0.150133188162671 -0.267958078691702 -0.554675221779988 3.145719501074229 3.845336551946865
-0.500486289139521 -0.427242117243958 0.005772977245875 0.023699155663959 -0.134404590657300 -0.248731395931967 -0.544048128654495 3.085450261031131 4.110532176219117
-0.500381394564417 -0.427837003940719 0.004632083570621 0.020978915020686 -0.118977339352144 -0.228178735050872 -0.533421035529003 3.025181020994694 4.375727800491280
-0.500289835515202 -0.428356261111955 0.003600583090379 0.018311809843041 -0.103851434247171 -0.206300096048415 -0.522793942399069 2.964911780949375 4.640923424763504
-0.500211346314547 -0.428801395488667 0.002685105695756 0.015697840131046 -0.089026875342424 -0.183095478924598 -0.512166849278017 2.904642540906277 4.906119049035673
-0.500145661285124 -0.429173913801856 0.001892281277359 0.013137005884656 -0.074503662637893 -0.158564883679419 -0.501539756148084 2.844373300867620 5.171314673307897
-0.500092514749604 -0.429475322782524 0.001228739725795 0.010629307103915 -0.060281796133554 -0.132708310312880 -0.490912663022591 2.784104060822301 5.436510297580083
-0.500051641030660 -0.429707129161671 0.000701110931670 0.008174743788802 -0.046361275829443 -0.105525758824979 -0.480285569897099 2.723834820781423 5.701705921852295
-0.500022774450963 -0.429870839670299 0.000316024785591 0.005773315939317 -0.032742101725536 -0.077017229215718 -0.469658476771606 2.663565580740546 5.966901546124490
