-0.500002789329856 -0.429984180924298 0.000127362885049 -0.000557865971218 0.003163815140406 0.025472577009767 -0.233166057950207 1.322350425381202 9.938993238166795
-0.500011407811161 -0.429935303087961 0.000503200601052 -0.001723696260969 0.009775567267312 0.075167543200601 -0.248195562124742 1.407586979211839 9.563936889556718
-0.500026231181519 -0.429851235577145 0.001118136739294 -0.002964674071593 0.016813502163371 0.122987227648385 -0.263225066317041 1.492823533042476 9.188880540946659
-0.500047635178535 -0.429729847478002 0.001962794891059 -0.004280799403178 0.024277619828583 0.168931630353118 -0.278254570491576 1.578060086870892 8.813824192336590
-0.500075995539813 -0.429569007876687 0.003027798647633 -0.005672072255636 0.032167920262938 0.213000751314801 -0.293284074674993 1.663296640697087 8.438767843726524
-0.500111688002958 -0.429366585859355 0.004303771600301 -0.007138492629011 0.040484403466423 0.255194590533434 -0.308313578862851 1.748533194527724 8.063711495116433
-0.500155088305575 -0.429120450512160 0.005781337340346 -0.008680060523325 0.049227069439062 0.295513148009016 -0.323343083037386 1.833769748362801 7.688655146506417
-0.500206572185267 -0.428828470921255 0.007451119459053 -0.010296775938512 0.058395918180876 0.333956423741548 -0.338372587229685 1.919006302186776 7.313598797896336
-0.500266515379641 -0.428488516172796 0.009303741547708 -0.011988638874660 0.067990949691810 0.370524417731029 -0.353402091408661 2.004242856015193 6.938542449286200
-0.500335293626299 -0.428098455352937 0.011329827197596 -0.013755649331704 0.078012163971886 0.405217129977460 -0.368431595592078 2.089479409852490 6.563486100676152
-0.500413282662847 -0.427656157547831 0.013520000000000 -0.015597807309664 0.088459561021148 0.438034560480841 -0.383461099771054 2.174715963672025 6.188429752066115
-0.500500858226890 -0.427159491843633 0.015864883546206 -0.017515112808519 0.099333140839508 0.468976709241172 -0.398490603954471 2.259952517507102 5.813373403456212
-0.500598396056031 -0.426606327326498 0.018355101427498 -0.019507565828292 0.110632903427044 0.498043576258453 -0.413520108142329 2.345189071337739 5.438317054845809
-0.500706271887876 -0.425994533082580 0.020981277235162 -0.021575166369003 0.122358848783732 0.525235161532682 -0.428549612321305 2.430425625161714 5.063260706236061
-0.500824861460029 -0.425321978198032 0.023734034560481 -0.023717914430610 0.134510976909541 0.550551465063862 -0.443579116500281 2.515662178996791 4.688204357625603
-0.500954540510095 -0.424586531759009 0.026603996994741 -0.025935810013111 0.147089287804525 0.573992486851990 -0.458608620692580 2.600898732820767 4.313148009015966
-0.501095684775678 -0.423786062851666 0.029581788129226 -0.028228853116574 0.160093781468629 0.595558226897070 -0.473638124867115 2.686135286655844 3.938091660405663
-0.501248669994382 -0.422918440562156 0.032658031555222 -0.030597043740910 0.173524457901908 0.615248685199098 -0.488667629054973 2.771371840484260 3.563035311795604
-0.501413871903813 -0.421981533976635 0.035823350864012 -0.033040381886185 0.187381317104329 0.633063861758076 -0.503697133233949 2.856608394308235 3.187978963185567
-0.501591666241575 -0.420973212181255 0.039068369646882 -0.035558867552354 0.201664359075870 0.649003756574004 -0.518726637421807 2.941844948141092 2.812922614575664
-0.501782428745272 -0.419891344262173 0.042383711495116 -0.038152500739463 0.216373583816576 0.663068369646883 -0.533756141596342 3.027081501976170 2.437866265965205
-0.501986535152510 -0.418733799305540 0.045760000000000 -0.040821281447445 0.231508991326457 0.675257700976709 -0.548785645784200 3.112318055797925 2.062809917355857
-0.502204361200892 -0.417498446397513 0.049187858752817 -0.043565209676366 0.247070581605446 0.685571750563488 -0.563815149967617 3.197554609630782 1.687753568744554
-0.502436282628023 -0.416183154624245 0.052657911344853 -0.046384285426204 0.263058354653600 0.694010518407211 -0.578844654151034 3.282791163456977 1.312697220135495
-0.502682675171507 -0.414785793071891 0.056160781367393 -0.049278508696959 0.279472310470885 0.700574004507888 -0.593874158330010 3.368027717289834 0.937640871525591
-0.502943914568950 -0.413304230826604 0.059687092411721 -0.052247879488609 0.296312449057334 0.705262208865516 -0.608903662513427 3.453264271122691 0.562584522914578
-0.503220376557956 -0.411736336974539 0.063227468069121 -0.055292397801177 0.313578770412948 0.708075131480089 -0.623933166701285 3.538500824942226 0.187528174305518
-0.503512436876130 -0.410079980601851 0.066772531930879 -0.058412063634683 0.331271274537659 0.709012772351617 -0.638962670875820 3.623737378779524 -0.187528174305229
-0.503820471261075 -0.408333030794693 0.070312907588279 -0.061606876989062 0.349389961431557 0.708075131480090 -0.653992175068119 3.708973932605719 -0.562584522915133
-0.504144855450397 -0.406493356639220 0.073839218632607 -0.064876837864403 0.367934831094585 0.705262208865515 -0.669021679242654 3.794210486438576 -0.937640871525036
-0.504485965181700 -0.404558827221586 0.077342088655147 -0.068221946260616 0.386905883526778 0.700574004507890 -0.684051183426071 3.879447040264772 -1.312697220136050
-0.504844176192589 -0.402527311627946 0.080812141247183 -0.071642202177746 0.406303118728102 0.694010518407209 -0.699080687613929 3.964683594093188 -1.687753568744288
-0.505219864220668 -0.400396678944453 0.084240000000000 -0.075137605615816 0.426126536698568 0.685571750563488 -0.714110191797346 4.049920147926045 -2.062809917355857
-0.505613405003542 -0.398164798257262 0.087616288504884 -0.078708156574803 0.446376137438198 0.675257700976709 -0.729139695971881 4.135156701754461 -2.437866265964650
-0.506025174278815 -0.395829538652527 0.090931630353118 -0.082353855054662 0.467051920946970 0.663068369646885 -0.744169200159739 4.220393255580657 -2.812922614576774
-0.506455547784093 -0.393388769216403 0.094176649135988 -0.086074701055461 0.488153887224874 0.649003756574001 -0.759198704343156 4.305629809415734 -3.187978963185567
-0.506904901256978 -0.390840359035043 0.097341968444778 -0.089870694577177 0.509682036271952 0.633063861758074 -0.774228208522132 4.390866363241930 -3.563035311794915
-0.507373610435077 -0.388182177194602 0.100418211870774 -0.093741835619787 0.531636368088162 0.615248685199099 -0.789257712709990 4.476102917072566 -3.938091660405929
-0.507862051055994 -0.385412092781235 0.103396003005259 -0.097688124183337 0.554016882673525 0.595558226897069 -0.804287216893407 4.561339470900982 -4.313148009015277
-0.508370598857333 -0.382527974881094 0.106265965439519 -0.101709560267804 0.576823580028030 0.573992486851993 -0.819316721067942 4.646576024729399 -4.688204357625736
-0.508899629576699 -0.379527692580336 0.109018722764838 -0.105806143873144 0.600056460151677 0.550551465063864 -0.834346225260241 4.731812578562256 -5.063260706237305
-0.509449518951696 -0.376409114965114 0.111644898572502 -0.109977874999445 0.623715523044488 0.525235161532678 -0.849375729434776 4.817049132388451 -5.438317054844988
-0.510020642719929 -0.373170111121581 0.114135116453794 -0.114224753646619 0.647800768706430 0.498043576258453 -0.864405233622634 4.902285686221308 -5.813373403456557
-0.510613376619003 -0.369808550135894 0.116480000000000 -0.118546779814732 0.672312197137537 0.468976709241170 -0.879434737806051 4.987522240045283 -6.188429752064240
-0.511228096386522 -0.366322301094205 0.118670172802404 -0.122943953503762 0.697249808337763 0.438034560480849 -0.894464241985027 5.072758793878140 -6.563486100678029
-0.511865177760090 -0.362709233082669 0.120696258452292 -0.127416274713688 0.722613602307154 0.405217129977459 -0.909493746168444 5.157995347710997 -6.938542449287377
-0.512524996477313 -0.358967215187441 0.122548880540947 -0.131963743444530 0.748403579045709 0.370524417731022 -0.924523250356302 5.243231901534973 -7.313598797894505
-0.513207928275794 -0.355094116494674 0.124218662659654 -0.136586359696311 0.774619738553384 0.333956423741549 -0.939552754530837 5.328468455365609 -7.688655146507184
-0.513914348893139 -0.351087806090523 0.125696228399699 -0.141284123468965 0.801262080830212 0.295513148009013 -0.954582258718695 5.413705009196246 -8.063711495115422
-0.514644634066952 -0.346946153061142 0.126972201352367 -0.146057034762559 0.828330605876193 0.255194590533436 -0.969611762902112 5.498941563026882 -8.438767843726991
-0.515399159534837 -0.342667026492685 0.128037205108941 -0.150905093577069 0.855825313691327 0.213000751314801 -0.984641267085529 5.584178116855298 -8.813824192336339
-0.516178301034400 -0.338248295471307 0.128881863260706 -0.155828299912497 0.883746204275604 0.168931630353120 -0.999670771260064 5.669414670679274 -9.188880540946798
-0.516982434303244 -0.333687829083162 0.129496799398948 -0.160826653768797 0.912093277629000 0.122987227648386 -1.014700275452363 5.754651224516572 -9.563936889558367
-0.517811935078974 -0.328983496414404 0.129872637114951 -0.165900155146059 0.940866533751583 0.075167543200594 -1.029729779631339 5.839887778344988 -9.938993238163274
-0.518667179099195 -0.324133166551188 0.130000000000000 -0.171048804044216 0.970065972643308 0.025472577009777 -0.076173733294382 0.432002708774526 -5.094515401955491
-0.519524327462748 -0.319272036620252 0.130000000000000 -0.171429672710688 0.972225986187181 0.000000000000000 0.866398385270806 -4.913589410955321 0.000000000000000
-0.520359815866670 -0.314533746424590 0.130000000000000 -0.167097680784334 0.947658039132404 0.000000000000000 0.834892989449720 -4.734913432378196 0.000000000000000
-0.521174431945856 -0.309913829064737 0.130000000000000 -0.162923215837085 0.923983471970513 0.000000000000000 0.803387593619753 -4.556237453794409 0.000000000000000
-0.521968963335200 -0.305407817641229 0.130000000000000 -0.158906277868986 0.901202284701541 0.000000000000000 0.771882197789786 -4.377561475215064 0.000000000000000
-0.522744197669601 -0.301011245254602 0.130000000000000 -0.155046866880038 0.879314477325466 0.000000000000000 0.740376801959819 -4.198885496637939 0.000000000000000
-0.523500922583952 -0.296719645005391 0.130000000000000 -0.151344982870238 0.858320049842276 0.000000000000000 0.708871406138734 -4.020209518054152 0.000000000000000
-0.524239925713150 -0.292528549994131 0.130000000000000 -0.147800625839545 0.838219002252005 0.000000000000000 0.677366010304326 -3.841533539477027 0.000000000000000
-0.524961994692090 -0.288433493321358 0.130000000000000 -0.144413795788023 0.819011334554620 0.000000000000000 0.645860614474358 -3.662857560895461 0.000000000000000
-0.525667917155668 -0.284430008087607 0.130000000000000 -0.141184492715651 0.800697046750143 0.000000000000000 0.614355218653273 -3.484181582309454 0.000000000000000
-0.526358480738780 -0.280513627393414 0.130000000000000 -0.138112716622385 0.783276138838596 0.000000000000000 0.582849822818865 -3.305505603736769 0.000000000000000
-0.527034473076321 -0.276679884339314 0.130000000000000 -0.135198467508291 0.766748610819912 0.000000000000000 0.551344426993339 -3.126829625157423 0.000000000000000
-0.527696681803188 -0.272924312025844 0.130000000000000 -0.132441745373324 0.751114462694125 0.000000000000000 0.519839031167812 -2.948153646569196 0.000000000000000
-0.528345894554275 -0.269242443553537 0.130000000000000 -0.129842550217485 0.736373694461279 0.000000000000000 0.488333635333404 -2.769477667998732 0.000000000000000
-0.528982898964479 -0.265629812022931 0.130000000000000 -0.127400882040818 0.722526306121285 0.000000000000000 0.456828239512319 -2.590801689406064 0.000000000000000
-0.529608482668696 -0.262081950534560 0.130000000000000 -0.125116740843256 0.709572297674255 0.000000000000000 0.425322843677911 -2.412125710842261 0.000000000000000
-0.530223433301820 -0.258594392188959 0.130000000000000 -0.122990126624867 0.697511669120043 0.000000000000000 0.393817447852385 -2.233449732247372 0.000000000000000
-0.530828538498748 -0.255162670086665 0.130000000000000 -0.121021039385605 0.686344420458807 0.000000000000000 0.362312052026859 -2.054773753674688 0.000000000000000
-0.531424585894375 -0.251782317328213 0.130000000000000 -0.119209479125471 0.676070551690433 0.000000000000000 0.330806656192451 -1.876097775092012 0.000000000000000
-0.532012363123598 -0.248448867014138 0.130000000000000 -0.117555445844508 0.666690062814973 0.000000000000000 0.299301260371365 -1.697421796511556 0.000000000000000
-0.532592657821311 -0.245157852244976 0.130000000000000 -0.116058939542651 0.658202953832415 0.000000000000000 0.267795864536957 -1.518745817932210 0.000000000000000
-0.533166257622411 -0.241904806121263 0.130000000000000 -0.114719960219967 0.650609224742754 0.000000000000000 0.236290468711431 -1.340069839352864 0.000000000000000
-0.533733950161793 -0.238685261743533 0.130000000000000 -0.113538507876410 0.643908875545990 0.000000000000000 0.204785072881464 -1.161393860770188 0.000000000000000
-0.534296523074353 -0.235494752212322 0.130000000000000 -0.112514582512002 0.638101906242139 0.000000000000000 0.173279677060378 -0.982717882191952 0.000000000000000
-0.534854763994987 -0.232328810628166 0.130000000000000 -0.111648184126700 0.633188316831179 0.000000000000000 0.141774281221529 -0.804041903610386 0.000000000000000
-0.535409460558590 -0.229182970091600 0.130000000000000 -0.110939312720593 0.629168107313127 0.000000000000000 0.110268885400444 -0.625365925032151 0.000000000000000
-0.535961400400058 -0.226052763703160 0.130000000000000 -0.110387968293590 0.626041277687966 0.000000000000000 0.078763489570477 -0.446689946448364 0.000000000000000
-0.536511371154286 -0.222933724563382 0.130000000000000 -0.109994150845738 0.623807827955725 0.000000000000000 0.047258093744951 -0.268013967872349 0.000000000000000
-0.537060160456171 -0.219821385772800 0.130000000000000 -0.109757860377013 0.622467758116363 0.000000000000000 0.015752697910543 -0.089337989290783 0.000000000000000
-0.537608555940609 -0.216711280431951 0.130000000000000 -0.109679096887461 0.622021068169909 0.000000000000000 -0.015752697914984 0.089337989291893 0.000000000000000
-0.538157345242494 -0.213598941641369 0.130000000000000 -0.109757860377035 0.622467758116368 0.000000000000000 -0.047258093740510 0.268013967869019 0.000000000000000
-0.538707315996723 -0.210479902501590 0.130000000000000 -0.109994150845738 0.623807827955714 0.000000000000000 -0.078763489570477 0.446689946452805 0.000000000000000
-0.539259255838190 -0.207349696113150 0.130000000000000 -0.110387968293590 0.626041277687978 0.000000000000000 -0.110268885396003 0.625365925029930 0.000000000000000
-0.539813952401793 -0.204203855576585 0.130000000000000 -0.110939312720570 0.629168107313127 0.000000000000000 -0.141774281230411 0.804041903610386 0.000000000000000
-0.540372193322427 -0.201037913992429 0.130000000000000 -0.111648184126723 0.633188316831179 0.000000000000000 -0.173279677055937 0.982717882190842 0.000000000000000
-0.540934766234987 -0.197847404461218 0.130000000000000 -0.112514582512002 0.638101906242133 0.000000000000000 -0.204785072877023 1.161393860772408 0.000000000000000
-0.541502458774369 -0.194627860083488 0.130000000000000 -0.113538507876387 0.643908875545995 0.000000000000000 -0.236290468715872 1.340069839350644 0.000000000000000
-0.542076058575469 -0.191374813959774 0.130000000000000 -0.114719960219967 0.650609224742749 0.000000000000000 -0.267795864541398 1.518745817932210 0.000000000000000
-0.542656353273182 -0.188083799190612 0.130000000000000 -0.116058939542674 0.658202953832410 0.000000000000000 -0.299301260362483 1.697421796512666 0.000000000000000
-0.543244130502404 -0.184750348876537 0.130000000000000 -0.117555445844486 0.666690062814973 0.000000000000000 -0.330806656201332 1.876097775094232 0.000000000000000
-0.543840177898032 -0.181369996118085 0.130000000000000 -0.119209479125493 0.676070551690444 0.000000000000000 -0.362312052022418 2.054773753673578 0.000000000000000
-0.544445283094960 -0.177938274015791 0.130000000000000 -0.121021039385605 0.686344420458812 0.000000000000000 -0.393817447852385 2.233449732248483 0.000000000000000
-0.545060233728084 -0.174450715670191 0.130000000000000 -0.122990126624867 0.697511669120054 0.000000000000000 -0.425322843677911 2.412125710835600 0.000000000000000
-0.545685817432301 -0.170902854181820 0.130000000000000 -0.125116740843256 0.709572297674232 0.000000000000000 -0.456828239512319 2.590801689412725 0.000000000000000
-0.546322821842505 -0.167290222651213 0.130000000000000 -0.127400882040818 0.722526306121296 0.000000000000000 -0.488333635333404 2.769477667996512 0.000000000000000
-0.546972034593592 -0.163608354178907 0.130000000000000 -0.129842550217485 0.736373694461279 0.000000000000000 -0.519839031167812 2.948153646569196 0.000000000000000
-0.547634243320459 -0.159852781865436 0.130000000000000 -0.132441745373324 0.751114462694125 0.000000000000000 -0.551344426988898 3.126829625157423 0.000000000000000
-0.548310235658000 -0.156019038811337 0.130000000000000 -0.135198467508268 0.766748610819912 0.000000000000000 -0.582849822827747 3.305505603734549 0.000000000000000
-0.549000799241112 -0.152102658117144 0.130000000000000 -0.138112716622407 0.783276138838584 0.000000000000000 -0.614355218644391 3.484181582311674 0.000000000000000
-0.549706721704690 -0.148099172883393 0.130000000000000 -0.141184492715629 0.800697046750143 0.000000000000000 -0.645860614478799 3.662857560897681 0.000000000000000
-0.550428790683630 -0.144004116210620 0.130000000000000 -0.144413795788023 0.819011334554631 0.000000000000000 -0.677366010308766 3.841533539474806 0.000000000000000
-0.551167793812828 -0.139813021199360 0.130000000000000 -0.147800625839567 0.838219002252005 0.000000000000000 -0.708871406134293 4.020209518054152 0.000000000000000
-0.551924518727179 -0.135521420950148 0.130000000000000 -0.151344982870238 0.858320049842276 0.000000000000000 -0.740376801959819 4.198885496637939 0.000000000000000
-0.552699753061580 -0.131124848563521 0.130000000000000 -0.155046866880038 0.879314477325466 0.000000000000000 -0.771882197789786 4.377561475215064 0.000000000000000
-0.553494284450925 -0.126618837140013 0.130000000000000 -0.158906277868986 0.901202284701541 0.000000000000000 -0.803387593619753 4.556237453794409 0.000000000000000
-0.554308900530110 -0.121998919780161 0.130000000000000 -0.162923215837085 0.923983471970513 0.000000000000000 -0.834892989445279 4.734913432378196 0.000000000000000
-0.555144388934032 -0.117260629584499 0.130000000000000 -0.167097680784312 0.947658039132404 0.000000000000000 -0.866398385279687 4.913589410957542 0.000000000000000
-0.556001537297585 -0.112399499653563 0.130000000000000 -0.171429672710710 0.972225986187192 0.000000000000000 0.076173733298823 -0.432002708781187 -5.094515401953270
-0.556856781317806 -0.107549169790346 0.129872637114951 -0.171048804044216 0.970065972643286 -0.025472577009766 1.029729779631339 -5.839887778340547 -9.938993238167715
-0.557686282093536 -0.102844837121588 0.129496799398948 -0.165900155146059 0.940866533751583 -0.075167543200605 1.014700275452363 -5.754651224512131 -9.563936889555036
-0.558490415362380 -0.098284370733443 0.128881863260706 -0.160826653768797 0.912093277629022 -0.122987227648380 0.999670771264505 -5.669414670685935 -9.188880540947908
-0.559269556861943 -0.093865639712065 0.128037205108941 -0.155828299912475 0.883746204275593 -0.168931630353120 0.984641267081088 -5.584178116853078 -8.813824192336339
-0.560024082329828 -0.089586513143609 0.126972201352367 -0.150905093577069 0.855825313691327 -0.213000751314801 0.969611762897671 -5.498941563026882 -8.438767843726991
-0.560754367503641 -0.085444860114228 0.125696228399699 -0.146057034762581 0.828330605876193 -0.255194590533436 0.954582258723136 -5.413705009198466 -8.063711495115422
-0.561460788120986 -0.081438549710077 0.124218662659654 -0.141284123468965 0.801262080830201 -0.295513148009013 0.939552754535278 -5.328468455363389 -7.688655146506629
-0.562143719919467 -0.077565451017310 0.122548880540947 -0.136586359696289 0.774619738553384 -0.333956423741547 0.924523250347420 -5.243231901534973 -7.313598797896725
-0.562803538636690 -0.073823433122081 0.120696258452292 -0.131963743444552 0.748403579045709 -0.370524417731030 0.909493746172885 -5.157995347710997 -6.938542449286267
-0.563440620010259 -0.070210365110546 0.118670172802404 -0.127416274713688 0.722613602307154 -0.405217129977462 0.894464241989468 -5.072758793875920 -6.563486100675808
-0.564055339777777 -0.066724116068857 0.116480000000000 -0.122943953503740 0.697249808337774 -0.438034560480841 0.879434737801610 -4.987522240049724 -6.188429752066460
-0.564648073676851 -0.063362555083169 0.114135116453794 -0.118546779814732 0.672312197137526 -0.468976709241173 0.864405233618193 -4.902285686219088 -5.813373403455446
-0.565219197445084 -0.060123551239637 0.111644898572502 -0.114224753646641 0.647800768706430 -0.498043576258450 0.849375729443658 -4.817049132388451 -5.438317054846653
-0.565769086820081 -0.057004973624414 0.109018722764838 -0.109977874999423 0.623715523044488 -0.525235161532683 0.834346225251359 -4.731812578562256 -5.063260706235639
-0.566298117539447 -0.054004691323656 0.106265965439519 -0.105806143873166 0.600056460151677 -0.550551465063862 0.819316721076824 -4.646576024729399 -4.688204357625736
-0.566806665340786 -0.051120573423516 0.103396003005259 -0.101709560267782 0.576823580028030 -0.573992486851990 0.804287216888966 -4.561339470900982 -4.313148009015833
-0.567295105961703 -0.048350489010148 0.100418211870774 -0.097688124183337 0.554016882673525 -0.595558226897069 0.789257712705549 -4.476102917074787 -3.938091660405374
-0.567763815139802 -0.045692307169708 0.097341968444778 -0.093741835619809 0.531636368088151 -0.615248685199096 0.774228208526573 -4.390866363239709 -3.563035311796581
-0.568213168612688 -0.043143896988348 0.094176649135988 -0.089870694577177 0.509682036271952 -0.633063861758079 0.759198704343156 -4.305629809411293 -3.187978963185012
-0.568643542117965 -0.040703127552223 0.090931630353118 -0.086074701055461 0.488153887224896 -0.649003756574004 0.744169200159739 -4.220393255587318 -2.812922614575664
-0.569055311393238 -0.038367867947489 0.087616288504884 -0.082353855054662 0.467051920946959 -0.663068369646883 0.729139695976322 -4.135156701752241 -2.437866265965205
-0.569448852176112 -0.036135987260298 0.084240000000000 -0.078708156574780 0.446376137438198 -0.675257700976709 0.714110191792905 -4.049920147923824 -2.062809917355857
-0.569824540204191 -0.034005354576805 0.080812141247183 -0.075137605615816 0.426126536698579 -0.685571750563488 0.699080687609488 -3.964683594097629 -1.687753568744288
-0.570182751215080 -0.031973838983164 0.077342088655147 -0.071642202177769 0.406303118728091 -0.694010518407209 0.684051183430512 -3.879447040262551 -1.312697220136050
-0.570523860946383 -0.030039309565530 0.073839218632607 -0.068221946260616 0.386905883526778 -0.700574004507890 0.669021679247095 -3.794210486436356 -0.937640871525591
-0.570848245135705 -0.028199635410057 0.070312907588279 -0.064876837864380 0.367934831094596 -0.705262208865517 0.653992175059237 -3.708973932607940 -0.562584522914023
-0.571156279520650 -0.026452685602900 0.066772531930879 -0.061606876989084 0.349389961431557 -0.708075131480088 0.638962670884702 -3.623737378777303 -0.187528174305784
-0.571448339838824 -0.024796329230211 0.063227468069121 -0.058412063634661 0.331271274537670 -0.709012772351617 0.623933166692403 -3.538500824951107 0.187528174305229
-0.571724801827830 -0.023228435378147 0.059687092411721 -0.055292397801199 0.313578770412914 -0.708075131480090 0.608903662517868 -3.453264271113810 0.562584522915133
-0.571986041225273 -0.021746873132860 0.056160781367393 -0.052247879488609 0.296312449057345 -0.705262208865515 0.593874158334451 -3.368027717289834 0.937640871525036
-0.572232433768757 -0.020349511580505 0.052657911344853 -0.049278508696937 0.279472310470896 -0.700574004507890 0.578844654146593 -3.282791163461418 1.312697220135783
-0.572464355195888 -0.019034219807237 0.049187858752817 -0.046384285426204 0.263058354653589 -0.694010518407211 0.563815149963176 -3.197554609628561 1.687753568744843
-0.572682181244270 -0.017798866899210 0.045760000000000 -0.043565209676388 0.247070581605446 -0.685571750563486 0.548785645788641 -3.112318055800145 2.062809917355302
-0.572886287651508 -0.016641321942578 0.042383711495116 -0.040821281447445 0.231508991326446 -0.675257700976710 0.533756141596342 -3.027081501971729 2.437866265965205
-0.573077050155205 -0.015559454023495 0.039068369646882 -0.038152500739463 0.216373583816587 -0.663068369646884 0.518726637421807 -2.941844948141092 2.812922614576485
-0.573254844492967 -0.014551132228116 0.035823350864012 -0.035558867552354 0.201664359075882 -0.649003756574001 0.503697133238390 -2.856608394312676 3.187978963185567
-0.573420046402398 -0.013614225642594 0.032658031555222 -0.033040381886162 0.187381317104318 -0.633063861758074 0.488667629046091 -2.771371840482040 3.563035311794915
-0.573573031621102 -0.012746603353085 0.029581788129226 -0.030597043740932 0.173524457901908 -0.615248685199099 0.473638124875997 -2.686135286653624 3.938091660405929
-0.573714175886685 -0.011946134445741 0.026603996994741 -0.028228853116552 0.160093781468640 -0.595558226897069 0.458608620683698 -2.600898732825208 4.313148009015277
-0.573843854936751 -0.011210688006719 0.023734034560481 -0.025935810013133 0.147089287804514 -0.573992486851993 0.443579116504722 -2.515662178992351 4.688204357625736
-0.573962444508904 -0.010538133122171 0.020981277235162 -0.023717914430610 0.134510976909552 -0.550551465063864 0.428549612321305 -2.430425625168375 5.063260706237305
-0.574070320340749 -0.009926338878252 0.018355101427498 -0.021575166369003 0.122358848783710 -0.525235161532678 0.413520108142329 -2.345189071331077 5.438317054844988
-0.574167858169890 -0.009373174361117 0.015864883546206 -0.019507565828292 0.110632903427055 -0.498043576258453 0.398490603954471 -2.259952517507102 5.813373403456557
-0.574255433733933 -0.008876508656920 0.013520000000000 -0.017515112808519 0.099333140839519 -0.468976709241170 0.383461099771054 -2.174715963678686 6.188429752064240
-0.574333422770481 -0.008434210851814 0.011329827197596 -0.015597807309664 0.088459561021126 -0.438034560480849 0.368431595596519 -2.089479409845829 6.563486100678029
-0.574402201017139 -0.008044150031954 0.009303741547708 -0.013755649331681 0.078012163971897 -0.405217129977459 0.353402091404220 -2.004242856017413 6.938542449287377
-0.574462144211513 -0.007704195283495 0.007451119459053 -0.011988638874660 0.067990949691810 -0.370524417731022 0.338372587225244 -1.919006302188997 7.313598797894505
-0.574513628091205 -0.007412215692591 0.005781337340346 -0.010296775938534 0.058395918180865 -0.333956423741549 0.323343083041827 -1.833769748356140 7.688655146507184
-0.574557028393822 -0.007166080345396 0.004303771600301 -0.008680060523325 0.049227069439084 -0.295513148009013 0.308313578862851 -1.748533194532165 8.063711495115422
-0.574592720856967 -0.006963658328064 0.003027798647633 -0.007138492629011 0.040484403466423 -0.255194590533436 0.293284074674993 -1.663296640697087 8.438767843726991
-0.574621081218245 -0.006802818726749 0.001962794891059 -0.005672072255636 0.032167920262938 -0.213000751314801 0.278254570496017 -1.578060086873112 8.813824192336339
-0.574642485215261 -0.006681430627606 0.001118136739294 -0.004280799403156 0.024277619828572 -0.168931630353120 0.263225066308159 -1.492823533040255 9.188880540946798
-0.574657308585619 -0.006597363116789 0.000503200601052 -0.002964674071615 0.016813502163371 -0.122987227648386 0.248195562133624 -1.407586979209619 9.563936889558367
-0.574665927066924 -0.006548485280453 0.000127362885049 -0.001723696260947 0.009775567267323 -0.075167543200594 0.233166057941325 -1.322350425383423 9.938993238163274
-0.574668716396780 -0.006532666204751 0.000000000000000 -0.000557865971240 0.003163815140406 -0.025472577009777 0.223146388496076 -1.265526056162258 7.641773102933236
-0.574665927066924 -0.006548485280453 0.000063681442524 0.000557865971240 -0.003163815140406 0.012736288504889 0.233166057941325 -1.322350425383423 4.969496619081637
-0.574657308585619 -0.006597363116789 0.000251600300526 0.001723696260947 -0.009775567267323 0.037583771600297 0.248195562133624 -1.407586979209619 4.781968444779183
-0.574642485215261 -0.006681430627606 0.000559068369647 0.002964674071615 -0.016813502163371 0.061493613824193 0.263225066308159 -1.492823533040255 4.594440270473399
-0.574621081218245 -0.006802818726749 0.000981397445530 0.004280799403156 -0.024277619828572 0.084465815176560 0.278254570496017 -1.578060086873112 4.406912096168170
-0.574592720856967 -0.006963658328064 0.001513899323817 0.005672072255636 -0.032167920262938 0.106500375657401 0.293284074674993 -1.663296640697087 4.219383921863495
-0.574557028393822 -0.007166080345396 0.002151885800150 0.007138492629011 -0.040484403466423 0.127597295266718 0.308313578862851 -1.748533194532165 4.031855747557711
-0.574513628091205 -0.007412215692591 0.002890668670173 0.008680060523325 -0.049227069439084 0.147756574004507 0.323343083041827 -1.833769748356140 3.844327573253592
-0.574462144211513 -0.007704195283495 0.003725559729527 0.010296775938534 -0.058395918180865 0.166978211870775 0.338372587225244 -1.919006302188997 3.656799398947252
-0.574402201017139 -0.008044150031954 0.004651870773854 0.011988638874660 -0.067990949691810 0.185262208865511 0.353402091404220 -2.004242856017413 3.469271224643689
-0.574333422770481 -0.008434210851814 0.005664913598798 0.013755649331681 -0.078012163971897 0.202608564988729 0.368431595596519 -2.089479409845829 3.281743050339014
-0.574255433733933 -0.008876508656920 0.006760000000000 0.015597807309664 -0.088459561021126 0.219017280240424 0.383461099771054 -2.174715963678686 3.094214876032120
-0.574167858169890 -0.009373174361117 0.007932441773103 0.017515112808519 -0.099333140839519 0.234488354620585 0.398490603954471 -2.259952517507102 2.906686701728278
-0.574070320340749 -0.009926338878252 0.009177550713749 0.019507565828292 -0.110632903427055 0.249021788129226 0.413520108142329 -2.345189071331077 2.719158527422494
-0.573962444508904 -0.010538133122171 0.010490638617581 0.021575166369003 -0.122358848783710 0.262617580766339 0.428549612321305 -2.430425625168375 2.531630353118652
-0.573843854936751 -0.011210688006719 0.011867017280240 0.023717914430610 -0.134510976909552 0.275275732531932 0.443579116504722 -2.515662178992351 2.344102178812868
-0.573714175886685 -0.011946134445741 0.013301998497370 0.025935810013133 -0.147089287804514 0.286996243425997 0.458608620683698 -2.600898732825208 2.156574004507639
-0.573573031621102 -0.012746603353085 0.014790894064613 0.028228853116552 -0.160093781468640 0.297779113448535 0.473638124875997 -2.686135286653624 1.969045830202965
-0.573420046402398 -0.013614225642594 0.016329015777611 0.030597043740932 -0.173524457901908 0.307624342599550 0.488667629046091 -2.771371840482040 1.781517655897458
-0.573254844492967 -0.014551132228116 0.017911675432006 0.033040381886162 -0.187381317104318 0.316531930879037 0.503697133238390 -2.856608394312676 1.593989481592784
-0.573077050155205 -0.015559454023495 0.019534184823441 0.035558867552354 -0.201664359075882 0.324501878287001 0.518726637421807 -2.941844948141092 1.406461307288243
-0.572886287651508 -0.016641321942578 0.021191855747558 0.038152500739463 -0.216373583816587 0.331534184823442 0.533756141596342 -3.027081501971729 1.218933132982603
-0.572682181244270 -0.017798866899210 0.022880000000000 0.040821281447445 -0.231508991326446 0.337628850488355 0.548785645788641 -3.112318055800145 1.031404958677651
-0.572464355195888 -0.019034219807237 0.024593929376409 0.043565209676388 -0.247070581605446 0.342785875281743 0.563815149963176 -3.197554609628561 0.843876784372422
-0.572232433768757 -0.020349511580505 0.026328955672427 0.046384285426204 -0.263058354653589 0.347005259203605 0.578844654146593 -3.282791163461418 0.656348610067892
-0.571986041225273 -0.021746873132860 0.028080390683696 0.049278508696937 -0.279472310470896 0.350287002253945 0.593874158334451 -3.368027717289834 0.468820435762518
-0.571724801827830 -0.023228435378147 0.029843546205860 0.052247879488609 -0.296312449057345 0.352631104432757 0.608903662517868 -3.453264271113810 0.281292261457566
-0.571448339838824 -0.024796329230211 0.031613734034560 0.055292397801199 -0.313578770412914 0.354037565740045 0.623933166692403 -3.538500824951107 0.093764087152615
-0.571156279520650 -0.026452685602900 0.033386265965440 0.058412063634661 -0.331271274537670 0.354506386175808 0.638962670884702 -3.623737378777303 -0.093764087152892
-0.570848245135705 -0.028199635410057 0.035156453794140 0.061606876989084 -0.349389961431557 0.354037565740044 0.653992175059237 -3.708973932607940 -0.281292261457011
-0.570523860946383 -0.030039309565530 0.036919609316304 0.064876837864380 -0.367934831094596 0.352631104432759 0.669021679247095 -3.794210486436356 -0.468820435762796
-0.570182751215080 -0.031973838983164 0.038671044327573 0.068221946260616 -0.386905883526778 0.350287002253945 0.684051183430512 -3.879447040262551 -0.656348610068025
-0.569824540204191 -0.034005354576805 0.040406070623591 0.071642202177769 -0.406303118728091 0.347005259203605 0.699080687609488 -3.964683594097629 -0.843876784372144
-0.569448852176112 -0.036135987260298 0.042120000000000 0.075137605615816 -0.426126536698579 0.342785875281744 0.714110191792905 -4.049920147923824 -1.031404958677928
-0.569055311393238 -0.038367867947489 0.043808144252442 0.078708156574780 -0.446376137438198 0.337628850488354 0.729139695976322 -4.135156701752241 -1.218933132982603
-0.568643542117965 -0.040703127552223 0.045465815176559 0.082353855054662 -0.467051920946959 0.331534184823441 0.744169200159739 -4.220393255587318 -1.406461307287832
-0.568213168612688 -0.043143896988348 0.047088324567994 0.086074701055461 -0.488153887224896 0.324501878287002 0.759198704343156 -4.305629809411293 -1.593989481592506
-0.567763815139802 -0.045692307169708 0.048670984222389 0.089870694577177 -0.509682036271952 0.316531930879040 0.774228208526573 -4.390866363239709 -1.781517655898290
-0.567295105961703 -0.048350489010148 0.050209105935387 0.093741835619809 -0.531636368088151 0.307624342599548 0.789257712705549 -4.476102917074787 -1.969045830202687
-0.566806665340786 -0.051120573423516 0.051698001502630 0.097688124183337 -0.554016882673525 0.297779113448535 0.804287216888966 -4.561339470900982 -2.156574004507916
-0.566298117539447 -0.054004691323656 0.053132982719760 0.101709560267782 -0.576823580028030 0.286996243425995 0.819316721076824 -4.646576024729399 -2.344102178812868
-0.565769086820081 -0.057004973624414 0.054509361382419 0.105806143873166 -0.600056460151677 0.275275732531931 0.834346225251359 -4.731812578562256 -2.531630353117820
-0.565219197445084 -0.060123551239637 0.055822449286251 0.109977874999423 -0.623715523044488 0.262617580766342 0.849375729443658 -4.817049132388451 -2.719158527423327
-0.564648073676851 -0.063362555083169 0.057067558226897 0.114224753646641 -0.647800768706430 0.249021788129225 0.864405233618193 -4.902285686219088 -2.906686701727723
-0.564055339777777 -0.066724116068857 0.058240000000000 0.118546779814732 -0.672312197137526 0.234488354620586 0.879434737801610 -4.987522240049724 -3.094214876033230
-0.563440620010259 -0.070210365110546 0.059335086401202 0.122943953503740 -0.697249808337774 0.219017280240420 0.894464241989468 -5.072758793875920 -3.281743050337904
-0.562803538636690 -0.073823433122081 0.060348129226146 0.127416274713688 -0.722613602307154 0.202608564988731 0.909493746172885 -5.157995347710997 -3.469271224643133
-0.562143719919467 -0.077565451017310 0.061274440270473 0.131963743444552 -0.748403579045709 0.185262208865515 0.924523250347420 -5.243231901534973 -3.656799398948363
-0.561460788120986 -0.081438549710077 0.062109331329827 0.136586359696289 -0.774619738553384 0.166978211870773 0.939552754535278 -5.328468455363389 -3.844327573253314
-0.560754367503641 -0.085444860114228 0.062848114199850 0.141284123468965 -0.801262080830201 0.147756574004507 0.954582258723136 -5.413705009198466 -4.031855747557711
-0.560024082329828 -0.089586513143609 0.063486100676183 0.146057034762581 -0.828330605876193 0.127597295266718 0.969611762897671 -5.498941563026882 -4.219383921863495
-0.559269556861943 -0.093865639712065 0.064018602554470 0.150905093577069 -0.855825313691327 0.106500375657401 0.984641267081088 -5.584178116853078 -4.406912096168170
-0.558490415362380 -0.098284370733443 0.064440931630353 0.155828299912475 -0.883746204275593 0.084465815176560 0.999670771264505 -5.669414670685935 -4.594440270473954
-0.557686282093536 -0.102844837121588 0.064748399699474 0.160826653768797 -0.912093277629022 0.061493613824190 1.014700275452363 -5.754651224512131 -4.781968444777518
-0.556856781317806 -0.107549169790346 0.064936318557476 0.165900155146059 -0.940866533751583 0.037583771600302 1.029729779631339 -5.839887778340547 -4.969496619083857
-0.556001537297585 -0.112399499653563 0.065000000000000 0.171048804044216 -0.970065972643286 0.012736288504883 0.076173733298823 -0.432002708781187 -2.547257700976635
-0.555144388934032 -0.117260629584499 0.065000000000000 0.171429672710710 -0.972225986187192 0.000000000000000 -0.866398385279687 4.913589410957542 0.000000000000000
-0.554308900530110 -0.121998919780161 0.065000000000000 0.167097680784312 -0.947658039132404 0.000000000000000 -0.834892989445279 4.734913432378196 0.000000000000000
-0.553494284450925 -0.126618837140013 0.065000000000000 0.162923215837085 -0.923983471970513 0.000000000000000 -0.803387593619753 4.556237453794409 0.000000000000000
-0.552699753061580 -0.131124848563521 0.065000000000000 0.158906277868986 -0.901202284701541 0.000000000000000 -0.771882197789786 4.377561475215064 0.000000000000000
-0.551924518727179 -0.135521420950148 0.065000000000000 0.155046866880038 -0.879314477325466 0.000000000000000 -0.740376801959819 4.198885496637939 0.000000000000000
-0.551167793812828 -0.139813021199360 0.065000000000000 0.151344982870238 -0.858320049842276 0.000000000000000 -0.708871406134293 4.020209518054152 0.000000000000000
-0.550428790683630 -0.144004116210620 0.065000000000000 0.147800625839567 -0.838219002252005 0.000000000000000 -0.677366010308766 3.841533539474806 0.000000000000000
-0.549706721704690 -0.148099172883393 0.065000000000000 0.144413795788023 -0.819011334554631 0.000000000000000 -0.645860614478799 3.662857560897681 0.000000000000000
-0.549000799241112 -0.152102658117144 0.065000000000000 0.141184492715629 -0.800697046750143 0.000000000000000 -0.614355218644391 3.484181582311674 0.000000000000000
-0.548310235658000 -0.156019038811337 0.065000000000000 0.138112716622407 -0.783276138838584 0.000000000000000 -0.582849822827747 3.305505603734549 0.000000000000000
-0.547634243320459 -0.159852781865436 0.065000000000000 0.135198467508268 -0.766748610819912 0.000000000000000 -0.551344426988898 3.126829625157423 0.000000000000000
-0.546972034593592 -0.163608354178907 0.065000000000000 0.132441745373324 -0.751114462694125 0.000000000000000 -0.519839031167812 2.948153646569196 0.000000000000000
-0.546322821842505 -0.167290222651213 0.065000000000000 0.129842550217485 -0.736373694461279 0.000000000000000 -0.488333635333404 2.769477667996512 0.000000000000000
-0.545685817432301 -0.170902854181820 0.065000000000000 0.127400882040818 -0.722526306121296 0.000000000000000 -0.456828239512319 2.590801689412725 0.000000000000000
-0.545060233728084 -0.174450715670191 0.065000000000000 0.125116740843256 -0.709572297674232 0.000000000000000 -0.425322843677911 2.412125710835600 0.000000000000000
-0.544445283094960 -0.177938274015791 0.065000000000000 0.122990126624867 -0.697511669120054 0.000000000000000 -0.393817447852385 2.233449732248483 0.000000000000000
-0.543840177898032 -0.181369996118085 0.065000000000000 0.121021039385605 -0.686344420458812 0.000000000000000 -0.362312052022418 2.054773753673578 0.000000000000000
-0.543244130502404 -0.184750348876537 0.065000000000000 0.119209479125493 -0.676070551690444 0.000000000000000 -0.330806656201332 1.876097775094232 0.000000000000000
-0.542656353273182 -0.188083799190612 0.065000000000000 0.117555445844486 -0.666690062814973 0.000000000000000 -0.299301260362483 1.697421796512666 0.000000000000000
-0.542076058575469 -0.191374813959774 0.065000000000000 0.116058939542674 -0.658202953832410 0.000000000000000 -0.267795864541398 1.518745817932210 0.000000000000000
-0.541502458774369 -0.194627860083488 0.065000000000000 0.114719960219967 -0.650609224742749 0.000000000000000 -0.236290468715872 1.340069839350644 0.000000000000000
-0.540934766234987 -0.197847404461218 0.065000000000000 0.113538507876387 -0.643908875545995 0.000000000000000 -0.204785072877023 1.161393860772408 0.000000000000000
-0.540372193322427 -0.201037913992429 0.065000000000000 0.112514582512002 -0.638101906242133 0.000000000000000 -0.173279677055937 0.982717882190842 0.000000000000000
-0.539813952401793 -0.204203855576585 0.065000000000000 0.111648184126723 -0.633188316831179 0.000000000000000 -0.141774281230411 0.804041903610386 0.000000000000000
-0.539259255838190 -0.207349696113150 0.065000000000000 0.110939312720570 -0.629168107313127 0.000000000000000 -0.110268885396003 0.625365925029930 0.000000000000000
-0.538707315996723 -0.210479902501590 0.065000000000000 0.110387968293590 -0.626041277687978 0.000000000000000 -0.078763489570477 0.446689946452805 0.000000000000000
-0.538157345242494 -0.213598941641369 0.065000000000000 0.109994150845738 -0.623807827955714 0.000000000000000 -0.047258093740510 0.268013967869019 0.000000000000000
-0.537608555940609 -0.216711280431951 0.065000000000000 0.109757860377035 -0.622467758116368 0.000000000000000 -0.015752697914984 0.089337989291893 0.000000000000000
-0.537060160456171 -0.219821385772800 0.065000000000000 0.109679096887461 -0.622021068169909 0.000000000000000 0.015752697910543 -0.089337989290783 0.000000000000000
-0.536511371154286 -0.222933724563382 0.065000000000000 0.109757860377013 -0.622467758116363 0.000000000000000 0.047258093744951 -0.268013967872349 0.000000000000000
-0.535961400400058 -0.226052763703160 0.065000000000000 0.109994150845738 -0.623807827955725 0.000000000000000 0.078763489570477 -0.446689946448364 0.000000000000000
-0.535409460558590 -0.229182970091600 0.065000000000000 0.110387968293590 -0.626041277687966 0.000000000000000 0.110268885400444 -0.625365925032151 0.000000000000000
-0.534854763994987 -0.232328810628166 0.065000000000000 0.110939312720593 -0.629168107313127 0.000000000000000 0.141774281221529 -0.804041903610386 0.000000000000000
-0.534296523074353 -0.235494752212322 0.065000000000000 0.111648184126700 -0.633188316831179 0.000000000000000 0.173279677060378 -0.982717882191952 0.000000000000000
-0.533733950161793 -0.238685261743533 0.065000000000000 0.112514582512002 -0.638101906242139 0.000000000000000 0.204785072881464 -1.161393860770188 0.000000000000000
-0.533166257622411 -0.241904806121263 0.065000000000000 0.113538507876410 -0.643908875545990 0.000000000000000 0.236290468711431 -1.340069839352864 0.000000000000000
-0.532592657821311 -0.245157852244976 0.065000000000000 0.114719960219967 -0.650609224742754 0.000000000000000 0.267795864536957 -1.518745817932210 0.000000000000000
-0.532012363123598 -0.248448867014138 0.065000000000000 0.116058939542651 -0.658202953832415 0.000000000000000 0.299301260371365 -1.697421796511556 0.000000000000000
-0.531424585894375 -0.251782317328213 0.065000000000000 0.117555445844508 -0.666690062814973 0.000000000000000 0.330806656192451 -1.876097775092012 0.000000000000000
-0.530828538498748 -0.255162670086665 0.065000000000000 0.119209479125471 -0.676070551690433 0.000000000000000 0.362312052026859 -2.054773753674688 0.000000000000000
-0.530223433301820 -0.258594392188959 0.065000000000000 0.121021039385605 -0.686344420458807 0.000000000000000 0.393817447852385 -2.233449732247372 0.000000000000000
-0.529608482668696 -0.262081950534560 0.065000000000000 0.122990126624867 -0.697511669120043 0.000000000000000 0.425322843677911 -2.412125710842261 0.000000000000000
-0.528982898964479 -0.265629812022931 0.065000000000000 0.125116740843256 -0.709572297674255 0.000000000000000 0.456828239512319 -2.590801689406064 0.000000000000000
-0.528345894554275 -0.269242443553537 0.065000000000000 0.127400882040818 -0.722526306121285 0.000000000000000 0.488333635333404 -2.769477667998732 0.000000000000000
-0.527696681803188 -0.272924312025844 0.065000000000000 0.129842550217485 -0.736373694461279 0.000000000000000 0.519839031167812 -2.948153646569196 0.000000000000000
-0.527034473076321 -0.276679884339314 0.065000000000000 0.132441745373324 -0.751114462694125 0.000000000000000 0.551344426993339 -3.126829625157423 0.000000000000000
-0.526358480738780 -0.280513627393414 0.065000000000000 0.135198467508291 -0.766748610819912 0.000000000000000 0.582849822818865 -3.305505603736769 0.000000000000000
-0.525667917155668 -0.284430008087607 0.065000000000000 0.138112716622385 -0.783276138838596 0.000000000000000 0.614355218653273 -3.484181582309454 0.000000000000000
-0.524961994692090 -0.288433493321358 0.065000000000000 0.141184492715651 -0.800697046750143 0.000000000000000 0.645860614474358 -3.662857560895461 0.000000000000000
-0.524239925713150 -0.292528549994131 0.065000000000000 0.144413795788023 -0.819011334554620 0.000000000000000 0.677366010304326 -3.841533539477027 0.000000000000000
-0.523500922583952 -0.296719645005391 0.065000000000000 0.147800625839545 -0.838219002252005 0.000000000000000 0.708871406138734 -4.020209518054152 0.000000000000000
-0.522744197669601 -0.301011245254602 0.065000000000000 0.151344982870238 -0.858320049842276 0.000000000000000 0.740376801959819 -4.198885496637939 0.000000000000000
-0.521968963335200 -0.305407817641229 0.065000000000000 0.155046866880038 -0.879314477325466 0.000000000000000 0.771882197789786 -4.377561475215064 0.000000000000000
-0.521174431945856 -0.309913829064737 0.065000000000000 0.158906277868986 -0.901202284701541 0.000000000000000 0.803387593619753 -4.556237453794409 0.000000000000000
-0.520359815866670 -0.314533746424590 0.065000000000000 0.162923215837085 -0.923983471970513 0.000000000000000 0.834892989449720 -4.734913432378196 0.000000000000000
-0.519524327462748 -0.319272036620252 0.065000000000000 0.167097680784334 -0.947658039132404 0.000000000000000 0.866398385270806 -4.913589410955321 0.000000000000000
-0.518667179099195 -0.324133166551188 0.065000000000000 0.171429672710688 -0.972225986187181 0.000000000000000 -0.076173733294382 0.432002708774526 -2.547257700977745
-0.517811935078974 -0.328983496414404 0.064936318557476 0.171048804044216 -0.970065972643308 -0.012736288504889 -1.029729779631339 5.839887778344988 -4.969496619081637
-0.516982434303244 -0.333687829083162 0.064748399699474 0.165900155146059 -0.940866533751583 -0.037583771600297 -1.014700275452363 5.754651224516572 -4.781968444779183
-0.516178301034400 -0.338248295471307 0.064440931630353 0.160826653768797 -0.912093277629000 -0.061493613824193 -0.999670771260064 5.669414670679274 -4.594440270473399
-0.515399159534837 -0.342667026492685 0.064018602554470 0.155828299912497 -0.883746204275604 -0.084465815176560 -0.984641267085529 5.584178116855298 -4.406912096168170
-0.514644634066952 -0.346946153061142 0.063486100676183 0.150905093577069 -0.855825313691327 -0.106500375657401 -0.969611762902112 5.498941563026882 -4.219383921863495
-0.513914348893139 -0.351087806090523 0.062848114199850 0.146057034762559 -0.828330605876193 -0.127597295266718 -0.954582258718695 5.413705009196246 -4.031855747557711
-0.513207928275794 -0.355094116494674 0.062109331329827 0.141284123468965 -0.801262080830212 -0.147756574004507 -0.939552754530837 5.328468455365609 -3.844327573253592
-0.512524996477313 -0.358967215187441 0.061274440270473 0.136586359696311 -0.774619738553384 -0.166978211870775 -0.924523250356302 5.243231901534973 -3.656799398947252
-0.511865177760090 -0.362709233082669 0.060348129226146 0.131963743444530 -0.748403579045709 -0.185262208865511 -0.909493746168444 5.157995347710997 -3.469271224643689
-0.511228096386522 -0.366322301094205 0.059335086401202 0.127416274713688 -0.722613602307154 -0.202608564988729 -0.894464241985027 5.072758793878140 -3.281743050339014
-0.510613376619003 -0.369808550135894 0.058240000000000 0.122943953503762 -0.697249808337763 -0.219017280240424 -0.879434737806051 4.987522240045283 -3.094214876032120
-0.510020642719929 -0.373170111121581 0.057067558226897 0.118546779814732 -0.672312197137537 -0.234488354620585 -0.864405233622634 4.902285686221308 -2.906686701728278
-0.509449518951696 -0.376409114965114 0.055822449286251 0.114224753646619 -0.647800768706430 -0.249021788129226 -0.849375729434776 4.817049132388451 -2.719158527422494
-0.508899629576699 -0.379527692580336 0.054509361382419 0.109977874999445 -0.623715523044488 -0.262617580766339 -0.834346225260241 4.731812578562256 -2.531630353118652
-0.508370598857333 -0.382527974881094 0.053132982719760 0.105806143873144 -0.600056460151677 -0.275275732531932 -0.819316721067942 4.646576024729399 -2.344102178812868
-0.507862051055994 -0.385412092781235 0.051698001502630 0.101709560267804 -0.576823580028030 -0.286996243425997 -0.804287216893407 4.561339470900982 -2.156574004507639
-0.507373610435077 -0.388182177194602 0.050209105935387 0.097688124183337 -0.554016882673525 -0.297779113448535 -0.789257712709990 4.476102917072566 -1.969045830202965
-0.506904901256978 -0.390840359035043 0.048670984222389 0.093741835619787 -0.531636368088162 -0.307624342599550 -0.774228208522132 4.390866363241930 -1.781517655897458
-0.506455547784093 -0.393388769216403 0.047088324567994 0.089870694577177 -0.509682036271952 -0.316531930879037 -0.759198704343156 4.305629809415734 -1.593989481592784
-0.506025174278815 -0.395829538652527 0.045465815176559 0.086074701055461 -0.488153887224874 -0.324501878287001 -0.744169200159739 4.220393255580657 -1.406461307288387
-0.505613405003542 -0.398164798257262 0.043808144252442 0.082353855054662 -0.467051920946970 -0.331534184823443 -0.729139695971881 4.135156701754461 -1.218933132982325
-0.505219864220668 -0.400396678944453 0.042120000000000 0.078708156574803 -0.446376137438198 -0.337628850488354 -0.714110191797346 4.049920147926045 -1.031404958677928
-0.504844176192589 -0.402527311627946 0.040406070623591 0.075137605615816 -0.426126536698568 -0.342785875281744 -0.699080687613929 3.964683594093188 -0.843876784372144
-0.504485965181700 -0.404558827221586 0.038671044327573 0.071642202177746 -0.406303118728102 -0.347005259203605 -0.684051183426071 3.879447040264772 -0.656348610068025
-0.504144855450397 -0.406493356639220 0.036919609316304 0.068221946260616 -0.386905883526778 -0.350287002253945 -0.669021679242654 3.794210486438576 -0.468820435762518
-0.503820471261075 -0.408333030794693 0.035156453794140 0.064876837864403 -0.367934831094585 -0.352631104432757 -0.653992175068119 3.708973932605719 -0.281292261457566
-0.503512436876130 -0.410079980601851 0.033386265965440 0.061606876989062 -0.349389961431557 -0.354037565740045 -0.638962670875820 3.623737378779524 -0.093764087152615
-0.503220376557956 -0.411736336974539 0.031613734034560 0.058412063634683 -0.331271274537659 -0.354506386175808 -0.623933166701285 3.538500824942226 0.093764087152759
-0.502943914568950 -0.413304230826604 0.029843546205860 0.055292397801177 -0.313578770412948 -0.354037565740044 -0.608903662513427 3.453264271122691 0.281292261457289
-0.502682675171507 -0.414785793071891 0.028080390683696 0.052247879488609 -0.296312449057334 -0.352631104432758 -0.593874158330010 3.368027717289834 0.468820435762796
-0.502436282628023 -0.416183154624245 0.026328955672427 0.049278508696959 -0.279472310470885 -0.350287002253944 -0.578844654151034 3.282791163456977 0.656348610067747
-0.502204361200892 -0.417498446397513 0.024593929376409 0.046384285426204 -0.263058354653600 -0.347005259203605 -0.563815149967617 3.197554609630782 0.843876784372277
-0.501986535152510 -0.418733799305540 0.022880000000000 0.043565209676366 -0.247070581605446 -0.342785875281744 -0.548785645784200 3.112318055797925 1.031404958677928
-0.501782428745272 -0.419891344262173 0.021191855747558 0.040821281447445 -0.231508991326457 -0.337628850488354 -0.533756141596342 3.027081501976170 1.218933132982603
-0.501591666241575 -0.420973212181255 0.019534184823441 0.038152500739463 -0.216373583816576 -0.331534184823441 -0.518726637421807 2.941844948141092 1.406461307287832
-0.501413871903813 -0.421981533976635 0.017911675432006 0.035558867552354 -0.201664359075870 -0.324501878287002 -0.503697133233949 2.856608394308235 1.593989481592784
-0.501248669994382 -0.422918440562156 0.016329015777611 0.033040381886185 -0.187381317104329 -0.316531930879038 -0.488667629054973 2.771371840484260 1.781517655897802
-0.501095684775678 -0.423786062851666 0.014790894064613 0.030597043740910 -0.173524457901908 -0.307624342599549 -0.473638124867115 2.686135286655844 1.969045830202831
-0.500954540510095 -0.424586531759009 0.013301998497370 0.028228853116574 -0.160093781468629 -0.297779113448535 -0.458608620692580 2.600898732820767 2.156574004507983
-0.500824861460029 -0.425321978198032 0.011867017280240 0.025935810013111 -0.147089287804525 -0.286996243425995 -0.443579116500281 2.515662178996791 2.344102178812801
-0.500706271887876 -0.425994533082580 0.010490638617581 0.023717914430610 -0.134510976909541 -0.275275732531931 -0.428549612321305 2.430425625161714 2.531630353118031
-0.500598396056031 -0.426606327326498 0.009177550713749 0.021575166369003 -0.122358848783732 -0.262617580766341 -0.413520108142329 2.345189071337739 2.719158527422905
-0.500500858226890 -0.427159491843633 0.007932441773103 0.019507565828292 -0.110632903427044 -0.249021788129226 -0.398490603954471 2.259952517507102 2.906686701728106
-0.500413282662847 -0.427656157547831 0.006760000000000 0.017515112808519 -0.099333140839508 -0.234488354620586 -0.383461099771054 2.174715963672025 3.094214876033058
-0.500335293626299 -0.428098455352937 0.005664913598798 0.015597807309664 -0.088459561021148 -0.219017280240421 -0.368431595592078 2.089479409852490 3.281743050338076
-0.500266515379641 -0.428488516172796 0.004651870773854 0.013755649331704 -0.078012163971886 -0.202608564988730 -0.353402091408661 2.004242856015193 3.469271224643100
-0.500206572185267 -0.428828470921255 0.003725559729527 0.011988638874660 -0.067990949691810 -0.185262208865515 -0.338372587229685 1.919006302186776 3.656799398948168
-0.500155088305575 -0.429120450512160 0.002890668670173 0.010296775938512 -0.058395918180876 -0.166978211870774 -0.323343083037386 1.833769748362801 3.844327573253209
-0.500111688002958 -0.429366585859355 0.002151885800150 0.008680060523325 -0.049227069439062 -0.147756574004508 -0.308313578862851 1.748533194527724 4.031855747558216
-0.500075995539813 -0.429569007876687 0.001513899323817 0.007138492629011 -0.040484403466423 -0.127597295266717 -0.293284074674993 1.663296640697087 4.219383921863262
-0.500047635178535 -0.429729847478002 0.000981397445530 0.005672072255636 -0.032167920262938 -0.106500375657400 -0.278254570491576 1.578060086870892 4.406912096168295
-0.500026231181519 -0.429851235577145 0.000559068369647 0.004280799403178 -0.024277619828583 -0.084465815176559 -0.263225066317041 1.492823533042476 4.594440270473330
-0.500011407811161 -0.429935303087961 0.000251600300526 0.002964674071593 -0.016813502163371 -0.061493613824192 -0.248195562124742 1.407586979211839 4.781968444778359
