-0.500003379452094 -0.429980834174778 0.000050583709377 -0.000675890418811 0.003833165044320 0.010116741875358 -0.765832765532437 4.343253440008965 11.294345333847460
-0.500025904723326 -0.429853087013557 0.000383526052100 -0.004505054246473 0.025549432244365 0.066588468544595 -1.411107449227345 8.002788022325458 20.345032840432285
-0.500083707680789 -0.429525270151777 0.001225094215834 -0.011560591492610 0.065563372355992 0.168313632746756 -1.932622195313094 10.960445120498097 27.114034420987352
-0.500189826193135 -0.428923442161984 0.002744513240092 -0.021223702469175 0.120365597958483 0.303883804851693 -2.338910770647296 13.264622131270443 31.783884949594974
-0.500354417474747 -0.427989998618910 0.005058529388090 -0.032918256322412 0.186688708614835 0.462803229599668 -2.638506942038710 14.963716451317222 34.537119300337537
-0.500584971429910 -0.426682462164553 0.008235973518597 -0.046110791032605 0.261507290871421 0.635488826101356 -2.839944476336065 16.106125477357569 35.556272347297543
-0.500886523996982 -0.424972272573262 0.012302324457786 -0.060310513414286 0.342037918258209 0.813270187837843 -2.951757140365885 16.740246606095077 35.023878964557319
-0.501261870492562 -0.422843576816818 0.017244272371089 -0.075069299116115 0.425739151288684 0.988389582660630 -2.982478700976898 16.914477234240000 33.122474026199164
-0.501711778955667 -0.420292019129519 0.023014282135048 -0.089981692621000 0.510311537459884 1.154001952791626 -2.940642924991188 16.677214758482606 30.034592406305283
-0.502235203491897 -0.417323531073258 0.029535156709163 -0.104684907245955 0.593697611252297 1.304174914823152 -2.834783579244160 16.076856575535370 25.942768978958863
-0.502829497617608 -0.413953121602608 0.036704600507753 -0.118858825142176 0.674081894129974 1.433888759717947 -2.673434430584543 15.161800082121868 21.029538618240771
-0.503490627604084 -0.410203667129905 0.044399782771799 -0.132225997295099 0.749890894540584 1.539036452809150 -2.465129245838860 13.980442674921267 15.477436198235983
-0.504213385821705 -0.406104701590329 0.052481900940801 -0.144551643524293 0.819793107915190 1.616423633800330 -2.218401791838076 12.581181750648263 9.468996593023915
-0.504991604084122 -0.401691206506987 0.060800744024628 -0.155643652483484 0.882699016668431 1.663768616765450 -1.941785835422039 11.012414706013107 3.186754676687542
-0.505818366992425 -0.397002401055994 0.069199255975372 -0.165352581660594 0.937761090198497 1.679702390148888 -1.643815143421712 9.322538937719393 -3.186754676688386
-0.506686225279314 -0.392080532131559 0.077518099059199 -0.173571657377702 0.984373784887094 1.663768616765446 -1.333023482681384 7.559951842464052 -9.468996593022805
-0.507587409153269 -0.386969664411062 0.085600217228201 -0.180236774791109 1.022173544099414 1.616423633800332 -1.017944620036459 5.773050816966219 -15.477436198236827
-0.508514041642726 -0.381714470420140 0.093295399492247 -0.185326497891292 1.051038798184245 1.539036452809148 -0.707112322300141 4.010233257913942 -21.029538618241304
-0.509458351940240 -0.376359020597771 0.100464843290837 -0.188862059502792 1.071089964473815 1.433888759717941 -0.409060356343360 2.319896562044121 -25.942768978957620
-0.510412888746662 -0.370945573361351 0.106985717864952 -0.190907361284509 1.082689447284035 1.304174914823153 -0.132322488970438 0.750438126011499 -30.034592406307237
-0.511370733615309 -0.365513365171781 0.112755727628910 -0.191568973729361 1.086441637914093 1.154001952791617 0.114567512974340 -0.649744653427042 -33.122474026195945
-0.512325714296132 -0.360097400598546 0.117697675542214 -0.190996136164490 1.083192914646958 0.988389582660637 0.323075882642243 -1.832254379596776 -35.023878964556275
-0.513272618079888 -0.354727242384801 0.121764026481403 -0.189380756751278 1.074031642748974 0.813270187837856 0.484668853215631 -2.748693655780787 -35.556272347306852
-0.514207405142314 -0.349425801512451 0.124941470611909 -0.186957412485200 1.060288174470070 0.635488826101321 0.590812657850215 -3.350665085277704 -34.537119300331874
-0.515127421888294 -0.344208127267232 0.127255486759908 -0.184003349195949 1.043534849043681 0.462803229599662 0.632973529719472 -3.589771271383935 -31.783884949594388
-0.516031614296031 -0.339080197303798 0.128774905784166 -0.180838481547352 1.025585992686762 0.303883804851690 0.602617701974673 -3.417614817389225 -27.114034420978594
-0.516920741261218 -0.334037707710799 0.129616473947900 -0.177825393037478 1.008497918599816 0.168313632746797 0.491211407793735 -2.785798326589983 -20.345032840445310
-0.517797587941211 -0.329064863075965 0.129949416290623 -0.175369335998510 0.994568926966866 0.066588468544571 0.290220880323488 -1.645924402280396 -11.294345333840994
-0.518667179099195 -0.324133166551188 0.130000000000000 -0.173918231596892 0.986339304955464 0.010116741875366 -0.135178083762177 0.766633008868478 -8.993703863199309
-0.519540149709274 -0.319182304201189 0.129825741112797 -0.174594122015703 0.990172469999806 -0.034851777440631 -1.056053645855926 5.989177842287141 -13.284677518555776
-0.520439521660498 -0.314081712405132 0.129319365287630 -0.179874390244983 1.020118359211242 -0.101275165033410 -1.902318857021079 10.788586348911000 -12.300627331995884
-0.521386451583149 -0.308711405950354 0.128505473779163 -0.189385984530088 1.074061290955797 -0.162778301693389 -2.535239897287767 14.378059937891763 -11.316577145433770
-0.522396762503232 -0.302981647997127 0.127408667842060 -0.202062184016527 1.145951590645256 -0.219361187420558 -2.971884300366767 16.854393402647716 -10.332526958876098
-0.523481370530823 -0.296830530208835 0.126053548730985 -0.216921605518361 1.230223557658494 -0.271023822214939 -3.229319599888925 18.314381536601587 -9.348476772313429
-0.524646711548412 -0.290221552882127 0.124464717700603 -0.233068203517806 1.321795465341502 -0.317766206076506 -3.324613329551696 18.854819133138356 -8.364426585756313
-0.525895167899240 -0.283141205077091 0.122666776005576 -0.249691270165564 1.416069561007194 -0.359588339005287 -3.274833023008128 18.572500985691853 -7.380376399196975
-0.527225495075643 -0.275596544747413 0.120684324900570 -0.266065435280605 1.508932065935653 -0.396490221001272 -3.097046213951238 17.564221887660381 -6.396326212636527
-0.528633248407395 -0.267612778870543 0.118541965640248 -0.281550666350361 1.596753175373955 -0.428471852064455 -2.808320436016309 15.926776632471107 -5.412276026077745
-0.530111209750047 -0.259230843577862 0.116264299479273 -0.295592268530442 1.676387058536311 -0.455533232194844 -2.425723222909681 13.756960013504571 -4.428225839517297
-0.531649814173272 -0.250504984284843 0.113875927672311 -0.307720884644991 1.745171858603833 -0.477674361392430 -1.966322108279961 11.151566824199044 -3.444175652958514
-0.533237576649204 -0.241500335821218 0.111401451474025 -0.317552495186391 1.800929692724829 -0.494895239657223 -1.447184625806841 8.207391857955049 -2.460125466398622
-0.534861518740781 -0.232290502561145 0.108865472139079 -0.324788418315425 1.841966652014604 -0.507195866989216 -0.885378309147811 5.021229908183100 -1.476075279839839
-0.536507595290087 -0.222955138553368 0.106292590922137 -0.329215309861164 1.867072801555519 -0.514576243388415 -0.297970692000327 1.689875768297044 -0.492025093279391
-0.538161121106693 -0.213577527651383 0.103707409077863 -0.330705163321166 1.875522180397005 -0.517036368854812 0.297970691995886 -1.689875768297044 0.492025093279946
-0.539807197655999 -0.204242163643605 0.101134527860921 -0.329215309861186 1.867072801555519 -0.514576243388412 0.885378309156692 -5.021229908185321 1.476075279838729
-0.541431139747576 -0.195032330383532 0.098598548525975 -0.324788418315403 1.841966652014593 -0.507195866989218 1.447184625797959 -8.207391857953938 2.460125466399732
-0.543018902223508 -0.186027681919908 0.096124072327689 -0.317552495186413 1.800929692724823 -0.494895239657220 1.966322108284402 -11.151566824196824 3.444175652957404
-0.544557506646733 -0.177301822626889 0.093735700520727 -0.307720884644991 1.745171858603839 -0.477674361392433 2.425723222909681 -13.756960013510122 4.428225839518407
-0.546035467989385 -0.168919887334207 0.091458034359752 -0.295592268530442 1.676387058536288 -0.455533232194841 2.808320436020750 -15.926776632464446 5.412276026076634
-0.547443221321137 -0.160936121457338 0.089315675099430 -0.281550666350339 1.596753175373966 -0.428471852064458 3.097046213942356 -17.564221887662601 6.396326212637637
-0.548773548497540 -0.153391461127659 0.087333223994424 -0.266065435280627 1.508932065935653 -0.396490221001269 3.274833023012569 -18.572500985691853 7.380376399195310
-0.550022004848368 -0.146311113322623 0.085535282299397 -0.249691270165564 1.416069561007194 -0.359588339005293 3.324613329551696 -18.854819133140577 8.364426585756867
-0.551187345865957 -0.139702135995916 0.083946451269015 -0.233068203517806 1.321795465341491 -0.317766206076509 3.229319599893365 -18.314381536597146 9.348476772315095
-0.552271953893548 -0.133551018207623 0.082591332157940 -0.216921605518339 1.230223557658505 -0.271023822214933 2.971884300357885 -16.854393402645496 10.332526958875542
-0.553282264813631 -0.127821260254397 0.081494526220837 -0.202062184016549 1.145951590645278 -0.219361187420555 2.535239897296648 -14.378059937902865 11.316577145432660
-0.554229194736282 -0.122450953799618 0.080680634712370 -0.189385984530066 1.074061290955763 -0.162778301693392 1.902318857012197 -10.788586348902118 12.300627331996438
-0.555128566687507 -0.117350362003562 0.080174258887203 -0.179874390245005 1.020118359211253 -0.101275165033410 1.056053645860366 -5.989177842291582 13.284677518551335
-0.556001537297585 -0.112399499653563 0.080000000000000 -0.174594122015703 0.990172469999795 -0.034851777440653 0.135178083766618 -0.766633008864037 5.725218026548240
-0.556871128455569 -0.107467803128786 0.079968871563460 -0.173918231596870 0.986339304955475 -0.006225687307912 -0.290220880332370 1.645924402278176 -6.950366359290139
-0.557747975135562 -0.102494958493951 0.079763983967939 -0.175369335998532 0.994568926966866 -0.040977519104363 -0.491211407789294 2.785798326592204 -12.520020209497718
-0.558637102100749 -0.097452468900952 0.079246095867179 -0.177825393037478 1.008497918599827 -0.103577620151851 -0.602617701974673 3.417614817384784 -16.685559643684343
-0.559541294508486 -0.092324538937518 0.078311068775328 -0.180838481547352 1.025585992686751 -0.187005418370273 -0.632973529715031 3.589771271386155 -19.559313815135649
-0.560461311254466 -0.087106864692300 0.076887058838098 -0.184003349195927 1.043534849043681 -0.284801987445951 -0.590812657854656 3.350665085275484 -21.253611877130595
-0.561396098316892 -0.081805423819950 0.074931708603940 -0.186957412485200 1.060288174470059 -0.391070046831604 -0.484668853215631 2.748693655785228 -21.880782982952041
-0.562343002100648 -0.076435265606205 0.072429338795208 -0.189380756751278 1.074031642748985 -0.500473961746364 -0.323075882646684 1.832254379596776 -21.553156285881169
-0.563297982781471 -0.071019301032970 0.069388140079330 -0.190996136164512 1.083192914646969 -0.608239743175770 -0.114567512965458 0.649744653427042 -20.383060939200281
-0.564255827650118 -0.065587092843399 0.065837364839971 -0.191568973729339 1.086441637914104 -0.710155047871772 0.132322488965997 -0.750438126020381 -18.482826096187232
-0.565210364456540 -0.060173645606979 0.061824518948207 -0.190907361284509 1.082689447284002 -0.802569178352708 0.409060356338919 -2.319896562033019 -15.964780910128761
-0.566154674754054 -0.054818195784610 0.057412553533690 -0.188862059502815 1.071089964473837 -0.882393082903352 0.707112322304582 -4.010233257920603 -12.941254534302725
-0.567081307243511 -0.049563001793689 0.052677056755816 -0.185326497891292 1.051038798184234 -0.947099355574865 1.017944620036459 -5.773050816961778 -9.524576121990869
-0.567982491117466 -0.044452134073192 0.047703445574892 -0.180236774791109 1.022173544099425 -0.994722236184820 1.333023482681384 -7.559951842466273 -5.827074826475753
-0.568850349404355 -0.039530265148756 0.042584157523306 -0.173571657377702 0.984373784887094 -1.023857610317198 1.643815143421712 -9.322538937719393 -1.961079801039434
-0.569677112312658 -0.034841459697764 0.037415842476694 -0.165352581660594 0.937761090198497 -1.033663009322396 1.941785835426479 -11.012414706013107 1.961079801039700
-0.570455330575075 -0.030427964614422 0.032296554425108 -0.155643652483461 0.882699016668431 -1.023857610317197 2.218401791833635 -12.581181750648263 5.827074826475220
-0.571178088792696 -0.026328999074846 0.027322943244184 -0.144551643524293 0.819793107915190 -0.994722236184821 2.465129245834419 -13.980442674923488 9.524576121990869
-0.571839218779172 -0.022579544602143 0.022587446466310 -0.132225997295121 0.749890894540572 -0.947099355574867 2.673434430588983 -15.161800082115207 12.941254534303281
-0.572433512904883 -0.019209135131493 0.018175481051793 -0.118858825142176 0.674081894129996 -0.882393082903350 2.834783579248601 -16.076856575542031 15.964780910128207
-0.572956937441113 -0.016240647075232 0.014162635160029 -0.104684907245933 0.593697611252286 -0.802569178352709 2.940642924986747 -16.677214758484826 18.482826096189164
-0.573406845904218 -0.013689089387932 0.010611859920670 -0.089981692621000 0.510311537459862 -0.710155047871763 2.982478700976898 -16.914477234231118 20.383060939196394
-0.573782192399798 -0.011560393631489 0.007570661204792 -0.075069299116115 0.425739151288707 -0.608239743175781 2.951757140365885 -16.740246606099518 21.553156285885056
-0.574083744966870 -0.009850204040198 0.005068291396060 -0.060310513414286 0.342037918258209 -0.500473961746356 2.839944476336065 -16.106125477359789 21.880782982949263
-0.574314298922033 -0.008542667585841 0.003112941161902 -0.046110791032605 0.261507290871410 -0.391070046831610 2.638506942038710 -14.963716451315001 21.253611877130041
-0.574478890203645 -0.007609224042766 0.001688931224672 -0.032918256322412 0.186688708614835 -0.284801987445960 2.338910770642855 -13.264622131270443 19.559313815135091
-0.574585008715991 -0.007007396052974 0.000753904132821 -0.021223702469197 0.120365597958483 -0.187005418370284 1.932622195321976 -10.960445120502538 16.685559643691004
-0.574642811673454 -0.006679579191194 0.000236016032061 -0.011560591492588 0.065563372355970 -0.103577620151829 1.411107449222904 -8.002788022316576 12.520020209487726
-0.574665336944686 -0.006551832029972 0.000031128436539 -0.004505054246473 0.025549432244387 -0.040977519104390 0.765832765527996 -4.343253440015626 6.950366359297355
-0.574668716396780 -0.006532666204751 -0.000000000000000 -0.000675890418833 0.003833165044309 -0.006225687307904 0.135178083766618 -0.766633008861817 1.245137461585166
-0.574668716396780 -0.006532666204751 0.000000000000000 0.000000000000000 0.000000000000000 0.000000000000022 0.135178083766618 -0.766633008861817 2.023348375067087
-0.574665336944686 -0.006551832029972 0.000050583709377 0.000675890418833 -0.003833165044309 0.010116741875358 0.765832765527996 -4.343253440015626 11.294345333847460
-0.574642811673454 -0.006679579191194 0.000383526052100 0.004505054246473 -0.025549432244387 0.066588468544595 1.411107449222904 -8.002788022316576 20.345032840432285
-0.574585008715991 -0.007007396052974 0.001225094215834 0.011560591492588 -0.065563372355970 0.168313632746756 1.932622195321976 -10.960445120502538 27.114034420987352
-0.574478890203645 -0.007609224042766 0.002744513240092 0.021223702469197 -0.120365597958483 0.303883804851693 2.338910770642855 -13.264622131270443 31.783884949594974
-0.574314298922033 -0.008542667585841 0.005058529388090 0.032918256322412 -0.186688708614835 0.462803229599668 2.638506942038710 -14.963716451315001 34.537119300337537
-0.574083744966870 -0.009850204040198 0.008235973518597 0.046110791032605 -0.261507290871410 0.635488826101356 2.839944476336065 -16.106125477359789 35.556272347297543
-0.573782192399798 -0.011560393631489 0.012302324457786 0.060310513414286 -0.342037918258209 0.813270187837843 2.951757140365885 -16.740246606099518 35.023878964557319
-0.573406845904218 -0.013689089387932 0.017244272371089 0.075069299116115 -0.425739151288707 0.988389582660630 2.982478700976898 -16.914477234231118 33.122474026199164
-0.572956937441113 -0.016240647075232 0.023014282135048 0.089981692621000 -0.510311537459862 1.154001952791626 2.940642924986747 -16.677214758484826 30.034592406305283
-0.572433512904883 -0.019209135131493 0.029535156709163 0.104684907245933 -0.593697611252286 1.304174914823152 2.834783579248601 -16.076856575542031 25.942768978958863
-0.571839218779172 -0.022579544602143 0.036704600507753 0.118858825142176 -0.674081894129996 1.433888759717947 2.673434430588983 -15.161800082115207 21.029538618240771
-0.571178088792696 -0.026328999074846 0.044399782771799 0.132225997295121 -0.749890894540572 1.539036452809150 2.465129245834419 -13.980442674923488 15.477436198235983
-0.570455330575075 -0.030427964614422 0.052481900940801 0.144551643524293 -0.819793107915190 1.616423633800330 2.218401791833635 -12.581181750648263 9.468996593023915
-0.569677112312658 -0.034841459697764 0.060800744024628 0.155643652483461 -0.882699016668431 1.663768616765450 1.941785835426479 -11.012414706013107 3.186754676687542
-0.568850349404355 -0.039530265148756 0.069199255975372 0.165352581660594 -0.937761090198497 1.679702390148888 1.643815143421712 -9.322538937719393 -3.186754676688386
-0.567982491117466 -0.044452134073192 0.077518099059199 0.173571657377702 -0.984373784887094 1.663768616765446 1.333023482681384 -7.559951842466273 -9.468996593022805
-0.567081307243511 -0.049563001793689 0.085600217228201 0.180236774791109 -1.022173544099425 1.616423633800332 1.017944620036459 -5.773050816961778 -15.477436198236827
-0.566154674754054 -0.054818195784610 0.093295399492247 0.185326497891292 -1.051038798184234 1.539036452809148 0.707112322304582 -4.010233257920603 -21.029538618241304
-0.565210364456540 -0.060173645606979 0.100464843290837 0.188862059502815 -1.071089964473837 1.433888759717941 0.409060356338919 -2.319896562033019 -25.942768978957620
-0.564255827650118 -0.065587092843399 0.106985717864952 0.190907361284509 -1.082689447284002 1.304174914823153 0.132322488965997 -0.750438126020381 -30.034592406307237
-0.563297982781471 -0.071019301032970 0.112755727628910 0.191568973729339 -1.086441637914104 1.154001952791617 -0.114567512965458 0.649744653427042 -33.122474026195945
-0.562343002100648 -0.076435265606205 0.117697675542214 0.190996136164512 -1.083192914646969 0.988389582660637 -0.323075882646684 1.832254379596776 -35.023878964556275
-0.561396098316892 -0.081805423819950 0.121764026481403 0.189380756751278 -1.074031642748985 0.813270187837856 -0.484668853215631 2.748693655785228 -35.556272347306852
-0.560461311254466 -0.087106864692300 0.124941470611909 0.186957412485200 -1.060288174470059 0.635488826101321 -0.590812657854656 3.350665085275484 -34.537119300331874
-0.559541294508486 -0.092324538937518 0.127255486759908 0.184003349195927 -1.043534849043681 0.462803229599662 -0.632973529715031 3.589771271386155 -31.783884949594388
-0.558637102100749 -0.097452468900952 0.128774905784166 0.180838481547352 -1.025585992686751 0.303883804851690 -0.602617701974673 3.417614817384784 -27.114034420978594
-0.557747975135562 -0.102494958493951 0.129616473947900 0.177825393037478 -1.008497918599827 0.168313632746797 -0.491211407789294 2.785798326592204 -20.345032840445310
-0.556871128455569 -0.107467803128786 0.129949416290623 0.175369335998532 -0.994568926966866 0.066588468544571 -0.290220880332370 1.645924402278176 -11.294345333840994
-0.556001537297585 -0.112399499653563 0.130000000000000 0.173918231596870 -0.986339304955475 0.010116741875366 0.135178083766618 -0.766633008864037 -8.993703863199309
-0.555128566687507 -0.117350362003562 0.129825741112797 0.174594122015703 -0.990172469999795 -0.034851777440631 1.056053645860366 -5.989177842291582 -13.284677518555776
-0.554229194736282 -0.122450953799618 0.129319365287630 0.179874390245005 -1.020118359211253 -0.101275165033410 1.902318857012197 -10.788586348902118 -12.300627331995884
-0.553282264813631 -0.127821260254397 0.128505473779163 0.189385984530066 -1.074061290955763 -0.162778301693389 2.535239897296648 -14.378059937902865 -11.316577145433770
-0.552271953893548 -0.133551018207623 0.127408667842060 0.202062184016549 -1.145951590645278 -0.219361187420558 2.971884300357885 -16.854393402645496 -10.332526958876098
-0.551187345865957 -0.139702135995916 0.126053548730985 0.216921605518339 -1.230223557658505 -0.271023822214939 3.229319599893365 -18.314381536597146 -9.348476772313429
-0.550022004848368 -0.146311113322623 0.124464717700603 0.233068203517806 -1.321795465341491 -0.317766206076506 3.324613329551696 -18.854819133140577 -8.364426585756313
-0.548773548497540 -0.153391461127659 0.122666776005576 0.249691270165564 -1.416069561007194 -0.359588339005287 3.274833023012569 -18.572500985691853 -7.380376399196975
-0.547443221321137 -0.160936121457338 0.120684324900570 0.266065435280627 -1.508932065935653 -0.396490221001272 3.097046213942356 -17.564221887662601 -6.396326212636527
-0.546035467989385 -0.168919887334207 0.118541965640248 0.281550666350339 -1.596753175373966 -0.428471852064455 2.808320436020750 -15.926776632464446 -5.412276026077745
-0.544557506646733 -0.177301822626889 0.116264299479273 0.295592268530442 -1.676387058536288 -0.455533232194844 2.425723222909681 -13.756960013510122 -4.428225839517297
-0.543018902223508 -0.186027681919908 0.113875927672311 0.307720884644991 -1.745171858603839 -0.477674361392430 1.966322108284402 -11.151566824196824 -3.444175652958514
-0.541431139747576 -0.195032330383532 0.111401451474025 0.317552495186413 -1.800929692724823 -0.494895239657223 1.447184625797959 -8.207391857953938 -2.460125466398622
-0.539807197655999 -0.204242163643605 0.108865472139079 0.324788418315403 -1.841966652014593 -0.507195866989216 0.885378309156692 -5.021229908185321 -1.476075279839839
-0.538161121106693 -0.213577527651383 0.106292590922137 0.329215309861186 -1.867072801555519 -0.514576243388415 0.297970691995886 -1.689875768297044 -0.492025093279391
-0.536507595290087 -0.222955138553368 0.103707409077863 0.330705163321166 -1.875522180397005 -0.517036368854812 -0.297970692000327 1.689875768297044 0.492025093279946
-0.534861518740781 -0.232290502561145 0.101134527860921 0.329215309861164 -1.867072801555519 -0.514576243388412 -0.885378309147811 5.021229908183100 1.476075279838729
-0.533237576649204 -0.241500335821218 0.098598548525975 0.324788418315425 -1.841966652014604 -0.507195866989218 -1.447184625806841 8.207391857955049 2.460125466399732
-0.531649814173272 -0.250504984284843 0.096124072327689 0.317552495186391 -1.800929692724829 -0.494895239657220 -1.966322108279961 11.151566824199044 3.444175652957404
-0.530111209750047 -0.259230843577862 0.093735700520727 0.307720884644991 -1.745171858603833 -0.477674361392433 -2.425723222909681 13.756960013504571 4.428225839518407
-0.528633248407395 -0.267612778870543 0.091458034359752 0.295592268530442 -1.676387058536311 -0.455533232194841 -2.808320436016309 15.926776632471107 5.412276026076634
-0.527225495075643 -0.275596544747413 0.089315675099430 0.281550666350361 -1.596753175373955 -0.428471852064458 -3.097046213951238 17.564221887660381 6.396326212637637
-0.525895167899240 -0.283141205077091 0.087333223994424 0.266065435280605 -1.508932065935653 -0.396490221001269 -3.274833023008128 18.572500985691853 7.380376399195310
-0.524646711548412 -0.290221552882127 0.085535282299397 0.249691270165564 -1.416069561007194 -0.359588339005293 -3.324613329551696 18.854819133138356 8.364426585756867
-0.523481370530823 -0.296830530208835 0.083946451269015 0.233068203517806 -1.321795465341502 -0.317766206076509 -3.229319599888925 18.314381536601587 9.348476772315095
-0.522396762503232 -0.302981647997127 0.082591332157940 0.216921605518361 -1.230223557658494 -0.271023822214933 -2.971884300366767 16.854393402647716 10.332526958875542
-0.521386451583149 -0.308711405950354 0.081494526220837 0.202062184016527 -1.145951590645256 -0.219361187420555 -2.535239897287767 14.378059937891763 11.316577145432660
-0.520439521660498 -0.314081712405132 0.080680634712370 0.189385984530088 -1.074061290955797 -0.162778301693392 -1.902318857021079 10.788586348911000 12.300627331996438
-0.519540149709274 -0.319182304201189 0.080174258887203 0.179874390244983 -1.020118359211242 -0.101275165033410 -1.056053645855926 5.989177842287141 13.284677518551335
-0.518667179099195 -0.324133166551188 0.080000000000000 0.174594122015703 -0.990172469999806 -0.034851777440653 -0.135178083762177 0.766633008868478 5.725218026548240
-0.517797587941211 -0.329064863075965 0.079968871563460 0.173918231596892 -0.986339304955464 -0.006225687307912 0.290220880323488 -1.645924402280396 -6.950366359290139
-0.516920741261218 -0.334037707710799 0.079763983967939 0.175369335998510 -0.994568926966866 -0.040977519104363 0.491211407793735 -2.785798326589983 -12.520020209497718
-0.516031614296031 -0.339080197303798 0.079246095867179 0.177825393037478 -1.008497918599816 -0.103577620151851 0.602617701974673 -3.417614817389225 -16.685559643684343
-0.515127421888294 -0.344208127267232 0.078311068775328 0.180838481547352 -1.025585992686762 -0.187005418370273 0.632973529719472 -3.589771271383935 -19.559313815135649
-0.514207405142314 -0.349425801512451 0.076887058838098 0.184003349195949 -1.043534849043681 -0.284801987445951 0.590812657850215 -3.350665085277704 -21.253611877130595
-0.513272618079888 -0.354727242384801 0.074931708603940 0.186957412485200 -1.060288174470070 -0.391070046831604 0.484668853215631 -2.748693655780787 -21.880782982952041
-0.512325714296132 -0.360097400598546 0.072429338795208 0.189380756751278 -1.074031642748974 -0.500473961746364 0.323075882642243 -1.832254379596776 -21.553156285881169
-0.511370733615309 -0.365513365171781 0.069388140079330 0.190996136164490 -1.083192914646958 -0.608239743175770 0.114567512974340 -0.649744653427042 -20.383060939200281
-0.510412888746662 -0.370945573361351 0.065837364839971 0.191568973729361 -1.086441637914093 -0.710155047871772 -0.132322488970438 0.750438126011499 -18.482826096187232
-0.509458351940240 -0.376359020597771 0.061824518948207 0.190907361284509 -1.082689447284035 -0.802569178352708 -0.409060356343360 2.319896562044121 -15.964780910128761
-0.508514041642726 -0.381714470420140 0.057412553533690 0.188862059502792 -1.071089964473815 -0.882393082903352 -0.707112322300141 4.010233257913942 -12.941254534302725
-0.507587409153269 -0.386969664411062 0.052677056755816 0.185326497891292 -1.051038798184245 -0.947099355574865 -1.017944620036459 5.773050816966219 -9.524576121990869
-0.506686225279314 -0.392080532131559 0.047703445574892 0.180236774791109 -1.022173544099414 -0.994722236184820 -1.333023482681384 7.559951842464052 -5.827074826475753
-0.505818366992425 -0.397002401055994 0.042584157523306 0.173571657377702 -0.984373784887094 -1.023857610317198 -1.643815143421712 9.322538937719393 -1.961079801039434
-0.504991604084122 -0.401691206506987 0.037415842476694 0.165352581660594 -0.937761090198497 -1.033663009322396 -1.941785835422039 11.012414706013107 1.961079801039700
-0.504213385821705 -0.406104701590329 0.032296554425108 0.155643652483484 -0.882699016668431 -1.023857610317197 -2.218401791838076 12.581181750648263 5.827074826475220
-0.503490627604084 -0.410203667129905 0.027322943244184 0.144551643524293 -0.819793107915190 -0.994722236184821 -2.465129245838860 13.980442674921267 9.524576121990869
-0.502829497617608 -0.413953121602608 0.022587446466310 0.132225997295099 -0.749890894540584 -0.947099355574867 -2.673434430584543 15.161800082121868 12.941254534303281
-0.502235203491897 -0.417323531073258 0.018175481051793 0.118858825142176 -0.674081894129974 -0.882393082903350 -2.834783579244160 16.076856575535370 15.964780910128207
-0.501711778955667 -0.420292019129519 0.014162635160029 0.104684907245955 -0.593697611252297 -0.802569178352709 -2.940642924991188 16.677214758482606 18.482826096189164
-0.501261870492562 -0.422843576816818 0.010611859920670 0.089981692621000 -0.510311537459884 -0.710155047871763 -2.982478700976898 16.914477234240000 20.383060939196394
-0.500886523996982 -0.424972272573262 0.007570661204792 0.075069299116115 -0.425739151288684 -0.608239743175781 -2.951757140365885 16.740246606095077 21.553156285885056
-0.500584971429910 -0.426682462164553 0.005068291396060 0.060310513414286 -0.342037918258209 -0.500473961746356 -2.839944476336065 16.106125477357569 21.880782982949263
-0.500354417474747 -0.427989998618910 0.003112941161902 0.046110791032605 -0.261507290871421 -0.391070046831610 -2.638506942038710 14.963716451317222 21.253611877130041
-0.500189826193135 -0.428923442161984 0.001688931224672 0.032918256322412 -0.186688708614835 -0.284801987445960 -2.338910770647296 13.264622131270443 19.559313815135091
-0.500083707680789 -0.429525270151777 0.000753904132821 0.021223702469175 -0.120365597958483 -0.187005418370284 -1.932622195313094 10.960445120498097 16.685559643691004
-0.500025904723326 -0.429853087013557 0.000236016032061 0.011560591492610 -0.065563372355992 -0.103577620151829 -1.411107449227345 8.002788022325458 12.520020209487726
-0.500003379452094 -0.429980834174778 0.000031128436539 0.004505054246473 -0.025549432244365 -0.040977519104390 -0.765832765532437 4.343253440008965 6.950366359297355
