-0.500001474345042 -0.429991638573769 0.000029036092104 -0.000294869008344 0.001672285246179 0.005807218420896 -0.339874747732338 1.927525477753989 6.567092282977329
-0.500011445558777 -0.429935089010594 0.000222249491283 -0.001994242747005 0.011309912634949 0.038642679835783 -0.642194292979070 3.642064818463187 12.061945617897310
-0.500037471629836 -0.429787487826958 0.000717011530910 -0.005205214211901 0.029520236727265 0.098952407925269 -0.905275776528214 5.134074053148030 16.451887903849585
-0.500086129595309 -0.429511534791993 0.001623070768132 -0.009731593094542 0.055190606993005 0.181211847444517 -1.131023573441858 6.414353429604613 19.808203724638538
-0.500163063150118 -0.429075222921288 0.003024335098471 -0.015386710961751 0.087262374141028 0.280252866067710 -1.321342058817621 7.493703195671220 22.202177664068557
-0.500273030256397 -0.428451568470691 0.004980653870411 -0.021993421255839 0.124730890119384 0.391263754388053 -1.478135607744235 8.382923599148384 23.705094305943973
-0.500419950752870 -0.427618340930115 0.007529600000000 -0.029384099294560 0.166645508115126 0.509789225917773 -1.603308595319319 9.092814887854406 24.388238234069124
-0.500606953964225 -0.426557793017343 0.010688252085441 -0.037400642271157 0.212109582554398 0.631730417088118 -1.698765396609403 9.634177309605363 24.322894032248431
-0.500836426310497 -0.425256390671831 0.014454976521687 -0.045894469254204 0.260280469102425 0.753344887249360 -1.766410386725425 10.017811112219555 23.580346284286289
-0.501110058916436 -0.423704543048514 0.018811209615041 -0.054726521187831 0.310369524663523 0.871246618670792 -1.808147940747240 10.254516543506398 22.231879573987246
-0.501428895220894 -0.421896332511608 0.023723239697745 -0.063767260891567 0.361642107381055 0.982406016540728 -1.825882433745818 10.355093851293073 20.348778485154728
-0.501793378586195 -0.419829244628421 0.029143989242578 -0.072896673060296 0.413417576637520 1.084149908966502 -1.821518240840980 10.330343283382337 18.002327601594725
-0.502203399907518 -0.417503898163149 0.035014796977450 -0.082004264264501 0.465069293054432 1.174161546974475 -1.796959737099257 10.191065087585827 15.263811507110203
-0.502658345222267 -0.414923775070687 0.041267200000000 -0.090989062949998 0.516024618492361 1.250480604510026 -1.754111297613825 9.948059511748486 12.204514785505438
-0.503157143319458 -0.412094950490431 0.047824715892188 -0.099759619438067 0.565764916051104 1.311503178437553 -1.694877297477859 9.612126803648646 8.895722020587371
-0.503698313349085 -0.409025822740084 0.054604624834890 -0.108234005925456 0.613825550069347 1.355981788540490 -1.621162111762331 9.194067211124590 5.408717796156193
-0.504280012431506 -0.405726843309460 0.061519751722497 -0.116339816484268 0.659795886124970 1.383025377521271 -1.534870115587061 8.704680981985735 1.814786696019999
-0.504900083266817 -0.402210246854285 0.068480248277503 -0.124014167062203 0.703319291034898 1.392099311001371 -1.437905684009699 8.154768364043719 -1.814786696019999
-0.505556101744229 -0.398489781190010 0.075395375165110 -0.131203695482252 0.744093132855117 1.383025377521271 -1.332173192127861 7.555129605116839 -5.408717796157037
-0.506245424551443 -0.394580437285606 0.082175284107812 -0.137864561442891 0.781868780880701 1.355981788540486 -1.219577015048046 6.916564953032278 -8.895722020584307
-0.506965236784034 -0.390498179257377 0.088732800000000 -0.143962446518131 0.816451605645863 1.311503178437565 -1.102021527819019 6.249874655581689 -12.204514785508191
-0.507712599554820 -0.386259674362758 0.094985203022550 -0.149472554157226 0.847700978923771 1.250480604510024 -0.981411105573926 5.565858960605574 -15.263811507110780
-0.508484497603245 -0.381882022994124 0.100856010757423 -0.154379609685096 0.875530273726799 1.174161546974470 -0.859650123370415 4.875318115895588 -18.002327601593926
-0.509277886904755 -0.377382488672592 0.106276760302255 -0.158677860301948 0.899906864306277 1.084149908966500 -0.738642956310542 4.189052369292234 -20.348778485154682
-0.510089742280173 -0.372778228041829 0.111188790384959 -0.162371075083501 0.920852126152738 0.982406016540727 -0.620293979465281 3.517861968587166 -22.231879573985090
-0.510917105005077 -0.368086020861850 0.115545023478313 -0.165472544980827 0.938441435995674 0.871246618670801 -0.506507567950010 2.872547161607564 -23.580346284292062
-0.511757130419180 -0.363322000002832 0.119311747914559 -0.168005082820577 0.952804171803712 0.753344887249341 -0.399188096831260 2.263908196176168 -24.322894032239304
-0.512607135535703 -0.358501381438909 0.122470400000000 -0.170001023304733 0.964123712784593 0.631730417088144 -0.300239941211089 1.702745320091292 -24.388238234077651
-0.513464646650757 -0.353638194241984 0.125019346129589 -0.171502223010789 0.972637439385049 0.509789225917756 -0.211567476160468 1.199858781186780 -23.705094305943586
-0.514327446952715 -0.348745010575529 0.126975664901529 -0.172560060391591 0.978636733290983 0.391263754388038 -0.135075076785895 0.766048827258725 -22.202177664063516
-0.515193624131593 -0.343832675688392 0.128376929231868 -0.173235435775521 0.982466977427277 0.280252866067721 -0.072667118167224 0.412115706140970 -19.808203724638318
-0.516061617988425 -0.338910037908602 0.129282988469090 -0.173598771366357 0.984527555957981 0.181211847444529 -0.026247975393190 0.148859665638490 -16.451887903852214
-0.516930268044641 -0.333983678637172 0.129777750508717 -0.173730011243323 0.985271854286174 0.098952407925268 0.002277976456355 -0.012919046432636 -12.061945617898306
-0.517798861151446 -0.329057642341902 0.129970963907896 -0.173718621361041 0.985207259054011 0.038642679835776 0.011006362266031 -0.062420182249667 -6.567092282971920
-0.518667179099195 -0.324133166551188 0.130000000000000 -0.173663589549711 0.984895158142762 0.005807218420917 -0.036406181087578 0.206469712942248 -5.465236154524877
-0.519536407201471 -0.319203529017650 0.129892405188242 -0.173845620455149 0.985927506707474 -0.021518962351708 -0.224021914037031 1.270491408273955 -8.291710263949037
-0.520411235851597 -0.314242129198906 0.129577517619884 -0.174965730025334 0.992279963748843 -0.062977513671453 -0.413516506920786 2.345168647797102 -7.817898248869692
-0.521296402414397 -0.309222100163967 0.129067182595305 -0.177033312559938 1.004005806987829 -0.102067004915801 -0.567311833012951 3.217385284621788 -7.344086233785907
-0.522195751773022 -0.304121636496912 0.128373245414882 -0.179869871725002 1.020092733410938 -0.138787436084731 -0.687571484245808 3.899411658323526 -6.870274218704342
-0.523112290418753 -0.298923687538400 0.127507551378990 -0.183307729146232 1.039589791702555 -0.173138807178252 -0.776459052564960 4.403518108448967 -6.396462203620557
-0.524048240540799 -0.293615650627176 0.126481945788009 -0.187190024409056 1.061607382244800 -0.205121118196355 -0.836138129853836 4.741974974555863 -5.922650188537881
-0.525005094116090 -0.288189064341588 0.125308273942313 -0.191370715058325 1.085317257117580 -0.234734369139045 -0.868772308084687 4.927052596206405 -5.448838173454651
-0.525983666999084 -0.282639301741095 0.123998381142282 -0.195714576598749 1.109952520098612 -0.261978560006318 -0.876525179149823 4.971021312951684 -4.975026158371421
-0.526984153011556 -0.276965263607778 0.122564112688291 -0.200097202494498 1.134807626663370 -0.286853690798175 -0.861560334990408 4.886151464349453 -4.501214143289300
-0.528006178032404 -0.271169071687852 0.121017313880718 -0.204405004169450 1.159238383985117 -0.309359761514622 -0.826041367538721 4.684713389959683 -4.027402128204960
-0.529048854087439 -0.265255761933178 0.119369830019940 -0.208535211007144 1.182661950934916 -0.329496772155646 -0.772131868700399 4.378977429335684 -3.553590113122840
-0.530110833439193 -0.259232977742770 0.117633506406333 -0.212395870350646 1.204556838081594 -0.347264722721261 -0.701995430429925 3.981213922035209 -3.079778098039054
-0.531190362676707 -0.253110663204311 0.115820188340276 -0.215905847502795 1.224462907691770 -0.362663613211456 -0.617795644628494 3.503693207614900 -2.605966082957489
-0.532285336805336 -0.246900756335662 0.113941721122145 -0.218994825725938 1.241981373729845 -0.375693443626243 -0.521696103232827 2.958685625633617 -2.132154067873149
-0.533393353336547 -0.240616882326371 0.112009950052317 -0.221603306242102 1.256774801858013 -0.386354213965609 -0.415860398175205 2.358461515651333 -1.658342052790474
-0.534511766377712 -0.234274046779190 0.110036720431169 -0.223682608232978 1.268567109436269 -0.394645924229561 -0.302452121361263 1.715291217210257 -1.184530037708353
-0.535637740721911 -0.227888328951579 0.108033877559078 -0.225194868839784 1.277143565522321 -0.400568574418103 -0.183634864749926 1.041445069881464 -0.710718022624013
-0.536768305937728 -0.221476574997220 0.106013266736422 -0.226113043163534 1.282350790871728 -0.404122164531223 -0.061572220233508 0.349193413222704 -0.236906007540783
-0.537900410459052 -0.215056091207531 0.103986733263578 -0.226420904264701 1.284096757937842 -0.405306694568927 0.061572220233508 -0.349193413219373 0.236906007541338
-0.539030975674869 -0.208644337253172 0.101966122440922 -0.226113043163534 1.282350790871745 -0.404122164531220 0.183634864749926 -1.041445069887015 0.710718022624013
-0.540156950019068 -0.202258619425560 0.099963279568831 -0.225194868839784 1.277143565522310 -0.400568574418100 0.302452121365704 -1.715291217210257 1.184530037707243
-0.541275363060233 -0.195915783878379 0.097990049947683 -0.223682608232956 1.268567109436258 -0.394645924229564 0.415860398170764 -2.358461515645782 1.658342052791029
-0.542383379591444 -0.189631909869089 0.096058278877855 -0.221603306242102 1.256774801858029 -0.386354213965609 0.521696103232827 -2.958685625636948 2.132154067873704
-0.543478353720073 -0.183422003000440 0.094179811659724 -0.218994825725938 1.241981373729845 -0.375693443626240 0.617795644628494 -3.503693207616010 2.605966082956379
-0.544557882957587 -0.177299688461981 0.092366493593667 -0.215905847502795 1.224462907691765 -0.362663613211459 0.701995430425484 -3.981213922034099 3.079778098039609
-0.545619862309341 -0.171276904271573 0.090630169980060 -0.212395870350668 1.204556838081594 -0.347264722721261 0.772131868704840 -4.378977429335684 3.553590113122840
-0.546662538364376 -0.165363594516898 0.088982686119282 -0.208535211007144 1.182661950934916 -0.329496772155646 0.826041367538721 -4.684713389959683 4.027402128204960
-0.547684563385224 -0.159567402596973 0.087435887311709 -0.204405004169450 1.159238383985117 -0.309359761514622 0.861560334990408 -4.886151464349453 4.501214143289300
-0.548685049397696 -0.153893364463656 0.086001618857718 -0.200097202494498 1.134807626663370 -0.286853690798175 0.876525179154264 -4.971021312949464 4.975026158371421
-0.549663622280690 -0.148343601863163 0.084691726057687 -0.195714576598727 1.109952520098623 -0.261978560006318 0.868772308075805 -4.927052596208625 5.448838173454651
-0.550620475855982 -0.142917015577575 0.083518054211991 -0.191370715058348 1.085317257117580 -0.234734369139045 0.836138129862718 -4.741974974553642 5.922650188537881
-0.551556425978027 -0.137608978666351 0.082492448621010 -0.187190024409034 1.061607382244811 -0.205121118196355 0.776459052556078 -4.403518108453408 6.396462203620557
-0.552472964623758 -0.132411029707838 0.081626754585118 -0.183307729146254 1.039589791702544 -0.173138807178252 0.687571484250249 -3.899411658319085 6.870274218703787
-0.553372313982383 -0.127310566040783 0.080932817404695 -0.179869871725002 1.020092733410949 -0.138787436084734 0.567311833012951 -3.217385284626229 7.344086233786462
-0.554257480545183 -0.122290537005844 0.080422482380116 -0.177033312559938 1.004005806987818 -0.102067004915801 0.413516506920786 -2.345168647794882 7.817898248869692
-0.555132309195309 -0.117329137187100 0.080107594811758 -0.174965730025334 0.992279963748843 -0.062977513671453 0.224021914037031 -1.270491408273955 8.291710263954032
-0.556001537297585 -0.112399499653563 0.080000000000000 -0.173845620455149 0.985927506707474 -0.021518962351683 0.036406181092019 -0.206469712953350 3.589057895457270
-0.556869855245334 -0.107475023862849 0.079982131635628 -0.173663589549689 0.984895158142707 -0.003573672874396 -0.011006362274912 0.062420182262990 -4.041287558755324
-0.557738448352139 -0.102548987567579 0.079863231082287 -0.173718621361063 0.985207259054022 -0.023780110668173 -0.002277976447473 0.012919046430415 -7.422735764859856
-0.558607098408355 -0.097622628296148 0.079558762134825 -0.173730011243300 0.985271854286174 -0.060893789492472 0.026247975388749 -0.148859665638490 -10.124238710061405
-0.559475092265187 -0.092699990516358 0.079001187219611 -0.173598771366357 0.984527555957981 -0.111514983042779 0.072667118162784 -0.412115706136529 -12.189663830547426
-0.560341269444065 -0.087787655629222 0.078138870708633 -0.173235435775543 0.982466977427299 -0.172463302195516 0.135075076790336 -0.766048827267607 -13.662878562502589
-0.561204069746023 -0.082894471962767 0.076934982233593 -0.172560060391591 0.978636733290961 -0.240777695008029 0.211567476164909 -1.199858781177898 -14.587750342120453
-0.562061580861077 -0.078031284765842 0.075366400000000 -0.171502223010767 0.972637439385071 -0.313716446718632 0.300239941202207 -1.702745320097954 -15.008146605580141
-0.562911585977600 -0.073210666201919 0.073422614101267 -0.170001023304756 0.964123712784581 -0.388757179746532 0.399188096835701 -2.263908196171727 -14.967934789076320
-0.563751611391703 -0.068446645342900 0.071104629832808 -0.168005082820577 0.952804171803723 -0.463596853691914 0.506507567950010 -2.872547161612005 -14.510982328791998
-0.564578974116607 -0.063754438162922 0.068423871006128 -0.165472544980827 0.938441435995663 -0.536151765335874 0.620293979469722 -3.517861968587166 -13.681156660914628
-0.565390829492025 -0.059150177532158 0.065401083262926 -0.162371075083478 0.920852126152727 -0.604557548640447 0.738642956306101 -4.189052369285573 -12.522325221633878
-0.566184218793535 -0.054650643210627 0.062065237389183 -0.158677860301948 0.899906864306299 -0.667169174748616 0.859650123365974 -4.875318115902250 -11.078355447135534
-0.566956116841960 -0.050272991841993 0.058452432629262 -0.154379609685118 0.875530273726788 -0.722560951984294 0.981411105578367 -5.565858960598913 -9.393114773605648
-0.567703479612746 -0.046034486947374 0.054604800000000 -0.149472554157226 0.847700978923793 -0.769526525852322 1.102021527823460 -6.249874655590570 -7.510470637235045
-0.568423291845337 -0.041952228919145 0.050569405604808 -0.143962446518109 0.816451605645840 -0.807078879038498 1.219577015039164 -6.916564953023396 -5.474290474206667
-0.569112614652551 -0.038042885014741 0.046397153947760 -0.137864561442913 0.781868780880723 -0.834450331409531 1.332173192132302 -7.555129605121280 -3.328441720711606
-0.569768633129963 -0.034322419350465 0.042141691247694 -0.131203695482252 0.744093132855117 -0.851092540013089 1.437905684014140 -8.154768364048159 -1.116791812935403
-0.570388703965274 -0.030805822895291 0.037858308752306 -0.124014167062181 0.703319291034876 -0.856676499077766 1.534870115578180 -8.704680981981294 1.116791812935403
-0.570970403047695 -0.027506843464666 0.033602846052240 -0.116339816484290 0.659795886124970 -0.851092540013089 1.621162111771213 -9.194067211122370 3.328441720711184
-0.571511573077322 -0.024437715714319 0.029430594395192 -0.108234005925434 0.613825550069358 -0.834450331409533 1.694877297468977 -9.612126803650867 5.474290474206667
-0.572010371174513 -0.021608891134064 0.025395200000000 -0.099759619438089 0.565764916051104 -0.807078879038500 1.754111297618266 -9.948059511744045 7.510470637234623
-0.572465316489263 -0.019028768041602 0.021547567370738 -0.090989062949998 0.516024618492383 -0.769526525852327 1.796959737099257 -10.191065087592488 9.393114773606491
-0.572875337810585 -0.016703421576330 0.017934762610817 -0.082004264264501 0.465069293054421 -0.722560951984294 1.821518240840980 -10.330343283382337 11.078355447137755
-0.573239821175887 -0.014636333693142 0.014598916737074 -0.072896673060296 0.413417576637509 -0.667169174748605 1.825882433750259 -10.355093851288633 12.522325221630547
-0.573558657480344 -0.012828123156237 0.011576128993872 -0.063767260891545 0.361642107381066 -0.604557548640453 1.808147940738358 -10.254516543508618 13.681156660916294
-0.573832290086284 -0.011276275532919 0.008895370167192 -0.054726521187853 0.310369524663523 -0.536151765335871 1.766410386729866 -10.017811112221775 14.510982328790334
-0.574061762432555 -0.009974873187407 0.006577385898733 -0.045894469254204 0.260280469102414 -0.463596853691919 1.698765396609403 -9.634177309603142 14.967934789077985
-0.574248765643910 -0.008914325274635 0.004633600000000 -0.037400642271157 0.212109582554398 -0.388757179746529 1.603308595319319 -9.092814887856626 15.008146605579586
-0.574395686140383 -0.008081097734060 0.003065017766407 -0.029384099294560 0.166645508115115 -0.313716446718632 1.478135607744235 -8.382923599143943 14.587750342117678
-0.574505653246662 -0.007457443283463 0.001861129291367 -0.021993421255839 0.124730890119396 -0.240777695008043 1.321342058822061 -7.493703195671220 13.662878562508141
-0.574582586801471 -0.007021131412758 0.000998812780389 -0.015386710961729 0.087262374141039 -0.172463302195502 1.131023573437417 -6.414353429606834 12.189663830541875
-0.574631244766944 -0.006745178377792 0.000441237865175 -0.009731593094542 0.055190606993005 -0.111514983042793 0.905275776523773 -5.134074053145810 10.124238710065292
-0.574657270838003 -0.006597577194156 0.000136768917713 -0.005205214211923 0.029520236727276 -0.060893789492467 0.642194292983511 -3.642064818467627 7.422735764861521
-0.574667242051738 -0.006541027630981 0.000017868364372 -0.001994242747005 0.011309912634938 -0.023780110668159 0.339874747732338 -1.927525477751768 4.041287558744777
-0.574668716396780 -0.006532666204751 -0.000000000000000 -0.000294869008344 0.001672285246179 -0.003573672874435 0.058973801668749 -0.334457049235848 0.714734574893683
-0.574668716396780 -0.006532666204751 0.000000000000000 0.000000000000000 0.000000000000000 0.000000000000033 0.058973801668749 -0.334457049235848 1.161443684172550
-0.574667242051738 -0.006541027630981 0.000029036092104 0.000294869008344 -0.001672285246179 0.005807218420896 0.339874747732338 -1.927525477751768 6.567092282977329
-0.574657270838003 -0.006597577194156 0.000222249491283 0.001994242747005 -0.011309912634938 0.038642679835783 0.642194292983511 -3.642064818467627 12.061945617897310
-0.574631244766944 -0.006745178377792 0.000717011530910 0.005205214211923 -0.029520236727276 0.098952407925269 0.905275776523773 -5.134074053145810 16.451887903849585
-0.574582586801471 -0.007021131412758 0.001623070768132 0.009731593094542 -0.055190606993005 0.181211847444517 1.131023573437417 -6.414353429606834 19.808203724638538
-0.574505653246662 -0.007457443283463 0.003024335098471 0.015386710961729 -0.087262374141039 0.280252866067710 1.321342058822061 -7.493703195671220 22.202177664068557
-0.574395686140383 -0.008081097734060 0.004980653870411 0.021993421255839 -0.124730890119396 0.391263754388053 1.478135607744235 -8.382923599143943 23.705094305943973
-0.574248765643910 -0.008914325274635 0.007529600000000 0.029384099294560 -0.166645508115115 0.509789225917773 1.603308595319319 -9.092814887856626 24.388238234069124
-0.574061762432555 -0.009974873187407 0.010688252085441 0.037400642271157 -0.212109582554398 0.631730417088118 1.698765396609403 -9.634177309603142 24.322894032248431
-0.573832290086284 -0.011276275532919 0.014454976521687 0.045894469254204 -0.260280469102414 0.753344887249360 1.766410386729866 -10.017811112221775 23.580346284286289
-0.573558657480344 -0.012828123156237 0.018811209615041 0.054726521187853 -0.310369524663523 0.871246618670792 1.808147940738358 -10.254516543508618 22.231879573987246
-0.573239821175887 -0.014636333693142 0.023723239697745 0.063767260891545 -0.361642107381066 0.982406016540728 1.825882433750259 -10.355093851288633 20.348778485154728
-0.572875337810585 -0.016703421576330 0.029143989242578 0.072896673060296 -0.413417576637509 1.084149908966502 1.821518240840980 -10.330343283382337 18.002327601594725
-0.572465316489263 -0.019028768041602 0.035014796977450 0.082004264264501 -0.465069293054421 1.174161546974475 1.796959737099257 -10.191065087592488 15.263811507110203
-0.572010371174513 -0.021608891134064 0.041267200000000 0.090989062949998 -0.516024618492383 1.250480604510026 1.754111297618266 -9.948059511744045 12.204514785505438
-0.571511573077322 -0.024437715714319 0.047824715892188 0.099759619438089 -0.565764916051104 1.311503178437553 1.694877297468977 -9.612126803650867 8.895722020587371
-0.570970403047695 -0.027506843464666 0.054604624834890 0.108234005925434 -0.613825550069358 1.355981788540490 1.621162111771213 -9.194067211122370 5.408717796156193
-0.570388703965274 -0.030805822895291 0.061519751722497 0.116339816484290 -0.659795886124970 1.383025377521271 1.534870115578180 -8.704680981981294 1.814786696019999
-0.569768633129963 -0.034322419350465 0.068480248277503 0.124014167062181 -0.703319291034876 1.392099311001371 1.437905684014140 -8.154768364048159 -1.814786696019999
-0.569112614652551 -0.038042885014741 0.075395375165110 0.131203695482252 -0.744093132855117 1.383025377521271 1.332173192132302 -7.555129605121280 -5.408717796157037
-0.568423291845337 -0.041952228919145 0.082175284107812 0.137864561442913 -0.781868780880723 1.355981788540486 1.219577015039164 -6.916564953023396 -8.895722020584307
-0.567703479612746 -0.046034486947374 0.088732800000000 0.143962446518109 -0.816451605645840 1.311503178437565 1.102021527823460 -6.249874655590570 -12.204514785508191
-0.566956116841960 -0.050272991841993 0.094985203022550 0.149472554157226 -0.847700978923793 1.250480604510024 0.981411105578367 -5.565858960598913 -15.263811507110780
-0.566184218793535 -0.054650643210627 0.100856010757423 0.154379609685118 -0.875530273726788 1.174161546974470 0.859650123365974 -4.875318115902250 -18.002327601593926
-0.565390829492025 -0.059150177532158 0.106276760302255 0.158677860301948 -0.899906864306299 1.084149908966500 0.738642956306101 -4.189052369285573 -20.348778485154682
-0.564578974116607 -0.063754438162922 0.111188790384959 0.162371075083478 -0.920852126152727 0.982406016540727 0.620293979469722 -3.517861968587166 -22.231879573985090
-0.563751611391703 -0.068446645342900 0.115545023478313 0.165472544980827 -0.938441435995663 0.871246618670801 0.506507567950010 -2.872547161612005 -23.580346284292062
-0.562911585977600 -0.073210666201919 0.119311747914559 0.168005082820577 -0.952804171803723 0.753344887249341 0.399188096835701 -2.263908196171727 -24.322894032239304
-0.562061580861077 -0.078031284765842 0.122470400000000 0.170001023304756 -0.964123712784581 0.631730417088144 0.300239941202207 -1.702745320097954 -24.388238234077651
-0.561204069746023 -0.082894471962767 0.125019346129589 0.171502223010767 -0.972637439385071 0.509789225917756 0.211567476164909 -1.199858781177898 -23.705094305943586
-0.560341269444065 -0.087787655629222 0.126975664901529 0.172560060391591 -0.978636733290961 0.391263754388038 0.135075076790336 -0.766048827267607 -22.202177664063516
-0.559475092265187 -0.092699990516358 0.128376929231868 0.173235435775543 -0.982466977427299 0.280252866067721 0.072667118162784 -0.412115706136529 -19.808203724638318
-0.558607098408355 -0.097622628296148 0.129282988469090 0.173598771366357 -0.984527555957981 0.181211847444529 0.026247975388749 -0.148859665638490 -16.451887903852214
-0.557738448352139 -0.102548987567579 0.129777750508717 0.173730011243300 -0.985271854286174 0.098952407925268 -0.002277976447473 0.012919046430415 -12.061945617898306
-0.556869855245334 -0.107475023862849 0.129970963907896 0.173718621361063 -0.985207259054022 0.038642679835776 -0.011006362274912 0.062420182262990 -6.567092282971920
-0.556001537297585 -0.112399499653563 0.130000000000000 0.173663589549689 -0.984895158142707 0.005807218420917 0.036406181092019 -0.206469712953350 -5.465236154524877
-0.555132309195309 -0.117329137187100 0.129892405188242 0.173845620455149 -0.985927506707474 -0.021518962351708 0.224021914037031 -1.270491408273955 -8.291710263949037
-0.554257480545183 -0.122290537005844 0.129577517619884 0.174965730025334 -0.992279963748843 -0.062977513671453 0.413516506920786 -2.345168647794882 -7.817898248869692
-0.553372313982383 -0.127310566040783 0.129067182595305 0.177033312559938 -1.004005806987818 -0.102067004915801 0.567311833012951 -3.217385284626229 -7.344086233785907
-0.552472964623758 -0.132411029707838 0.128373245414882 0.179869871725002 -1.020092733410949 -0.138787436084731 0.687571484250249 -3.899411658319085 -6.870274218704342
-0.551556425978027 -0.137608978666351 0.127507551378990 0.183307729146254 -1.039589791702544 -0.173138807178252 0.776459052556078 -4.403518108453408 -6.396462203620557
-0.550620475855982 -0.142917015577575 0.126481945788009 0.187190024409034 -1.061607382244811 -0.205121118196355 0.836138129862718 -4.741974974553642 -5.922650188537881
-0.549663622280690 -0.148343601863163 0.125308273942313 0.191370715058348 -1.085317257117580 -0.234734369139045 0.868772308075805 -4.927052596208625 -5.448838173454651
-0.548685049397696 -0.153893364463656 0.123998381142282 0.195714576598727 -1.109952520098623 -0.261978560006318 0.876525179154264 -4.971021312949464 -4.975026158371421
-0.547684563385224 -0.159567402596973 0.122564112688291 0.200097202494498 -1.134807626663370 -0.286853690798175 0.861560334990408 -4.886151464349453 -4.501214143289300
-0.546662538364376 -0.165363594516898 0.121017313880718 0.204405004169450 -1.159238383985117 -0.309359761514622 0.826041367538721 -4.684713389959683 -4.027402128204960
-0.545619862309341 -0.171276904271573 0.119369830019940 0.208535211007144 -1.182661950934916 -0.329496772155646 0.772131868704840 -4.378977429335684 -3.553590113122840
-0.544557882957587 -0.177299688461981 0.117633506406333 0.212395870350668 -1.204556838081594 -0.347264722721261 0.701995430425484 -3.981213922034099 -3.079778098039054
-0.543478353720073 -0.183422003000440 0.115820188340276 0.215905847502795 -1.224462907691765 -0.362663613211456 0.617795644628494 -3.503693207616010 -2.605966082957489
-0.542383379591444 -0.189631909869089 0.113941721122145 0.218994825725938 -1.241981373729845 -0.375693443626243 0.521696103232827 -2.958685625636948 -2.132154067873149
-0.541275363060233 -0.195915783878379 0.112009950052317 0.221603306242102 -1.256774801858029 -0.386354213965609 0.415860398170764 -2.358461515645782 -1.658342052790474
-0.540156950019068 -0.202258619425560 0.110036720431169 0.223682608232956 -1.268567109436258 -0.394645924229561 0.302452121365704 -1.715291217210257 -1.184530037708353
-0.539030975674869 -0.208644337253172 0.108033877559078 0.225194868839784 -1.277143565522310 -0.400568574418103 0.183634864749926 -1.041445069887015 -0.710718022624013
-0.537900410459052 -0.215056091207531 0.106013266736422 0.226113043163534 -1.282350790871745 -0.404122164531223 0.061572220233508 -0.349193413219373 -0.236906007540783
-0.536768305937728 -0.221476574997220 0.103986733263578 0.226420904264701 -1.284096757937842 -0.405306694568927 -0.061572220233508 0.349193413222704 0.236906007541338
-0.535637740721911 -0.227888328951579 0.101966122440922 0.226113043163534 -1.282350790871728 -0.404122164531220 -0.183634864749926 1.041445069881464 0.710718022624013
-0.534511766377712 -0.234274046779190 0.099963279568831 0.225194868839784 -1.277143565522321 -0.400568574418100 -0.302452121361263 1.715291217210257 1.184530037707243
-0.533393353336547 -0.240616882326371 0.097990049947683 0.223682608232978 -1.268567109436269 -0.394645924229564 -0.415860398175205 2.358461515651333 1.658342052791029
-0.532285336805336 -0.246900756335662 0.096058278877855 0.221603306242102 -1.256774801858013 -0.386354213965609 -0.521696103232827 2.958685625633617 2.132154067873704
-0.531190362676707 -0.253110663204311 0.094179811659724 0.218994825725938 -1.241981373729845 -0.375693443626240 -0.617795644628494 3.503693207614900 2.605966082956379
-0.530110833439193 -0.259232977742770 0.092366493593667 0.215905847502795 -1.224462907691770 -0.362663613211459 -0.701995430429925 3.981213922035209 3.079778098039609
-0.529048854087439 -0.265255761933178 0.090630169980060 0.212395870350646 -1.204556838081594 -0.347264722721261 -0.772131868700399 4.378977429335684 3.553590113122840
-0.528006178032404 -0.271169071687852 0.088982686119282 0.208535211007144 -1.182661950934916 -0.329496772155646 -0.826041367538721 4.684713389959683 4.027402128204960
-0.526984153011556 -0.276965263607778 0.087435887311709 0.204405004169450 -1.159238383985117 -0.309359761514622 -0.861560334990408 4.886151464349453 4.501214143289300
-0.525983666999084 -0.282639301741095 0.086001618857718 0.200097202494498 -1.134807626663370 -0.286853690798175 -0.876525179149823 4.971021312951684 4.975026158371421
-0.525005094116090 -0.288189064341588 0.084691726057687 0.195714576598749 -1.109952520098612 -0.261978560006318 -0.868772308084687 4.927052596206405 5.448838173454651
-0.524048240540799 -0.293615650627176 0.083518054211991 0.191370715058325 -1.085317257117580 -0.234734369139045 -0.836138129853836 4.741974974555863 5.922650188537881
-0.523112290418753 -0.298923687538400 0.082492448621010 0.187190024409056 -1.061607382244800 -0.205121118196355 -0.776459052564960 4.403518108448967 6.396462203620557
-0.522195751773022 -0.304121636496912 0.081626754585118 0.183307729146232 -1.039589791702555 -0.173138807178252 -0.687571484245808 3.899411658323526 6.870274218703787
-0.521296402414397 -0.309222100163967 0.080932817404695 0.179869871725002 -1.020092733410938 -0.138787436084734 -0.567311833012951 3.217385284621788 7.344086233786462
-0.520411235851597 -0.314242129198906 0.080422482380116 0.177033312559938 -1.004005806987829 -0.102067004915801 -0.413516506920786 2.345168647797102 7.817898248869692
-0.519536407201471 -0.319203529017650 0.080107594811758 0.174965730025334 -0.992279963748843 -0.062977513671453 -0.224021914037031 1.270491408273955 8.291710263954032
-0.518667179099195 -0.324133166551188 0.080000000000000 0.173845620455149 -0.985927506707474 -0.021518962351683 -0.036406181087578 0.206469712942248 3.589057895457270
-0.517798861151446 -0.329057642341902 0.079982131635628 0.173663589549711 -0.984895158142762 -0.003573672874396 0.011006362266031 -0.062420182249667 -4.041287558755324
-0.516930268044641 -0.333983678637172 0.079863231082287 0.173718621361041 -0.985207259054011 -0.023780110668173 0.002277976456355 -0.012919046432636 -7.422735764859856
-0.516061617988425 -0.338910037908602 0.079558762134825 0.173730011243323 -0.985271854286174 -0.060893789492472 -0.026247975393190 0.148859665638490 -10.124238710061405
-0.515193624131593 -0.343832675688392 0.079001187219611 0.173598771366357 -0.984527555957981 -0.111514983042779 -0.072667118167224 0.412115706140970 -12.189663830547426
-0.514327446952715 -0.348745010575529 0.078138870708633 0.173235435775521 -0.982466977427277 -0.172463302195516 -0.135075076785895 0.766048827258725 -13.662878562502589
-0.513464646650757 -0.353638194241984 0.076934982233593 0.172560060391591 -0.978636733290983 -0.240777695008029 -0.211567476160468 1.199858781186780 -14.587750342120453
-0.512607135535703 -0.358501381438909 0.075366400000000 0.171502223010789 -0.972637439385049 -0.313716446718632 -0.300239941211089 1.702745320091292 -15.008146605580141
-0.511757130419180 -0.363322000002832 0.073422614101267 0.170001023304733 -0.964123712784593 -0.388757179746532 -0.399188096831260 2.263908196176168 -14.967934789076320
-0.510917105005077 -0.368086020861850 0.071104629832808 0.168005082820577 -0.952804171803712 -0.463596853691914 -0.506507567950010 2.872547161607564 -14.510982328791998
-0.510089742280173 -0.372778228041829 0.068423871006128 0.165472544980827 -0.938441435995674 -0.536151765335874 -0.620293979465281 3.517861968587166 -13.681156660914628
-0.509277886904755 -0.377382488672592 0.065401083262926 0.162371075083501 -0.920852126152738 -0.604557548640447 -0.738642956310542 4.189052369292234 -12.522325221633878
-0.508484497603245 -0.381882022994124 0.062065237389183 0.158677860301948 -0.899906864306277 -0.667169174748616 -0.859650123370415 4.875318115895588 -11.078355447135534
-0.507712599554820 -0.386259674362758 0.058452432629262 0.154379609685096 -0.875530273726799 -0.722560951984294 -0.981411105573926 5.565858960605574 -9.393114773605648
-0.506965236784034 -0.390498179257377 0.054604800000000 0.149472554157226 -0.847700978923771 -0.769526525852322 -1.102021527819019 6.249874655581689 -7.510470637235045
-0.506245424551443 -0.394580437285606 0.050569405604808 0.143962446518131 -0.816451605645863 -0.807078879038498 -1.219577015048046 6.916564953032278 -5.474290474206667
-0.505556101744229 -0.398489781190010 0.046397153947760 0.137864561442891 -0.781868780880701 -0.834450331409531 -1.332173192127861 7.555129605116839 -3.328441720711606
-0.504900083266817 -0.402210246854285 0.042141691247694 0.131203695482252 -0.744093132855117 -0.851092540013089 -1.437905684009699 8.154768364043719 -1.116791812935403
-0.504280012431506 -0.405726843309460 0.037858308752306 0.124014167062203 -0.703319291034898 -0.856676499077766 -1.534870115587061 8.704680981985735 1.116791812935403
-0.503698313349085 -0.409025822740084 0.033602846052240 0.116339816484268 -0.659795886124970 -0.851092540013089 -1.621162111762331 9.194067211124590 3.328441720711184
-0.503157143319458 -0.412094950490431 0.029430594395192 0.108234005925456 -0.613825550069347 -0.834450331409533 -1.694877297477859 9.612126803648646 5.474290474206667
-0.502658345222267 -0.414923775070687 0.025395200000000 0.099759619438067 -0.565764916051104 -0.807078879038500 -1.754111297613825 9.948059511748486 7.510470637234623
-0.502203399907518 -0.417503898163149 0.021547567370738 0.090989062949998 -0.516024618492361 -0.769526525852327 -1.796959737099257 10.191065087585827 9.393114773606491
-0.501793378586195 -0.419829244628421 0.017934762610817 0.082004264264501 -0.465069293054432 -0.722560951984294 -1.821518240840980 10.330343283382337 11.078355447137755
-0.501428895220894 -0.421896332511608 0.014598916737074 0.072896673060296 -0.413417576637520 -0.667169174748605 -1.825882433745818 10.355093851293073 12.522325221630547
-0.501110058916436 -0.423704543048514 0.011576128993872 0.063767260891567 -0.361642107381055 -0.604557548640453 -1.808147940747240 10.254516543506398 13.681156660916294
-0.500836426310497 -0.425256390671831 0.008895370167192 0.054726521187831 -0.310369524663523 -0.536151765335871 -1.766410386725425 10.017811112219555 14.510982328790334
-0.500606953964225 -0.426557793017343 0.006577385898733 0.045894469254204 -0.260280469102425 -0.463596853691919 -1.698765396609403 9.634177309605363 14.967934789077985
-0.500419950752870 -0.427618340930115 0.004633600000000 0.037400642271157 -0.212109582554398 -0.388757179746529 -1.603308595319319 9.092814887854406 15.008146605579586
-0.500273030256397 -0.428451568470691 0.003065017766407 0.029384099294560 -0.166645508115126 -0.313716446718632 -1.478135607744235 8.382923599148384 14.587750342117678
-0.500163063150118 -0.429075222921288 0.001861129291367 0.021993421255839 -0.124730890119384 -0.240777695008043 -1.321342058817621 7.493703195671220 13.662878562508141
-0.500086129595309 -0.429511534791993 0.000998812780389 0.015386710961751 -0.087262374141028 -0.172463302195502 -1.131023573441858 6.414353429604613 12.189663830541875
-0.500037471629836 -0.429787487826958 0.000441237865175 0.009731593094542 -0.055190606993005 -0.111514983042793 -0.905275776528214 5.134074053148030 10.124238710065292
-0.500011445558777 -0.429935089010594 0.000136768917713 0.005205214211901 -0.029520236727265 -0.060893789492467 -0.642194292979070 3.642064818463187 7.422735764861521
-0.500001474345042 -0.429991638573769 0.000017868364372 0.001994242747005 -0.011309912634949 -0.023780110668159 -0.339874747732338 1.927525477753989 4.041287558744777
