-0.500000542863013 -0.429996921270865 0.000016926001585 -0.000108572602553 0.000615745827004 0.003385200317034 -0.127761548474048 0.724571747081626 3.867436187302909
-0.500004279764737 -0.429975728248053 0.000130537907853 -0.000747380344923 0.004238604562412 0.022722381253549 -0.248620816347689 1.409998715766747 7.212052297433387
-0.500014232186871 -0.429919285257347 0.000424451121556 -0.001990484426662 0.011288598141246 0.058782642740716 -0.362037292425121 2.053215514534745 10.012362573795315
-0.500033235541315 -0.429811511878777 0.000968673399605 -0.003800670888787 0.021554675713920 0.108844455609692 -0.468106642377286 2.654764690557254 12.297014691850178
-0.500063941561818 -0.429637369382944 0.001820321044950 -0.006141204100674 0.034828499166706 0.170329529068943 -0.566924531923974 3.215188791003687 14.094656327059479
-0.500108820695619 -0.429382847167335 0.003024335098471 -0.008975826760294 0.050904443121724 0.240802810704241 -0.658586626776092 3.735030363052338 15.433935154884741
-0.500170164495090 -0.429034949192650 0.004614197530864 -0.012268759894174 0.069579594936986 0.317972486478664 -0.743188592613464 4.214831953861520 16.343498850787498
-0.500250088009377 -0.428581680419119 0.006612647434527 -0.015984702857241 0.090653754706294 0.399689980732602 -0.820826095173643 4.655136110622848 16.851995090229199
-0.500350532176042 -0.428012033242821 0.009032397215446 -0.020088833333110 0.113929435259408 0.483949956183748 -0.891594800136453 5.056485380483533 16.988071548671257
-0.500473266212711 -0.427315973932012 0.011876848785081 -0.024546807333792 0.139211862161825 0.568890313927104 -0.955590373221682 5.419422310630750 16.780375901575351
-0.500619890008711 -0.426484429063437 0.015140809752256 -0.029324759199900 0.166308973714979 0.652792193434981 -1.012908480113595 5.744489448231693 16.257555824403024
-0.500791836516713 -0.425509271958657 0.018811209615041 -0.034389301600468 0.195031420956138 0.734079972556996 -1.063644786545304 6.032229340455775 15.448258992615548
-0.500990374144379 -0.424383309120365 0.022867815952642 -0.039707525533195 0.225192567658417 0.811321267520074 -1.107894958196631 6.283184534476849 14.381133081674413
-0.501216609146000 -0.423100266668711 0.027283950617284 -0.045247000324178 0.256608490330801 0.883226932928446 -1.145754660791809 6.497897577457667 13.084825767041686
-0.501471488014140 -0.421654776777620 0.032027205926102 -0.050975773628137 0.289097978218089 0.948651061763654 -1.177319560006218 6.676911016583187 11.587984724177613
-0.501755799871281 -0.420042364111115 0.037060160853025 -0.056862371428168 0.322482533301005 1.006590985384542 -1.202685321586294 6.820767399020600 9.919257628545353
-0.502070178861462 -0.418259432259635 0.042341097220661 -0.062875798036099 0.356586370296108 1.056187273527269 -1.221947611202978 6.930009271930437 8.107292155606327
-0.502415106541922 -0.416303250176356 0.047824715892188 -0.068985536092114 0.391236416655760 1.096723734305301 -1.235202094571619 7.005179182493215 6.180735980817742
-0.502790914274747 -0.414171938613515 0.053462852963235 -0.075161546564972 0.426262312568226 1.127627414209389 -1.242544437394244 7.046819677880567 4.168236779650281
-0.503197785618507 -0.411864456558727 0.059205195953773 -0.081374268751944 0.461496410957629 1.148468598107641 -1.244070305390643 7.055473305261906 2.098442227553576
-0.503635758719901 -0.409380587671307 0.065000000000000 -0.087594620278897 0.496773777483939 1.158960809245409 -1.239875364236198 7.031682611806644 0.000000000000844
-0.504104728705402 -0.406720926718592 0.070794804046227 -0.093793997100078 0.531932190542972 1.158960809245413 -1.230055279664022 6.975990144686417 -2.098442227556063
-0.504604450072894 -0.403886866012260 0.076537147036765 -0.099944273498398 0.566812141266404 1.148468598107633 -1.214705717367259 6.888938451070636 -4.168236779647527
-0.505134539083320 -0.400880581844651 0.082175284107812 -0.106017802085234 0.601256833521757 1.127627414209395 -1.193922343039056 6.771070078144259 -6.180735980819696
-0.505694476152322 -0.397705020925089 0.087658902779339 -0.111987413800430 0.635112183912478 1.096723734305296 -1.167800822412524 6.622927573050053 -8.107292155604684
-0.506283608241885 -0.394363886816200 0.092939839146975 -0.117826417912492 0.668226821777729 1.056187273527273 -1.136436821158604 6.445053482990737 -9.919257628546729
-0.506901151251976 -0.390861626370237 0.097972794073898 -0.123508602018285 0.700452089192682 1.006590985384539 -1.099926005005969 6.237990355117962 -11.587984724176748
-0.507546192412193 -0.387203416165395 0.102716049382716 -0.129008232043315 0.731642040968272 0.948651061763656 -1.058364039647763 6.002280736607801 -13.084825767041840
-0.508217692673400 -0.383395148942139 0.107132184047358 -0.134300052241554 0.761653444651311 0.883226932928446 -1.011846590799337 5.738467174629669 -14.381133081673436
-0.508914489099378 -0.379443420039517 0.111188790384959 -0.139359285195551 0.790345780524460 0.811321267520079 -0.960469324153834 5.447092216364080 -15.448258992622476
-0.509635297258460 -0.375355513831485 0.114859190247743 -0.144161631816320 0.817581241606280 0.734079972556967 -0.904327905417723 5.128698408962684 -16.257555824394920
-0.510378713615177 -0.371139390163230 0.118123151214918 -0.148683271343408 0.843224733651093 0.652792193434992 -0.843518000293031 4.783828299619319 -16.780375901581657
-0.511143217921901 -0.366803670787484 0.120967602784554 -0.152900861344873 0.867143875149190 0.568890313927084 -0.778135274508429 4.413024435490076 -16.988071548665882
-0.511927175610488 -0.362357625800851 0.123387352565473 -0.156791537717416 0.889208997326640 0.483949956183755 -0.708275393730418 4.016829363748808 -16.851995090231274
-0.512728840183919 -0.357811160080124 0.125385802469136 -0.160332914686068 0.909293144145384 0.399689980732598 -0.634034023687668 3.595785631576032 -16.343498850779348
-0.513546355607941 -0.353174799718607 0.126975664901529 -0.163503084804506 0.927272072303265 0.317972486478701 -0.555506830086649 3.150435786125616 -15.433935154904876
-0.514377758702716 -0.348459678462438 0.128179678955050 -0.166280618954939 0.943024251233893 0.240802810704177 -0.472789478616065 2.681322374584738 -14.094656327043875
-0.515220981534456 -0.343677524146904 0.129031326600395 -0.168644566348020 0.956430863106816 0.170329529068958 -0.385977634991264 2.188987944118370 -12.297014691853292
-0.516073853807071 -0.338840645132767 0.129575548878443 -0.170574454522976 0.967375802827408 0.108844455609691 -0.295166964918714 1.673975041889264 -10.012362573788014
-0.516934105253809 -0.333961916742582 0.129869462092147 -0.172050289347569 0.975745678036855 0.058782642740751 -0.200453134100442 1.136826215089037 -7.212052297451699
-0.517799368028899 -0.329054767697021 0.129983073998414 -0.173052555018072 0.981429809112300 0.022722381253493 -0.101931808229594 0.578084010873781 -3.867436187290352
-0.518667179099195 -0.324133166551188 0.130000000000000 -0.173562214059220 0.984320229166669 0.003385200317041 -0.017192721539772 0.097504769107637 -3.871727323636609
-0.519535419987530 -0.319209127786127 0.129920132818494 -0.173648177666919 0.984807753012207 -0.015973436301142 -0.000000000004441 0.000000000000000 -6.188134378117827
-0.520403660875864 -0.314285089021066 0.129685562277535 -0.173648177666941 0.984807753012207 -0.046914108191731 0.000000000004441 0.000000000000000 -5.886274164538241
-0.521271901764199 -0.309361050256005 0.129303834882463 -0.173648177666919 0.984807753012207 -0.076345479014422 -0.000000000004441 0.000000000000000 -5.584413950974199
-0.522140142652534 -0.304437011490943 0.128782497138617 -0.173648177666941 0.984807753012207 -0.104267548769293 0.000000000000000 0.000000000002220 -5.282553737405715
-0.523008383540868 -0.299512972725882 0.128129095551335 -0.173648177666941 0.984807753012218 -0.130680317456322 0.000000000004441 -0.000000000004441 -4.980693523841673
-0.523876624429203 -0.294588933960821 0.127351176625957 -0.173648177666919 0.984807753012196 -0.155583785075530 -0.000000000004441 0.000000000004441 -4.678833310274300
-0.524744865317538 -0.289664895195760 0.126456286867823 -0.173648177666941 0.984807753012218 -0.178977951626902 0.000000000004441 -0.000000000004441 -4.376973096708037
-0.525613106205872 -0.284740856430699 0.125451972782271 -0.173648177666919 0.984807753012196 -0.200862817110442 -0.000000000004441 0.000000000004441 -4.075112883142329
-0.526481347094207 -0.279816817665638 0.124345780874640 -0.173648177666941 0.984807753012218 -0.221238381526154 0.000000000004441 -0.000000000004441 -3.773252669576621
-0.527349587982542 -0.274892778900577 0.123145257650270 -0.173648177666919 0.984807753012196 -0.240104644874037 -0.000000000004441 0.000000000004441 -3.471392456009803
-0.528217828870876 -0.269968740135516 0.121857949614499 -0.173648177666941 0.984807753012218 -0.257461607154086 0.000000000004441 -0.000000000002220 -3.169532242444650
-0.529086069759211 -0.265044701370455 0.120491403272668 -0.173648177666919 0.984807753012207 -0.273309268366309 -0.000000000004441 0.000000000000000 -2.867672028877277
-0.529954310647546 -0.260120662605394 0.119053165130114 -0.173648177666941 0.984807753012207 -0.287647628510695 0.000000000004441 0.000000000000000 -2.565811815312680
-0.530822551535880 -0.255196623840333 0.117550781692178 -0.173648177666919 0.984807753012207 -0.300476687587259 -0.000000000004441 0.000000000002220 -2.263951601745307
-0.531690792424215 -0.250272585075272 0.115991799464198 -0.173648177666941 0.984807753012218 -0.311796445595985 0.000000000004441 -0.000000000002220 -1.962091388179599
-0.532559033312549 -0.245348546310211 0.114383764951514 -0.173648177666919 0.984807753012207 -0.321606902536883 -0.000000000004441 0.000000000001110 -1.660231174613336
-0.533427274200884 -0.240424507545150 0.112734224659464 -0.173648177666941 0.984807753012212 -0.329908058409950 0.000000000000000 -0.000000000002220 -1.358370961047628
-0.534295515089219 -0.235500468780089 0.111050725093388 -0.173648177666941 0.984807753012201 -0.336699913215188 0.000000000004441 0.000000000001110 -1.056510747481920
-0.535163755977553 -0.230576430015028 0.109340812758625 -0.173648177666919 0.984807753012207 -0.341982466952598 -0.000000000004441 0.000000000002220 -0.754650533914547
-0.536031996865888 -0.225652391249967 0.107612034160514 -0.173648177666941 0.984807753012218 -0.345755719622171 0.000000000004441 -0.000000000003331 -0.452790320349394
-0.536900237754223 -0.220728352484906 0.105871935804395 -0.173648177666919 0.984807753012201 -0.348019671223918 -0.000000000004441 0.000000000002220 -0.150930106783131
-0.537768478642557 -0.215804313719845 0.104128064195605 -0.173648177666941 0.984807753012212 -0.348774321757833 0.000000000004441 -0.000000000001110 0.150930106783687
-0.538636719530892 -0.210880274954784 0.102387965839486 -0.173648177666919 0.984807753012207 -0.348019671223915 -0.000000000004441 0.000000000001110 0.452790320347729
-0.539504960419227 -0.205956236189723 0.100659187241375 -0.173648177666941 0.984807753012212 -0.345755719622176 0.000000000004441 0.000000000000000 0.754650533916768
-0.540373201307561 -0.201032197424662 0.098949274906612 -0.173648177666919 0.984807753012212 -0.341982466952592 -0.000000000004441 0.000000000000000 1.056510747480810
-0.541241442195896 -0.196108158659600 0.097265775340536 -0.173648177666941 0.984807753012212 -0.336699913215188 0.000000000004441 -0.000000000001110 1.358370961047628
-0.542109683084231 -0.191184119894539 0.095616235048486 -0.173648177666919 0.984807753012207 -0.329908058409950 -0.000000000004441 0.000000000001110 1.660231174612781
-0.542977923972565 -0.186260081129478 0.094008200535802 -0.173648177666941 0.984807753012212 -0.321606902536886 0.000000000004441 -0.000000000001110 1.962091388180154
-0.543846164860900 -0.181336042364417 0.092449218307822 -0.173648177666919 0.984807753012207 -0.311796445595985 -0.000000000004441 0.000000000000000 2.263951601745862
-0.544714405749235 -0.176412003599356 0.090946834869886 -0.173648177666941 0.984807753012207 -0.300476687587256 0.000000000000000 0.000000000002220 2.565811815312125
-0.545582646637569 -0.171487964834295 0.089508596727332 -0.173648177666941 0.984807753012218 -0.287647628510695 0.000000000004441 0.000000000000000 2.867672028877277
-0.546450887525904 -0.166563926069234 0.088142050385501 -0.173648177666919 0.984807753012218 -0.273309268366309 -0.000000000004441 -0.000000000002220 3.169532242444095
-0.547319128414239 -0.161639887304173 0.086854742349730 -0.173648177666941 0.984807753012207 -0.257461607154089 0.000000000004441 0.000000000000000 3.471392456010913
-0.548187369302573 -0.156715848539112 0.085654219125360 -0.173648177666919 0.984807753012207 -0.240104644874034 -0.000000000004441 0.000000000002220 3.773252669575511
-0.549055610190908 -0.151791809774051 0.084548027217729 -0.173648177666941 0.984807753012218 -0.221238381526156 0.000000000004441 -0.000000000004441 4.075112883142884
-0.549923851079242 -0.146867771008990 0.083543713132177 -0.173648177666919 0.984807753012196 -0.200862817110442 -0.000000000004441 0.000000000006661 4.376973096708037
-0.550792091967577 -0.141943732243929 0.082648823374043 -0.173648177666941 0.984807753012229 -0.178977951626902 0.000000000000000 -0.000000000002220 4.678833310274855
-0.551660332855912 -0.137019693478868 0.081870904448665 -0.173648177666941 0.984807753012218 -0.155583785075528 0.000000000004441 -0.000000000002220 4.980693523841118
-0.552528573744246 -0.132095654713807 0.081217502861383 -0.173648177666919 0.984807753012207 -0.130680317456322 -0.000000000004441 0.000000000000000 5.282553737405715
-0.553396814632581 -0.127171615948746 0.080696165117537 -0.173648177666941 0.984807753012207 -0.104267548769293 0.000000000004441 0.000000000002220 5.584413950973643
-0.554265055520916 -0.122247577183685 0.080314437722465 -0.173648177666919 0.984807753012218 -0.076345479014425 -0.000000000004441 -0.000000000002220 5.886274164538241
-0.555133296409250 -0.117323538418624 0.080079867181506 -0.173648177666941 0.984807753012207 -0.046914108191734 0.000000000004441 0.000000000004441 6.188134378105614
-0.556001537297585 -0.112399499653562 0.080000000000000 -0.173648177666919 0.984807753012229 -0.015973436301206 0.017192721539772 -0.097504769132062 2.778047221222435
-0.556869348367881 -0.107477898507730 0.079989583999025 -0.173562214059220 0.984320229166569 -0.002083200195094 0.101931808234035 -0.578084010853797 -2.379960730649056
-0.557734611142971 -0.102570749462168 0.079919668979783 -0.173052555018050 0.981429809112300 -0.013983003848339 0.200453134096001 -1.136826215086817 -4.438186029189217
-0.558594862589709 -0.097692021071984 0.079738799309811 -0.172050289347569 0.975745678036866 -0.036173933994285 0.295166964914273 -1.673975041891484 -6.161453891567192
-0.559447734862324 -0.092855142057847 0.079403893292551 -0.170574454522998 0.967375802827408 -0.066981203452121 0.385977634995704 -2.188987944118370 -7.567393656522925
-0.560290957694064 -0.088072987742313 0.078879802433877 -0.168644566348020 0.956430863106816 -0.104818171734736 0.472789478620506 -2.681322374584738 -8.673634662805240
-0.561122360788839 -0.083357866486143 0.078138870708633 -0.166280618954917 0.943024251233893 -0.148186345048762 0.555506830077768 -3.150435786127836 -9.497806249160190
-0.561939876212862 -0.078721506124627 0.077160493827160 -0.163503084804528 0.927272072303253 -0.195675376294563 0.634034023692109 -3.595785631573811 -10.057537754330491
-0.562741540786292 -0.074175040403900 0.075930678501829 -0.160332914686068 0.909293144145384 -0.245963065066215 0.708275393734858 -4.016829363746588 -10.370458517064417
-0.563525498474879 -0.069728995417267 0.074441601713572 -0.156791537717393 0.889208997326651 -0.297815357651537 0.778135274499547 -4.413024435494517 -10.454197876105242
-0.564290002781603 -0.065393276041521 0.072691169978411 -0.152900861344896 0.867143875149179 -0.350086347032064 0.843518000297472 -4.783828299617099 -10.326385170200680
-0.565033419138320 -0.061177152373265 0.070682578613996 -0.148683271343408 0.843224733651093 -0.401718272883067 0.904327905422164 -5.128698408964905 -10.004649738093452
-0.565754227297402 -0.057089246165234 0.068423871006128 -0.144161631816297 0.817581241606269 -0.451741521573534 0.960469324149393 -5.447092216359639 -9.506620918532937
-0.566451023723380 -0.053137517262612 0.065927497875297 -0.139359285195551 0.790345780524471 -0.499274626166199 1.011846590794896 -5.738467174631889 -8.849928050261857
-0.567122523984588 -0.049329250039355 0.063209876543210 -0.134300052241576 0.761653444651311 -0.543524266417508 1.058364039652204 -6.002280736610022 -8.052200472024595
-0.567767565144804 -0.045671039834514 0.060290950199322 -0.129008232043315 0.731642040968261 -0.583785268777631 1.099926005005969 -6.237990355113521 -7.131067522571355
-0.568385108154896 -0.042168779388550 0.057193747167369 -0.123508602018285 0.700452089192694 -0.619440606390488 1.136436821158604 -6.445053482990737 -6.104158540643501
-0.568974240244458 -0.038827645279662 0.053943940171901 -0.117826417912492 0.668226821777740 -0.649961399093706 1.167800822412524 -6.622927573054493 -4.989102864987882
-0.569534177313460 -0.035652084360099 0.050569405604808 -0.111987413800430 0.635112183912467 -0.674906913418645 1.193922343039056 -6.771070078142039 -3.803529834350017
-0.570064266323886 -0.032645800192491 0.047099782791856 -0.106017802085234 0.601256833521757 -0.693924562590395 1.214705717367259 -6.888938451070636 -2.565068787476754
-0.570563987691378 -0.029811739486159 0.043566033259217 -0.099944273498398 0.566812141266404 -0.706749906527779 1.230055279664022 -6.975990144686417 -1.291349063110281
-0.571032957676879 -0.027152078533444 0.040000000000000 -0.093793997100078 0.531932190542972 -0.713206651843330 1.239875364240639 -7.031682611806644 -0.000000000000289
-0.571470930778273 -0.024668209646024 0.036433966740783 -0.087594620278875 0.496773777483939 -0.713206651843332 1.244070305381761 -7.055473305261906 1.291349063110858
-0.571877802122033 -0.022360727591236 0.032900217208144 -0.081374268751966 0.461496410957629 -0.706749906527777 1.242544437403126 -7.046819677880567 2.565068787476599
-0.572253609854858 -0.020229416028395 0.029430594395192 -0.075161546564950 0.426262312568226 -0.693924562590394 1.235202094567178 -7.005179182493215 3.803529834349462
-0.572598537535318 -0.018273233945116 0.026056059828099 -0.068985536092114 0.391236416655760 -0.674906913418647 1.221947611202978 -6.930009271930437 4.989102864987749
-0.572912916525499 -0.016490302093635 0.022806252832631 -0.062875798036099 0.356586370296108 -0.649961399093708 1.202685321581853 -6.820767399018379 6.104158540643767
-0.573197228382640 -0.014877889427130 0.019709049800678 -0.056862371428190 0.322482533301016 -0.619440606390489 1.177319560015100 -6.676911016583187 7.131067522572199
-0.573452107250780 -0.013432399536040 0.016790123456790 -0.050975773628115 0.289097978218100 -0.583785268777628 1.145754660782927 -6.497897577466549 8.052200472025151
-0.573678342252401 -0.012149357084386 0.014072502124703 -0.045247000324200 0.256608490330767 -0.543524266417503 1.107894958205513 -6.283184534470188 8.849928050258526
-0.573876879880067 -0.011023394246094 0.011576128993872 -0.039707525533172 0.225192567658417 -0.499274626166210 1.063644786536422 -6.032229340455775 9.506620918535713
-0.574048826388070 -0.010048237141313 0.009317421386004 -0.034389301600490 0.195031420956138 -0.451741521573532 1.012908480122476 -5.744489448229473 10.004649738093452
-0.574195450184069 -0.009216692272738 0.007308830021589 -0.029324759199878 0.166308973714990 -0.401718272883064 0.955590373212800 -5.419422310635191 10.326385170197350
-0.574318184220738 -0.008520632961929 0.005558398286428 -0.024546807333814 0.139211862161814 -0.350086347032078 0.891594800140894 -5.056485380481313 10.454197876109127
-0.574418628387404 -0.007950985785632 0.004069321498171 -0.020088833333110 0.113929435259408 -0.297815357651532 0.820826095173643 -4.655136110618407 10.370458517062753
-0.574498551901690 -0.007497717012101 0.002839506172839 -0.015984702857241 0.090653754706316 -0.245963065066218 0.743188592617905 -4.214831953868181 10.057537754331047
-0.574559895701161 -0.007149819037416 0.001861129291367 -0.012268759894152 0.069579594936975 -0.195675376294563 0.658586626767210 -3.735030363050118 9.497806249164631
-0.574604774834962 -0.006895296821807 0.001120197566123 -0.008975826760316 0.050904443121724 -0.148186345048740 0.566924531932855 -3.215188791005907 8.673634662794694
-0.574635480855465 -0.006721154325974 0.000596106707449 -0.006141204100651 0.034828499166695 -0.104818171734766 0.468106642372845 -2.654764690557254 7.567393656526811
-0.574654484209909 -0.006613380947404 0.000261200690188 -0.003800670888787 0.021554675713908 -0.066981203452132 0.362037292420681 -2.053215514530304 6.161453891568858
-0.574664436632043 -0.006556937956698 0.000080331020217 -0.001990484426684 0.011288598141257 -0.036173933994288 0.248620816356571 -1.409998715768968 4.438186029189772
-0.574668173533767 -0.006535744933886 0.000010416000975 -0.000747380344901 0.004238604562412 -0.013983003848339 0.127761548469607 -0.724571747086067 2.379960730651831
-0.574668716396780 -0.006532666204751 -0.000000000000000 -0.000108572602553 0.000615745826982 -0.002083200195080 0.021714520510585 -0.123149165396352 0.416640039020422
-0.574668716396780 -0.006532666204751 0.000000000000000 0.000000000000000 0.000000000000000 0.000000000000022 0.021714520510585 -0.123149165396352 0.677040063402414
-0.574668173533767 -0.006535744933886 0.000016926001585 0.000108572602553 -0.000615745826982 0.003385200317034 0.127761548469607 -0.724571747086067 3.867436187302909
-0.574664436632043 -0.006556937956698 0.000130537907853 0.000747380344901 -0.004238604562412 0.022722381253549 0.248620816356571 -1.409998715768968 7.212052297433387
-0.574654484209909 -0.006613380947404 0.000424451121556 0.001990484426684 -0.011288598141257 0.058782642740716 0.362037292420681 -2.053215514530304 10.012362573795315
-0.574635480855465 -0.006721154325974 0.000968673399605 0.003800670888787 -0.021554675713908 0.108844455609692 0.468106642372845 -2.654764690557254 12.297014691850178
-0.574604774834962 -0.006895296821807 0.001820321044950 0.006141204100651 -0.034828499166695 0.170329529068943 0.566924531932855 -3.215188791005907 14.094656327059479
-0.574559895701161 -0.007149819037416 0.003024335098471 0.008975826760316 -0.050904443121724 0.240802810704241 0.658586626767210 -3.735030363050118 15.433935154884741
-0.574498551901690 -0.007497717012101 0.004614197530864 0.012268759894152 -0.069579594936975 0.317972486478664 0.743188592617905 -4.214831953868181 16.343498850787498
-0.574418628387404 -0.007950985785632 0.006612647434527 0.015984702857241 -0.090653754706316 0.399689980732602 0.820826095173643 -4.655136110618407 16.851995090229199
-0.574318184220738 -0.008520632961929 0.009032397215446 0.020088833333110 -0.113929435259408 0.483949956183748 0.891594800140894 -5.056485380481313 16.988071548671257
-0.574195450184069 -0.009216692272738 0.011876848785081 0.024546807333814 -0.139211862161814 0.568890313927104 0.955590373212800 -5.419422310635191 16.780375901575351
-0.574048826388070 -0.010048237141313 0.015140809752256 0.029324759199878 -0.166308973714990 0.652792193434981 1.012908480122476 -5.744489448229473 16.257555824403024
-0.573876879880067 -0.011023394246094 0.018811209615041 0.034389301600490 -0.195031420956138 0.734079972556996 1.063644786536422 -6.032229340455775 15.448258992615548
-0.573678342252401 -0.012149357084386 0.022867815952642 0.039707525533172 -0.225192567658417 0.811321267520074 1.107894958205513 -6.283184534470188 14.381133081674413
-0.573452107250780 -0.013432399536040 0.027283950617284 0.045247000324200 -0.256608490330767 0.883226932928446 1.145754660782927 -6.497897577466549 13.084825767041686
-0.573197228382640 -0.014877889427130 0.032027205926102 0.050975773628115 -0.289097978218100 0.948651061763654 1.177319560015100 -6.676911016583187 11.587984724177613
-0.572912916525499 -0.016490302093635 0.037060160853025 0.056862371428190 -0.322482533301016 1.006590985384542 1.202685321581853 -6.820767399018379 9.919257628545353
-0.572598537535318 -0.018273233945116 0.042341097220661 0.062875798036099 -0.356586370296108 1.056187273527269 1.221947611202978 -6.930009271930437 8.107292155606327
-0.572253609854858 -0.020229416028395 0.047824715892188 0.068985536092114 -0.391236416655760 1.096723734305301 1.235202094567178 -7.005179182493215 6.180735980817742
-0.571877802122033 -0.022360727591236 0.053462852963235 0.075161546564950 -0.426262312568226 1.127627414209389 1.242544437403126 -7.046819677880567 4.168236779650281
-0.571470930778273 -0.024668209646024 0.059205195953773 0.081374268751966 -0.461496410957629 1.148468598107641 1.244070305381761 -7.055473305261906 2.098442227553576
-0.571032957676879 -0.027152078533444 0.065000000000000 0.087594620278875 -0.496773777483939 1.158960809245409 1.239875364240639 -7.031682611806644 0.000000000000844
-0.570563987691378 -0.029811739486159 0.070794804046227 0.093793997100078 -0.531932190542972 1.158960809245413 1.230055279664022 -6.975990144686417 -2.098442227556063
-0.570064266323886 -0.032645800192491 0.076537147036765 0.099944273498398 -0.566812141266404 1.148468598107633 1.214705717367259 -6.888938451070636 -4.168236779647527
-0.569534177313460 -0.035652084360099 0.082175284107812 0.106017802085234 -0.601256833521757 1.127627414209395 1.193922343039056 -6.771070078142039 -6.180735980819696
-0.568974240244458 -0.038827645279662 0.087658902779339 0.111987413800430 -0.635112183912467 1.096723734305296 1.167800822412524 -6.622927573054493 -8.107292155604684
-0.568385108154896 -0.042168779388550 0.092939839146975 0.117826417912492 -0.668226821777740 1.056187273527273 1.136436821158604 -6.445053482990737 -9.919257628546729
-0.567767565144804 -0.045671039834514 0.097972794073898 0.123508602018285 -0.700452089192694 1.006590985384539 1.099926005005969 -6.237990355113521 -11.587984724176748
-0.567122523984588 -0.049329250039355 0.102716049382716 0.129008232043315 -0.731642040968261 0.948651061763656 1.058364039652204 -6.002280736610022 -13.084825767041840
-0.566451023723380 -0.053137517262612 0.107132184047358 0.134300052241576 -0.761653444651311 0.883226932928446 1.011846590794896 -5.738467174631889 -14.381133081673436
-0.565754227297402 -0.057089246165234 0.111188790384959 0.139359285195551 -0.790345780524471 0.811321267520079 0.960469324149393 -5.447092216359639 -15.448258992622476
-0.565033419138320 -0.061177152373265 0.114859190247743 0.144161631816297 -0.817581241606269 0.734079972556967 0.904327905422164 -5.128698408964905 -16.257555824394920
-0.564290002781603 -0.065393276041521 0.118123151214918 0.148683271343408 -0.843224733651093 0.652792193434992 0.843518000297472 -4.783828299617099 -16.780375901581657
-0.563525498474879 -0.069728995417267 0.120967602784554 0.152900861344896 -0.867143875149179 0.568890313927084 0.778135274499547 -4.413024435494517 -16.988071548665882
-0.562741540786292 -0.074175040403900 0.123387352565473 0.156791537717393 -0.889208997326651 0.483949956183755 0.708275393734858 -4.016829363746588 -16.851995090231274
-0.561939876212862 -0.078721506124627 0.125385802469136 0.160332914686068 -0.909293144145384 0.399689980732598 0.634034023692109 -3.595785631573811 -16.343498850779348
-0.561122360788839 -0.083357866486143 0.126975664901529 0.163503084804528 -0.927272072303253 0.317972486478701 0.555506830077768 -3.150435786127836 -15.433935154904876
-0.560290957694064 -0.088072987742313 0.128179678955050 0.166280618954917 -0.943024251233893 0.240802810704177 0.472789478620506 -2.681322374584738 -14.094656327043875
-0.559447734862324 -0.092855142057847 0.129031326600395 0.168644566348020 -0.956430863106816 0.170329529068958 0.385977634995704 -2.188987944118370 -12.297014691853292
-0.558594862589709 -0.097692021071984 0.129575548878443 0.170574454522998 -0.967375802827408 0.108844455609691 0.295166964914273 -1.673975041891484 -10.012362573788014
-0.557734611142971 -0.102570749462168 0.129869462092147 0.172050289347569 -0.975745678036866 0.058782642740751 0.200453134096001 -1.136826215086817 -7.212052297451699
-0.556869348367881 -0.107477898507730 0.129983073998414 0.173052555018050 -0.981429809112300 0.022722381253493 0.101931808234035 -0.578084010853797 -3.867436187290352
-0.556001537297585 -0.112399499653562 0.130000000000000 0.173562214059220 -0.984320229166569 0.003385200317041 0.017192721539772 -0.097504769132062 -3.871727323636609
-0.555133296409250 -0.117323538418624 0.129920132818494 0.173648177666919 -0.984807753012229 -0.015973436301142 0.000000000004441 0.000000000004441 -6.188134378117827
-0.554265055520916 -0.122247577183685 0.129685562277535 0.173648177666941 -0.984807753012207 -0.046914108191731 -0.000000000004441 -0.000000000002220 -5.886274164538241
-0.553396814632581 -0.127171615948746 0.129303834882463 0.173648177666919 -0.984807753012218 -0.076345479014422 0.000000000004441 0.000000000002220 -5.584413950974199
-0.552528573744246 -0.132095654713807 0.128782497138617 0.173648177666941 -0.984807753012207 -0.104267548769293 -0.000000000004441 0.000000000000000 -5.282553737405715
-0.551660332855912 -0.137019693478868 0.128129095551335 0.173648177666919 -0.984807753012207 -0.130680317456322 0.000000000004441 -0.000000000002220 -4.980693523841673
-0.550792091967577 -0.141943732243929 0.127351176625957 0.173648177666941 -0.984807753012218 -0.155583785075530 0.000000000000000 -0.000000000002220 -4.678833310274300
-0.549923851079242 -0.146867771008990 0.126456286867823 0.173648177666941 -0.984807753012229 -0.178977951626902 -0.000000000004441 0.000000000006661 -4.376973096708037
-0.549055610190908 -0.151791809774051 0.125451972782271 0.173648177666919 -0.984807753012196 -0.200862817110442 0.000000000004441 -0.000000000004441 -4.075112883142329
-0.548187369302573 -0.156715848539112 0.124345780874640 0.173648177666941 -0.984807753012218 -0.221238381526154 -0.000000000004441 0.000000000002220 -3.773252669576621
-0.547319128414239 -0.161639887304173 0.123145257650270 0.173648177666919 -0.984807753012207 -0.240104644874037 0.000000000004441 0.000000000000000 -3.471392456009803
-0.546450887525904 -0.166563926069234 0.121857949614499 0.173648177666941 -0.984807753012207 -0.257461607154086 -0.000000000004441 -0.000000000002220 -3.169532242444650
-0.545582646637569 -0.171487964834295 0.120491403272668 0.173648177666919 -0.984807753012218 -0.273309268366309 0.000000000004441 0.000000000000000 -2.867672028877277
-0.544714405749235 -0.176412003599356 0.119053165130114 0.173648177666941 -0.984807753012218 -0.287647628510695 0.000000000000000 0.000000000002220 -2.565811815312680
-0.543846164860900 -0.181336042364417 0.117550781692178 0.173648177666941 -0.984807753012207 -0.300476687587259 -0.000000000004441 0.000000000000000 -2.263951601745307
-0.542977923972565 -0.186260081129478 0.115991799464198 0.173648177666919 -0.984807753012207 -0.311796445595985 0.000000000004441 -0.000000000001110 -1.962091388179599
-0.542109683084231 -0.191184119894539 0.114383764951514 0.173648177666941 -0.984807753012212 -0.321606902536883 -0.000000000004441 0.000000000001110 -1.660231174613336
-0.541241442195896 -0.196108158659600 0.112734224659464 0.173648177666919 -0.984807753012207 -0.329908058409950 0.000000000004441 -0.000000000001110 -1.358370961047628
-0.540373201307561 -0.201032197424662 0.111050725093388 0.173648177666941 -0.984807753012212 -0.336699913215188 -0.000000000004441 0.000000000000000 -1.056510747481920
-0.539504960419227 -0.205956236189723 0.109340812758625 0.173648177666919 -0.984807753012212 -0.341982466952598 0.000000000004441 0.000000000000000 -0.754650533914547
-0.538636719530892 -0.210880274954784 0.107612034160514 0.173648177666941 -0.984807753012212 -0.345755719622171 -0.000000000004441 0.000000000001110 -0.452790320349394
-0.537768478642557 -0.215804313719845 0.105871935804395 0.173648177666919 -0.984807753012207 -0.348019671223918 0.000000000004441 -0.000000000001110 -0.150930106783131
-0.536900237754223 -0.220728352484906 0.104128064195605 0.173648177666941 -0.984807753012212 -0.348774321757833 -0.000000000004441 0.000000000002220 0.150930106783687
-0.536031996865888 -0.225652391249967 0.102387965839486 0.173648177666919 -0.984807753012201 -0.348019671223915 0.000000000004441 -0.000000000003331 0.452790320347729
-0.535163755977553 -0.230576430015028 0.100659187241375 0.173648177666941 -0.984807753012218 -0.345755719622176 -0.000000000004441 0.000000000002220 0.754650533916768
-0.534295515089219 -0.235500468780089 0.098949274906612 0.173648177666919 -0.984807753012207 -0.341982466952592 0.000000000004441 0.000000000001110 1.056510747480810
-0.533427274200884 -0.240424507545150 0.097265775340536 0.173648177666941 -0.984807753012201 -0.336699913215188 0.000000000000000 -0.000000000002220 1.358370961047628
-0.532559033312549 -0.245348546310211 0.095616235048486 0.173648177666941 -0.984807753012212 -0.329908058409950 -0.000000000004441 0.000000000001110 1.660231174612781
-0.531690792424215 -0.250272585075272 0.094008200535802 0.173648177666919 -0.984807753012207 -0.321606902536886 0.000000000004441 -0.000000000002220 1.962091388180154
-0.530822551535880 -0.255196623840333 0.092449218307822 0.173648177666941 -0.984807753012218 -0.311796445595985 -0.000000000004441 0.000000000002220 2.263951601745862
-0.529954310647546 -0.260120662605394 0.090946834869886 0.173648177666919 -0.984807753012207 -0.300476687587256 0.000000000004441 0.000000000000000 2.565811815312125
-0.529086069759211 -0.265044701370455 0.089508596727332 0.173648177666941 -0.984807753012207 -0.287647628510695 -0.000000000004441 0.000000000000000 2.867672028877277
-0.528217828870876 -0.269968740135516 0.088142050385501 0.173648177666919 -0.984807753012207 -0.273309268366309 0.000000000004441 -0.000000000002220 3.169532242444095
-0.527349587982542 -0.274892778900577 0.086854742349730 0.173648177666941 -0.984807753012218 -0.257461607154089 -0.000000000004441 0.000000000004441 3.471392456010913
-0.526481347094207 -0.279816817665638 0.085654219125360 0.173648177666919 -0.984807753012196 -0.240104644874034 0.000000000004441 -0.000000000004441 3.773252669575511
-0.525613106205872 -0.284740856430699 0.084548027217729 0.173648177666941 -0.984807753012218 -0.221238381526156 -0.000000000004441 0.000000000004441 4.075112883142884
-0.524744865317538 -0.289664895195760 0.083543713132177 0.173648177666919 -0.984807753012196 -0.200862817110442 0.000000000004441 -0.000000000004441 4.376973096708037
-0.523876624429203 -0.294588933960821 0.082648823374043 0.173648177666941 -0.984807753012218 -0.178977951626902 -0.000000000004441 0.000000000004441 4.678833310274855
-0.523008383540868 -0.299512972725882 0.081870904448665 0.173648177666919 -0.984807753012196 -0.155583785075528 0.000000000004441 -0.000000000004441 4.980693523841118
-0.522140142652534 -0.304437011490943 0.081217502861383 0.173648177666941 -0.984807753012218 -0.130680317456322 0.000000000000000 0.000000000002220 5.282553737405715
-0.521271901764199 -0.309361050256005 0.080696165117537 0.173648177666941 -0.984807753012207 -0.104267548769293 -0.000000000004441 0.000000000000000 5.584413950973643
-0.520403660875864 -0.314285089021066 0.080314437722465 0.173648177666919 -0.984807753012207 -0.076345479014425 0.000000000004441 0.000000000000000 5.886274164538241
-0.519535419987530 -0.319209127786127 0.080079867181506 0.173648177666941 -0.984807753012207 -0.046914108191734 -0.000000000004441 0.000000000000000 6.188134378105614
-0.518667179099195 -0.324133166551188 0.080000000000000 0.173648177666919 -0.984807753012207 -0.015973436301206 -0.017192721539772 0.097504769107637 2.778047221222435
-0.517799368028899 -0.329054767697021 0.079989583999025 0.173562214059220 -0.984320229166669 -0.002083200195094 -0.101931808229594 0.578084010873781 -2.379960730649056
-0.516934105253809 -0.333961916742582 0.079919668979783 0.173052555018072 -0.981429809112300 -0.013983003848339 -0.200453134100442 1.136826215089037 -4.438186029189217
-0.516073853807071 -0.338840645132767 0.079738799309811 0.172050289347569 -0.975745678036855 -0.036173933994285 -0.295166964918714 1.673975041889264 -6.161453891567192
-0.515220981534456 -0.343677524146904 0.079403893292551 0.170574454522976 -0.967375802827408 -0.066981203452121 -0.385977634991264 2.188987944118370 -7.567393656522925
-0.514377758702716 -0.348459678462438 0.078879802433877 0.168644566348020 -0.956430863106816 -0.104818171734736 -0.472789478616065 2.681322374584738 -8.673634662805240
-0.513546355607941 -0.353174799718607 0.078138870708633 0.166280618954939 -0.943024251233893 -0.148186345048762 -0.555506830086649 3.150435786125616 -9.497806249160190
-0.512728840183919 -0.357811160080124 0.077160493827160 0.163503084804506 -0.927272072303265 -0.195675376294563 -0.634034023687668 3.595785631576032 -10.057537754330491
-0.511927175610488 -0.362357625800851 0.075930678501829 0.160332914686068 -0.909293144145384 -0.245963065066215 -0.708275393730418 4.016829363748808 -10.370458517064417
-0.511143217921901 -0.366803670787484 0.074441601713572 0.156791537717416 -0.889208997326640 -0.297815357651537 -0.778135274508429 4.413024435490076 -10.454197876105242
-0.510378713615177 -0.371139390163230 0.072691169978411 0.152900861344873 -0.867143875149190 -0.350086347032064 -0.843518000293031 4.783828299619319 -10.326385170200680
-0.509635297258460 -0.375355513831485 0.070682578613996 0.148683271343408 -0.843224733651093 -0.401718272883067 -0.904327905417723 5.128698408962684 -10.004649738093452
-0.508914489099378 -0.379443420039517 0.068423871006128 0.144161631816320 -0.817581241606280 -0.451741521573534 -0.960469324153834 5.447092216364080 -9.506620918532937
-0.508217692673400 -0.383395148942139 0.065927497875297 0.139359285195551 -0.790345780524460 -0.499274626166199 -1.011846590799337 5.738467174629669 -8.849928050261857
-0.507546192412193 -0.387203416165395 0.063209876543210 0.134300052241554 -0.761653444651311 -0.543524266417508 -1.058364039647763 6.002280736607801 -8.052200472024595
-0.506901151251976 -0.390861626370237 0.060290950199322 0.129008232043315 -0.731642040968272 -0.583785268777631 -1.099926005005969 6.237990355117962 -7.131067522571355
-0.506283608241885 -0.394363886816200 0.057193747167369 0.123508602018285 -0.700452089192682 -0.619440606390488 -1.136436821158604 6.445053482990737 -6.104158540643501
-0.505694476152322 -0.397705020925089 0.053943940171901 0.117826417912492 -0.668226821777729 -0.649961399093706 -1.167800822412524 6.622927573050053 -4.989102864987882
-0.505134539083320 -0.400880581844651 0.050569405604808 0.111987413800430 -0.635112183912478 -0.674906913418645 -1.193922343039056 6.771070078144259 -3.803529834350017
-0.504604450072894 -0.403886866012260 0.047099782791856 0.106017802085234 -0.601256833521757 -0.693924562590395 -1.214705717367259 6.888938451070636 -2.565068787476754
-0.504104728705402 -0.406720926718592 0.043566033259217 0.099944273498398 -0.566812141266404 -0.706749906527779 -1.230055279664022 6.975990144686417 -1.291349063110281
-0.503635758719901 -0.409380587671307 0.040000000000000 0.093793997100078 -0.531932190542972 -0.713206651843330 -1.239875364236198 7.031682611806644 -0.000000000000289
-0.503197785618507 -0.411864456558727 0.036433966740783 0.087594620278897 -0.496773777483939 -0.713206651843332 -1.244070305390643 7.055473305261906 1.291349063110858
-0.502790914274747 -0.414171938613515 0.032900217208144 0.081374268751944 -0.461496410957629 -0.706749906527777 -1.242544437394244 7.046819677880567 2.565068787476599
-0.502415106541922 -0.416303250176356 0.029430594395192 0.075161546564972 -0.426262312568226 -0.693924562590394 -1.235202094571619 7.005179182493215 3.803529834349462
-0.502070178861462 -0.418259432259635 0.026056059828099 0.068985536092114 -0.391236416655760 -0.674906913418647 -1.221947611202978 6.930009271930437 4.989102864987749
-0.501755799871281 -0.420042364111115 0.022806252832631 0.062875798036099 -0.356586370296108 -0.649961399093708 -1.202685321586294 6.820767399020600 6.104158540643767
-0.501471488014140 -0.421654776777620 0.019709049800678 0.056862371428168 -0.322482533301005 -0.619440606390489 -1.177319560006218 6.676911016583187 7.131067522572199
-0.501216609146000 -0.423100266668711 0.016790123456790 0.050975773628137 -0.289097978218089 -0.583785268777628 -1.145754660791809 6.497897577457667 8.052200472025151
-0.500990374144379 -0.424383309120365 0.014072502124703 0.045247000324178 -0.256608490330801 -0.543524266417503 -1.107894958196631 6.283184534476849 8.849928050258526
-0.500791836516713 -0.425509271958657 0.011576128993872 0.039707525533195 -0.225192567658417 -0.499274626166210 -1.063644786545304 6.032229340455775 9.506620918535713
-0.500619890008711 -0.426484429063437 0.009317421386004 0.034389301600468 -0.195031420956138 -0.451741521573532 -1.012908480113595 5.744489448231693 10.004649738093452
-0.500473266212711 -0.427315973932012 0.007308830021589 0.029324759199900 -0.166308973714979 -0.401718272883064 -0.955590373221682 5.419422310630750 10.326385170197350
-0.500350532176042 -0.428012033242821 0.005558398286428 0.024546807333792 -0.139211862161825 -0.350086347032078 -0.891594800136453 5.056485380483533 10.454197876109127
-0.500250088009377 -0.428581680419119 0.004069321498171 0.020088833333110 -0.113929435259408 -0.297815357651532 -0.820826095173643 4.655136110622848 10.370458517062753
-0.500170164495090 -0.429034949192650 0.002839506172839 0.015984702857241 -0.090653754706294 -0.245963065066218 -0.743188592613464 4.214831953861520 10.057537754331047
-0.500108820695619 -0.429382847167335 0.001861129291367 0.012268759894174 -0.069579594936986 -0.195675376294563 -0.658586626776092 3.735030363052338 9.497806249164631
-0.500063941561818 -0.429637369382944 0.001120197566123 0.008975826760294 -0.050904443121724 -0.148186345048740 -0.566924531923974 3.215188791003687 8.673634662794694
-0.500033235541315 -0.429811511878777 0.000596106707449 0.006141204100674 -0.034828499166706 -0.104818171734766 -0.468106642377286 2.654764690557254 7.567393656526811
-0.500014232186871 -0.429919285257347 0.000261200690188 0.003800670888787 -0.021554675713920 -0.066981203452132 -0.362037292425121 2.053215514534745 6.161453891568858
-0.500004279764737 -0.429975728248053 0.000080331020217 0.001990484426662 -0.011288598141246 -0.036173933994288 -0.248620816347689 1.409998715766747 4.438186029189772
-0.500000542863013 -0.429996921270865 0.000010416000975 0.000747380344923 -0.004238604562412 -0.013983003848339 -0.127761548474048 0.724571747081626 2.379960730651831
