-0.499999886276935 -0.430000644955551 0.000005323551159 0.000022744613004 -0.000128991110249 0.001064710231889 0.025248878376960 -0.143193504893446 1.236239942986783
-0.499999141331911 -0.430004869748725 0.000041553100894 0.000148989004889 -0.000844958634716 0.007245909946823 0.044991633110225 -0.255160230899776 2.360434998578896
-0.499997271596058 -0.430015473547671 0.000136793525592 0.000373947170440 -0.002120759789215 0.019048084939718 0.058963432270076 -0.334398241454981 3.366114489388805
-0.499993927774399 -0.430034437302653 0.000316186812525 0.000668764331790 -0.003792750996490 0.035878657386662 0.067423573082426 -0.382378084238244 4.257365159029685
-0.499988898363413 -0.430062960509742 0.000602014228435 0.001005882197203 -0.005704641417681 0.057165483181810 0.070631352782069 -0.400570306926529 5.038273751114730
-0.499982103168608 -0.430101497974503 0.001013798488121 0.001359038961113 -0.007707492952314 0.082356851937384 0.068846068597139 -0.390445457187916 5.712927009257109
-0.499973586822087 -0.430149796575695 0.001568405923040 0.001703269304099 -0.009659720238253 0.110921486983669 0.062327017762431 -0.353474082699368 6.285411677069991
-0.499963512300123 -0.430206932028953 0.002280148649885 0.002014904392911 -0.011427090651750 0.142348545369019 0.051333497503858 -0.291126731140068 6.759814498166566
-0.499952154440721 -0.430271345650491 0.003160886739184 0.002271571880430 -0.012882724307450 0.176147617859852 0.036124805060656 -0.204873950180318 7.140222216160019
-0.499939893461192 -0.430340881120782 0.004220130383887 0.002452195905733 -0.013907094058352 0.211848728940652 0.016960237663177 -0.096186287505962 7.430721574663552
-0.499927208475722 -0.430412821248262 0.005465142067957 0.002536997094049 -0.014388025495882 0.249002336813970 -0.005900907464884 0.033465709221581 7.635399317290209
-0.499914671012938 -0.430483924733011 0.006901038734959 0.002507492556725 -0.014220696949774 0.287179333400421 -0.032199333084293 0.182611492325346 7.758342187653455
-0.499902938533482 -0.430550462930451 0.008530893956653 0.002346495891303 -0.013307639488147 0.325971044338688 -0.061675741969136 0.349780514128373 7.803636929366164
-0.499892747947574 -0.430608256615039 0.010355840101580 0.002038117181458 -0.011558736917505 0.364989228985519 -0.094070836875737 0.533502226947036 7.775370286041694
-0.499884909132589 -0.430652712743953 0.012375170503659 0.001567762997079 -0.008891225782770 0.403866080415727 -0.129125320591505 0.732306083111034 7.677629001293029
-0.499880298450618 -0.430678861220789 0.014586441630770 0.000922136394121 -0.005229695367215 0.442254225422193 -0.166579895868324 0.944721534963389 7.514499818733899
-0.499879852266044 -0.430681391659251 0.016985575253349 0.000089236914780 -0.000506087692398 0.479826724515862 -0.206175265484720 1.169278034796051 7.290069481976424
-0.499884560463108 -0.430654690146843 0.019566960612978 -0.000941639412644 0.005340302481582 0.516277071925744 -0.247652132205900 1.404505034960923 7.008424734634833
-0.499895459963476 -0.430592876008561 0.022323556590973 -0.002179900073673 0.012362827656387 0.551319195598918 -0.290751198797068 1.648931987769942 6.673652320322310
-0.499913628243814 -0.430489838570585 0.025246993876975 -0.003633656067659 0.020607487595237 0.584687457200530 -0.335213168032311 1.901088345557245 6.289838982651008
-0.499940176853353 -0.430339273923970 0.028327677137544 -0.005309721907820 0.030112929323023 0.616136652113785 -0.380778742674615 2.159503560636988 5.861071465234624
-0.499976244931459 -0.430134721688339 0.031554887184744 -0.007213615621193 0.040910447126208 0.645442009439958 -0.427188625500285 2.422707085336651 5.391436511687075
-0.500022992725203 -0.429869601775574 0.034916883144736 -0.009349558748695 0.053023982552891 0.672399191998393 -0.474183519267868 2.689228371992591 4.885020865620371
-0.500081595106928 -0.429537251153510 0.038401004626368 -0.011720476345034 0.066470124412854 0.696824296326495 -0.521504126753669 2.957596872912305 4.345911270648695
-0.500153235091822 -0.429130960609623 0.041993773889767 -0.014327996978802 0.081258108777416 0.718553852679739 -0.568891150720674 3.226342040434371 3.778194470384366
-0.500239097355484 -0.428644011514725 0.045680998014925 -0.017172452732406 0.097389818979587 0.737444825031661 -0.616085293945190 3.493993326872946 3.185957208441104
-0.500340361751495 -0.428069712586655 0.049447871070295 -0.020252879202132 0.114859785613952 0.753374611073866 -0.662827259185761 3.759080184575492 2.573286228431959
-0.500458196828985 -0.427401436653971 0.053279076281375 -0.023567015498061 0.133655186536830 0.766241042216026 -0.708857749218694 4.020132065825077 1.944268273970651
-0.500593753350206 -0.426632657419641 0.057158888199304 -0.027111304244154 0.153755846865955 0.775962383585879 -0.753917466806975 4.275678422993590 1.302990088668232
-0.500748157808097 -0.425756986224737 0.061071274869450 -0.030880891578189 0.175134238980923 0.782477334029220 -0.797747114718028 4.524248708372980 0.653538416141308
-0.500922505943856 -0.424768208812123 0.065000000000000 -0.034869627151779 0.197755482522788 0.785745026109927 -0.840087395732603 4.764372374304049 -0.000000000000555
-0.501117856264508 -0.423660322090151 0.068928725130550 -0.039070064130442 0.221577344394308 0.785745026109924 -0.880679012609242 4.994578873105393 -0.653538416141020
-0.501335223560475 -0.422427570896352 0.072841111800696 -0.043473459193488 0.246550238759835 0.782477334029219 -0.919262668106491 5.213397657106711 -1.302990088667966
-0.501575572423145 -0.421064484761125 0.076720923718625 -0.048069772534021 0.272617227045369 0.775962383585879 -0.955579065013978 5.419358178624378 -1.944268273971206
-0.501839810762441 -0.419565914671433 0.080552128929705 -0.052847667859091 0.299714017938491 0.766241042216023 -0.989368906090249 5.610989889999196 -2.573286228430560
-0.502128783324388 -0.417927069834490 0.084319001985075 -0.057794512389542 0.327768967388486 0.753374611073870 -1.020372894098287 5.786822243531997 -3.185957208443613
-0.502443265208689 -0.416143554441459 0.088006226110233 -0.062896376860033 0.356703078606146 0.737444825031652 -1.048331731818841 5.945384691574684 -3.778194470382967
-0.502783955386284 -0.414211404431139 0.091598995373632 -0.068138035519127 0.386430002064020 0.718553852679737 -1.072986122001574 6.085206686432532 -4.345911270645653
-0.503151470216930 -0.412127124253658 0.095083116855264 -0.073502966129135 0.416856035496183 0.696824296326509 -1.094076767440555 6.204817680441899 -4.885020865625922
-0.503546336966762 -0.409887723634166 0.098445112815256 -0.078973349966338 0.447880123898392 0.672399191998380 -1.111344370881007 6.302747125916941 -5.391436511682501
-0.503968987325865 -0.407490754336527 0.101672322862456 -0.084530071820743 0.479393859527977 0.645442009439967 -1.124529635108118 6.377524475196239 -5.861071465236845
-0.504419750925847 -0.404934346927007 0.104753006123025 -0.090152719996284 0.511281481903958 0.616136652113783 -1.133373262871551 6.427679180587287 -6.289838982651563
-0.504898848857400 -0.402217247537972 0.107676443409027 -0.095819586310641 0.543419877806894 0.584687457200525 -1.137615956965377 6.451740694439767 -6.673652320322021
-0.505406387187877 -0.399338854631577 0.110433039387022 -0.101507666095468 0.575678581279093 0.551319195598915 -1.136998420139257 6.448238469047851 -7.008424734632479
-0.505942350478858 -0.396299255763455 0.113014424746651 -0.107192658196165 0.607919773624332 0.516277071925753 -1.131261355160618 6.415701956763442 -7.290069481979966
-0.506506595303718 -0.393099264346414 0.115413558369230 -0.112848964971968 0.639998283408150 0.479826724515853 -1.120145464805766 6.352660609907357 -7.514499818732645
-0.507098843765198 -0.389740456414126 0.117624829496341 -0.118449692295997 0.671761586457686 0.442254225422190 -1.103391451851010 6.257643880773767 -7.677629001291431
-0.507718677012974 -0.386225207384818 0.119644159898420 -0.123966649555252 0.703049805861555 0.403866080415732 -1.080740019041571 6.129181221732338 -7.775370286041694
-0.508365528761227 -0.382556728824967 0.121469106043347 -0.129370349650459 0.733695711970217 0.364989228985524 -1.051931869167078 5.965802085088345 -7.803636929367697
-0.509038678806208 -0.378739105212989 0.123098961265041 -0.134630008996295 0.763524722395659 0.325971044338685 -1.016707704981634 5.766035923147061 -7.758342187652589
-0.509737246543814 -0.374777330702932 0.124534857932043 -0.139713547521203 0.792354902011394 0.287179333400422 -0.974808229274871 5.528412188278153 -7.635399317293956
-0.510460184487152 -0.370677345888168 0.125779869616112 -0.144587588667577 0.819996962952785 0.249002336813953 -0.925974144787567 5.251460332755808 -7.430721574657184
-0.511206271784109 -0.366446074565085 0.126839113260816 -0.149217459391515 0.846254264616564 0.211848728940667 -0.869946154300472 4.933709808945252 -7.140222216164283
-0.511974107734925 -0.362091460496779 0.127719851350115 -0.153567190163018 0.870922813661290 0.176147617859845 -0.806464960589892 4.573690069156200 -6.759814498169536
-0.512762105309754 -0.357622504176743 0.128431594076960 -0.157599514965967 0.893791264007071 0.142348545368998 -0.735271266414372 4.169930565709468 -6.285411677064978
-0.513568484666245 -0.353049299592565 0.128986201511878 -0.161275871298039 0.914640916835618 0.110921486983673 -0.656105774545779 3.720960750928093 -5.712927009251523
-0.514391266667098 -0.348383070989614 0.129397985771565 -0.164556400170768 0.933245720590259 0.082356851937415 -0.568709187755978 3.225310077152876 -5.038273751123423
-0.515228266397646 -0.343636209634734 0.129683813187474 -0.167399946109548 0.949372270976023 0.057165483181798 -0.472822208803514 2.681507996700194 -4.257365159032744
-0.516077086683414 -0.338822310579936 0.129863206474408 -0.169764057153565 0.962779810959524 0.035878657386634 -0.368185540464694 2.088083961884202 -3.366114489375960
-0.516935111607693 -0.333956209426091 0.129958446899106 -0.171604984855889 0.973220230768945 0.019048084939755 -0.254539885502503 1.443567425041259 -2.360434998585070
-0.517799500029110 -0.329054019086621 0.129994676448841 -0.172877684283401 0.980438067894152 0.007245909946829 -0.131625946702130 0.746487838507726 -1.236239942992157
-0.518667179099195 -0.324133166551187 0.130000000000000 -0.173535814016912 0.984170507086690 0.001064710231868 0.004648562859089 -0.026363310052790 -1.708660851234001
-0.519534741955208 -0.319212973098505 0.129962607029878 -0.173512571202616 0.984038690536426 -0.007478594024302 0.157537400600205 -0.893438995914764 -2.927449639471558
-0.520398366376206 -0.314315115620721 0.129852027818770 -0.172724884199615 0.979571495556852 -0.022115842221659 0.301028083753430 -1.707215098578629 -2.831467684076827
-0.521254465095110 -0.309459938520401 0.129670661915560 -0.171219743780848 0.971035420063959 -0.036273180642044 0.429653182520973 -2.436684282782764 -2.735485728682097
-0.522099822484452 -0.304665678527151 0.129420908869133 -0.169071477868243 0.958851998650045 -0.049950609285454 0.543916615027840 -3.084704410176720 -2.639503773290697
-0.522931581958417 -0.299948536144155 0.129105168228373 -0.166351894793104 0.943428476599162 -0.063148128151908 0.644322299367950 -3.654133342412269 -2.543521817898187
-0.523747233374898 -0.295322747094720 0.128725839542166 -0.163130283296264 0.925157809887101 -0.075865737241398 0.731374153688513 -4.147828941118981 -2.447539862505677
-0.524544600437538 -0.290800653768812 0.128285322359396 -0.159473412527822 0.904418665181506 -0.088103436553927 0.805576096065685 -4.568649067955288 -2.351557907114277
-0.525321828097775 -0.286392776669603 0.127786016228949 -0.155445532047493 0.881575419841729 -0.099861226089498 0.867432044646677 -4.919451584544099 -2.255575951720656
-0.526077369956896 -0.282107885860008 0.127230320699708 -0.151108371824260 0.856978161919009 -0.111139105848101 0.917445917520965 -5.203094352546067 -2.159593996327036
-0.526809975668080 -0.277953072409227 0.126620635320560 -0.146521142236655 0.830962690156278 -0.121937075829737 0.956121632831319 -5.422435233595202 -2.063612040937857
-0.527518678338442 -0.273933819839285 0.125959359640388 -0.141740534072499 0.803850513988302 -0.132255136034426 0.983963108662778 -5.580332089332174 -1.967630085544236
-0.528202781931088 -0.270054075571577 0.125248893208077 -0.136820718529185 0.775948853541641 -0.142093286462147 1.001474263144786 -5.679642781402094 -1.871648130151171
-0.528861848667155 -0.266316322373404 0.124491635572512 -0.131813347213461 0.747550639634631 -0.151451527112903 1.009159014397909 -5.723225171450075 -1.775666174759216
-0.529495686427863 -0.262721649804517 0.123689986282579 -0.126767552141471 0.718934513777381 -0.160329857986699 1.007521280520507 -5.713937121112345 -1.679684219366151
-0.530104336156557 -0.259269825663658 0.122846344887161 -0.121729945738869 0.690364828171819 -0.168728279083530 0.997064979646467 -5.654636492031795 -1.583702263975306
-0.530688059260760 -0.255959367435100 0.121963110935144 -0.116744620840636 0.662091645711660 -0.176646790403406 0.978294029874149 -5.548181145855757 -1.487720308581131
-0.531247325014217 -0.252787613735188 0.121042683975413 -0.111853150691266 0.634350739982381 -0.184085391946312 0.951712349324119 -5.397428944226013 -1.391738353190841
-0.531782797958940 -0.249750795758882 0.120087463556851 -0.107094588944645 0.607363595261251 -0.191044083712266 0.917823856108058 -5.205237748776570 -1.295756397796111
-0.532295325307260 -0.246844108726295 0.119099849228345 -0.102505469664105 0.581337406517368 -0.197522865701247 0.877132468355413 -4.974465421163643 -1.199774442404711
-0.532785924343872 -0.244061783329237 0.118082240538779 -0.098119807322328 0.556465079411550 -0.203521737913270 0.830142104155662 -4.707969823013469 -1.103792487012756
-0.533255769827880 -0.241397157177755 0.117037037037037 -0.093969096801549 0.532925230296483 -0.209040700348334 0.777356681647134 -4.408608815982262 -1.007810531620801
-0.533706181394846 -0.238842746246672 0.115966638272005 -0.090082313393314 0.510882186216571 -0.214079753006438 0.719280118932630 -4.079240261704031 -0.911828576226625
-0.534138610958840 -0.236390316322132 0.114873443792567 -0.086485912798651 0.490485984908051 -0.218638895887571 0.656416334123833 -3.722722021826108 -0.815846620835781
-0.534554630114480 -0.234030954448137 0.113759853147608 -0.083203831128031 0.471872374798921 -0.222718128991750 0.589269245345747 -3.341911957985833 -0.719864665442715
-0.534955917538986 -0.231755140373092 0.112628265886013 -0.080257484901303 0.455162815008991 -0.226317452318964 0.518342770705615 -2.939667931830536 -0.623882710050760
-0.535344246394225 -0.229552817996343 0.111481081556667 -0.077665771047775 0.440464475349839 -0.229436865869218 0.444140828319561 -2.518847804999780 -0.527900754657695
-0.535721471728756 -0.227413466814719 0.110320699708455 -0.075445066906177 0.427870236324840 -0.232076369642506 0.367167336303709 -2.082309439133123 -0.431918799266295
-0.536089517879879 -0.225326173369073 0.109149519890261 -0.073609230224658 0.417458689129174 -0.234235963638837 0.287926212769740 -1.632910695880119 -0.335936843872675
-0.536450365875683 -0.223279702690824 0.107969941650970 -0.072169599160810 0.409294135649774 -0.235915647858201 0.206921375838220 -1.173509436878106 -0.239954888481830
-0.536806040837091 -0.221262569748497 0.106784364539467 -0.071134992281618 0.403426588465383 -0.237115422300610 0.124656743620832 -0.706963523768867 -0.143972933088210
-0.537158599379909 -0.219263110894264 0.105595188104636 -0.070511708563514 0.399891770846539 -0.237835286966051 0.041636234220377 -0.236130818195290 -0.047990977695700
-0.537510117016871 -0.217269555310486 0.104404811895364 -0.070303527392412 0.398711116755562 -0.238075241854530 -0.041636234224818 0.236130818195290 0.047990977695700
-0.537862675559689 -0.215270096456254 0.103215635460533 -0.070511708563537 0.399891770846539 -0.237835286966051 -0.124656743616391 0.706963523771087 0.143972933088765
-0.538218350521097 -0.213252963513927 0.102030058349030 -0.071134992281618 0.403426588465394 -0.237115422300607 -0.206921375838220 1.173509436875886 0.239954888480720
-0.538579198516901 -0.211206492835678 0.100850480109739 -0.072169599160810 0.409294135649774 -0.235915647858204 -0.287926212769740 1.632910695877898 0.335936843873785
-0.538947244668024 -0.209119199390032 0.099679300291545 -0.073609230224658 0.417458689129163 -0.234235963638835 -0.367167336303709 2.082309439138674 0.431918799265185
-0.539324470002555 -0.206979848208408 0.098518918443333 -0.075445066906177 0.427870236324857 -0.232076369642509 -0.444140828319561 2.518847804995339 0.527900754658805
-0.539712798857794 -0.204777525831659 0.097371734113987 -0.077665771047775 0.440464475349833 -0.229436865869215 -0.518342770705615 2.939667931831647 0.623882710049650
-0.540114086282300 -0.202501711756614 0.096240146852392 -0.080257484901303 0.455162815008991 -0.226317452318966 -0.589269245345747 3.341911957985833 0.719864665443826
-0.540530105437941 -0.200142349882619 0.095126556207433 -0.083203831128031 0.471872374798921 -0.222718128991747 -0.656416334123833 3.722722021824998 0.815846620834115
-0.540962535001934 -0.197689919958079 0.094033361727995 -0.086485912798651 0.490485984908046 -0.218638895887577 -0.719280118932630 4.079240261704031 0.911828576228846
-0.541412946568900 -0.195135509026996 0.092962962962963 -0.090082313393314 0.510882186216566 -0.214079753006433 -0.777356681642694 4.408608815985593 1.007810531619691
-0.541882792052908 -0.192470882875514 0.091917759461221 -0.093969096801527 0.532925230296494 -0.209040700348334 -0.830142104164544 4.707969823010139 1.103792487012201
-0.542373391089520 -0.189688557478456 0.090900150771655 -0.098119807322350 0.556465079411544 -0.203521737913273 -0.877132468346531 4.974465421164753 1.199774442404711
-0.542885918437840 -0.186781870445869 0.089912536443149 -0.102505469664083 0.581337406517368 -0.197522865701250 -0.917823856116939 5.205237748776570 1.295756397797776
-0.543421391382564 -0.183745052469563 0.088957316024587 -0.107094588944667 0.607363595261251 -0.191044083712261 -0.951712349319678 5.397428944229343 1.391738353189176
-0.543980657136020 -0.180573298769651 0.088036889064856 -0.111853150691266 0.634350739982398 -0.184085391946315 -0.978294029874149 5.548181145846875 1.487720308582796
-0.544564380240223 -0.177262840541093 0.087153655112839 -0.116744620840636 0.662091645711632 -0.176646790403401 -0.997064979642026 5.654636492044007 1.583702263973086
-0.545173029968917 -0.173811016400233 0.086310013717421 -0.121729945738847 0.690364828171852 -0.168728279083535 -1.007521280529389 5.713937121105683 1.679684219367816
-0.545806867729625 -0.170216343831346 0.085508364427488 -0.126767552141493 0.718934513777381 -0.160329857986696 -1.009159014389027 5.723225171447854 1.775666174758106
-0.546465934465692 -0.166478590633173 0.084751106791923 -0.131813347213439 0.747550639634620 -0.151451527112906 -1.001474263153668 5.679642781402094 1.871648130152281
-0.547150038058338 -0.162598846365465 0.084040640359612 -0.136820718529207 0.775948853541630 -0.142093286462144 -0.983963108658337 5.580332089338835 1.967630085544236
-0.547858740728700 -0.158579593795523 0.083379364679440 -0.141740534072499 0.803850513988325 -0.132255136034423 -0.956121632826878 5.422435233588541 2.063612040935636
-0.548591346439884 -0.154424780344742 0.082769679300292 -0.146521142236633 0.830962690156267 -0.121937075829745 -0.917445917529847 5.203094352543847 2.159593996328701
-0.549346888299005 -0.150139889535147 0.082213983771051 -0.151108371824282 0.856978161918986 -0.111139105848101 -0.867432044642236 4.919451584557422 2.255575951721212
-0.550124115959242 -0.145732012435938 0.081714677640604 -0.155445532047493 0.881575419841774 -0.099861226089495 -0.805576096065685 4.568649067944186 2.351557907113722
-0.550921483021882 -0.141209919110031 0.081274160457834 -0.159473412527822 0.904418665181494 -0.088103436553927 -0.731374153684072 4.147828941118981 2.447539862505677
-0.551737134438363 -0.136584130060595 0.080894831771627 -0.163130283296242 0.925157809887089 -0.075865737241398 -0.644322299376832 3.654133342418930 2.543521817898187
-0.552568893912328 -0.131866987677600 0.080579091130867 -0.166351894793126 0.943428476599184 -0.063148128151908 -0.543916615023399 3.084704410170058 2.639503773290697
-0.553414251301670 -0.127072727684349 0.080329338084440 -0.169071477868243 0.958851998650034 -0.049950609285454 -0.429653182520973 2.436684282784984 2.735485728682652
-0.554270350020574 -0.122217550584030 0.080147972181230 -0.171219743780848 0.971035420063959 -0.036273180642041 -0.301028083753430 1.707215098576409 2.831467684075162
-0.555133974441572 -0.117319693106245 0.080037392970122 -0.172724884199615 0.979571495556841 -0.022115842221665 -0.157537400600205 0.893438995932527 2.927449639468782
-0.556001537297585 -0.112399499653563 0.080000000000000 -0.173512571202616 0.984038690536504 -0.007478594024321 -0.004648562859089 0.026363310028366 1.364677545555026
-0.556869216367670 -0.107478647118130 0.079996723968517 -0.173535814016912 0.984170507086646 -0.000655206296546 0.131625946702130 -0.746487838496623 -0.760763041837698
-0.557733604789087 -0.102576456778659 0.079974428860989 -0.172877684283401 0.980438067894163 -0.004459021505734 0.254539885502503 -1.443567425047920 -1.452575383741328
-0.558591629713366 -0.097710355624814 0.079915819368866 -0.171604984855889 0.973220230768923 -0.011721898424441 0.368185540464694 -2.088083961879761 -2.071455070393746
-0.559440449999134 -0.092896456570017 0.079805423499984 -0.169764057153565 0.962779810959524 -0.022079173776410 0.472822208803514 -2.681507996700194 -2.619917020941220
-0.560277449729682 -0.088149595215136 0.079629529705579 -0.167399946109548 0.949372270976023 -0.035178758881116 0.568709187755978 -3.225310077150656 -3.100476154531129
-0.561100231730535 -0.083483366612185 0.079376124007310 -0.164556400170768 0.933245720590270 -0.050681139653772 0.656105774545779 -3.720960750932534 -3.515647390312515
-0.561906611087026 -0.078910162028007 0.079034827124283 -0.161275871298039 0.914640916835607 -0.068259376605334 0.735271266414372 -4.169930565709468 -3.867945647427762
-0.562694608661855 -0.074441205707972 0.078596831600071 -0.157599514965967 0.893791264007060 -0.087599104842473 0.806464960589892 -4.573690069151759 -4.159885845025912
-0.563462444612671 -0.070086591639665 0.078054838929733 -0.153567190163018 0.870922813661301 -0.108398534067602 0.869946154300472 -4.933709808945252 -4.393982902252125
-0.564208531909628 -0.065855320316582 0.077402996686839 -0.149217459391515 0.846254264616575 -0.130368448578863 0.925974144792008 -5.251460332762470 -4.572751738254888
-0.564931469852966 -0.061755335501819 0.076636835650488 -0.144587588667555 0.819996962952763 -0.153232207270138 0.974808229265989 -5.528412188271492 -4.698707272177693
-0.565630037590572 -0.057793560991762 0.075753206932333 -0.139713547521225 0.792354902011405 -0.176725743631026 1.016707704986075 -5.766035923153723 -4.774364423171806
-0.566303187635554 -0.053975937379783 0.074750219103598 -0.134630008996295 0.763524722395637 -0.200597565746885 1.051931869167078 -5.965802085081684 -4.802238110379609
-0.566950039383806 -0.050307458819932 0.073627175322104 -0.129370349650459 0.733695711970228 -0.224608756298783 1.080740019041571 -6.129181221732338 -4.784843252947368
-0.567569872631582 -0.046792209790624 0.072384510459287 -0.123966649555252 0.703049805861566 -0.248532972563520 1.103391451851010 -6.257643880782648 -4.724694770028015
-0.568162121093062 -0.043433401858336 0.071023728227218 -0.118449692295997 0.671761586457653 -0.272156446413660 1.120145464805766 -6.352660609898475 -4.624307580758380
-0.568726365917922 -0.040233410441295 0.069547338305631 -0.112848964971968 0.639998283408161 -0.295277984317452 1.131261355165059 -6.415701956763442 -4.486196604293613
-0.569262329208903 -0.037193811573174 0.067958793468937 -0.107192658196142 0.607919773624344 -0.317708967338920 1.136998420130375 -6.448238469052292 -4.312876759776096
-0.569769867539380 -0.034315418666778 0.066262426713248 -0.101507666095491 0.575678581279082 -0.339273351137800 1.137615956969817 -6.451740694435326 -4.106862966350988
-0.570248965470933 -0.031598319277744 0.064463388383400 -0.095819586310641 0.543419877806905 -0.359807665969555 1.133373262871551 -6.427679180591728 -3.870670143170107
-0.570699729070915 -0.029041911868224 0.062567583299973 -0.090152719996284 0.511281481903947 -0.379161016685406 1.124529635108118 -6.377524475194019 -3.606813209375004
-0.571122379430018 -0.026644942570584 0.060581607886311 -0.084530071820743 0.479393859527977 -0.397195082732281 1.111344370881007 -6.302747125916941 -3.317807084115276
-0.571517246179850 -0.024405541951092 0.058512687295547 -0.078973349966338 0.447880123898392 -0.413784118152857 1.094076767440555 -6.204817680441899 -3.006166686535527
-0.571884761010496 -0.022321261773611 0.056368612537619 -0.073502966129135 0.416856035496183 -0.428814951585535 1.072986122006014 -6.085206686432532 -2.674406935784246
-0.572225451188091 -0.020389111763291 0.054157677606297 -0.068138035519105 0.386430002064020 -0.442186986264456 1.048331731809959 -5.945384691574684 -2.325042751005479
-0.572539933072392 -0.018605596370260 0.051888616606200 -0.062896376860055 0.356703078606146 -0.453812200019484 1.020372894102728 -5.786822243534218 -1.960589051348549
-0.572828905634339 -0.016966751533318 0.049570540879819 -0.057794512389542 0.327768967388475 -0.463615145276226 0.989368906090249 -5.610989889994755 -1.583560755958335
-0.573093143973635 -0.015468181443625 0.047212876134539 -0.052847667859091 0.299714017938502 -0.471532949056018 0.955579065013978 -5.419358178628819 -1.196472783981106
-0.573333492836305 -0.014105095308399 0.044825299569659 -0.048069772534021 0.272617227045358 -0.477515312975924 0.919262668110932 -5.213397657104490 -0.801840054565350
-0.573550860132272 -0.012872344114599 0.042417677003415 -0.043473459193466 0.246550238759835 -0.481524513248750 0.880679012600361 -4.994578873103173 -0.402177486856226
-0.573746210452925 -0.011764457392628 0.040000000000000 -0.039070064130464 0.221577344394319 -0.483535400683031 0.840087395737044 -4.764372374308490 0.000000000000000
-0.573920558588683 -0.010775679980014 0.037582322996585 -0.034869627151779 0.197755482522777 -0.483535400683031 0.797747114718028 -4.524248708370759 0.402177486855670
-0.574074963046574 -0.009900008785109 0.035174700430341 -0.030880891578189 0.175134238980923 -0.481524513248753 0.753917466806975 -4.275678422989149 0.801840054566183
-0.574210519567795 -0.009131229550779 0.032787123865461 -0.027111304244154 0.153755846865977 -0.477515312975922 0.708857749218694 -4.020132065836179 1.196472783981384
-0.574328354645285 -0.008462953618096 0.030429459120181 -0.023567015498061 0.133655186536796 -0.471532949056015 0.662827259185761 -3.759080184564390 1.583560755957503
-0.574429619041296 -0.007888654690026 0.028111383393800 -0.020252879202132 0.114859785613974 -0.463615145276228 0.616085293945190 -3.493993326877387 1.960589051348827
-0.574515481304958 -0.007401705595128 0.025842322393703 -0.017172452732406 0.097389818979587 -0.453812200019484 0.568891150720674 -3.226342040434371 2.325042751005757
-0.574587121289852 -0.006995415051241 0.023631387462381 -0.014327996978802 0.081258108777416 -0.442186986264455 0.521504126753669 -2.957596872914525 2.674406935783413
-0.574645723671577 -0.006663064429176 0.021487312704453 -0.011720476345034 0.066470124412843 -0.428814951585538 0.474183519267868 -2.689228371990371 3.006166686535527
-0.574692471465321 -0.006397944516412 0.019418392113689 -0.009349558748695 0.053023982552891 -0.413784118152860 0.427188625500285 -2.422707085336651 3.317807084117219
-0.574728539543427 -0.006193392280781 0.017432416700027 -0.007213615621193 0.040910447126208 -0.397195082732274 0.380778742674615 -2.159503560639209 3.606813209373616
-0.574755088152966 -0.006042827634166 0.015536611616600 -0.005309721907820 0.030112929323012 -0.379161016685406 0.335213168032311 -1.901088345552804 3.870670143168997
-0.574773256433304 -0.005939790196190 0.013737573286752 -0.003633656067659 0.020607487595248 -0.359807665969561 0.290751198801509 -1.648931987769942 4.106862966354319
-0.574784155933672 -0.005877976057908 0.012041206531063 -0.002179900073651 0.012362827656398 -0.339273351137789 0.247652132197018 -1.404505034963144 4.312876759772766
-0.574788864130736 -0.005851274545500 0.010452661694369 -0.000941639412666 0.005340302481582 -0.317708967338926 0.206175265491382 -1.169278034798271 4.486196604294168
-0.574788417946162 -0.005853804983962 0.008976271772782 0.000089236914791 -0.000506087692409 -0.295277984317455 0.166579895863883 -0.944721534958948 4.624307580760600
-0.574783807264191 -0.005879953460798 0.007615489540713 0.000922136394110 -0.005229695367204 -0.272156446413652 0.129125320595946 -0.732306083115475 4.724694770025240
-0.574775968449206 -0.005924409589712 0.006372824677896 0.001567762997090 -0.008891225782781 -0.248532972563525 0.094070836875737 -0.533502226944815 4.784843252948479
-0.574765777863298 -0.005982203274299 0.005249780896402 0.002038117181469 -0.011558736917505 -0.224608756298783 0.061675741962475 -0.349780514126152 4.802238110378498
-0.574754045383842 -0.006048741471740 0.004246793067667 0.002346495891281 -0.013307639488136 -0.200597565746891 0.032199333088734 -0.182611492323126 4.774364423173472
-0.574741507921058 -0.006119844956489 0.003363164349512 0.002507492556725 -0.014220696949752 -0.176725743631023 0.005900907464884 -0.033465709228242 4.698707272177138
-0.574728822935588 -0.006191785083968 0.002597003313161 0.002536997094049 -0.014388025495893 -0.153232207270138 -0.016960237663177 0.096186287503741 4.572751738253222
-0.574716561956059 -0.006261320554260 0.001945161070267 0.002452195905733 -0.013907094058374 -0.130368448578871 -0.036124805058435 0.204873950189199 4.393982902255456
-0.574705204096657 -0.006325734175797 0.001403168399929 0.002271571880441 -0.012882724307428 -0.108398534067594 -0.051333497506079 0.291126731133406 4.159885845023137
-0.574695129574693 -0.006382869629056 0.000965172875717 0.002014904392911 -0.011427090651761 -0.087599104842478 -0.062327017764652 0.353474082703809 3.867945647425541
-0.574686613228172 -0.006431168230247 0.000623875992690 0.001703269304087 -0.009659720238242 -0.068259376605351 -0.068846068597139 0.390445457192357 3.515647390319732
-0.574679818033367 -0.006469705695009 0.000370470294421 0.001359038961102 -0.007707492952280 -0.050681139653752 -0.070631352775408 0.400570306910986 3.100476154522802
-0.574674788622381 -0.006498228902097 0.000194576500016 0.001005882197225 -0.005704641417725 -0.035178758881138 -0.067423573089087 0.382378084242685 2.619917020947327
-0.574671444800722 -0.006517192657080 0.000084180631134 0.000668764331779 -0.003792750996512 -0.022079173776401 -0.058963432265635 0.334398241463862 2.071455070393746
-0.574669575064869 -0.006527796456026 0.000025571139011 0.000373947170451 -0.002120759789193 -0.011721898424433 -0.044991633112446 0.255160230893114 1.452575383737997
-0.574668830119845 -0.006532021249199 0.000003276031483 0.000148989004889 -0.000844958634727 -0.004459021505743 -0.025248878379180 0.143193504900108 0.760763041840473
-0.574668716396780 -0.006532666204750 -0.000000000000000 0.000022744612993 -0.000128991110226 -0.000655206296540 -0.004548922598602 0.025798222045292 0.131041259310294
-0.574668716396780 -0.006532666204750 0.000000000000000 0.000000000000000 0.000000000000000 0.000000000000011 -0.004548922598602 0.025798222045292 0.212942046375613
-0.574668830119845 -0.006532021249199 0.000005323551159 -0.000022744612993 0.000128991110226 0.001064710231889 -0.025248878379180 0.143193504900108 1.236239942986783
-0.574669575064869 -0.006527796456026 0.000041553100894 -0.000148989004889 0.000844958634727 0.007245909946823 -0.044991633112446 0.255160230893114 2.360434998578896
-0.574671444800722 -0.006517192657080 0.000136793525592 -0.000373947170451 0.002120759789193 0.019048084939718 -0.058963432265635 0.334398241463862 3.366114489388805
-0.574674788622381 -0.006498228902097 0.000316186812525 -0.000668764331779 0.003792750996512 0.035878657386662 -0.067423573089087 0.382378084242685 4.257365159029685
-0.574679818033367 -0.006469705695009 0.000602014228435 -0.001005882197225 0.005704641417725 0.057165483181810 -0.070631352775408 0.400570306910986 5.038273751114730
-0.574686613228172 -0.006431168230247 0.001013798488121 -0.001359038961102 0.007707492952280 0.082356851937384 -0.068846068597139 0.390445457192357 5.712927009257109
-0.574695129574693 -0.006382869629056 0.001568405923040 -0.001703269304087 0.009659720238242 0.110921486983669 -0.062327017764652 0.353474082703809 6.285411677069991
-0.574705204096657 -0.006325734175797 0.002280148649885 -0.002014904392911 0.011427090651761 0.142348545369019 -0.051333497506079 0.291126731133406 6.759814498166566
-0.574716561956059 -0.006261320554260 0.003160886739184 -0.002271571880441 0.012882724307428 0.176147617859852 -0.036124805058435 0.204873950189199 7.140222216160019
-0.574728822935588 -0.006191785083968 0.004220130383887 -0.002452195905733 0.013907094058374 0.211848728940652 -0.016960237663177 0.096186287503741 7.430721574663552
-0.574741507921058 -0.006119844956489 0.005465142067957 -0.002536997094049 0.014388025495893 0.249002336813970 0.005900907464884 -0.033465709228242 7.635399317290209
-0.574754045383842 -0.006048741471740 0.006901038734959 -0.002507492556725 0.014220696949752 0.287179333400421 0.032199333088734 -0.182611492323126 7.758342187653455
-0.574765777863298 -0.005982203274299 0.008530893956653 -0.002346495891281 0.013307639488136 0.325971044338688 0.061675741962475 -0.349780514126152 7.803636929366164
-0.574775968449206 -0.005924409589712 0.010355840101580 -0.002038117181469 0.011558736917505 0.364989228985519 0.094070836875737 -0.533502226944815 7.775370286041694
-0.574783807264191 -0.005879953460798 0.012375170503659 -0.001567762997090 0.008891225782781 0.403866080415727 0.129125320595946 -0.732306083115475 7.677629001293029
-0.574788417946162 -0.005853804983962 0.014586441630770 -0.000922136394110 0.005229695367204 0.442254225422193 0.166579895863883 -0.944721534958948 7.514499818733899
-0.574788864130736 -0.005851274545500 0.016985575253349 -0.000089236914791 0.000506087692409 0.479826724515862 0.206175265491382 -1.169278034798271 7.290069481976424
-0.574784155933672 -0.005877976057908 0.019566960612978 0.000941639412666 -0.005340302481582 0.516277071925744 0.247652132197018 -1.404505034963144 7.008424734634833
-0.574773256433304 -0.005939790196190 0.022323556590973 0.002179900073651 -0.012362827656398 0.551319195598918 0.290751198801509 -1.648931987769942 6.673652320322310
-0.574755088152966 -0.006042827634166 0.025246993876975 0.003633656067659 -0.020607487595248 0.584687457200530 0.335213168032311 -1.901088345552804 6.289838982651008
-0.574728539543427 -0.006193392280781 0.028327677137544 0.005309721907820 -0.030112929323012 0.616136652113785 0.380778742674615 -2.159503560639209 5.861071465234624
-0.574692471465321 -0.006397944516412 0.031554887184744 0.007213615621193 -0.040910447126208 0.645442009439958 0.427188625500285 -2.422707085336651 5.391436511687075
-0.574645723671577 -0.006663064429176 0.034916883144736 0.009349558748695 -0.053023982552891 0.672399191998393 0.474183519267868 -2.689228371990371 4.885020865620371
-0.574587121289852 -0.006995415051241 0.038401004626368 0.011720476345034 -0.066470124412843 0.696824296326495 0.521504126753669 -2.957596872914525 4.345911270648695
-0.574515481304958 -0.007401705595128 0.041993773889767 0.014327996978802 -0.081258108777416 0.718553852679739 0.568891150720674 -3.226342040434371 3.778194470384366
-0.574429619041296 -0.007888654690026 0.045680998014925 0.017172452732406 -0.097389818979587 0.737444825031661 0.616085293945190 -3.493993326877387 3.185957208441104
-0.574328354645285 -0.008462953618096 0.049447871070295 0.020252879202132 -0.114859785613974 0.753374611073866 0.662827259185761 -3.759080184564390 2.573286228431959
-0.574210519567795 -0.009131229550779 0.053279076281375 0.023567015498061 -0.133655186536796 0.766241042216026 0.708857749218694 -4.020132065836179 1.944268273970651
-0.574074963046574 -0.009900008785109 0.057158888199304 0.027111304244154 -0.153755846865977 0.775962383585879 0.753917466806975 -4.275678422989149 1.302990088668232
-0.573920558588683 -0.010775679980014 0.061071274869450 0.030880891578189 -0.175134238980923 0.782477334029220 0.797747114718028 -4.524248708370759 0.653538416141308
-0.573746210452925 -0.011764457392628 0.065000000000000 0.034869627151779 -0.197755482522777 0.785745026109927 0.840087395737044 -4.764372374308490 -0.000000000000555
-0.573550860132272 -0.012872344114599 0.068928725130550 0.039070064130464 -0.221577344394319 0.785745026109924 0.880679012600361 -4.994578873103173 -0.653538416141020
-0.573333492836305 -0.014105095308399 0.072841111800696 0.043473459193466 -0.246550238759835 0.782477334029219 0.919262668110932 -5.213397657104490 -1.302990088667966
-0.573093143973635 -0.015468181443625 0.076720923718625 0.048069772534021 -0.272617227045358 0.775962383585879 0.955579065013978 -5.419358178628819 -1.944268273971206
-0.572828905634339 -0.016966751533318 0.080552128929705 0.052847667859091 -0.299714017938502 0.766241042216023 0.989368906090249 -5.610989889994755 -2.573286228430560
-0.572539933072392 -0.018605596370260 0.084319001985075 0.057794512389542 -0.327768967388475 0.753374611073870 1.020372894102728 -5.786822243534218 -3.185957208443613
-0.572225451188091 -0.020389111763291 0.088006226110233 0.062896376860055 -0.356703078606146 0.737444825031652 1.048331731809959 -5.945384691574684 -3.778194470382967
-0.571884761010496 -0.022321261773611 0.091598995373632 0.068138035519105 -0.386430002064020 0.718553852679737 1.072986122006014 -6.085206686432532 -4.345911270645653
-0.571517246179850 -0.024405541951092 0.095083116855264 0.073502966129135 -0.416856035496183 0.696824296326509 1.094076767440555 -6.204817680441899 -4.885020865625922
-0.571122379430018 -0.026644942570584 0.098445112815256 0.078973349966338 -0.447880123898392 0.672399191998380 1.111344370881007 -6.302747125916941 -5.391436511682501
-0.570699729070915 -0.029041911868224 0.101672322862456 0.084530071820743 -0.479393859527977 0.645442009439967 1.124529635108118 -6.377524475194019 -5.861071465236845
-0.570248965470933 -0.031598319277744 0.104753006123025 0.090152719996284 -0.511281481903947 0.616136652113783 1.133373262871551 -6.427679180591728 -6.289838982651563
-0.569769867539380 -0.034315418666778 0.107676443409027 0.095819586310641 -0.543419877806905 0.584687457200525 1.137615956969817 -6.451740694435326 -6.673652320322021
-0.569262329208903 -0.037193811573174 0.110433039387022 0.101507666095491 -0.575678581279082 0.551319195598915 1.136998420130375 -6.448238469052292 -7.008424734632479
-0.568726365917922 -0.040233410441295 0.113014424746651 0.107192658196142 -0.607919773624344 0.516277071925753 1.131261355165059 -6.415701956763442 -7.290069481979966
-0.568162121093062 -0.043433401858336 0.115413558369230 0.112848964971968 -0.639998283408161 0.479826724515853 1.120145464805766 -6.352660609898475 -7.514499818732645
-0.567569872631582 -0.046792209790624 0.117624829496341 0.118449692295997 -0.671761586457653 0.442254225422190 1.103391451851010 -6.257643880782648 -7.677629001291431
-0.566950039383806 -0.050307458819932 0.119644159898420 0.123966649555252 -0.703049805861566 0.403866080415732 1.080740019041571 -6.129181221732338 -7.775370286041694
-0.566303187635554 -0.053975937379783 0.121469106043347 0.129370349650459 -0.733695711970228 0.364989228985524 1.051931869167078 -5.965802085081684 -7.803636929367697
-0.565630037590572 -0.057793560991762 0.123098961265041 0.134630008996295 -0.763524722395637 0.325971044338685 1.016707704986075 -5.766035923153723 -7.758342187652589
-0.564931469852966 -0.061755335501819 0.124534857932043 0.139713547521225 -0.792354902011405 0.287179333400422 0.974808229265989 -5.528412188271492 -7.635399317293956
-0.564208531909628 -0.065855320316582 0.125779869616112 0.144587588667555 -0.819996962952763 0.249002336813953 0.925974144792008 -5.251460332762470 -7.430721574657184
-0.563462444612671 -0.070086591639665 0.126839113260816 0.149217459391515 -0.846254264616575 0.211848728940667 0.869946154300472 -4.933709808945252 -7.140222216164283
-0.562694608661855 -0.074441205707972 0.127719851350115 0.153567190163018 -0.870922813661301 0.176147617859845 0.806464960589892 -4.573690069151759 -6.759814498169536
-0.561906611087026 -0.078910162028007 0.128431594076960 0.157599514965967 -0.893791264007060 0.142348545368998 0.735271266414372 -4.169930565709468 -6.285411677064978
-0.561100231730535 -0.083483366612185 0.128986201511878 0.161275871298039 -0.914640916835607 0.110921486983673 0.656105774545779 -3.720960750932534 -5.712927009251523
-0.560277449729682 -0.088149595215136 0.129397985771565 0.164556400170768 -0.933245720590270 0.082356851937415 0.568709187755978 -3.225310077150656 -5.038273751123423
-0.559440449999134 -0.092896456570017 0.129683813187474 0.167399946109548 -0.949372270976023 0.057165483181798 0.472822208803514 -2.681507996700194 -4.257365159032744
-0.558591629713366 -0.097710355624814 0.129863206474408 0.169764057153565 -0.962779810959524 0.035878657386634 0.368185540464694 -2.088083961879761 -3.366114489375960
-0.557733604789087 -0.102576456778659 0.129958446899106 0.171604984855889 -0.973220230768923 0.019048084939755 0.254539885502503 -1.443567425047920 -2.360434998585070
-0.556869216367670 -0.107478647118130 0.129994676448841 0.172877684283401 -0.980438067894163 0.007245909946829 0.131625946702130 -0.746487838496623 -1.236239942992157
-0.556001537297585 -0.112399499653563 0.130000000000000 0.173535814016912 -0.984170507086646 0.001064710231868 -0.004648562859089 0.026363310028366 -1.708660851234001
-0.555133974441572 -0.117319693106245 0.129962607029878 0.173512571202616 -0.984038690536504 -0.007478594024302 -0.157537400600205 0.893438995932527 -2.927449639471558
-0.554270350020574 -0.122217550584030 0.129852027818770 0.172724884199615 -0.979571495556841 -0.022115842221659 -0.301028083753430 1.707215098576409 -2.831467684076827
-0.553414251301670 -0.127072727684349 0.129670661915560 0.171219743780848 -0.971035420063959 -0.036273180642044 -0.429653182520973 2.436684282784984 -2.735485728682097
-0.552568893912328 -0.131866987677600 0.129420908869133 0.169071477868243 -0.958851998650034 -0.049950609285454 -0.543916615023399 3.084704410170058 -2.639503773290697
-0.551737134438363 -0.136584130060595 0.129105168228373 0.166351894793126 -0.943428476599184 -0.063148128151908 -0.644322299376832 3.654133342418930 -2.543521817898187
-0.550921483021882 -0.141209919110031 0.128725839542166 0.163130283296242 -0.925157809887089 -0.075865737241398 -0.731374153684072 4.147828941118981 -2.447539862505677
-0.550124115959242 -0.145732012435938 0.128285322359396 0.159473412527822 -0.904418665181494 -0.088103436553927 -0.805576096065685 4.568649067944186 -2.351557907114277
-0.549346888299005 -0.150139889535147 0.127786016228949 0.155445532047493 -0.881575419841774 -0.099861226089498 -0.867432044642236 4.919451584557422 -2.255575951720656
-0.548591346439884 -0.154424780344742 0.127230320699708 0.151108371824282 -0.856978161918986 -0.111139105848101 -0.917445917529847 5.203094352543847 -2.159593996327036
-0.547858740728700 -0.158579593795523 0.126620635320560 0.146521142236633 -0.830962690156267 -0.121937075829737 -0.956121632826878 5.422435233588541 -2.063612040937857
-0.547150038058338 -0.162598846365465 0.125959359640388 0.141740534072499 -0.803850513988325 -0.132255136034426 -0.983963108658337 5.580332089338835 -1.967630085544236
-0.546465934465692 -0.166478590633173 0.125248893208077 0.136820718529207 -0.775948853541630 -0.142093286462147 -1.001474263153668 5.679642781402094 -1.871648130151171
-0.545806867729625 -0.170216343831346 0.124491635572512 0.131813347213439 -0.747550639634620 -0.151451527112903 -1.009159014389027 5.723225171447854 -1.775666174759216
-0.545173029968917 -0.173811016400233 0.123689986282579 0.126767552141493 -0.718934513777381 -0.160329857986699 -1.007521280529389 5.713937121105683 -1.679684219366151
-0.544564380240223 -0.177262840541093 0.122846344887161 0.121729945738847 -0.690364828171852 -0.168728279083530 -0.997064979642026 5.654636492044007 -1.583702263975306
-0.543980657136020 -0.180573298769651 0.121963110935144 0.116744620840636 -0.662091645711632 -0.176646790403406 -0.978294029874149 5.548181145846875 -1.487720308581131
-0.543421391382564 -0.183745052469563 0.121042683975413 0.111853150691266 -0.634350739982398 -0.184085391946312 -0.951712349319678 5.397428944229343 -1.391738353190841
-0.542885918437840 -0.186781870445869 0.120087463556851 0.107094588944667 -0.607363595261251 -0.191044083712266 -0.917823856116939 5.205237748776570 -1.295756397796111
-0.542373391089520 -0.189688557478456 0.119099849228345 0.102505469664083 -0.581337406517368 -0.197522865701247 -0.877132468346531 4.974465421164753 -1.199774442404711
-0.541882792052908 -0.192470882875514 0.118082240538779 0.098119807322350 -0.556465079411544 -0.203521737913270 -0.830142104164544 4.707969823010139 -1.103792487012756
-0.541412946568900 -0.195135509026996 0.117037037037037 0.093969096801527 -0.532925230296494 -0.209040700348334 -0.777356681642694 4.408608815985593 -1.007810531620801
-0.540962535001934 -0.197689919958079 0.115966638272005 0.090082313393314 -0.510882186216566 -0.214079753006438 -0.719280118932630 4.079240261704031 -0.911828576226625
-0.540530105437941 -0.200142349882619 0.114873443792567 0.086485912798651 -0.490485984908046 -0.218638895887571 -0.656416334123833 3.722722021824998 -0.815846620835781
-0.540114086282300 -0.202501711756614 0.113759853147608 0.083203831128031 -0.471872374798921 -0.222718128991750 -0.589269245345747 3.341911957985833 -0.719864665442715
-0.539712798857794 -0.204777525831659 0.112628265886013 0.080257484901303 -0.455162815008991 -0.226317452318964 -0.518342770705615 2.939667931831647 -0.623882710050760
-0.539324470002555 -0.206979848208408 0.111481081556667 0.077665771047775 -0.440464475349833 -0.229436865869218 -0.444140828319561 2.518847804995339 -0.527900754657695
-0.538947244668024 -0.209119199390032 0.110320699708455 0.075445066906177 -0.427870236324857 -0.232076369642506 -0.367167336303709 2.082309439138674 -0.431918799266295
-0.538579198516901 -0.211206492835678 0.109149519890261 0.073609230224658 -0.417458689129163 -0.234235963638837 -0.287926212769740 1.632910695877898 -0.335936843872675
-0.538218350521097 -0.213252963513927 0.107969941650970 0.072169599160810 -0.409294135649774 -0.235915647858201 -0.206921375838220 1.173509436875886 -0.239954888481830
-0.537862675559689 -0.215270096456254 0.106784364539467 0.071134992281618 -0.403426588465394 -0.237115422300610 -0.124656743616391 0.706963523771087 -0.143972933088210
-0.537510117016871 -0.217269555310486 0.105595188104636 0.070511708563537 -0.399891770846539 -0.237835286966051 -0.041636234224818 0.236130818195290 -0.047990977695700
-0.537158599379909 -0.219263110894264 0.104404811895364 0.070303527392412 -0.398711116755562 -0.238075241854530 0.041636234220377 -0.236130818195290 0.047990977695700
-0.536806040837091 -0.221262569748497 0.103215635460533 0.070511708563514 -0.399891770846539 -0.237835286966051 0.124656743620832 -0.706963523768867 0.143972933088765
-0.536450365875683 -0.223279702690824 0.102030058349030 0.071134992281618 -0.403426588465383 -0.237115422300607 0.206921375838220 -1.173509436878106 0.239954888480720
-0.536089517879879 -0.225326173369073 0.100850480109739 0.072169599160810 -0.409294135649774 -0.235915647858204 0.287926212769740 -1.632910695880119 0.335936843873785
-0.535721471728756 -0.227413466814719 0.099679300291545 0.073609230224658 -0.417458689129174 -0.234235963638835 0.367167336303709 -2.082309439133123 0.431918799265185
-0.535344246394225 -0.229552817996343 0.098518918443333 0.075445066906177 -0.427870236324840 -0.232076369642509 0.444140828319561 -2.518847804999780 0.527900754658805
-0.534955917538986 -0.231755140373092 0.097371734113987 0.077665771047775 -0.440464475349839 -0.229436865869215 0.518342770705615 -2.939667931830536 0.623882710049650
-0.534554630114480 -0.234030954448137 0.096240146852392 0.080257484901303 -0.455162815008991 -0.226317452318966 0.589269245345747 -3.341911957985833 0.719864665443826
-0.534138610958840 -0.236390316322132 0.095126556207433 0.083203831128031 -0.471872374798921 -0.222718128991747 0.656416334123833 -3.722722021826108 0.815846620834115
-0.533706181394846 -0.238842746246672 0.094033361727995 0.086485912798651 -0.490485984908051 -0.218638895887577 0.719280118932630 -4.079240261704031 0.911828576228846
-0.533255769827880 -0.241397157177755 0.092962962962963 0.090082313393314 -0.510882186216571 -0.214079753006433 0.777356681647134 -4.408608815982262 1.007810531619691
-0.532785924343872 -0.244061783329237 0.091917759461221 0.093969096801549 -0.532925230296483 -0.209040700348334 0.830142104155662 -4.707969823013469 1.103792487012201
-0.532295325307260 -0.246844108726295 0.090900150771655 0.098119807322328 -0.556465079411550 -0.203521737913273 0.877132468355413 -4.974465421163643 1.199774442404711
-0.531782797958940 -0.249750795758882 0.089912536443149 0.102505469664105 -0.581337406517368 -0.197522865701250 0.917823856108058 -5.205237748776570 1.295756397797776
-0.531247325014217 -0.252787613735188 0.088957316024587 0.107094588944645 -0.607363595261251 -0.191044083712261 0.951712349324119 -5.397428944226013 1.391738353189176
-0.530688059260760 -0.255959367435100 0.088036889064856 0.111853150691266 -0.634350739982381 -0.184085391946315 0.978294029874149 -5.548181145855757 1.487720308582796
-0.530104336156557 -0.259269825663658 0.087153655112839 0.116744620840636 -0.662091645711660 -0.176646790403401 0.997064979646467 -5.654636492031795 1.583702263973086
-0.529495686427863 -0.262721649804517 0.086310013717421 0.121729945738869 -0.690364828171819 -0.168728279083535 1.007521280520507 -5.713937121112345 1.679684219367816
-0.528861848667155 -0.266316322373404 0.085508364427488 0.126767552141471 -0.718934513777381 -0.160329857986696 1.009159014397909 -5.723225171450075 1.775666174758106
-0.528202781931088 -0.270054075571577 0.084751106791923 0.131813347213461 -0.747550639634631 -0.151451527112906 1.001474263144786 -5.679642781402094 1.871648130152281
-0.527518678338442 -0.273933819839285 0.084040640359612 0.136820718529185 -0.775948853541641 -0.142093286462144 0.983963108662778 -5.580332089332174 1.967630085544236
-0.526809975668080 -0.277953072409227 0.083379364679440 0.141740534072499 -0.803850513988302 -0.132255136034423 0.956121632831319 -5.422435233595202 2.063612040935636
-0.526077369956896 -0.282107885860008 0.082769679300292 0.146521142236655 -0.830962690156278 -0.121937075829745 0.917445917520965 -5.203094352546067 2.159593996328701
-0.525321828097775 -0.286392776669603 0.082213983771051 0.151108371824260 -0.856978161919009 -0.111139105848101 0.867432044646677 -4.919451584544099 2.255575951721212
-0.524544600437538 -0.290800653768812 0.081714677640604 0.155445532047493 -0.881575419841729 -0.099861226089495 0.805576096065685 -4.568649067955288 2.351557907113722
-0.523747233374898 -0.295322747094720 0.081274160457834 0.159473412527822 -0.904418665181506 -0.088103436553927 0.731374153688513 -4.147828941118981 2.447539862505677
-0.522931581958417 -0.299948536144155 0.080894831771627 0.163130283296264 -0.925157809887101 -0.075865737241398 0.644322299367950 -3.654133342412269 2.543521817898187
-0.522099822484452 -0.304665678527151 0.080579091130867 0.166351894793104 -0.943428476599162 -0.063148128151908 0.543916615027840 -3.084704410176720 2.639503773290697
-0.521254465095110 -0.309459938520401 0.080329338084440 0.169071477868243 -0.958851998650045 -0.049950609285454 0.429653182520973 -2.436684282782764 2.735485728682652
-0.520398366376206 -0.314315115620721 0.080147972181230 0.171219743780848 -0.971035420063959 -0.036273180642041 0.301028083753430 -1.707215098578629 2.831467684075162
-0.519534741955208 -0.319212973098505 0.080037392970122 0.172724884199615 -0.979571495556852 -0.022115842221665 0.157537400600205 -0.893438995914764 2.927449639468782
-0.518667179099195 -0.324133166551187 0.080000000000000 0.173512571202616 -0.984038690536426 -0.007478594024321 0.004648562859089 -0.026363310052790 1.364677545555026
-0.517799500029110 -0.329054019086621 0.079996723968517 0.173535814016912 -0.984170507086690 -0.000655206296546 -0.131625946702130 0.746487838507726 -0.760763041837698
-0.516935111607693 -0.333956209426091 0.079974428860989 0.172877684283401 -0.980438067894152 -0.004459021505734 -0.254539885502503 1.443567425041259 -1.452575383741328
-0.516077086683414 -0.338822310579936 0.079915819368866 0.171604984855889 -0.973220230768945 -0.011721898424441 -0.368185540464694 2.088083961884202 -2.071455070393746
-0.515228266397646 -0.343636209634734 0.079805423499984 0.169764057153565 -0.962779810959524 -0.022079173776410 -0.472822208803514 2.681507996700194 -2.619917020941220
-0.514391266667098 -0.348383070989614 0.079629529705579 0.167399946109548 -0.949372270976023 -0.035178758881116 -0.568709187755978 3.225310077152876 -3.100476154531129
-0.513568484666245 -0.353049299592565 0.079376124007310 0.164556400170768 -0.933245720590259 -0.050681139653772 -0.656105774545779 3.720960750928093 -3.515647390312515
-0.512762105309754 -0.357622504176743 0.079034827124283 0.161275871298039 -0.914640916835618 -0.068259376605334 -0.735271266414372 4.169930565709468 -3.867945647427762
-0.511974107734925 -0.362091460496779 0.078596831600071 0.157599514965967 -0.893791264007071 -0.087599104842473 -0.806464960589892 4.573690069156200 -4.159885845025912
-0.511206271784109 -0.366446074565085 0.078054838929733 0.153567190163018 -0.870922813661290 -0.108398534067602 -0.869946154300472 4.933709808945252 -4.393982902252125
-0.510460184487152 -0.370677345888168 0.077402996686839 0.149217459391515 -0.846254264616564 -0.130368448578863 -0.925974144787567 5.251460332755808 -4.572751738254888
-0.509737246543814 -0.374777330702932 0.076636835650488 0.144587588667577 -0.819996962952785 -0.153232207270138 -0.974808229274871 5.528412188278153 -4.698707272177693
-0.509038678806208 -0.378739105212989 0.075753206932333 0.139713547521203 -0.792354902011394 -0.176725743631026 -1.016707704981634 5.766035923147061 -4.774364423171806
-0.508365528761227 -0.382556728824967 0.074750219103598 0.134630008996295 -0.763524722395659 -0.200597565746885 -1.051931869167078 5.965802085088345 -4.802238110379609
-0.507718677012974 -0.386225207384818 0.073627175322104 0.129370349650459 -0.733695711970217 -0.224608756298783 -1.080740019041571 6.129181221732338 -4.784843252947368
-0.507098843765198 -0.389740456414126 0.072384510459287 0.123966649555252 -0.703049805861555 -0.248532972563520 -1.103391451851010 6.257643880773767 -4.724694770028015
-0.506506595303718 -0.393099264346414 0.071023728227218 0.118449692295997 -0.671761586457686 -0.272156446413660 -1.120145464805766 6.352660609907357 -4.624307580758380
-0.505942350478858 -0.396299255763455 0.069547338305631 0.112848964971968 -0.639998283408150 -0.295277984317452 -1.131261355160618 6.415701956763442 -4.486196604293613
-0.505406387187877 -0.399338854631577 0.067958793468937 0.107192658196165 -0.607919773624332 -0.317708967338920 -1.136998420139257 6.448238469047851 -4.312876759776096
-0.504898848857400 -0.402217247537972 0.066262426713248 0.101507666095468 -0.575678581279093 -0.339273351137800 -1.137615956965377 6.451740694439767 -4.106862966350988
-0.504419750925847 -0.404934346927007 0.064463388383400 0.095819586310641 -0.543419877806894 -0.359807665969555 -1.133373262871551 6.427679180587287 -3.870670143170107
-0.503968987325865 -0.407490754336527 0.062567583299973 0.090152719996284 -0.511281481903958 -0.379161016685406 -1.124529635108118 6.377524475196239 -3.606813209375004
-0.503546336966762 -0.409887723634166 0.060581607886311 0.084530071820743 -0.479393859527977 -0.397195082732281 -1.111344370881007 6.302747125916941 -3.317807084115276
-0.503151470216930 -0.412127124253658 0.058512687295547 0.078973349966338 -0.447880123898392 -0.413784118152857 -1.094076767440555 6.204817680441899 -3.006166686535527
-0.502783955386284 -0.414211404431139 0.056368612537619 0.073502966129135 -0.416856035496183 -0.428814951585535 -1.072986122001574 6.085206686432532 -2.674406935784246
-0.502443265208689 -0.416143554441459 0.054157677606297 0.068138035519127 -0.386430002064020 -0.442186986264456 -1.048331731818841 5.945384691574684 -2.325042751005479
-0.502128783324388 -0.417927069834490 0.051888616606200 0.062896376860033 -0.356703078606146 -0.453812200019484 -1.020372894098287 5.786822243531997 -1.960589051348549
-0.501839810762441 -0.419565914671433 0.049570540879819 0.057794512389542 -0.327768967388486 -0.463615145276226 -0.989368906090249 5.610989889999196 -1.583560755958335
-0.501575572423145 -0.421064484761125 0.047212876134539 0.052847667859091 -0.299714017938491 -0.471532949056018 -0.955579065013978 5.419358178624378 -1.196472783981106
-0.501335223560475 -0.422427570896352 0.044825299569659 0.048069772534021 -0.272617227045369 -0.477515312975924 -0.919262668106491 5.213397657106711 -0.801840054565350
-0.501117856264508 -0.423660322090151 0.042417677003415 0.043473459193488 -0.246550238759835 -0.481524513248750 -0.880679012609242 4.994578873105393 -0.402177486856226
-0.500922505943856 -0.424768208812123 0.040000000000000 0.039070064130442 -0.221577344394308 -0.483535400683031 -0.840087395732603 4.764372374304049 0.000000000000000
-0.500748157808097 -0.425756986224737 0.037582322996585 0.034869627151779 -0.197755482522788 -0.483535400683031 -0.797747114718028 4.524248708372980 0.402177486855670
-0.500593753350206 -0.426632657419641 0.035174700430341 0.030880891578189 -0.175134238980923 -0.481524513248753 -0.753917466806975 4.275678422993590 0.801840054566183
-0.500458196828985 -0.427401436653971 0.032787123865461 0.027111304244154 -0.153755846865955 -0.477515312975922 -0.708857749218694 4.020132065825077 1.196472783981384
-0.500340361751495 -0.428069712586655 0.030429459120181 0.023567015498061 -0.133655186536830 -0.471532949056015 -0.662827259185761 3.759080184575492 1.583560755957503
-0.500239097355484 -0.428644011514725 0.028111383393800 0.020252879202132 -0.114859785613952 -0.463615145276228 -0.616085293945190 3.493993326872946 1.960589051348827
-0.500153235091822 -0.429130960609623 0.025842322393703 0.017172452732406 -0.097389818979587 -0.453812200019484 -0.568891150720674 3.226342040434371 2.325042751005757
-0.500081595106928 -0.429537251153510 0.023631387462381 0.014327996978802 -0.081258108777416 -0.442186986264455 -0.521504126753669 2.957596872912305 2.674406935783413
-0.500022992725203 -0.429869601775574 0.021487312704453 0.011720476345034 -0.066470124412854 -0.428814951585538 -0.474183519267868 2.689228371992591 3.006166686535527
-0.499976244931459 -0.430134721688339 0.019418392113689 0.009349558748695 -0.053023982552891 -0.413784118152860 -0.427188625500285 2.422707085336651 3.317807084117219
-0.499940176853353 -0.430339273923970 0.017432416700027 0.007213615621193 -0.040910447126208 -0.397195082732274 -0.380778742674615 2.159503560636988 3.606813209373616
-0.499913628243814 -0.430489838570585 0.015536611616600 0.005309721907820 -0.030112929323023 -0.379161016685406 -0.335213168032311 1.901088345557245 3.870670143168997
-0.499895459963476 -0.430592876008561 0.013737573286752 0.003633656067659 -0.020607487595237 -0.359807665969561 -0.290751198797068 1.648931987769942 4.106862966354319
-0.499884560463108 -0.430654690146843 0.012041206531063 0.002179900073673 -0.012362827656387 -0.339273351137789 -0.247652132205900 1.404505034960923 4.312876759772766
-0.499879852266044 -0.430681391659251 0.010452661694369 0.000941639412644 -0.005340302481582 -0.317708967338926 -0.206175265484720 1.169278034796051 4.486196604294168
-0.499880298450618 -0.430678861220789 0.008976271772782 -0.000089236914780 0.000506087692398 -0.295277984317455 -0.166579895868324 0.944721534963389 4.624307580760600
-0.499884909132589 -0.430652712743953 0.007615489540713 -0.000922136394121 0.005229695367215 -0.272156446413652 -0.129125320591505 0.732306083111034 4.724694770025240
-0.499892747947574 -0.430608256615039 0.006372824677896 -0.001567762997079 0.008891225782770 -0.248532972563525 -0.094070836875737 0.533502226947036 4.784843252948479
-0.499902938533482 -0.430550462930451 0.005249780896402 -0.002038117181458 0.011558736917505 -0.224608756298783 -0.061675741969136 0.349780514128373 4.802238110378498
-0.499914671012938 -0.430483924733011 0.004246793067667 -0.002346495891303 0.013307639488147 -0.200597565746891 -0.032199333084293 0.182611492325346 4.774364423173472
-0.499927208475722 -0.430412821248262 0.003363164349512 -0.002507492556725 0.014220696949774 -0.176725743631023 -0.005900907464884 0.033465709221581 4.698707272177138
-0.499939893461192 -0.430340881120782 0.002597003313161 -0.002536997094049 0.014388025495882 -0.153232207270138 0.016960237663177 -0.096186287505962 4.572751738253222
-0.499952154440721 -0.430271345650491 0.001945161070267 -0.002452195905733 0.013907094058352 -0.130368448578871 0.036124805060656 -0.204873950180318 4.393982902255456
-0.499963512300123 -0.430206932028953 0.001403168399929 -0.002271571880430 0.012882724307450 -0.108398534067594 0.051333497503858 -0.291126731140068 4.159885845023137
-0.499973586822087 -0.430149796575695 0.000965172875717 -0.002014904392911 0.011427090651750 -0.087599104842478 0.062327017762431 -0.353474082699368 3.867945647425541
-0.499982103168608 -0.430101497974503 0.000623875992690 -0.001703269304099 0.009659720238253 -0.068259376605351 0.068846068597139 -0.390445457187916 3.515647390319732
-0.499988898363413 -0.430062960509742 0.000370470294421 -0.001359038961113 0.007707492952314 -0.050681139653752 0.070631352782069 -0.400570306926529 3.100476154522802
-0.499993927774399 -0.430034437302653 0.000194576500016 -0.001005882197203 0.005704641417681 -0.035178758881138 0.067423573082426 -0.382378084238244 2.619917020947327
-0.499997271596058 -0.430015473547671 0.000084180631134 -0.000668764331790 0.003792750996490 -0.022079173776401 0.058963432270076 -0.334398241454981 2.071455070393746
-0.499999141331911 -0.430004869748725 0.000025571139011 -0.000373947170440 0.002120759789215 -0.011721898424433 0.044991633110225 -0.255160230899776 1.452575383737997
-0.499999886276935 -0.430000644955551 0.000003276031483 -0.000148989004889 0.000844958634716 -0.004459021505743 0.025248878376960 -0.143193504893446 0.760763041840473
