-0.500000331864491 -0.429998117902948 0.000013794807702 -0.000066372898133 0.000376419410497 0.002758961540416 -0.079112214725896 0.448667665091662 3.162639841487578
-0.500002641534349 -0.429985019114268 0.000106655611441 -0.000461933971763 0.002619757735955 0.018572160747853 -0.156691476789206 0.888641523597578 5.927096479195246
-0.500008868491128 -0.429949704287498 0.000347693827160 -0.001245391355709 0.007062965353943 0.048207643143830 -0.232475236279228 1.318432581007833 8.275616521871665
-0.500020907328814 -0.429881428646203 0.000795622455926 -0.002407767537105 0.013655128258983 0.089585725753188 -0.306327983561339 1.737272324029426 10.228489559518369
-0.500040604366088 -0.429769721196807 0.001499263323680 -0.003939407454912 0.022341489879130 0.140728173550780 -0.378114209027558 2.144392239389337 11.806005182136863
-0.500069754258588 -0.429604403941427 0.002498054320988 -0.005829978500049 0.033063451076076 0.199758199461464 -0.447698403029939 2.539023813790120 13.028452979728716
-0.500110096611164 -0.429375611090702 0.003822556642788 -0.008068470515199 0.045758570145027 0.264900464360108 -0.514945055956062 2.920398533918789 13.916122542295373
-0.500163312590139 -0.429073808276629 0.005494962028146 -0.010643195794979 0.060360562814621 0.334481077071585 -0.579718658157979 3.287747886526748 14.489303459838442
-0.500231021535568 -0.428689811765393 0.007529600000000 -0.013541789085769 0.076799302247255 0.406927594370777 -0.641883700032153 3.640303358298791 14.768285322359354
-0.500314777573498 -0.428214807670199 0.009933445104913 -0.016751207585930 0.095000819038749 0.480769020982574 -0.701304671935077 3.977296435937472 14.773357719859714
-0.500416066228226 -0.427640371164107 0.012706624152822 -0.020257730945605 0.114887301218436 0.554635809581872 -0.757846064232126 4.297958606178653 14.524810242341202
-0.500536301034560 -0.426958485692860 0.015842923456790 -0.024046961266766 0.136377094249329 0.627259860793578 -0.811372367319763 4.601521355711569 14.042932479804836
-0.500676820150076 -0.426161562187721 0.019330296072753 -0.028103823103365 0.159384701027887 0.697474523192602 -0.861748071550039 4.887216171258757 13.348014022253052
-0.500838882967382 -0.425242458278300 0.023151369039272 -0.032412563461115 0.183820781884181 0.764214593303868 -0.908837667292772 5.154274539511672 12.460344459685468
-0.501023666726370 -0.424194497505391 0.027283950617284 -0.036956751797579 0.209592154581739 0.826516315602295 -0.952505644935542 5.401927947201735 11.400213382106728
-0.501232263126481 -0.423011488533802 0.031701537529848 -0.041719280022257 0.236601794317748 0.883517382512829 -0.992616494839282 5.629407881033721 10.187910379514941
-0.501465674938963 -0.421687744365188 0.036373822201900 -0.046682362496453 0.264748833722916 0.934456934410403 -1.029034707373810 5.835945827707967 8.843725041915173
-0.501724812619130 -0.420218101550880 0.041267200000000 -0.051827536033322 0.293928562861456 0.978675559619979 -1.061624772931147 6.020773273942570 7.387946959304648
-0.502010490918620 -0.418597939404725 0.046345276472083 -0.057135659897978 0.324032429231169 1.015615294416502 -1.090251181845581 6.183121706451189 5.840865721688271
-0.502323425497656 -0.416823199215907 0.051569374587207 -0.062586915807206 0.354948037763425 1.044819623024944 -1.114778424531337 6.322222611929718 4.222770919067287
-0.502664229537305 -0.414890403461792 0.056899041975309 -0.068160807929862 0.386559150823074 1.065933477620280 -1.135070991327147 6.437307477098475 2.553952141441673
-0.503033410351738 -0.412796675020749 0.062292558166946 -0.073836162886498 0.418745688208566 1.078703238327489 -1.150993372629472 6.527607788673340 0.854698978814383
-0.503431366000486 -0.410539756384990 0.067707441833054 -0.079591129749645 0.451383727151933 1.082976733221561 -1.162410058785923 6.592355033352426 -0.854698978813273
-0.503858381900704 -0.408118028873396 0.073100958024691 -0.085403180043575 0.484345502318695 1.078703238327494 -1.169185540192963 6.630780697844951 -2.553952141441940
-0.504314627439427 -0.405530531844356 0.078430625412793 -0.091249107744540 0.517499405807920 1.065933477620284 -1.171184307207085 6.642116268880116 -4.222770919070085
-0.504800152585829 -0.402776981908595 0.083654723527917 -0.097105029280575 0.550709987152320 1.044819623024934 -1.168270850198105 6.625593233138272 -5.840865721686850
-0.505314884503487 -0.399857792142005 0.088732800000000 -0.102946383531566 0.583837953318012 1.015615294416500 -1.160309659558045 6.580443077359721 -7.387946959301339
-0.505858624162634 -0.396774091298481 0.093626177798100 -0.108747931829356 0.616740168704810 0.978675559619993 -1.147165225630076 6.505897288229257 -8.843725041919880
-0.506431042952422 -0.393527743022751 0.098298462470152 -0.114483757957506 0.649269655145956 0.934456934410394 -1.128702038810658 6.401187352471638 -10.187910379513831
-0.507031679293179 -0.390121365063209 0.102716049382716 -0.120127268151560 0.681275591908315 0.883517382512825 -1.104784589460728 6.265544756798302 -11.400213382103951
-0.507659935248674 -0.386558348484748 0.106848630960728 -0.125651191098863 0.712603315692306 0.826516315602305 -1.075277367950100 6.098200987905145 -12.460344459688244
-0.508315073138367 -0.382842876881589 0.110669703927247 -0.131027577938614 0.743094320631832 0.764214593303864 -1.040044864661915 5.898387532519145 -13.348014022251942
-0.508996212149676 -0.378979945590117 0.114157076543210 -0.136227802261923 0.772586258294428 0.697474523192604 -0.998951569943785 5.665335877338418 -14.042932479808590
-0.509702324950235 -0.374975380901711 0.117293375847178 -0.141222560111642 0.800912937681120 0.627259860793561 -0.951861974205492 5.398277509074401 -14.524810242332320
-0.510432234300148 -0.370835859275578 0.120066554895087 -0.145981869982670 0.827904325226492 0.554635809581899 -0.898640567785769 5.096443914445192 -14.773357719867208
-0.511184609664256 -0.366568926551585 0.122470400000000 -0.150475072821599 0.853386544798718 0.480769020982563 -0.839151841067753 4.759066580155569 -14.768285322357411
-0.511957963824391 -0.362183017163087 0.124505037971854 -0.154670832026937 0.877181877699496 0.406927594370776 -0.773260284425703 4.385376992908085 -14.489303459837011
-0.512750649491636 -0.357687473349767 0.126177443357212 -0.158537133449066 0.899108762664036 0.334481077071591 -0.700830388233875 3.974606639429723 -13.916122542294573
-0.513560855918587 -0.353092564370461 0.127501945679012 -0.162041285390235 0.918981795861185 0.264900464360118 -0.621726642862086 3.525987006411935 -13.028452979735317
-0.514386605511610 -0.348409505715995 0.128500736676320 -0.165149918604546 0.936611730893244 0.199758199461442 -0.535813538671270 3.038749580581701 -11.806005182131152
-0.515225750443099 -0.343650478322014 0.129204377544074 -0.167828986297902 0.951805478796153 0.140728173550786 -0.442955566049008 2.512125848630475 -10.228489559522824
-0.516075969263740 -0.338828647781818 0.129652306172839 -0.170043764128147 0.964366108039305 0.089585725753172 -0.343017215360675 1.945347297289679 -8.275616521862261
-0.516934763514765 -0.333958183559189 0.129893344388559 -0.171758850204951 0.974092844525754 0.048207643143861 -0.235862976976087 1.337645413259647 -5.927096479214633
-0.517799454340214 -0.329054278201229 0.129986205192298 -0.172938165089831 0.980781071592052 0.018572160747787 -0.121357341273942 0.688251683236274 -3.162639841467474
-0.518667179099195 -0.324133166551188 0.130000000000000 -0.173544951796201 0.984222330008233 0.002758961540450 -0.007688247052329 0.043602215735739 -3.229426358344334
-0.519535096064352 -0.319210964845753 0.129933059148744 -0.173583393031462 0.984440341086912 -0.013388170251272 0.074412532997670 -0.422014445540242 -5.201159665974009
-0.520401152716185 -0.314299313501457 0.129736089305838 -0.173211330366474 0.982330268859211 -0.039393968581142 0.139866487538498 -0.793222267958527 -4.969997014149241
-0.521263712705829 -0.309407492713860 0.129414869537578 -0.172511997928781 0.978364157519418 -0.064243953651888 0.195943917780106 -1.111253178567306 -4.738834362328914
-0.522121374097528 -0.304543453255727 0.128975178910261 -0.171532278339881 0.972807891626581 -0.087938125463533 0.243080941122464 -1.378580522097828 -4.507671710505257
-0.522972958465699 -0.299713878310647 0.128422796490180 -0.170316873634269 0.965914989016092 -0.110476484016059 0.281713674983308 -1.597677643259132 -4.276509058689371
-0.523817499991996 -0.294924245306648 0.127763501343633 -0.168908305259352 0.957926600799797 -0.131859029309506 0.312278236767050 -1.771017886835757 -4.045346406863493
-0.524654234562374 -0.290178887749819 0.127003072536914 -0.167346914075517 0.949071511365618 -0.152085761343823 0.335210743882541 -1.901074597521202 -3.814183755045386
-0.525482588864154 -0.285481057057929 0.126147289136319 -0.165670860356104 0.939566138378012 -0.171156680119050 0.350947313738637 -1.990321120064475 -3.583021103222839
-0.526302169483091 -0.280832984394041 0.125201930208143 -0.163916123787411 0.929614532777689 -0.189071785635164 0.359924063757511 -2.041230799212368 -3.351858451404177
-0.527112752000434 -0.276235942500133 0.124172774818682 -0.162116503468623 0.919408378781628 -0.205831077892185 0.362577111330253 -2.056276979687244 -3.120695799581075
-0.527914270089994 -0.271690307530717 0.123065602034231 -0.160303617911972 0.909126993883191 -0.221434556890091 0.359342573870158 -2.037933006233672 -2.889533147761303
-0.528706804615207 -0.267195620886457 0.121886190921087 -0.158506905042621 0.898937328852023 -0.235882222628897 0.350656568803842 -1.988672223574017 -2.658370495939866
-0.529490572726200 -0.262750651047786 0.120640320545544 -0.156753622198602 0.888993967734153 -0.249174075108596 0.336955213522394 -1.910967976463951 -2.427207844120094
-0.530265916956855 -0.258353455408527 0.119333769973898 -0.155068846130990 0.879439127851833 -0.261310114329197 0.318674625434667 -1.807293609619176 -2.196045192298102
-0.531033294321874 -0.254001442109508 0.117972318272444 -0.153475473003817 0.870402659803737 -0.272290340290687 0.296250921967278 -1.680122467796474 -1.964882540477775
-0.531793265413844 -0.249691431872184 0.116561744507479 -0.151994218393980 0.862002047464755 -0.282114752993076 0.270120220515757 -1.531927895703777 -1.733719888655783
-0.532546483500301 -0.245419719832253 0.115107827745297 -0.150643617291402 0.854342407986236 -0.290783352436355 0.240718638484516 -1.365183238108969 -1.502557236836566
-0.533293683620796 -0.241182137373275 0.113616347052195 -0.149440024098979 0.847516491795691 -0.298296138620538 0.208482293309054 -1.182361839721091 -1.271394585015129
-0.534035671683958 -0.236974113960289 0.112093081494467 -0.148397612632434 0.841604682597086 -0.304653111545614 0.173847302358254 -0.985937045289154 -1.040231933193136
-0.534773313564562 -0.232790738973436 0.110543810138409 -0.147528376120643 0.836674997370640 -0.309854271211579 0.137249783089821 -0.778382199549954 -0.809069281373365
-0.535507524200588 -0.228626823541572 0.108974312050316 -0.146842127205193 0.832783086372890 -0.313899617618446 0.099125852863757 -0.562170647226967 -0.577906629552483
-0.536239256690292 -0.224476962375888 0.107390366296485 -0.146346497940875 0.829972233136755 -0.316789150766209 0.059911629133325 -0.339775733076975 -0.346743977731045
-0.536969491389268 -0.220335595603531 0.105797751943211 -0.146046939795208 0.828273354471371 -0.318522870654864 0.020043229276290 -0.113670801813459 -0.115581325910719
-0.537699225007512 -0.216197070601220 0.104202248056789 -0.145946723648827 0.827705000462303 -0.319100777284417 -0.020043229276290 0.113670801814569 0.115581325910719
-0.538429459706488 -0.212055703828863 0.102609633703515 -0.146046939795208 0.828273354471376 -0.318522870654864 -0.059911629128884 0.339775733073644 0.346743977730490
-0.539161192196192 -0.207905842663179 0.101025687949684 -0.146346497940852 0.829972233136744 -0.316789150766211 -0.099125852872639 0.562170647231408 0.577906629553593
-0.539895402832218 -0.203741927231314 0.099456189861591 -0.146842127205216 0.832783086372901 -0.313899617618443 -0.137249783080939 0.778382199548844 0.809069281372254
-0.540633044712822 -0.199558552244461 0.097906918505533 -0.147528376120620 0.836674997370646 -0.309854271211582 -0.173847302367136 0.985937045286933 1.040231933193692
-0.541375032775984 -0.195350528831476 0.096383652947805 -0.148397612632456 0.841604682597080 -0.304653111545614 -0.208482293304613 1.182361839723312 1.271394585015129
-0.542122232896479 -0.191112946372497 0.094892172254703 -0.149440024098979 0.847516491795697 -0.298296138620538 -0.240718638484516 1.365183238105638 1.502557236836566
-0.542875450982936 -0.186841234332566 0.093438255492521 -0.150643617291402 0.854342407986225 -0.290783352436355 -0.270120220515757 1.531927895710439 1.733719888655783
-0.543635422074906 -0.182531224095242 0.092027681727556 -0.151994218393980 0.862002047464777 -0.282114752993076 -0.296250921962837 1.680122467786482 1.964882540477775
-0.544402799439925 -0.178179210796224 0.090666230026102 -0.153475473003795 0.870402659803710 -0.272290340290687 -0.318674625443549 1.807293609626948 2.196045192298657
-0.545178143670580 -0.173782015156965 0.089359679454456 -0.155068846131012 0.879439127851844 -0.261310114329194 -0.336955213517953 1.910967976461730 2.427207844118984
-0.545961911781573 -0.169337045318294 0.088113809078913 -0.156753622198602 0.888993967734153 -0.249174075108599 -0.350656568799401 1.988672223574017 2.658370495940421
-0.546754446306786 -0.164842358674034 0.086934397965769 -0.158506905042599 0.898937328852023 -0.235882222628897 -0.359342573879040 2.037933006235892 2.889533147760748
-0.547555964396346 -0.160296723704618 0.085827225181318 -0.160303617911994 0.909126993883203 -0.221434556890093 -0.362577111325812 2.056276979682803 3.120695799582185
-0.548366546913689 -0.155699681810710 0.084798069791857 -0.162116503468623 0.919408378781617 -0.205831077892182 -0.359924063757511 2.041230799216809 3.351858451402512
-0.549186127532626 -0.151051609146821 0.083852710863681 -0.163916123787411 0.929614532777701 -0.189071785635170 -0.350947313738637 1.990321120064475 3.583021103225059
-0.550014481834406 -0.146353778454931 0.082996927463086 -0.165670860356104 0.939566138378023 -0.171156680119045 -0.335210743882541 1.901074597521202 3.814183755043721
-0.550851216404784 -0.141608420898103 0.082236498656367 -0.167346914075517 0.949071511365629 -0.152085761343826 -0.312278236767050 1.771017886829096 4.045346406865158
-0.551695757931081 -0.136818787894104 0.081577203509820 -0.168908305259352 0.957926600799774 -0.131859029309500 -0.281713674983308 1.597677643268014 4.276509058687150
-0.552547342299252 -0.131989212949023 0.081024821089739 -0.170316873634269 0.965914989016115 -0.110476484016064 -0.243080941122464 1.378580522091166 4.507671710507477
-0.553405003690951 -0.127125173490890 0.080585130462422 -0.171532278339881 0.972807891626570 -0.087938125463527 -0.195943917780106 1.111253178569527 4.738834362326694
-0.554267563680595 -0.122233352703293 0.080263910694162 -0.172511997928781 0.978364157519418 -0.064243953651894 -0.139866487538498 0.793222267960747 4.969997014150906
-0.555133620332428 -0.117321701358997 0.080066940851256 -0.173211330366474 0.982330268859222 -0.039393968581139 -0.074412532997670 0.422014445538021 5.201159665969013
-0.556001537297585 -0.112399499653563 0.080000000000000 -0.173583393031462 0.984440341086912 -0.013388170251294 0.007688247052329 -0.043602215742400 2.338069552977329
-0.556869262056566 -0.107478388003522 0.079991510887568 -0.173544951796201 0.984222330008200 -0.001697822486407 0.121357341273942 -0.688251683234054 -1.946239902454461
-0.557733952882015 -0.102574482645562 0.079934365777575 -0.172938165089831 0.980781071592030 -0.011429021998680 0.235862976976087 -1.337645413250765 -3.647443987196408
-0.558592747133040 -0.097704018422933 0.079786034567901 -0.171758850204951 0.974092844525776 -0.029666241934662 0.343017215360675 -1.945347297291899 -5.092687090382797
-0.559442965953681 -0.092882187882736 0.079510386180968 -0.170043764128147 0.964366108039316 -0.055129677386576 0.442955566049008 -2.512125848634916 -6.294455113550201
-0.560282110885170 -0.088123160488755 0.079077376416197 -0.167828986297902 0.951805478796142 -0.086601952954327 0.535813538675711 -3.038749580579481 -7.265233958238526
-0.561107860478193 -0.083440101834289 0.078462735802469 -0.165149918604524 0.936611730893244 -0.122928122745519 0.621726642853204 -3.525987006414155 -8.017509525986011
-0.561918066905144 -0.078845192854983 0.077647657450592 -0.162041285390258 0.918981795861173 -0.163015670375449 0.700830388238316 -3.974606639427503 -8.563767718336445
-0.562710752572389 -0.074349649041663 0.076618484905756 -0.158537133449066 0.899108762664036 -0.205834508967132 0.773260284425703 -4.385376992908085 -8.916494436823074
-0.563484106732524 -0.069963739653166 0.075366400000000 -0.154670832026937 0.877181877699496 -0.250416981151247 0.839151841072194 -4.759066580155569 -9.088175582990242
-0.564236482096632 -0.065696806929172 0.073887110704669 -0.150475072821576 0.853386544798718 -0.295857859066198 0.898640567781328 -5.096443914442972 -9.091297058375636
-0.564966391446545 -0.061557285303040 0.072180538982879 -0.145981869982670 0.827904325226503 -0.341314344358076 0.951861974201051 -5.398277509078842 -8.938344764518046
-0.565672504247104 -0.057552720614634 0.070250508641975 -0.141222560111665 0.800912937681109 -0.386006068180667 0.998951569952666 -5.665335877336197 -8.641804602955716
-0.566353643258413 -0.053689789323162 0.068104433185998 -0.136227802261901 0.772586258294428 -0.429215091195445 1.040044864653034 -5.898387532519145 -8.214162475232989
-0.567008781148106 -0.049974317720003 0.065753003668140 -0.131027577938636 0.743094320631832 -0.470285903571610 1.075277367958982 -6.098200987905145 -7.667904282884219
-0.567637037103601 -0.046411301141541 0.063209876543210 -0.125651191098841 0.712603315692306 -0.508625424986031 1.104784589451846 -6.265544756798302 -7.015515927448757
-0.568237673444358 -0.043004923182000 0.060491361520093 -0.120127268151582 0.681275591908315 -0.543703004623275 1.128702038815099 -6.401187352469417 -6.269483310472324
-0.568810092234146 -0.039758574906270 0.057616109414215 -0.114483757957506 0.649269655145968 -0.575050421175637 1.147165225630076 -6.505897288235918 -5.442292333485144
-0.569353831893293 -0.036674874062746 0.054604800000000 -0.108747931829356 0.616740168704788 -0.602261882843062 1.160309659558045 -6.580443077353060 -4.546428898033472
-0.569868563810951 -0.033755684296156 0.051479829863334 -0.102946383531566 0.583837953318023 -0.624994027333230 1.168270850198105 -6.625593233142713 -3.594378905655571
-0.570354088957354 -0.031002134360394 0.048265000254026 -0.097105029280575 0.550709987152309 -0.642965921861507 1.171184307207085 -6.642116268873455 -2.598628257886859
-0.570810334496076 -0.028414637331354 0.044985204938272 -0.091249107744540 0.517499405807942 -0.655959063150942 1.169185540192963 -6.630780697849392 -1.571662856272305
-0.571237350396294 -0.025992909819761 0.041666118051110 -0.085403180043575 0.484345502318695 -0.663817377432303 1.162410058790364 -6.592355033354647 -0.525968602346505
-0.571635306045042 -0.023735991184001 0.038333881948890 -0.079591129749623 0.451383727151922 -0.666447220444036 1.150993372620590 -6.527607788668899 0.525968602346216
-0.572004486859475 -0.021642262742958 0.035014795061728 -0.073836162886520 0.418745688208577 -0.663817377432305 1.135070991336029 -6.437307477102916 1.571662856272305
-0.572345290899124 -0.019709466988843 0.031734999745974 -0.068160807929840 0.386559150823063 -0.655959063150943 1.114778424522456 -6.322222611927497 2.598628257887992
-0.572658225478160 -0.017934726800026 0.028520170136666 -0.062586915807228 0.354948037763425 -0.642965921861503 1.090251181854462 -6.183121706448969 3.594378905654172
-0.572943903777650 -0.016314564653870 0.025395200000000 -0.057135659897956 0.324032429231180 -0.624994027333232 1.061624772922265 -6.020773273944791 4.546428898034294
-0.573203041457817 -0.014844921839563 0.022383890585785 -0.051827536033344 0.293928562861456 -0.602261882843061 1.029034707378251 -5.835945827710187 5.442292333484322
-0.573436453270299 -0.013521177670948 0.019508638479906 -0.046682362496453 0.264748833722905 -0.575050421175639 0.992616494839282 -5.629407881029280 6.269483310472879
-0.573645049670410 -0.012338168699360 0.016790123456790 -0.041719280022257 0.236601794317759 -0.543703004623275 0.952505644935542 -5.401927947201735 7.015515927448757
-0.573829833429398 -0.011290207926451 0.014246996331860 -0.036956751797579 0.209592154581750 -0.508625424986031 0.908837667292772 -5.154274539518333 7.667904282884774
-0.573991896246704 -0.010371104017030 0.011895566814002 -0.032412563461115 0.183820781884159 -0.470285903571607 0.861748071550039 -4.887216171252096 8.214162475231879
-0.574132415362220 -0.009574180511891 0.009749491358025 -0.028103823103365 0.159384701027898 -0.429215091195448 0.811372367319763 -4.601521355711569 8.641804602954606
-0.574252650168554 -0.008892295040644 0.007819461017121 -0.024046961266766 0.136377094249340 -0.386006068180675 0.757846064232126 -4.297958606180874 8.938344764522487
-0.574353938823282 -0.008317858534552 0.006112889295331 -0.020257730945605 0.114887301218436 -0.341314344358062 0.701304671935077 -3.977296435937472 9.091297058371195
-0.574437694861212 -0.007842854439358 0.004633600000000 -0.016751207585930 0.095000819038749 -0.295857859066206 0.641883700032153 -3.640303358296570 9.088175582990798
-0.574505403806641 -0.007458857928122 0.003381515094244 -0.013541789085769 0.076799302247266 -0.250416981151252 0.579718658157979 -3.287747886526748 8.916494436828071
-0.574558619785616 -0.007157055114048 0.002352342549408 -0.010643195794979 0.060360562814632 -0.205834508967112 0.514945055956062 -2.920398533925450 8.563767718331450
-0.574598962138192 -0.006928262263323 0.001537264197531 -0.008068470515199 0.045758570145005 -0.163015670375455 0.447698403029939 -2.539023813783459 8.017509525983790
-0.574628112030692 -0.006762945007943 0.000922623583803 -0.005829978500049 0.033063451076087 -0.122928122745536 0.378114209027558 -2.144392239389337 7.265233958240191
-0.574647809067967 -0.006651237558547 0.000489613819032 -0.003939407454912 0.022341489879141 -0.086601952954335 0.306327983565780 -1.737272324036088 6.294455113551312
-0.574659847905652 -0.006582961917252 0.000213965432099 -0.002407767537083 0.013655128258960 -0.055129677386578 0.232475236270346 -1.318432581001172 5.092687090386683
-0.574666074862431 -0.006547647090483 0.000065634222425 -0.001245391355731 0.007062965353954 -0.029666241934645 0.156691476793647 -0.888641523597578 3.647443987186971
-0.574668384532289 -0.006534548301803 0.000008489112432 -0.000461933971763 0.002619757735967 -0.011429021998710 0.079112214725896 -0.448667665096103 1.946239902463898
-0.574668716396780 -0.006532666204750 -0.000000000000000 -0.000066372898133 0.000376419410486 -0.001697822486391 0.013274579626632 -0.075283882097210 0.339564497282563
-0.574668716396780 -0.006532666204750 0.000000000000000 0.000000000000000 0.000000000000000 0.000000000000022 0.013274579626632 -0.075283882097210 0.551792308078677
-0.574668384532289 -0.006534548301803 0.000013794807702 0.000066372898133 -0.000376419410486 0.002758961540416 0.079112214725896 -0.448667665096103 3.162639841487578
-0.574666074862431 -0.006547647090483 0.000106655611441 0.000461933971763 -0.002619757735967 0.018572160747853 0.156691476793647 -0.888641523597578 5.927096479195246
-0.574659847905652 -0.006582961917252 0.000347693827160 0.001245391355731 -0.007062965353954 0.048207643143830 0.232475236270346 -1.318432581001172 8.275616521871665
-0.574647809067967 -0.006651237558547 0.000795622455926 0.002407767537083 -0.013655128258960 0.089585725753188 0.306327983565780 -1.737272324036088 10.228489559518369
-0.574628112030692 -0.006762945007943 0.001499263323680 0.003939407454912 -0.022341489879141 0.140728173550780 0.378114209027558 -2.144392239389337 11.806005182136863
-0.574598962138192 -0.006928262263323 0.002498054320988 0.005829978500049 -0.033063451076087 0.199758199461464 0.447698403029939 -2.539023813783459 13.028452979728716
-0.574558619785616 -0.007157055114048 0.003822556642788 0.008068470515199 -0.045758570145005 0.264900464360108 0.514945055956062 -2.920398533925450 13.916122542295373
-0.574505403806641 -0.007458857928122 0.005494962028146 0.010643195794979 -0.060360562814632 0.334481077071585 0.579718658157979 -3.287747886526748 14.489303459838442
-0.574437694861212 -0.007842854439358 0.007529600000000 0.013541789085769 -0.076799302247266 0.406927594370777 0.641883700032153 -3.640303358296570 14.768285322359354
-0.574353938823282 -0.008317858534552 0.009933445104913 0.016751207585930 -0.095000819038749 0.480769020982574 0.701304671935077 -3.977296435937472 14.773357719859714
-0.574252650168554 -0.008892295040644 0.012706624152822 0.020257730945605 -0.114887301218436 0.554635809581872 0.757846064232126 -4.297958606180874 14.524810242341202
-0.574132415362220 -0.009574180511891 0.015842923456790 0.024046961266766 -0.136377094249340 0.627259860793578 0.811372367319763 -4.601521355711569 14.042932479804836
-0.573991896246704 -0.010371104017030 0.019330296072753 0.028103823103365 -0.159384701027898 0.697474523192602 0.861748071550039 -4.887216171252096 13.348014022253052
-0.573829833429398 -0.011290207926451 0.023151369039272 0.032412563461115 -0.183820781884159 0.764214593303868 0.908837667292772 -5.154274539518333 12.460344459685468
-0.573645049670410 -0.012338168699360 0.027283950617284 0.036956751797579 -0.209592154581750 0.826516315602295 0.952505644935542 -5.401927947201735 11.400213382106728
-0.573436453270299 -0.013521177670948 0.031701537529848 0.041719280022257 -0.236601794317759 0.883517382512829 0.992616494839282 -5.629407881029280 10.187910379514941
-0.573203041457817 -0.014844921839563 0.036373822201900 0.046682362496453 -0.264748833722905 0.934456934410403 1.029034707378251 -5.835945827710187 8.843725041915173
-0.572943903777650 -0.016314564653870 0.041267200000000 0.051827536033344 -0.293928562861456 0.978675559619979 1.061624772922265 -6.020773273944791 7.387946959304648
-0.572658225478160 -0.017934726800026 0.046345276472083 0.057135659897956 -0.324032429231180 1.015615294416502 1.090251181854462 -6.183121706448969 5.840865721688271
-0.572345290899124 -0.019709466988843 0.051569374587207 0.062586915807228 -0.354948037763425 1.044819623024944 1.114778424522456 -6.322222611927497 4.222770919067287
-0.572004486859475 -0.021642262742958 0.056899041975309 0.068160807929840 -0.386559150823063 1.065933477620280 1.135070991336029 -6.437307477102916 2.553952141441673
-0.571635306045042 -0.023735991184001 0.062292558166946 0.073836162886520 -0.418745688208577 1.078703238327489 1.150993372620590 -6.527607788668899 0.854698978814383
-0.571237350396294 -0.025992909819761 0.067707441833054 0.079591129749623 -0.451383727151922 1.082976733221561 1.162410058790364 -6.592355033354647 -0.854698978813273
-0.570810334496076 -0.028414637331354 0.073100958024691 0.085403180043575 -0.484345502318695 1.078703238327494 1.169185540192963 -6.630780697849392 -2.553952141441940
-0.570354088957354 -0.031002134360394 0.078430625412793 0.091249107744540 -0.517499405807942 1.065933477620284 1.171184307207085 -6.642116268873455 -4.222770919070085
-0.569868563810951 -0.033755684296156 0.083654723527917 0.097105029280575 -0.550709987152309 1.044819623024934 1.168270850198105 -6.625593233142713 -5.840865721686850
-0.569353831893293 -0.036674874062746 0.088732800000000 0.102946383531566 -0.583837953318023 1.015615294416500 1.160309659558045 -6.580443077353060 -7.387946959301339
-0.568810092234146 -0.039758574906270 0.093626177798100 0.108747931829356 -0.616740168704788 0.978675559619993 1.147165225630076 -6.505897288235918 -8.843725041919880
-0.568237673444358 -0.043004923182000 0.098298462470152 0.114483757957506 -0.649269655145968 0.934456934410394 1.128702038815099 -6.401187352469417 -10.187910379513831
-0.567637037103601 -0.046411301141541 0.102716049382716 0.120127268151582 -0.681275591908315 0.883517382512825 1.104784589451846 -6.265544756798302 -11.400213382103951
-0.567008781148106 -0.049974317720003 0.106848630960728 0.125651191098841 -0.712603315692306 0.826516315602305 1.075277367958982 -6.098200987905145 -12.460344459688244
-0.566353643258413 -0.053689789323162 0.110669703927247 0.131027577938636 -0.743094320631832 0.764214593303864 1.040044864653034 -5.898387532519145 -13.348014022251942
-0.565672504247104 -0.057552720614634 0.114157076543210 0.136227802261901 -0.772586258294428 0.697474523192604 0.998951569952666 -5.665335877336197 -14.042932479808590
-0.564966391446545 -0.061557285303040 0.117293375847178 0.141222560111665 -0.800912937681109 0.627259860793561 0.951861974201051 -5.398277509078842 -14.524810242332320
-0.564236482096632 -0.065696806929172 0.120066554895087 0.145981869982670 -0.827904325226503 0.554635809581899 0.898640567781328 -5.096443914442972 -14.773357719867208
-0.563484106732524 -0.069963739653166 0.122470400000000 0.150475072821576 -0.853386544798718 0.480769020982563 0.839151841072194 -4.759066580155569 -14.768285322357411
-0.562710752572389 -0.074349649041663 0.124505037971854 0.154670832026937 -0.877181877699496 0.406927594370776 0.773260284425703 -4.385376992908085 -14.489303459837011
-0.561918066905144 -0.078845192854983 0.126177443357212 0.158537133449066 -0.899108762664036 0.334481077071591 0.700830388238316 -3.974606639427503 -13.916122542294573
-0.561107860478193 -0.083440101834289 0.127501945679012 0.162041285390258 -0.918981795861173 0.264900464360118 0.621726642853204 -3.525987006414155 -13.028452979735317
-0.560282110885170 -0.088123160488755 0.128500736676320 0.165149918604524 -0.936611730893244 0.199758199461442 0.535813538675711 -3.038749580579481 -11.806005182131152
-0.559442965953681 -0.092882187882736 0.129204377544074 0.167828986297902 -0.951805478796142 0.140728173550786 0.442955566049008 -2.512125848634916 -10.228489559522824
-0.558592747133040 -0.097704018422933 0.129652306172839 0.170043764128147 -0.964366108039316 0.089585725753172 0.343017215360675 -1.945347297291899 -8.275616521862261
-0.557733952882015 -0.102574482645562 0.129893344388559 0.171758850204951 -0.974092844525776 0.048207643143861 0.235862976976087 -1.337645413250765 -5.927096479214633
-0.556869262056566 -0.107478388003522 0.129986205192298 0.172938165089831 -0.980781071592030 0.018572160747787 0.121357341273942 -0.688251683234054 -3.162639841467474
-0.556001537297585 -0.112399499653563 0.130000000000000 0.173544951796201 -0.984222330008200 0.002758961540450 0.007688247052329 -0.043602215742400 -3.229426358344334
-0.555133620332428 -0.117321701358997 0.129933059148744 0.173583393031462 -0.984440341086912 -0.013388170251272 -0.074412532997670 0.422014445538021 -5.201159665974009
-0.554267563680595 -0.122233352703293 0.129736089305838 0.173211330366474 -0.982330268859222 -0.039393968581142 -0.139866487538498 0.793222267960747 -4.969997014149241
-0.553405003690951 -0.127125173490890 0.129414869537578 0.172511997928781 -0.978364157519418 -0.064243953651888 -0.195943917780106 1.111253178569527 -4.738834362328914
-0.552547342299252 -0.131989212949023 0.128975178910261 0.171532278339881 -0.972807891626570 -0.087938125463533 -0.243080941122464 1.378580522091166 -4.507671710505257
-0.551695757931081 -0.136818787894104 0.128422796490180 0.170316873634269 -0.965914989016115 -0.110476484016059 -0.281713674983308 1.597677643268014 -4.276509058689371
-0.550851216404784 -0.141608420898103 0.127763501343633 0.168908305259352 -0.957926600799774 -0.131859029309506 -0.312278236767050 1.771017886829096 -4.045346406863493
-0.550014481834406 -0.146353778454931 0.127003072536914 0.167346914075517 -0.949071511365629 -0.152085761343823 -0.335210743882541 1.901074597521202 -3.814183755045386
-0.549186127532626 -0.151051609146821 0.126147289136319 0.165670860356104 -0.939566138378023 -0.171156680119050 -0.350947313738637 1.990321120064475 -3.583021103222839
-0.548366546913689 -0.155699681810710 0.125201930208143 0.163916123787411 -0.929614532777701 -0.189071785635164 -0.359924063757511 2.041230799216809 -3.351858451404177
-0.547555964396346 -0.160296723704618 0.124172774818682 0.162116503468623 -0.919408378781617 -0.205831077892185 -0.362577111325812 2.056276979682803 -3.120695799581075
-0.546754446306786 -0.164842358674034 0.123065602034231 0.160303617911994 -0.909126993883203 -0.221434556890091 -0.359342573879040 2.037933006235892 -2.889533147761303
-0.545961911781573 -0.169337045318294 0.121886190921087 0.158506905042599 -0.898937328852023 -0.235882222628897 -0.350656568799401 1.988672223574017 -2.658370495939866
-0.545178143670580 -0.173782015156965 0.120640320545544 0.156753622198602 -0.888993967734153 -0.249174075108596 -0.336955213517953 1.910967976461730 -2.427207844120094
-0.544402799439925 -0.178179210796224 0.119333769973898 0.155068846131012 -0.879439127851844 -0.261310114329197 -0.318674625443549 1.807293609626948 -2.196045192298102
-0.543635422074906 -0.182531224095242 0.117972318272444 0.153475473003795 -0.870402659803710 -0.272290340290687 -0.296250921962837 1.680122467786482 -1.964882540477775
-0.542875450982936 -0.186841234332566 0.116561744507479 0.151994218393980 -0.862002047464777 -0.282114752993076 -0.270120220515757 1.531927895710439 -1.733719888655783
-0.542122232896479 -0.191112946372497 0.115107827745297 0.150643617291402 -0.854342407986225 -0.290783352436355 -0.240718638484516 1.365183238105638 -1.502557236836566
-0.541375032775984 -0.195350528831476 0.113616347052195 0.149440024098979 -0.847516491795697 -0.298296138620538 -0.208482293304613 1.182361839723312 -1.271394585015129
-0.540633044712822 -0.199558552244461 0.112093081494467 0.148397612632456 -0.841604682597080 -0.304653111545614 -0.173847302367136 0.985937045286933 -1.040231933193136
-0.539895402832218 -0.203741927231314 0.110543810138409 0.147528376120620 -0.836674997370646 -0.309854271211579 -0.137249783080939 0.778382199548844 -0.809069281373365
-0.539161192196192 -0.207905842663179 0.108974312050316 0.146842127205216 -0.832783086372901 -0.313899617618446 -0.099125852872639 0.562170647231408 -0.577906629552483
-0.538429459706488 -0.212055703828863 0.107390366296485 0.146346497940852 -0.829972233136744 -0.316789150766209 -0.059911629128884 0.339775733073644 -0.346743977731045
-0.537699225007512 -0.216197070601220 0.105797751943211 0.146046939795208 -0.828273354471376 -0.318522870654864 -0.020043229276290 0.113670801814569 -0.115581325910719
-0.536969491389268 -0.220335595603531 0.104202248056789 0.145946723648827 -0.827705000462303 -0.319100777284417 0.020043229276290 -0.113670801813459 0.115581325910719
-0.536239256690292 -0.224476962375888 0.102609633703515 0.146046939795208 -0.828273354471371 -0.318522870654864 0.059911629133325 -0.339775733076975 0.346743977730490
-0.535507524200588 -0.228626823541572 0.101025687949684 0.146346497940875 -0.829972233136755 -0.316789150766211 0.099125852863757 -0.562170647226967 0.577906629553593
-0.534773313564562 -0.232790738973436 0.099456189861591 0.146842127205193 -0.832783086372890 -0.313899617618443 0.137249783089821 -0.778382199549954 0.809069281372254
-0.534035671683958 -0.236974113960289 0.097906918505533 0.147528376120643 -0.836674997370640 -0.309854271211582 0.173847302358254 -0.985937045289154 1.040231933193692
-0.533293683620796 -0.241182137373275 0.096383652947805 0.148397612632434 -0.841604682597086 -0.304653111545614 0.208482293309054 -1.182361839721091 1.271394585015129
-0.532546483500301 -0.245419719832253 0.094892172254703 0.149440024098979 -0.847516491795691 -0.298296138620538 0.240718638484516 -1.365183238108969 1.502557236836566
-0.531793265413844 -0.249691431872184 0.093438255492521 0.150643617291402 -0.854342407986236 -0.290783352436355 0.270120220515757 -1.531927895703777 1.733719888655783
-0.531033294321874 -0.254001442109508 0.092027681727556 0.151994218393980 -0.862002047464755 -0.282114752993076 0.296250921967278 -1.680122467796474 1.964882540477775
-0.530265916956855 -0.258353455408527 0.090666230026102 0.153475473003817 -0.870402659803737 -0.272290340290687 0.318674625434667 -1.807293609619176 2.196045192298657
-0.529490572726200 -0.262750651047786 0.089359679454456 0.155068846130990 -0.879439127851833 -0.261310114329194 0.336955213522394 -1.910967976463951 2.427207844118984
-0.528706804615207 -0.267195620886457 0.088113809078913 0.156753622198602 -0.888993967734153 -0.249174075108599 0.350656568803842 -1.988672223574017 2.658370495940421
-0.527914270089994 -0.271690307530717 0.086934397965769 0.158506905042621 -0.898937328852023 -0.235882222628897 0.359342573870158 -2.037933006233672 2.889533147760748
-0.527112752000434 -0.276235942500133 0.085827225181318 0.160303617911972 -0.909126993883191 -0.221434556890093 0.362577111330253 -2.056276979687244 3.120695799582185
-0.526302169483091 -0.280832984394041 0.084798069791857 0.162116503468623 -0.919408378781628 -0.205831077892182 0.359924063757511 -2.041230799212368 3.351858451402512
-0.525482588864154 -0.285481057057929 0.083852710863681 0.163916123787411 -0.929614532777689 -0.189071785635170 0.350947313738637 -1.990321120064475 3.583021103225059
-0.524654234562374 -0.290178887749819 0.082996927463086 0.165670860356104 -0.939566138378012 -0.171156680119045 0.335210743882541 -1.901074597521202 3.814183755043721
-0.523817499991996 -0.294924245306648 0.082236498656367 0.167346914075517 -0.949071511365618 -0.152085761343826 0.312278236767050 -1.771017886835757 4.045346406865158
-0.522972958465699 -0.299713878310647 0.081577203509820 0.168908305259352 -0.957926600799797 -0.131859029309500 0.281713674983308 -1.597677643259132 4.276509058687150
-0.522121374097528 -0.304543453255727 0.081024821089739 0.170316873634269 -0.965914989016092 -0.110476484016064 0.243080941122464 -1.378580522097828 4.507671710507477
-0.521263712705829 -0.309407492713860 0.080585130462422 0.171532278339881 -0.972807891626581 -0.087938125463527 0.195943917780106 -1.111253178567306 4.738834362326694
-0.520401152716185 -0.314299313501457 0.080263910694162 0.172511997928781 -0.978364157519418 -0.064243953651894 0.139866487538498 -0.793222267958527 4.969997014150906
-0.519535096064352 -0.319210964845753 0.080066940851256 0.173211330366474 -0.982330268859211 -0.039393968581139 0.074412532997670 -0.422014445540242 5.201159665969013
-0.518667179099195 -0.324133166551188 0.080000000000000 0.173583393031462 -0.984440341086912 -0.013388170251294 -0.007688247052329 0.043602215735739 2.338069552977329
-0.517799454340214 -0.329054278201229 0.079991510887568 0.173544951796201 -0.984222330008233 -0.001697822486407 -0.121357341273942 0.688251683236274 -1.946239902454461
-0.516934763514765 -0.333958183559189 0.079934365777575 0.172938165089831 -0.980781071592052 -0.011429021998680 -0.235862976976087 1.337645413259647 -3.647443987196408
-0.516075969263740 -0.338828647781818 0.079786034567901 0.171758850204951 -0.974092844525754 -0.029666241934662 -0.343017215360675 1.945347297289679 -5.092687090382797
-0.515225750443099 -0.343650478322014 0.079510386180968 0.170043764128147 -0.964366108039305 -0.055129677386576 -0.442955566049008 2.512125848630475 -6.294455113550201
-0.514386605511610 -0.348409505715995 0.079077376416197 0.167828986297902 -0.951805478796153 -0.086601952954327 -0.535813538671270 3.038749580581701 -7.265233958238526
-0.513560855918587 -0.353092564370461 0.078462735802469 0.165149918604546 -0.936611730893244 -0.122928122745519 -0.621726642862086 3.525987006411935 -8.017509525986011
-0.512750649491636 -0.357687473349767 0.077647657450592 0.162041285390235 -0.918981795861185 -0.163015670375449 -0.700830388233875 3.974606639429723 -8.563767718336445
-0.511957963824391 -0.362183017163087 0.076618484905756 0.158537133449066 -0.899108762664036 -0.205834508967132 -0.773260284425703 4.385376992908085 -8.916494436823074
-0.511184609664256 -0.366568926551585 0.075366400000000 0.154670832026937 -0.877181877699496 -0.250416981151247 -0.839151841067753 4.759066580155569 -9.088175582990242
-0.510432234300148 -0.370835859275578 0.073887110704669 0.150475072821599 -0.853386544798718 -0.295857859066198 -0.898640567785769 5.096443914445192 -9.091297058375636
-0.509702324950235 -0.374975380901711 0.072180538982879 0.145981869982670 -0.827904325226492 -0.341314344358076 -0.951861974205492 5.398277509074401 -8.938344764518046
-0.508996212149676 -0.378979945590117 0.070250508641975 0.141222560111642 -0.800912937681120 -0.386006068180667 -0.998951569943785 5.665335877338418 -8.641804602955716
-0.508315073138367 -0.382842876881589 0.068104433185998 0.136227802261923 -0.772586258294428 -0.429215091195445 -1.040044864661915 5.898387532519145 -8.214162475232989
-0.507659935248674 -0.386558348484748 0.065753003668140 0.131027577938614 -0.743094320631832 -0.470285903571610 -1.075277367950100 6.098200987905145 -7.667904282884219
-0.507031679293179 -0.390121365063209 0.063209876543210 0.125651191098863 -0.712603315692306 -0.508625424986031 -1.104784589460728 6.265544756798302 -7.015515927448757
-0.506431042952422 -0.393527743022751 0.060491361520093 0.120127268151560 -0.681275591908315 -0.543703004623275 -1.128702038810658 6.401187352471638 -6.269483310472324
-0.505858624162634 -0.396774091298481 0.057616109414215 0.114483757957506 -0.649269655145956 -0.575050421175637 -1.147165225630076 6.505897288229257 -5.442292333485144
-0.505314884503487 -0.399857792142005 0.054604800000000 0.108747931829356 -0.616740168704810 -0.602261882843062 -1.160309659558045 6.580443077359721 -4.546428898033472
-0.504800152585829 -0.402776981908595 0.051479829863334 0.102946383531566 -0.583837953318012 -0.624994027333230 -1.168270850198105 6.625593233138272 -3.594378905655571
-0.504314627439427 -0.405530531844356 0.048265000254026 0.097105029280575 -0.550709987152320 -0.642965921861507 -1.171184307207085 6.642116268880116 -2.598628257886859
-0.503858381900704 -0.408118028873396 0.044985204938272 0.091249107744540 -0.517499405807920 -0.655959063150942 -1.169185540192963 6.630780697844951 -1.571662856272305
-0.503431366000486 -0.410539756384990 0.041666118051110 0.085403180043575 -0.484345502318695 -0.663817377432303 -1.162410058785923 6.592355033352426 -0.525968602346505
-0.503033410351738 -0.412796675020749 0.038333881948890 0.079591129749645 -0.451383727151933 -0.666447220444036 -1.150993372629472 6.527607788673340 0.525968602346216
-0.502664229537305 -0.414890403461792 0.035014795061728 0.073836162886498 -0.418745688208566 -0.663817377432305 -1.135070991327147 6.437307477098475 1.571662856272305
-0.502323425497656 -0.416823199215907 0.031734999745974 0.068160807929862 -0.386559150823074 -0.655959063150943 -1.114778424531337 6.322222611929718 2.598628257887992
-0.502010490918620 -0.418597939404725 0.028520170136666 0.062586915807206 -0.354948037763425 -0.642965921861503 -1.090251181845581 6.183121706451189 3.594378905654172
-0.501724812619130 -0.420218101550880 0.025395200000000 0.057135659897978 -0.324032429231169 -0.624994027333232 -1.061624772931147 6.020773273942570 4.546428898034294
-0.501465674938963 -0.421687744365188 0.022383890585785 0.051827536033322 -0.293928562861456 -0.602261882843061 -1.029034707373810 5.835945827707967 5.442292333484322
-0.501232263126481 -0.423011488533802 0.019508638479906 0.046682362496453 -0.264748833722916 -0.575050421175639 -0.992616494839282 5.629407881033721 6.269483310472879
-0.501023666726370 -0.424194497505391 0.016790123456790 0.041719280022257 -0.236601794317748 -0.543703004623275 -0.952505644935542 5.401927947201735 7.015515927448757
-0.500838882967382 -0.425242458278300 0.014246996331860 0.036956751797579 -0.209592154581739 -0.508625424986031 -0.908837667292772 5.154274539511672 7.667904282884774
-0.500676820150076 -0.426161562187721 0.011895566814002 0.032412563461115 -0.183820781884181 -0.470285903571607 -0.861748071550039 4.887216171258757 8.214162475231879
-0.500536301034560 -0.426958485692860 0.009749491358025 0.028103823103365 -0.159384701027887 -0.429215091195448 -0.811372367319763 4.601521355711569 8.641804602954606
-0.500416066228226 -0.427640371164107 0.007819461017121 0.024046961266766 -0.136377094249329 -0.386006068180675 -0.757846064232126 4.297958606178653 8.938344764522487
-0.500314777573498 -0.428214807670199 0.006112889295331 0.020257730945605 -0.114887301218436 -0.341314344358062 -0.701304671935077 3.977296435937472 9.091297058371195
-0.500231021535568 -0.428689811765393 0.004633600000000 0.016751207585930 -0.095000819038749 -0.295857859066206 -0.641883700032153 3.640303358298791 9.088175582990798
-0.500163312590139 -0.429073808276629 0.003381515094244 0.013541789085769 -0.076799302247255 -0.250416981151252 -0.579718658157979 3.287747886526748 8.916494436828071
-0.500110096611164 -0.429375611090702 0.002352342549408 0.010643195794979 -0.060360562814621 -0.205834508967112 -0.514945055956062 2.920398533918789 8.563767718331450
-0.500069754258588 -0.429604403941427 0.001537264197531 0.008068470515199 -0.045758570145027 -0.163015670375455 -0.447698403029939 2.539023813790120 8.017509525983790
-0.500040604366088 -0.429769721196807 0.000922623583803 0.005829978500049 -0.033063451076076 -0.122928122745536 -0.378114209027558 2.144392239389337 7.265233958240191
-0.500020907328814 -0.429881428646203 0.000489613819032 0.003939407454912 -0.022341489879130 -0.086601952954335 -0.306327983561339 1.737272324029426 6.294455113551312
-0.500008868491128 -0.429949704287498 0.000213965432099 0.002407767537105 -0.013655128258983 -0.055129677386578 -0.232475236279228 1.318432581007833 5.092687090386683
-0.500002641534349 -0.429985019114268 0.000065634222425 0.001245391355709 -0.007062965353943 -0.029666241934645 -0.156691476789206 0.888641523597578 3.647443987186971
-0.500000331864491 -0.429998117902948 0.000008489112432 0.000461933971763 -0.002619757735955 -0.011429021998710 -0.079112214725896 0.448667665091662 1.946239902463898
