-0.500000048090718 -0.429999727263986 0.000008980914753 -0.000009618143593 0.000054547202877 0.001796182950527 -0.013059556378536 0.074064424679943 2.072045359056055
-0.500000422670345 -0.429997602917354 0.000069762963482 -0.000074915925485 0.000424869326277 0.012156409745807 -0.030159838346755 0.171044942864906 3.919243023703652
-0.500001551245931 -0.429991202447151 0.000228526087803 -0.000225715117219 0.001280094040601 0.031752624864325 -0.051399132807717 0.291498967466275 5.530104425615350
-0.500003964799838 -0.429977514502762 0.000525541822765 -0.000482710781258 0.002737588877932 0.059403146992402 -0.076481482866875 0.433748043302540 6.914476909071817
-0.500008290390816 -0.429952982857289 0.000995419480454 -0.000865118195592 0.004906329094445 0.093975531537761 -0.105110931558627 0.596113715194413 8.082207818353682
-0.500015243755083 -0.429913548368937 0.001667352333602 -0.001390672853385 0.007886897670417 0.134386570629530 -0.136991521966223 0.776917527975929 9.043144497741679
-0.500025621907399 -0.429854690942386 0.002565363799193 -0.002075630463216 0.011771485310297 0.179602293118238 -0.171827297159588 0.974481026490004 9.807134291516434
-0.500040295742144 -0.429771471490172 0.003708553622072 -0.002934766949014 0.016643890442747 0.228637964575820 -0.209322300190884 1.187125755526264 10.384024543958519
-0.500060202634394 -0.429658573894070 0.005111344058550 -0.003981378449969 0.022579519220378 0.280558087295613 -0.249180574147800 1.413173259960931 10.783662599348775
-0.500086339040997 -0.429510346966469 0.006783726060012 -0.005227281320708 0.029645385520183 0.334476400292357 -0.291106162082500 1.650945084581412 11.015895801967689
-0.500119753101653 -0.429320846411754 0.008731505456523 -0.006682812131120 0.037900110943090 0.389555879302195 -0.334803107060466 1.898762774237284 11.090571496096102
-0.500161537239985 -0.429083876787682 0.010956549140436 -0.008356827666423 0.047393924814276 0.445008736782676 -0.379975452160508 2.154947873749258 11.017537026014468
-0.500212820764621 -0.428793033466767 0.013457031250000 -0.010256704927225 0.058168664183023 0.500096421912748 -0.426327240452551 2.417821927951369 10.806639736003619
-0.500274762470268 -0.428441744597653 0.016227679352964 -0.012388341129488 0.070257773822779 0.554129620592766 -0.473562514975434 2.685706481662109 10.467726970344238
-0.500348543238790 -0.428023313066498 0.019260020630186 -0.014756153704365 0.083686306231090 0.606468255444487 -0.521385318834611 2.956923079715512 10.010646073316808
-0.500435358640283 -0.427530958458350 0.022542628059242 -0.017363080298538 0.098470921629668 0.656521485811071 -0.569499695073361 3.229793266938952 9.445244389201934
-0.500536411534153 -0.426957859018528 0.026061366598027 -0.020210578773905 0.114619887964362 0.703747707757081 -0.617609686761611 3.502638588164242 8.781369262280835
-0.500652904670191 -0.426297193614002 0.029799639368369 -0.023298627207713 0.132133080905183 0.747654554068485 -0.665419336973727 3.773780588205433 8.028868036833291
-0.500786033289654 -0.425542183694771 0.033738633839633 -0.026625723892582 0.151001983846211 0.787798894252652 -0.712632688775194 4.041540811905442 7.197588057141213
-0.500936977726336 -0.424686135255242 0.037857568012325 -0.030188887336458 0.171209687905738 0.823786834538358 -0.758953785227057 4.304240804089421 6.297376667483423
-0.501106896007649 -0.423722480795611 0.042133936601703 -0.033983656262593 0.192730891926185 0.855273717875775 -0.804086669403681 4.560202109580302 5.338081212142032
-0.501296916455697 -0.422644821283241 0.046543757221386 -0.038004089609611 0.215531902474086 0.881964123936485 -0.847735384366111 4.807746273205460 4.329549035398661
-0.501508130288355 -0.421446968114040 0.051061816566953 -0.042242766531442 0.239570633840114 0.903611869113478 -0.889603973188713 5.045194839796707 3.281627481529781
-0.501741584220341 -0.420122985073845 0.055661916599559 -0.046690786397385 0.264796608039097 0.920020006521127 -0.929396478928091 5.270869354183638 2.204163894822253
-0.501998273064302 -0.418667230299795 0.060317120729535 -0.051337768792026 0.291150954810016 0.931040825995239 -0.966816944671933 5.483091361191406 1.107005619551393
-0.502279132331878 -0.417074398241715 0.065000000000000 -0.056171853515385 0.318566411615973 0.936575854092995 -1.001569413459080 5.680182405645162 -0.000000000000822
-0.502585030834792 -0.415339561623494 0.069682879270465 -0.061179700582681 0.346967323644198 0.936575854092991 -1.033357928377221 5.860464032374502 -1.107005619550572
-0.502916763285915 -0.413458213404463 0.074338083400441 -0.066346490224567 0.376269643806071 0.931040825995239 -1.061886532491840 6.022257786213459 -2.204163894821143
-0.503275042900350 -0.411426308740778 0.078938183433047 -0.071655922887026 0.406380932737138 0.920020006521133 -1.086859268863982 6.163885211980524 -3.281627481530602
-0.503660493996507 -0.409240306946793 0.083456242778614 -0.077090219231346 0.437200358797041 0.903611869113480 -1.107980180559132 6.283667854514174 -4.329549035398950
-0.504073644597177 -0.406897213456444 0.087866063398297 -0.082630120134142 0.468618698069612 0.881964123936485 -1.124953310656096 6.379927258628459 -5.338081212142298
-0.504514919030614 -0.404394621784631 0.092142431987676 -0.088254886687422 0.500518334362754 0.855273717875774 -1.137482702207038 6.450984969168516 -6.297376667483978
-0.504984630531607 -0.401730755488588 0.096261366160367 -0.093942300198457 0.532773259208597 0.823786834538354 -1.145272398290764 6.495162530939513 -7.197588057140103
-0.505482973842556 -0.398904510129271 0.100200360631631 -0.099668662189911 0.565249071863294 0.787798894252653 -1.148026441972760 6.510781488797690 -8.028868036831781
-0.506010017814555 -0.395915495232735 0.103938633401973 -0.105408794399775 0.597802979307283 0.747654554068494 -1.145448876314070 6.496163387543774 -8.781369262283455
-0.506565698008462 -0.392764076251510 0.107457371940758 -0.111136038781345 0.630283796245001 0.703747707757077 -1.137243744393501 6.449629772027343 -9.445244389202356
-0.507149809295978 -0.389451416525984 0.110739979369814 -0.116822257503313 0.662531945105138 0.656521485811065 -1.123115089254334 6.369502187060228 -10.010646073315698
-0.507761998460726 -0.385979519245782 0.113772320647036 -0.122437832949585 0.694379456040439 0.606468255444487 -1.102766954002021 6.254102177480902 -10.467726970340152
-0.508401756799324 -0.382351269411143 0.116542968750000 -0.127951667719595 0.725649966927844 0.554129620592786 -1.075903381662080 6.101751288112300 -10.806639736008483
-0.509068412722464 -0.378570475794301 0.119043450859564 -0.133331184627905 0.756158723368405 0.500096421912744 -1.042228415339963 5.910771063784015 -11.017537026013491
-0.509761124355987 -0.374641912900864 0.121268494543477 -0.138542326704605 0.785712578687325 0.445008736782676 -1.001446098070069 5.679483049323419 -11.090571496097379
-0.510478872141962 -0.370571362931194 0.123216273939988 -0.143549557194955 0.814109993933942 0.389555879302189 -0.953260472944528 5.406208789557887 -11.015895801965714
-0.511220451439760 -0.366365657741786 0.124888655941450 -0.148315859559678 0.841141037881732 0.334476400292361 -0.897375583011062 5.089269829314791 -10.783662599351818
-0.511984465127134 -0.362032720806644 0.126291446377928 -0.152802737474733 0.866587387028306 0.280558087295601 -0.833495471357359 4.726987713430386 -10.384024543950154
-0.512769316201291 -0.357581609178667 0.127434636200807 -0.156970214831520 0.890222325595458 0.228637964575851 -0.761324181031142 4.317683986712062 -9.807134291524022
-0.513573200379975 -0.353022555451022 0.128332647666398 -0.160776835736676 0.911810745529018 0.179602293118231 -0.680565755106777 3.859680194020498 -9.043144497744571
-0.514394098702536 -0.348367009718526 0.129004580519546 -0.164179664512210 0.931109146499121 0.134386570629508 -0.590924236663071 3.351297880140880 -8.082207818349563
-0.515229770131013 -0.343627681539027 0.129474458177235 -0.167134285695525 0.947865635899825 0.093975531537760 -0.492103668747745 2.790858589942768 -6.914476909067879
-0.516077744151210 -0.338818581894779 0.129771473912197 -0.169594804039264 0.961819928849539 0.059403146992421 -0.383808094444049 2.176683868229112 -5.530104425623961
-0.516935313373767 -0.333955065153826 0.129930237036518 -0.171513844511484 0.972703348190684 0.031752624864301 -0.265741556808585 1.507095259838387 -3.919243023697838
-0.517799526135245 -0.329053871031377 0.129991019085247 -0.172842552295527 0.980238824489876 0.012156409745812 -0.137608098906838 0.780414309582422 -2.072045359051700
-0.518667179099195 -0.324133166551188 0.130000000000000 -0.173530592790061 0.984140896037788 0.001796182950553 -0.000844474219441 0.004789251293325 -2.468360229092026
-0.519534853175001 -0.319212342339716 0.129947271909026 -0.173534815161158 0.984164842294255 -0.010545618194907 0.130872841892504 -0.742216768927495 -4.110776009722539
-0.520399255429759 -0.314310073547468 0.129791774417808 -0.172880450951696 0.980453758449618 -0.031099498243520 0.247818800369615 -1.405450257094820 -3.949569107383200
-0.521257462214509 -0.309442941011648 0.129537537698906 -0.171641356949848 0.973426507164143 -0.050847343780436 0.350115371632320 -1.985602941887432 -3.788362205041640
-0.522106916114967 -0.304625448549374 0.129188591924878 -0.169890780091686 0.963498492454706 -0.069789154805644 0.438360489845024 -2.486065876505794 -3.627155302698970
-0.522945411003179 -0.299870107734013 0.128748967268282 -0.167698977642461 0.951068163072177 -0.087924931319139 0.513152089189894 -2.910230114139267 -3.465948400358521
-0.523771077089162 -0.295187522671506 0.128222693901677 -0.165133217196511 0.936517012501481 -0.105254673320931 0.575088103849097 -3.261486708006078 -3.304741498014740
-0.524582365972548 -0.290586474776698 0.127613801997622 -0.162257776677266 0.920209578961451 -0.121778380811005 0.624766467964832 -3.543226711288927 -3.143534595673181
-0.525378035694235 -0.286074007549673 0.126926321728675 -0.159133944337442 0.902493445405006 -0.137496053789371 0.662785115732589 -3.758841177183836 -2.982327693330511
-0.526157135788029 -0.281655511352078 0.126164283267395 -0.155820018758779 0.883699239519087 -0.152407692256024 0.689741981325653 -3.911721158915693 -2.821120790987841
-0.526918992332290 -0.277334808183455 0.125331716786340 -0.152371308852151 0.864140633724508 -0.166513296210963 0.706234998903987 -4.005257709640553 -2.659913888647947
-0.527663193001578 -0.273114236457574 0.124432652458069 -0.148840133857631 0.844114345176306 -0.179812865654203 0.712862102640877 -4.042841882607728 -2.498706986303056
-0.528389572118300 -0.268994735778758 0.123471120455141 -0.145275823344426 0.823900135763267 -0.192306400585718 0.710221226714047 -4.027864730975494 -2.337500083961497
-0.529098195704355 -0.264975931718216 0.122451150950113 -0.141724717210856 0.803760812108389 -0.203993901005525 0.698910305292344 -3.963717307953196 -2.176293181620492
-0.529789346532777 -0.261056220590373 0.121376774115545 -0.138230165684394 0.783942225568623 -0.214875366913628 0.679527272553493 -3.853790666763501 -2.015086279277267
-0.530463509179385 -0.257232854229199 0.120252020123995 -0.134832529321627 0.764673272234806 -0.224950798310014 0.652670062661898 -3.701475860573566 -1.853879376935708
-0.531121355074426 -0.253502024764539 0.119080919148022 -0.131569179008317 0.746165892931938 -0.234220195194693 0.618936609786402 -3.510163942597178 -1.692672474592483
-0.531763727554223 -0.249858949398444 0.117867501360183 -0.128474495959385 0.728615073218952 -0.242683557567655 0.578924848118056 -3.283245966030357 -1.531465572251478
-0.532391626912817 -0.246297955181500 0.116615796933039 -0.125579871718795 0.712198843388800 -0.250340885428912 0.533232711799059 -3.024112984076899 -1.370258669908253
-0.533006195453616 -0.242812563789158 0.115329836039146 -0.122913708159800 0.697078278468416 -0.257192178778454 0.482458135033781 -2.736156049926164 -1.209051767566693
-0.533608702541039 -0.239395576298064 0.114013648851065 -0.120501417484631 0.683397498218785 -0.263237437616287 0.427199051968863 -2.422766216791938 -1.047844865224579
-0.534200529652163 -0.236039157962390 0.112671265541353 -0.118365422224787 0.671283667134825 -0.268476661942410 0.368053396786472 -2.087334537855812 -0.886637962881354
-0.534783155428368 -0.232734922990162 0.111306716282569 -0.116525155240854 0.660846994445546 -0.272909851756817 0.305619103664334 -1.733252066329349 -0.725431060540904
-0.535358140726980 -0.229474019319593 0.109924031247271 -0.114997059722532 0.652180734113900 -0.276537007059521 0.240494106762412 -1.363909855407464 -0.564224158197124
-0.535927113672924 -0.226247213395408 0.108527240608019 -0.113794589188720 0.645361184836862 -0.279358127850507 0.173276340258433 -0.982698958288397 -0.403017255855564
-0.536491754710361 -0.223044974945181 0.107120374537370 -0.112928207487428 0.640447690045420 -0.281373214129785 0.104563738330121 -0.593010428171503 -0.241810353513450
-0.537053781654340 -0.219857561755658 0.105707463207883 -0.112405388795778 0.637482637904563 -0.282582265897352 0.034954235137441 -0.198235318258355 -0.080603451170780
-0.537614934742440 -0.216675104449092 0.104292536792117 -0.112230617620090 0.636491461313271 -0.282985283153206 -0.034954235137441 0.198235318259465 0.080603451170780
-0.538176961686419 -0.213487691259569 0.102879625462630 -0.112405388795778 0.637482637904568 -0.282582265897352 -0.104563738325680 0.593010428168173 0.241810353512895
-0.538741602723856 -0.210285452809342 0.101472759391981 -0.112928207487406 0.640447690045409 -0.281373214129788 -0.173276340262873 0.982698958290618 0.403017255856675
-0.539310575669800 -0.207058646885158 0.100075968752729 -0.113794589188720 0.645361184836862 -0.279358127850504 -0.240494106766853 1.363909855408574 0.564224158196569
-0.539885560968413 -0.203797743214588 0.098693283717431 -0.114997059722555 0.652180734113905 -0.276537007059521 -0.305619103655452 1.733252066327129 0.725431060540349
-0.540468186744617 -0.200493508242361 0.097328734458647 -0.116525155240832 0.660846994445541 -0.272909851756820 -0.368053396790913 2.087334537859142 0.886637962881909
-0.541060013855741 -0.197137089906686 0.095986351148935 -0.118365422224787 0.671283667134837 -0.268476661942410 -0.427199051973304 2.422766216787497 1.047844865224579
-0.541662520943164 -0.193720102415593 0.094670163960854 -0.120501417484653 0.683397498218774 -0.263237437616287 -0.482458135024899 2.736156049931715 1.209051767566693
-0.542277089483963 -0.190234711023250 0.093384203066961 -0.122913708159778 0.697078278468433 -0.257192178778454 -0.533232711807941 3.024112984072458 1.370258669908808
-0.542904988842557 -0.186673716806306 0.092132498639817 -0.125579871718817 0.712198843388795 -0.250340885428910 -0.578924848113616 3.283245966033688 1.531465572250368
-0.543547361322354 -0.183030641440212 0.090919080851978 -0.128474495959385 0.728615073218963 -0.242683557567658 -0.618936609786402 3.510163942593847 1.692672474593593
-0.544205207217395 -0.179299811975552 0.089747979876005 -0.131569179008317 0.746165892931933 -0.234220195194690 -0.652670062661898 3.701475860574677 1.853879376935152
-0.544879369864004 -0.175476445614378 0.088623225884455 -0.134832529321627 0.764673272234806 -0.224950798310014 -0.679527272549052 3.853790666761281 2.015086279277822
-0.545570520692425 -0.171556734486535 0.087548849049887 -0.138230165684372 0.783942225568612 -0.214875366913625 -0.698910305301226 3.963717307959858 2.176293181618272
-0.546279144278480 -0.167537930425993 0.086528879544859 -0.141724717210878 0.803760812108412 -0.203993901005534 -0.710221226709606 4.027864730968833 2.337500083963162
-0.547005523395202 -0.163418429747177 0.085567347541931 -0.145275823344426 0.823900135763256 -0.192306400585718 -0.712862102640877 4.042841882607728 2.498706986303612
-0.547749724064490 -0.159197858021295 0.084668283213660 -0.148840133857631 0.844114345176294 -0.179812865654200 -0.706234998903987 4.005257709649435 2.659913888647392
-0.548511580608751 -0.154877154852672 0.083835716732605 -0.152371308852151 0.864140633724542 -0.166513296210963 -0.689741981321212 3.911721158904591 2.821120790987841
-0.549290680702545 -0.150458658655077 0.083073678271325 -0.155820018758757 0.883699239519065 -0.152407692256024 -0.662785115737030 3.758841177188277 2.982327693330511
-0.550086350424232 -0.145946191428052 0.082386198002378 -0.159133944337442 0.902493445405006 -0.137496053789371 -0.624766467969273 3.543226711291148 3.143534595673181
-0.550897639307618 -0.141345143533245 0.081777306098323 -0.162257776677288 0.920209578961462 -0.121778380811005 -0.575088103840216 3.261486708001637 3.304741498015296
-0.551723305393601 -0.136662558470737 0.081251032731718 -0.165133217196489 0.936517012501470 -0.105254673320929 -0.513152089198776 2.910230114145929 3.465948400357410
-0.552561800281813 -0.131907217655376 0.080811408075122 -0.167698977642483 0.951068163072200 -0.087924931319142 -0.438360489840584 2.486065876501353 3.627155302699525
-0.553411254182272 -0.127089725193103 0.080462462301094 -0.169890780091686 0.963498492454706 -0.069789154805644 -0.350115371632320 1.985602941891873 3.788362205041640
-0.554269460967021 -0.122222592657282 0.080208225582192 -0.171641356949848 0.973426507164166 -0.050847343780436 -0.247818800369615 1.405450257088159 3.949569107383755
-0.555133863221779 -0.117320323865034 0.080052728090974 -0.172880450951696 0.980453758449606 -0.031099498243517 -0.130872841892504 0.742216768929715 4.110776009725869
-0.556001537297585 -0.112399499653563 0.080000000000000 -0.173534815161158 0.984164842294255 -0.010545618194888 0.000844474219441 -0.004789251297765 1.888054968143815
-0.556869190261535 -0.107478795173374 0.079994473283229 -0.173530592790061 0.984140896037766 -0.001105343354169 0.137608098911279 -0.780414309582422 -1.275104836341856
-0.557733403023013 -0.102577601050925 0.079957068945550 -0.172842552295505 0.980238824489854 -0.007480867535878 0.265741556804144 -1.507095259833946 -2.411841860742170
-0.558590972245570 -0.097714084309971 0.079859368561352 -0.171513844511484 0.972703348190684 -0.019540076839589 0.383808094444049 -2.176683868229112 -3.403141184993297
-0.559438946265767 -0.092904984665724 0.079676589647529 -0.169594804039264 0.961819928849539 -0.036555782764555 0.492103668743304 -2.790858589940548 -4.255062713274804
-0.560274617694244 -0.088165656486224 0.079387434165874 -0.167134285695547 0.947865635899836 -0.057831096330929 0.590924236667512 -3.351297880147541 -4.973666349756267
-0.561095516016805 -0.083510110753729 0.078973937025476 -0.164179664512210 0.931109146499098 -0.082699428079711 0.680565755106777 -3.859680194013837 -5.565011998610037
-0.561899400195489 -0.078951057026084 0.078421314585112 -0.160776835736676 0.911810745529029 -0.110524488072761 0.761324181031142 -4.317683986716503 -6.035159564011239
-0.562684251269646 -0.074499945398106 0.077717813155648 -0.156970214831520 0.890222325595447 -0.140700285892817 0.833495471357359 -4.726987713428166 -6.390168950126673
-0.563448264957020 -0.070167008462965 0.076854557502431 -0.152802737474733 0.866587387028306 -0.172651130643450 0.897375583015503 -5.089269829312570 -6.636100061138683
-0.564189844254818 -0.065961303273556 0.075825399347685 -0.148315859559656 0.841141037881743 -0.205831630949144 0.953260472935646 -5.406208789560107 -6.779012801210182
-0.564907592040793 -0.061890753303886 0.074626765872909 -0.143549557194977 0.814109993933942 -0.239726694955195 1.001446098078951 -5.679483049323419 -6.824967074521293
-0.565600303674316 -0.057962190410450 0.073257508221270 -0.138542326704583 0.785712578687325 -0.273851530327801 1.042228415331081 -5.910771063784015 -6.780022785239925
-0.566266959597456 -0.054181396793608 0.071718750000000 -0.133331184627927 0.756158723368405 -0.307751644254001 1.075903381670962 -6.101751288110080 -6.650239837540095
-0.566906717936054 -0.050553146958969 0.070013735782791 -0.127951667719572 0.725649966927855 -0.341002843441701 1.102766953993140 -6.254102177485343 -6.441678135596374
-0.567518907100802 -0.047081249678766 0.068147679612193 -0.122437832949607 0.694379456040428 -0.373211234119683 1.123115089263216 -6.369502187058007 -6.160397583580557
-0.568103018388318 -0.043768589953241 0.066127613502005 -0.116822257503291 0.662531945105138 -0.404013222037586 1.137243744389060 -6.449629772025123 -5.812458085662220
-0.568658698582225 -0.040617170972016 0.063962235939676 -0.111136038781345 0.630283796245013 -0.433075512465897 1.145448876314070 -6.496163387550435 -5.403919546018431
-0.569185742554224 -0.037628156075479 0.061661760388696 -0.105408794399775 0.597802979307260 -0.460095110195989 1.148026441968319 -6.510781488791029 -4.940841868820711
-0.569684085865173 -0.034801910716163 0.059237763790995 -0.099668662189933 0.565249071863305 -0.484799319540093 1.145272398295205 -6.495162530943954 -4.429284958240853
-0.570153797366166 -0.032138044420120 0.056703035069339 -0.093942300198457 0.532773259208585 -0.506945744331297 1.137482702207038 -6.450984969164075 -3.875308718451476
-0.570595071799603 -0.029635452748306 0.054071423629721 -0.088254886687422 0.500518334362765 -0.526322287923554 1.124953310656096 -6.379927258632900 -3.284973053625806
-0.571008222400273 -0.027292359257958 0.051357687863763 -0.082630120134142 0.468618698069601 -0.542747153191683 1.107980180559132 -6.283667854509734 -2.664337867937228
-0.571393673496430 -0.025106357463973 0.048577343651106 -0.077090219231346 0.437200358797052 -0.556068842531369 1.086859268863982 -6.163885211982745 -2.019463065557892
-0.571751953110865 -0.023074452800287 0.045746512861810 -0.071655922887026 0.406380932737138 -0.566166157859159 1.061886532491840 -6.022257786211238 -1.356408550658728
-0.572083685561988 -0.021193104581257 0.042881771858748 -0.066346490224567 0.376269643806082 -0.572948200612453 1.033357928377221 -5.860464032378943 -0.681234227416772
-0.572389584064902 -0.019458267963036 0.040000000000000 -0.061179700582681 0.346967323644187 -0.576354371749536 1.001569413463521 -5.680182405642942 0.000000000000822
-0.572670443332478 -0.017865435904956 0.037118228141252 -0.056171853515363 0.318566411615973 -0.576354371749532 0.966816944663051 -5.483091361191406 0.681234227415395
-0.572927132176439 -0.016409681130906 0.034253487138190 -0.051337768792048 0.291150954810016 -0.572948200612455 0.929396478936972 -5.270869354183638 1.356408550659549
-0.573160586108425 -0.015085698090710 0.031422656348894 -0.046690786397363 0.264796608039097 -0.566166157859158 0.889603973179831 -5.045194839796707 2.019463065556648
-0.573371799941083 -0.013887844921510 0.028642312136237 -0.042242766531464 0.239570633840114 -0.556068842531374 0.847735384374992 -4.807746273207680 2.664337867939448
-0.573561820389131 -0.012810185409139 0.025928576370279 -0.038004089609589 0.215531902474075 -0.542747153191677 0.804086669399240 -4.560202109578082 3.284973053624007
-0.573731738670444 -0.011846530949508 0.023296964930661 -0.033983656262593 0.192730891926185 -0.526322287923557 0.758953785227057 -4.304240804084980 3.875308718451476
-0.573882683107126 -0.010990482509980 0.020762236209005 -0.030188887336458 0.171209687905760 -0.506945744331300 0.712632688770753 -4.041540811909883 4.429284958241131
-0.574015811726589 -0.010235472590749 0.018338239611304 -0.026625723892604 0.151001983846211 -0.484799319540094 0.665419336978168 -3.773780588209874 4.940841868820988
-0.574132304862628 -0.009574807186223 0.016037764060324 -0.023298627207713 0.132133080905161 -0.460095110195989 0.617609686761611 -3.502638588159801 5.403919546019542
-0.574233357756497 -0.009001707746401 0.013872386497995 -0.020210578773905 0.114619887964362 -0.433075512465891 0.569499695073361 -3.229793266936731 5.812458085661665
-0.574320173157990 -0.008509353138253 0.011852320387807 -0.017363080298538 0.098470921629679 -0.404013222037583 0.521385318834611 -2.956923079717733 6.160397583580557
-0.574393953926512 -0.008090921607097 0.009986264217209 -0.014756153704365 0.083686306231090 -0.373211234119680 0.473562514979875 -2.685706481664329 6.441678135594708
-0.574455895632159 -0.007739632737983 0.008281250000000 -0.012388341129466 0.070257773822768 -0.341002843441707 0.426327240443669 -2.417821927944708 6.650239837540650
-0.574507179156795 -0.007448789417068 0.006742491778730 -0.010256704927247 0.058168664183045 -0.307751644254003 0.379975452164949 -2.154947873755919 6.780022785241591
-0.574548963295127 -0.007211819792997 0.005373234127091 -0.008356827666423 0.047393924814265 -0.273851530327796 0.334803107064907 -1.898762774237284 6.824967074517962
-0.574582377355783 -0.007022319238281 0.004174600652315 -0.006682812131098 0.037900110943079 -0.239726694955206 0.291106162073618 -1.650945084579192 6.779012801212403
-0.574608513762386 -0.006874092310680 0.003145442497569 -0.005227281320730 0.029645385520183 -0.205831630949144 0.249180574152241 -1.413173259956491 6.636100061138128
-0.574628420654636 -0.006761194714578 0.002282186844352 -0.003981378449969 0.022579519220400 -0.172651130643453 0.209322300190884 -1.187125755532925 6.390168950126673
-0.574643094489381 -0.006677975262365 0.001578685414888 -0.002934766949014 0.016643890442736 -0.140700285892820 0.171827297159588 -0.974481026487783 6.035159564017345
-0.574653472641697 -0.006619117835813 0.001026062974524 -0.002075630463216 0.011771485310297 -0.110524488072733 0.136991521966223 -0.776917527975929 5.565011998601710
-0.574660426005964 -0.006579683347461 0.000612565834126 -0.001390672853385 0.007886897670417 -0.082699428079724 0.105110931558627 -0.596113715196633 4.973666349754602
-0.574664751596942 -0.006555151701989 0.000323410352471 -0.000865118195592 0.004906329094434 -0.057831096330951 0.076481482866875 -0.433748043298099 4.255062713276470
-0.574667165150849 -0.006541463757599 0.000140631438648 -0.000482710781258 0.002737588877944 -0.036555782764569 0.051399132812158 -0.291498967468495 3.403141185003289
-0.574668293726435 -0.006535063287396 0.000042931054450 -0.000225715117197 0.001280094040601 -0.019540076839553 0.030159838337873 -0.171044942869347 2.411841860734398
-0.574668668306062 -0.006532938940765 0.000005526716771 -0.000074915925508 0.000424869326254 -0.007480867535881 0.013059556382977 -0.074064424673281 1.275104836337970
-0.574668716396780 -0.006532666204751 -0.000000000000000 -0.000009618143593 0.000054547202888 -0.001105343354191 0.001923628718536 -0.010909440577578 0.221068670842595
-0.574668716396780 -0.006532666204751 0.000000000000000 0.000000000000000 0.000000000000000 0.000000000000022 0.001923628718536 -0.010909440577578 0.359236590100948
-0.574668668306062 -0.006532938940765 0.000008980914753 0.000009618143593 -0.000054547202888 0.001796182950527 0.013059556382977 -0.074064424673281 2.072045359056055
-0.574668293726435 -0.006535063287396 0.000069762963482 0.000074915925508 -0.000424869326254 0.012156409745807 0.030159838337873 -0.171044942869347 3.919243023703652
-0.574667165150849 -0.006541463757599 0.000228526087803 0.000225715117197 -0.001280094040601 0.031752624864325 0.051399132812158 -0.291498967468495 5.530104425615350
-0.574664751596942 -0.006555151701989 0.000525541822765 0.000482710781258 -0.002737588877944 0.059403146992402 0.076481482866875 -0.433748043298099 6.914476909071817
-0.574660426005964 -0.006579683347461 0.000995419480454 0.000865118195592 -0.004906329094434 0.093975531537761 0.105110931558627 -0.596113715196633 8.082207818353682
-0.574653472641697 -0.006619117835813 0.001667352333602 0.001390672853385 -0.007886897670417 0.134386570629530 0.136991521966223 -0.776917527975929 9.043144497741679
-0.574643094489381 -0.006677975262365 0.002565363799193 0.002075630463216 -0.011771485310297 0.179602293118238 0.171827297159588 -0.974481026487783 9.807134291516434
-0.574628420654636 -0.006761194714578 0.003708553622072 0.002934766949014 -0.016643890442736 0.228637964575820 0.209322300190884 -1.187125755532925 10.384024543958519
-0.574608513762386 -0.006874092310680 0.005111344058550 0.003981378449969 -0.022579519220400 0.280558087295613 0.249180574152241 -1.413173259956491 10.783662599348775
-0.574582377355783 -0.007022319238281 0.006783726060012 0.005227281320730 -0.029645385520183 0.334476400292357 0.291106162073618 -1.650945084579192 11.015895801967689
-0.574548963295127 -0.007211819792997 0.008731505456523 0.006682812131098 -0.037900110943079 0.389555879302195 0.334803107064907 -1.898762774237284 11.090571496096102
-0.574507179156795 -0.007448789417068 0.010956549140436 0.008356827666423 -0.047393924814265 0.445008736782676 0.379975452164949 -2.154947873755919 11.017537026014468
-0.574455895632159 -0.007739632737983 0.013457031250000 0.010256704927247 -0.058168664183045 0.500096421912748 0.426327240443669 -2.417821927944708 10.806639736003619
-0.574393953926512 -0.008090921607097 0.016227679352964 0.012388341129466 -0.070257773822768 0.554129620592766 0.473562514979875 -2.685706481664329 10.467726970344238
-0.574320173157990 -0.008509353138253 0.019260020630186 0.014756153704365 -0.083686306231090 0.606468255444487 0.521385318834611 -2.956923079717733 10.010646073316808
-0.574233357756497 -0.009001707746401 0.022542628059242 0.017363080298538 -0.098470921629679 0.656521485811071 0.569499695073361 -3.229793266936731 9.445244389201934
-0.574132304862628 -0.009574807186223 0.026061366598027 0.020210578773905 -0.114619887964362 0.703747707757081 0.617609686761611 -3.502638588159801 8.781369262280835
-0.574015811726589 -0.010235472590749 0.029799639368369 0.023298627207713 -0.132133080905161 0.747654554068485 0.665419336978168 -3.773780588209874 8.028868036833291
-0.573882683107126 -0.010990482509980 0.033738633839633 0.026625723892604 -0.151001983846211 0.787798894252652 0.712632688770753 -4.041540811909883 7.197588057141213
-0.573731738670444 -0.011846530949508 0.037857568012325 0.030188887336458 -0.171209687905760 0.823786834538358 0.758953785227057 -4.304240804084980 6.297376667483423
-0.573561820389131 -0.012810185409139 0.042133936601703 0.033983656262593 -0.192730891926185 0.855273717875775 0.804086669399240 -4.560202109578082 5.338081212142032
-0.573371799941083 -0.013887844921510 0.046543757221386 0.038004089609589 -0.215531902474075 0.881964123936485 0.847735384374992 -4.807746273207680 4.329549035398661
-0.573160586108425 -0.015085698090710 0.051061816566953 0.042242766531464 -0.239570633840114 0.903611869113478 0.889603973179831 -5.045194839796707 3.281627481529781
-0.572927132176439 -0.016409681130906 0.055661916599559 0.046690786397363 -0.264796608039097 0.920020006521127 0.929396478936972 -5.270869354183638 2.204163894822253
-0.572670443332478 -0.017865435904956 0.060317120729535 0.051337768792048 -0.291150954810016 0.931040825995239 0.966816944663051 -5.483091361191406 1.107005619551393
-0.572389584064902 -0.019458267963036 0.065000000000000 0.056171853515363 -0.318566411615973 0.936575854092995 1.001569413463521 -5.680182405642942 -0.000000000000822
-0.572083685561988 -0.021193104581257 0.069682879270465 0.061179700582681 -0.346967323644187 0.936575854092991 1.033357928377221 -5.860464032378943 -1.107005619550572
-0.571751953110865 -0.023074452800287 0.074338083400441 0.066346490224567 -0.376269643806082 0.931040825995239 1.061886532491840 -6.022257786211238 -2.204163894821143
-0.571393673496430 -0.025106357463973 0.078938183433047 0.071655922887026 -0.406380932737138 0.920020006521133 1.086859268863982 -6.163885211982745 -3.281627481530602
-0.571008222400273 -0.027292359257958 0.083456242778614 0.077090219231346 -0.437200358797052 0.903611869113480 1.107980180559132 -6.283667854509734 -4.329549035398950
-0.570595071799603 -0.029635452748306 0.087866063398297 0.082630120134142 -0.468618698069601 0.881964123936485 1.124953310656096 -6.379927258632900 -5.338081212142298
-0.570153797366166 -0.032138044420120 0.092142431987676 0.088254886687422 -0.500518334362765 0.855273717875774 1.137482702207038 -6.450984969164075 -6.297376667483978
-0.569684085865173 -0.034801910716163 0.096261366160367 0.093942300198457 -0.532773259208585 0.823786834538354 1.145272398295205 -6.495162530943954 -7.197588057140103
-0.569185742554224 -0.037628156075479 0.100200360631631 0.099668662189933 -0.565249071863305 0.787798894252653 1.148026441968319 -6.510781488791029 -8.028868036831781
-0.568658698582225 -0.040617170972016 0.103938633401973 0.105408794399775 -0.597802979307260 0.747654554068494 1.145448876314070 -6.496163387550435 -8.781369262283455
-0.568103018388318 -0.043768589953241 0.107457371940758 0.111136038781345 -0.630283796245013 0.703747707757077 1.137243744389060 -6.449629772025123 -9.445244389202356
-0.567518907100802 -0.047081249678766 0.110739979369814 0.116822257503291 -0.662531945105138 0.656521485811065 1.123115089263216 -6.369502187058007 -10.010646073315698
-0.566906717936054 -0.050553146958969 0.113772320647036 0.122437832949607 -0.694379456040428 0.606468255444487 1.102766953993140 -6.254102177485343 -10.467726970340152
-0.566266959597456 -0.054181396793608 0.116542968750000 0.127951667719572 -0.725649966927855 0.554129620592786 1.075903381670962 -6.101751288110080 -10.806639736008483
-0.565600303674316 -0.057962190410450 0.119043450859564 0.133331184627927 -0.756158723368405 0.500096421912744 1.042228415331081 -5.910771063784015 -11.017537026013491
-0.564907592040793 -0.061890753303886 0.121268494543477 0.138542326704583 -0.785712578687325 0.445008736782676 1.001446098078951 -5.679483049323419 -11.090571496097379
-0.564189844254818 -0.065961303273556 0.123216273939988 0.143549557194977 -0.814109993933942 0.389555879302189 0.953260472935646 -5.406208789560107 -11.015895801965714
-0.563448264957020 -0.070167008462965 0.124888655941450 0.148315859559656 -0.841141037881743 0.334476400292361 0.897375583015503 -5.089269829312570 -10.783662599351818
-0.562684251269646 -0.074499945398106 0.126291446377928 0.152802737474733 -0.866587387028306 0.280558087295601 0.833495471357359 -4.726987713428166 -10.384024543950154
-0.561899400195489 -0.078951057026084 0.127434636200807 0.156970214831520 -0.890222325595447 0.228637964575851 0.761324181031142 -4.317683986716503 -9.807134291524022
-0.561095516016805 -0.083510110753729 0.128332647666398 0.160776835736676 -0.911810745529029 0.179602293118231 0.680565755106777 -3.859680194013837 -9.043144497744571
-0.560274617694244 -0.088165656486224 0.129004580519546 0.164179664512210 -0.931109146499098 0.134386570629508 0.590924236667512 -3.351297880147541 -8.082207818349563
-0.559438946265767 -0.092904984665724 0.129474458177235 0.167134285695547 -0.947865635899836 0.093975531537760 0.492103668743304 -2.790858589940548 -6.914476909067879
-0.558590972245570 -0.097714084309971 0.129771473912197 0.169594804039264 -0.961819928849539 0.059403146992421 0.383808094444049 -2.176683868229112 -5.530104425623961
-0.557733403023013 -0.102577601050925 0.129930237036518 0.171513844511484 -0.972703348190684 0.031752624864301 0.265741556804144 -1.507095259833946 -3.919243023697838
-0.556869190261535 -0.107478795173374 0.129991019085247 0.172842552295505 -0.980238824489854 0.012156409745812 0.137608098911279 -0.780414309582422 -2.072045359051700
-0.556001537297585 -0.112399499653563 0.130000000000000 0.173530592790061 -0.984140896037766 0.001796182950553 0.000844474219441 -0.004789251297765 -2.468360229092026
-0.555133863221779 -0.117320323865034 0.129947271909026 0.173534815161158 -0.984164842294255 -0.010545618194907 -0.130872841892504 0.742216768929715 -4.110776009722539
-0.554269460967021 -0.122222592657282 0.129791774417808 0.172880450951696 -0.980453758449606 -0.031099498243520 -0.247818800369615 1.405450257088159 -3.949569107383200
-0.553411254182272 -0.127089725193103 0.129537537698906 0.171641356949848 -0.973426507164166 -0.050847343780436 -0.350115371632320 1.985602941891873 -3.788362205041640
-0.552561800281813 -0.131907217655376 0.129188591924878 0.169890780091686 -0.963498492454706 -0.069789154805644 -0.438360489840584 2.486065876501353 -3.627155302698970
-0.551723305393601 -0.136662558470737 0.128748967268282 0.167698977642483 -0.951068163072200 -0.087924931319139 -0.513152089198776 2.910230114145929 -3.465948400358521
-0.550897639307618 -0.141345143533245 0.128222693901677 0.165133217196489 -0.936517012501470 -0.105254673320931 -0.575088103840216 3.261486708001637 -3.304741498014740
-0.550086350424232 -0.145946191428052 0.127613801997622 0.162257776677288 -0.920209578961462 -0.121778380811005 -0.624766467969273 3.543226711291148 -3.143534595673181
-0.549290680702545 -0.150458658655077 0.126926321728675 0.159133944337442 -0.902493445405006 -0.137496053789371 -0.662785115737030 3.758841177188277 -2.982327693330511
-0.548511580608751 -0.154877154852672 0.126164283267395 0.155820018758757 -0.883699239519065 -0.152407692256024 -0.689741981321212 3.911721158904591 -2.821120790987841
-0.547749724064490 -0.159197858021295 0.125331716786340 0.152371308852151 -0.864140633724542 -0.166513296210963 -0.706234998903987 4.005257709649435 -2.659913888647947
-0.547005523395202 -0.163418429747177 0.124432652458069 0.148840133857631 -0.844114345176294 -0.179812865654203 -0.712862102640877 4.042841882607728 -2.498706986303056
-0.546279144278480 -0.167537930425993 0.123471120455141 0.145275823344426 -0.823900135763256 -0.192306400585718 -0.710221226709606 4.027864730968833 -2.337500083961497
-0.545570520692425 -0.171556734486535 0.122451150950113 0.141724717210878 -0.803760812108412 -0.203993901005525 -0.698910305301226 3.963717307959858 -2.176293181620492
-0.544879369864004 -0.175476445614378 0.121376774115545 0.138230165684372 -0.783942225568612 -0.214875366913628 -0.679527272549052 3.853790666761281 -2.015086279277267
-0.544205207217395 -0.179299811975552 0.120252020123995 0.134832529321627 -0.764673272234806 -0.224950798310014 -0.652670062661898 3.701475860574677 -1.853879376935708
-0.543547361322354 -0.183030641440212 0.119080919148022 0.131569179008317 -0.746165892931933 -0.234220195194693 -0.618936609786402 3.510163942593847 -1.692672474592483
-0.542904988842557 -0.186673716806306 0.117867501360183 0.128474495959385 -0.728615073218963 -0.242683557567655 -0.578924848113616 3.283245966033688 -1.531465572251478
-0.542277089483963 -0.190234711023250 0.116615796933039 0.125579871718817 -0.712198843388795 -0.250340885428912 -0.533232711807941 3.024112984072458 -1.370258669908253
-0.541662520943164 -0.193720102415593 0.115329836039146 0.122913708159778 -0.697078278468433 -0.257192178778454 -0.482458135024899 2.736156049931715 -1.209051767566693
-0.541060013855741 -0.197137089906686 0.114013648851065 0.120501417484653 -0.683397498218774 -0.263237437616287 -0.427199051973304 2.422766216787497 -1.047844865224579
-0.540468186744617 -0.200493508242361 0.112671265541353 0.118365422224787 -0.671283667134837 -0.268476661942410 -0.368053396790913 2.087334537859142 -0.886637962881354
-0.539885560968413 -0.203797743214588 0.111306716282569 0.116525155240832 -0.660846994445541 -0.272909851756817 -0.305619103655452 1.733252066327129 -0.725431060540904
-0.539310575669800 -0.207058646885158 0.109924031247271 0.114997059722555 -0.652180734113905 -0.276537007059521 -0.240494106766853 1.363909855408574 -0.564224158197124
-0.538741602723856 -0.210285452809342 0.108527240608019 0.113794589188720 -0.645361184836862 -0.279358127850507 -0.173276340262873 0.982698958290618 -0.403017255855564
-0.538176961686419 -0.213487691259569 0.107120374537370 0.112928207487406 -0.640447690045409 -0.281373214129785 -0.104563738325680 0.593010428168173 -0.241810353513450
-0.537614934742440 -0.216675104449092 0.105707463207883 0.112405388795778 -0.637482637904568 -0.282582265897352 -0.034954235137441 0.198235318259465 -0.080603451170780
-0.537053781654340 -0.219857561755658 0.104292536792117 0.112230617620090 -0.636491461313271 -0.282985283153206 0.034954235137441 -0.198235318258355 0.080603451170780
-0.536491754710361 -0.223044974945181 0.102879625462630 0.112405388795778 -0.637482637904563 -0.282582265897352 0.104563738330121 -0.593010428171503 0.241810353512895
-0.535927113672924 -0.226247213395408 0.101472759391981 0.112928207487428 -0.640447690045420 -0.281373214129788 0.173276340258433 -0.982698958288397 0.403017255856675
-0.535358140726980 -0.229474019319593 0.100075968752729 0.113794589188720 -0.645361184836862 -0.279358127850504 0.240494106762412 -1.363909855407464 0.564224158196569
-0.534783155428368 -0.232734922990162 0.098693283717431 0.114997059722532 -0.652180734113900 -0.276537007059521 0.305619103664334 -1.733252066329349 0.725431060540349
-0.534200529652163 -0.236039157962390 0.097328734458647 0.116525155240854 -0.660846994445546 -0.272909851756820 0.368053396786472 -2.087334537855812 0.886637962881909
-0.533608702541039 -0.239395576298064 0.095986351148935 0.118365422224787 -0.671283667134825 -0.268476661942410 0.427199051968863 -2.422766216791938 1.047844865224579
-0.533006195453616 -0.242812563789158 0.094670163960854 0.120501417484631 -0.683397498218785 -0.263237437616287 0.482458135033781 -2.736156049926164 1.209051767566693
-0.532391626912817 -0.246297955181500 0.093384203066961 0.122913708159800 -0.697078278468416 -0.257192178778454 0.533232711799059 -3.024112984076899 1.370258669908808
-0.531763727554223 -0.249858949398444 0.092132498639817 0.125579871718795 -0.712198843388800 -0.250340885428910 0.578924848118056 -3.283245966030357 1.531465572250368
-0.531121355074426 -0.253502024764539 0.090919080851978 0.128474495959385 -0.728615073218952 -0.242683557567658 0.618936609786402 -3.510163942597178 1.692672474593593
-0.530463509179385 -0.257232854229199 0.089747979876005 0.131569179008317 -0.746165892931938 -0.234220195194690 0.652670062661898 -3.701475860573566 1.853879376935152
-0.529789346532777 -0.261056220590373 0.088623225884455 0.134832529321627 -0.764673272234806 -0.224950798310014 0.679527272553493 -3.853790666763501 2.015086279277822
-0.529098195704355 -0.264975931718216 0.087548849049887 0.138230165684394 -0.783942225568623 -0.214875366913625 0.698910305292344 -3.963717307953196 2.176293181618272
-0.528389572118300 -0.268994735778758 0.086528879544859 0.141724717210856 -0.803760812108389 -0.203993901005534 0.710221226714047 -4.027864730975494 2.337500083963162
-0.527663193001578 -0.273114236457574 0.085567347541931 0.145275823344426 -0.823900135763267 -0.192306400585718 0.712862102640877 -4.042841882607728 2.498706986303612
-0.526918992332290 -0.277334808183455 0.084668283213660 0.148840133857631 -0.844114345176306 -0.179812865654200 0.706234998903987 -4.005257709640553 2.659913888647392
-0.526157135788029 -0.281655511352078 0.083835716732605 0.152371308852151 -0.864140633724508 -0.166513296210963 0.689741981325653 -3.911721158915693 2.821120790987841
-0.525378035694235 -0.286074007549673 0.083073678271325 0.155820018758779 -0.883699239519087 -0.152407692256024 0.662785115732589 -3.758841177183836 2.982327693330511
-0.524582365972548 -0.290586474776698 0.082386198002378 0.159133944337442 -0.902493445405006 -0.137496053789371 0.624766467964832 -3.543226711288927 3.143534595673181
-0.523771077089162 -0.295187522671506 0.081777306098323 0.162257776677266 -0.920209578961451 -0.121778380811005 0.575088103849097 -3.261486708006078 3.304741498015296
-0.522945411003179 -0.299870107734013 0.081251032731718 0.165133217196511 -0.936517012501481 -0.105254673320929 0.513152089189894 -2.910230114139267 3.465948400357410
-0.522106916114967 -0.304625448549374 0.080811408075122 0.167698977642461 -0.951068163072177 -0.087924931319142 0.438360489845024 -2.486065876505794 3.627155302699525
-0.521257462214509 -0.309442941011648 0.080462462301094 0.169890780091686 -0.963498492454706 -0.069789154805644 0.350115371632320 -1.985602941887432 3.788362205041640
-0.520399255429759 -0.314310073547468 0.080208225582192 0.171641356949848 -0.973426507164143 -0.050847343780436 0.247818800369615 -1.405450257094820 3.949569107383755
-0.519534853175001 -0.319212342339716 0.080052728090974 0.172880450951696 -0.980453758449618 -0.031099498243517 0.130872841892504 -0.742216768927495 4.110776009725869
-0.518667179099195 -0.324133166551188 0.080000000000000 0.173534815161158 -0.984164842294255 -0.010545618194888 -0.000844474219441 0.004789251293325 1.888054968143815
-0.517799526135245 -0.329053871031377 0.079994473283229 0.173530592790061 -0.984140896037788 -0.001105343354169 -0.137608098906838 0.780414309582422 -1.275104836341856
-0.516935313373767 -0.333955065153826 0.079957068945550 0.172842552295527 -0.980238824489876 -0.007480867535878 -0.265741556808585 1.507095259838387 -2.411841860742170
-0.516077744151210 -0.338818581894779 0.079859368561352 0.171513844511484 -0.972703348190684 -0.019540076839589 -0.383808094444049 2.176683868229112 -3.403141184993297
-0.515229770131013 -0.343627681539027 0.079676589647529 0.169594804039264 -0.961819928849539 -0.036555782764555 -0.492103668747745 2.790858589942768 -4.255062713274804
-0.514394098702536 -0.348367009718526 0.079387434165874 0.167134285695525 -0.947865635899825 -0.057831096330929 -0.590924236663071 3.351297880140880 -4.973666349756267
-0.513573200379975 -0.353022555451022 0.078973937025476 0.164179664512210 -0.931109146499121 -0.082699428079711 -0.680565755106777 3.859680194020498 -5.565011998610037
-0.512769316201291 -0.357581609178667 0.078421314585112 0.160776835736676 -0.911810745529018 -0.110524488072761 -0.761324181031142 4.317683986712062 -6.035159564011239
-0.511984465127134 -0.362032720806644 0.077717813155648 0.156970214831520 -0.890222325595458 -0.140700285892817 -0.833495471357359 4.726987713430386 -6.390168950126673
-0.511220451439760 -0.366365657741786 0.076854557502431 0.152802737474733 -0.866587387028306 -0.172651130643450 -0.897375583011062 5.089269829314791 -6.636100061138683
-0.510478872141962 -0.370571362931194 0.075825399347685 0.148315859559678 -0.841141037881732 -0.205831630949144 -0.953260472944528 5.406208789557887 -6.779012801210182
-0.509761124355987 -0.374641912900864 0.074626765872909 0.143549557194955 -0.814109993933942 -0.239726694955195 -1.001446098070069 5.679483049323419 -6.824967074521293
-0.509068412722464 -0.378570475794301 0.073257508221270 0.138542326704605 -0.785712578687325 -0.273851530327801 -1.042228415339963 5.910771063784015 -6.780022785239925
-0.508401756799324 -0.382351269411143 0.071718750000000 0.133331184627905 -0.756158723368405 -0.307751644254001 -1.075903381662080 6.101751288112300 -6.650239837540095
-0.507761998460726 -0.385979519245782 0.070013735782791 0.127951667719595 -0.725649966927844 -0.341002843441701 -1.102766954002021 6.254102177480902 -6.441678135596374
-0.507149809295978 -0.389451416525984 0.068147679612193 0.122437832949585 -0.694379456040439 -0.373211234119683 -1.123115089254334 6.369502187060228 -6.160397583580557
-0.506565698008462 -0.392764076251510 0.066127613502005 0.116822257503313 -0.662531945105138 -0.404013222037586 -1.137243744393501 6.449629772027343 -5.812458085662220
-0.506010017814555 -0.395915495232735 0.063962235939676 0.111136038781345 -0.630283796245001 -0.433075512465897 -1.145448876314070 6.496163387543774 -5.403919546018431
-0.505482973842556 -0.398904510129271 0.061661760388696 0.105408794399775 -0.597802979307283 -0.460095110195989 -1.148026441972760 6.510781488797690 -4.940841868820711
-0.504984630531607 -0.401730755488588 0.059237763790995 0.099668662189911 -0.565249071863294 -0.484799319540093 -1.145272398290764 6.495162530939513 -4.429284958240853
-0.504514919030614 -0.404394621784631 0.056703035069339 0.093942300198457 -0.532773259208597 -0.506945744331297 -1.137482702207038 6.450984969168516 -3.875308718451476
-0.504073644597177 -0.406897213456444 0.054071423629721 0.088254886687422 -0.500518334362754 -0.526322287923554 -1.124953310656096 6.379927258628459 -3.284973053625806
-0.503660493996507 -0.409240306946793 0.051357687863763 0.082630120134142 -0.468618698069612 -0.542747153191683 -1.107980180559132 6.283667854514174 -2.664337867937228
-0.503275042900350 -0.411426308740778 0.048577343651106 0.077090219231346 -0.437200358797041 -0.556068842531369 -1.086859268863982 6.163885211980524 -2.019463065557892
-0.502916763285915 -0.413458213404463 0.045746512861810 0.071655922887026 -0.406380932737138 -0.566166157859159 -1.061886532491840 6.022257786213459 -1.356408550658728
-0.502585030834792 -0.415339561623494 0.042881771858748 0.066346490224567 -0.376269643806071 -0.572948200612453 -1.033357928377221 5.860464032374502 -0.681234227416772
-0.502279132331878 -0.417074398241715 0.040000000000000 0.061179700582681 -0.346967323644198 -0.576354371749536 -1.001569413459080 5.680182405645162 0.000000000000822
-0.501998273064302 -0.418667230299795 0.037118228141252 0.056171853515385 -0.318566411615973 -0.576354371749532 -0.966816944671933 5.483091361191406 0.681234227415395
-0.501741584220341 -0.420122985073845 0.034253487138190 0.051337768792026 -0.291150954810016 -0.572948200612455 -0.929396478928091 5.270869354183638 1.356408550659549
-0.501508130288355 -0.421446968114040 0.031422656348894 0.046690786397385 -0.264796608039097 -0.566166157859158 -0.889603973188713 5.045194839796707 2.019463065556648
-0.501296916455697 -0.422644821283241 0.028642312136237 0.042242766531442 -0.239570633840114 -0.556068842531374 -0.847735384366111 4.807746273205460 2.664337867939448
-0.501106896007649 -0.423722480795611 0.025928576370279 0.038004089609611 -0.215531902474086 -0.542747153191677 -0.804086669403681 4.560202109580302 3.284973053624007
-0.500936977726336 -0.424686135255242 0.023296964930661 0.033983656262593 -0.192730891926185 -0.526322287923557 -0.758953785227057 4.304240804089421 3.875308718451476
-0.500786033289654 -0.425542183694771 0.020762236209005 0.030188887336458 -0.171209687905738 -0.506945744331300 -0.712632688775194 4.041540811905442 4.429284958241131
-0.500652904670191 -0.426297193614002 0.018338239611304 0.026625723892582 -0.151001983846211 -0.484799319540094 -0.665419336973727 3.773780588205433 4.940841868820988
-0.500536411534153 -0.426957859018528 0.016037764060324 0.023298627207713 -0.132133080905183 -0.460095110195989 -0.617609686761611 3.502638588164242 5.403919546019542
-0.500435358640283 -0.427530958458350 0.013872386497995 0.020210578773905 -0.114619887964362 -0.433075512465891 -0.569499695073361 3.229793266938952 5.812458085661665
-0.500348543238790 -0.428023313066498 0.011852320387807 0.017363080298538 -0.098470921629668 -0.404013222037583 -0.521385318834611 2.956923079715512 6.160397583580557
-0.500274762470268 -0.428441744597653 0.009986264217209 0.014756153704365 -0.083686306231090 -0.373211234119680 -0.473562514975434 2.685706481662109 6.441678135594708
-0.500212820764621 -0.428793033466767 0.008281250000000 0.012388341129488 -0.070257773822779 -0.341002843441707 -0.426327240452551 2.417821927951369 6.650239837540650
-0.500161537239985 -0.429083876787682 0.006742491778730 0.010256704927225 -0.058168664183023 -0.307751644254003 -0.379975452160508 2.154947873749258 6.780022785241591
-0.500119753101653 -0.429320846411754 0.005373234127091 0.008356827666423 -0.047393924814276 -0.273851530327796 -0.334803107060466 1.898762774237284 6.824967074517962
-0.500086339040997 -0.429510346966469 0.004174600652315 0.006682812131120 -0.037900110943090 -0.239726694955206 -0.291106162082500 1.650945084581412 6.779012801212403
-0.500060202634394 -0.429658573894070 0.003145442497569 0.005227281320708 -0.029645385520183 -0.205831630949144 -0.249180574147800 1.413173259960931 6.636100061138128
-0.500040295742144 -0.429771471490172 0.002282186844352 0.003981378449969 -0.022579519220378 -0.172651130643453 -0.209322300190884 1.187125755526264 6.390168950126673
-0.500025621907399 -0.429854690942386 0.001578685414888 0.002934766949014 -0.016643890442747 -0.140700285892820 -0.171827297159588 0.974481026490004 6.035159564017345
-0.500015243755083 -0.429913548368937 0.001026062974524 0.002075630463216 -0.011771485310297 -0.110524488072733 -0.136991521966223 0.776917527975929 5.565011998601710
-0.500008290390816 -0.429952982857289 0.000612565834126 0.001390672853385 -0.007886897670417 -0.082699428079724 -0.105110931558627 0.596113715194413 4.973666349754602
-0.500003964799838 -0.429977514502762 0.000323410352471 0.000865118195592 -0.004906329094445 -0.057831096330951 -0.076481482866875 0.433748043302540 4.255062713276470
-0.500001551245931 -0.429991202447151 0.000140631438648 0.000482710781258 -0.002737588877932 -0.036555782764569 -0.051399132807717 0.291498967466275 3.403141185003289
-0.500000422670345 -0.429997602917354 0.000042931054450 0.000225715117219 -0.001280094040601 -0.019540076839553 -0.030159838346755 0.171044942864906 2.411841860734398
-0.500000048090718 -0.429999727263986 0.000005526716771 0.000074915925485 -0.000424869326277 -0.007480867535881 -0.013059556378536 0.074064424679943 1.275104836337970
