-0.500002224499015 -0.429987384239179 0.000037836432457 -0.000444899802976 0.002523152164180 0.007567286491394 -0.508600342414844 2.884415875390456 8.507966995239258
-0.500017164006590 -0.429902658081473 0.000288372039795 -0.002987901515050 0.016945231541132 0.050107121467590 -0.949526689049129 5.385033448832566 15.491008758544922
-0.500055841681392 -0.429683306087547 0.000926182866096 -0.007735534960296 0.043870398785295 0.127562165260315 -1.320352944116365 7.488093647456395 20.911931991577141
-0.500127528179796 -0.429276751752434 0.002086791992187 -0.014337299680878 0.081310867022577 0.232121825218201 -1.625177801858335 9.216841321320057 24.882316589355472
-0.500239844123247 -0.428639776384288 0.003869459033012 -0.022463188690169 0.127395073629177 0.356533408164978 -1.868099956490177 10.594521320481665 27.513742446899393
-0.500398862565610 -0.427737937983130 0.006339969635010 -0.031803688472620 0.180367680231586 0.494102120399475 -2.053218102249232 11.644378494983787 28.917789459228583
-0.500609211460529 -0.426544990119598 0.009533424973488 -0.042069778983866 0.238589572706505 0.638691067695618 -2.184630933346199 12.389657694871214 29.206037521362195
-0.500874176128782 -0.425042300813693 0.013457031250000 -0.052992933650597 0.300537861180861 0.784721255302429 -2.266437144022859 12.853603770210942 28.490066528320401
-0.501195801725636 -0.423218271413534 0.018092889189720 -0.064325119370712 0.364805880031915 0.927171587944031 -2.302735428503233 13.059461571032216 26.881456375122049
-0.501574995708202 -0.421067755474098 0.023400783538818 -0.075838796513228 0.430103187887076 1.061578869819641 -2.297624480998017 13.030475947415354 24.491786956786932
-0.502011630302793 -0.418591477635978 0.029320972561836 -0.087326918918218 0.495255567624153 1.184037804603576 -2.255202995757877 12.789891749391824 21.432638168335227
-0.502504644972278 -0.415795452504122 0.035776977539062 -0.098602933897007 0.559205026371112 1.291200995445252 -2.179569666993508 12.360953827004195 17.815589904784932
-0.503052148883438 -0.412690403526591 0.042678372263908 -0.109500782231975 0.621009795506133 1.380278944969177 -2.074823188937813 11.766907030321683 13.752222061157449
-0.503651523374321 -0.409291181873303 0.049923572540283 -0.119874898176664 0.679844330657742 1.449040055274964 -1.945062255805929 11.030996209393518 9.354114532470215
-0.504299524421600 -0.405616185314779 0.057402625679970 -0.129600209455694 0.734999311704709 1.495810627937315 -1.794385561839640 10.176466214264490 4.732847213746139
-0.504992385107924 -0.401686777100899 0.065000000000000 -0.138572137264892 0.785881642776032 1.519474864006046 -1.626891801267405 9.226561894981611 -0.000000000000533
-0.505725918089280 -0.397526704839644 0.072597374320030 -0.146706596271229 0.832014452250940 1.519474864006043 -1.446679668291040 8.204528101600772 -4.732847213745339
-0.506495618062344 -0.393161519375850 0.080076427459717 -0.153939994612684 0.873037092758944 1.495810627937316 -1.257847857161210 7.133609684182307 -9.354114532470481
-0.507296764231836 -0.388617993669950 0.087321627736092 -0.160229233898490 0.908705141179855 1.449040055274964 -1.064495062101933 6.037051492757683 -13.752222061157449
-0.508124522777881 -0.383923541676732 0.094223022460938 -0.165551709209000 0.938890398643644 1.380278944969177 -0.870719977328349 4.938098377393896 -17.815589904783824
-0.508974049323359 -0.379105637224079 0.100679027438164 -0.169905309095641 0.963580890530613 1.291200995445257 -0.680621297073358 3.859995188140175 -21.432638168340510
-0.509840591401264 -0.374191232891723 0.106599216461182 -0.173308415581008 0.982880866471314 1.184037804603555 -0.498297715560980 2.825986775030209 -24.491786956781780
-0.510719590922059 -0.369206178889990 0.111907110810280 -0.175799904158813 0.997010800346465 1.061578869819646 -0.327847927028557 1.859317988146536 -26.881456375121846
-0.511606786641028 -0.364174641938554 0.116542968750000 -0.177439143793956 1.006307390287198 0.927171587944037 -0.173370625686786 0.983233677511741 -28.490066528324974
-0.512498316625640 -0.359118524145180 0.120466575026512 -0.178305996922390 1.011223558674756 0.784721255302412 -0.038964505768568 0.220978693181717 -29.206037521356532
-0.513390820722896 -0.354056881884477 0.123660030364990 -0.178500819451233 1.012328452140665 0.638691067695629 0.071271738488754 -0.404202114772101 -28.917789459228516
-0.514281543026690 -0.349005344676643 0.126130540966988 -0.178144460758789 1.010307441566805 0.494102120399487 0.153239412887807 -0.869063896324906 -27.513742446905187
-0.515168434345162 -0.343975534066217 0.127913208007812 -0.177378263694350 1.005962122085180 0.356533408164961 0.202839823164602 -1.150361801409705 -24.882316589354136
-0.516050254668055 -0.338974482500827 0.129073817133903 -0.176364064578527 1.000210313078131 0.232121825218190 0.215974275117325 -1.224850979988368 -20.911931991578481
-0.516926675634069 -0.334004052209936 0.129711627960205 -0.175284193202940 0.994086058178190 0.127562165260298 0.188544074513075 -1.069286581987239 -15.491008758534708
-0.517798382998221 -0.329060354083594 0.129962163567543 -0.174341472830375 0.988739625268253 0.050107121467624 0.116450527127832 -0.660423757388173 -8.507966995248140
-0.518667179099195 -0.324133166551188 0.130000000000000 -0.173759220194736 0.985437506481313 0.007567286491383 -0.070092327901783 0.397513344940759 -6.911793275120592
-0.519537727508366 -0.319196041185158 0.129865041600579 -0.174109681834245 0.987425073206016 -0.026991679884220 -0.519940951124731 2.948731663376947 -10.351448367982297
-0.520421274441316 -0.314185197527543 0.129471296991958 -0.176709386589868 1.002168731522901 -0.078748921724131 -0.949631015183527 5.385625111771208 -9.683612989396240
-0.521328562149645 -0.309039713242134 0.128835462058603 -0.181457541665786 1.029096857081757 -0.127166986671112 -1.286674150939859 7.297091719975501 -9.015777610820175
-0.522268016711747 -0.303711801663726 0.127974232684977 -0.187890912420485 1.065582315681635 -0.172245874725213 -1.537459801705943 8.719367821825585 -8.347942232240779
-0.523245907768892 -0.298165905889772 0.126904304755544 -0.195578211429015 1.109179154790763 -0.213985585886417 -1.708377410838402 9.688689751115032 -7.680106853659163
-0.524266508261308 -0.292377792872041 0.125642374154771 -0.204120098483207 1.157622603546338 -0.252386120154713 -1.805816421640571 10.241293841632970 -7.012271475082543
-0.525332254164265 -0.286333647508268 0.124205136767120 -0.213149180591410 1.208829072754503 -0.287447477530126 -1.836166277473517 10.413416427208499 -6.344436096500927
-0.526443904224159 -0.280029166733815 0.122609288477057 -0.222330011978777 1.260896154890545 -0.319169658012630 -1.805816421640571 10.241293841637411 -5.676600717923752
-0.527600699694594 -0.273468653613322 0.120871525169046 -0.231359094086980 1.312102624098732 -0.347552661602249 -1.721156297498361 9.761162418719938 -5.008765339343801
-0.528800524072466 -0.266664111432360 0.119008542727551 -0.239964875574472 1.360908436192332 -0.372596488298968 -1.588575348363541 9.009258492265193 -4.340929960764406
-0.530040062834048 -0.259634337789092 0.117037037037037 -0.247907752316290 1.405954728653658 -0.394301138102790 -1.414463017570533 8.021818396084512 -3.673094582186121
-0.531314963171068 -0.252404018685921 0.114973703981968 -0.254980067404142 1.446063820634080 -0.412666611013721 -1.205208748458197 6.835078463963695 -3.005259203606170
-0.532619993726801 -0.245002822621152 0.112835239446810 -0.261006111146433 1.480239212953899 -0.427692907031751 -0.967201984347632 5.485275029731840 -2.337423825026774
-0.533949204332141 -0.237464494680639 0.110638339316025 -0.265842121068172 1.507665588102558 -0.439380026156885 -0.706832168582139 4.008644427176966 -1.669588446447934
-0.535296085741697 -0.229825950629447 0.108399699474080 -0.269376281911082 1.527708810238443 -0.447727968389125 -0.430488744473934 2.441422990111519 -1.001753067868538
-0.536653729369864 -0.222126371003502 0.106136015805437 -0.271528725633452 1.539915925189000 -0.452736733728468 -0.144561155384082 0.819847052336842 -0.333917689290253
-0.538014987026916 -0.214406295201249 0.103863984194563 -0.272251531410372 1.544015160450685 -0.454406322174919 0.144561155384082 -0.819847052337952 0.333917689289698
-0.539372630655083 -0.206706715575304 0.101600300525920 -0.271528725633452 1.539915925188995 -0.452736733728470 0.430488744478374 -2.441422990110409 1.001753067869648
-0.540719512064639 -0.199068171524111 0.099361660683975 -0.269376281911060 1.527708810238443 -0.447727968389122 0.706832168577698 -4.008644427178076 1.669588446447379
-0.542048722669979 -0.191529843583599 0.097164760553190 -0.265842121068172 1.507665588102552 -0.439380026156885 0.967201984343191 -5.485275029730730 2.337423825026774
-0.543353753225712 -0.184128647518829 0.095026296018032 -0.261006111146456 1.480239212953899 -0.427692907031751 1.205208748462638 -6.835078463965916 3.005259203606170
-0.544628653562732 -0.176898328415659 0.092962962962963 -0.254980067404142 1.446063820634069 -0.412666611013721 1.414463017570533 -8.021818396080072 3.673094582186121
-0.545868192324314 -0.169868554772390 0.090991457272449 -0.247907752316290 1.405954728653669 -0.394301138102790 1.588575348363541 -9.009258492265193 4.340929960764961
-0.547068016702186 -0.163064012591429 0.089128474830954 -0.239964875574472 1.360908436192343 -0.372596488298965 1.721156297498361 -9.761162418719938 5.008765339342691
-0.548224812172621 -0.156503499470935 0.087390711522943 -0.231359094086980 1.312102624098743 -0.347552661602252 1.805816421640571 -10.241293841639632 5.676600717924307
-0.549336462232515 -0.150199018696482 0.085794863232880 -0.222330011978777 1.260896154890545 -0.319169658012630 1.836166277473517 -10.413416427206279 6.344436096501482
-0.550402208135472 -0.144154873332710 0.084357625845229 -0.213149180591410 1.208829072754514 -0.287447477530123 1.805816421640571 -10.241293841637411 7.012271475080878
-0.551422808627888 -0.138366760314978 0.083095695244456 -0.204120098483207 1.157622603546327 -0.252386120154718 1.708377410838402 -9.688689751110591 7.680106853661939
-0.552400699685033 -0.132820864541024 0.082025767315024 -0.195578211429015 1.109179154790774 -0.213985585886409 1.537459801705943 -8.719367821825585 8.347942232238559
-0.553340154247136 -0.127492952962616 0.081164537941397 -0.187890912420485 1.065582315681646 -0.172245874725216 1.286674150939859 -7.297091719982163 9.015777610819065
-0.554247441955464 -0.122347468677207 0.080528703008042 -0.181457541665786 1.029096857081735 -0.127166986671121 0.949631015183527 -5.385625111762327 9.683612989399014
-0.555130988888414 -0.117336625019593 0.080134958399421 -0.176709386589868 1.002168731522923 -0.078748921724126 0.519940951124731 -2.948731663381388 10.351448367976746
-0.556001537297585 -0.112399499653563 0.080000000000000 -0.174109681834245 0.987425073206016 -0.026991679884242 0.070092327901783 -0.397513344951861 4.466977639445702
-0.556870333398559 -0.107472312121156 0.079976716041565 -0.173759220194736 0.985437506481257 -0.004656791687013 -0.116450527123391 0.660423757397055 -5.235671997069757
-0.557742040762711 -0.102528613994815 0.079822540283203 -0.174341472830353 0.988739625268242 -0.030835151672362 -0.188544074517516 1.069286581991680 -9.532928466797207
-0.558618461728725 -0.097558183703924 0.079430041313171 -0.175284193202940 0.994086058178201 -0.078499794006348 -0.215974275121766 1.224850979983927 -12.868881225585604
-0.559500282051618 -0.092557132138533 0.078715820312500 -0.176364064578549 1.000210313078120 -0.142844200134276 -0.202839823160161 1.150361801411925 -15.312194824219082
-0.560387173370090 -0.087527321528108 0.077618794441223 -0.177378263694350 1.005962122085180 -0.219405174255372 -0.153239412883366 0.869063896322686 -16.931533813476783
-0.561277895673884 -0.082475784320274 0.076098480224609 -0.178144460758767 1.010307441566793 -0.304062843322755 -0.071271738493195 0.404202114778762 -17.795562744140071
-0.562170399771140 -0.077414142059570 0.074133276939392 -0.178500819451233 1.012328452140687 -0.393040657043456 0.038964505768568 -0.220978693188378 -17.972946166992521
-0.563061929755752 -0.072358024266196 0.071718750000000 -0.178305996922390 1.011223558674745 -0.482905387878418 0.173370625686786 -0.983233677511741 -17.532348632812166
-0.563949125474721 -0.067326487314760 0.068865914344788 -0.177439143793956 1.006307390287187 -0.570567131042479 0.327847927024116 -1.859317988139875 -16.542434692383146
-0.564828124995516 -0.062341433313028 0.065599517822266 -0.175799904158835 0.997010800346487 -0.653279304504395 0.498297715565421 -2.825986775036871 -15.071868896484041
-0.565694667073421 -0.057427028980672 0.061956324577332 -0.173308415581008 0.982880866471303 -0.728638648986815 0.680621297073358 -3.859995188135734 -13.189315795899258
-0.566544193618899 -0.052609124528018 0.057983398437500 -0.169905309095641 0.963580890530624 -0.794585227966311 0.870719977328349 -4.938098377393896 -10.963439941405472
-0.567371952164944 -0.047914672534800 0.053736386299133 -0.165551709209000 0.938890398643655 -0.849402427673339 1.064495062101933 -6.037051492762124 -8.462905883789572
-0.568173098334436 -0.043371146828901 0.049277801513672 -0.160229233898490 0.908705141179844 -0.891716957092287 1.257847857161210 -7.133609684180087 -5.756378173827348
-0.568942798307500 -0.039005961365106 0.044675307273865 -0.153939994612684 0.873037092758944 -0.920498847961423 1.446679668295481 -8.204528101602993 -2.912521362305465
-0.569676331288856 -0.034845889103852 0.040000000000000 -0.146706596271207 0.832014452250929 -0.935061454772951 1.626891801258523 -9.226561894979390 0.000000000000555
-0.570369191975180 -0.030916480889971 0.035324692726135 -0.138572137264914 0.785881642776032 -0.935061454772948 1.794385561844081 -10.176466214262270 2.912521362303933
-0.571017193022459 -0.027241484331448 0.030722198486328 -0.129600209455694 0.734999311704720 -0.920498847961428 1.945062255810370 -11.030996209395738 5.756378173827637
-0.571616567513342 -0.023842262678159 0.026263613700867 -0.119874898176642 0.679844330657742 -0.891716957092290 2.074823188933372 -11.766907030321683 8.462905883791638
-0.572164071424502 -0.020737213700628 0.022016601562500 -0.109500782231975 0.621009795506133 -0.849402427673332 2.179569666989067 -12.360953827006416 10.963439941403252
-0.572657086093987 -0.017941188568773 0.018043675422668 -0.098602933897030 0.559205026371101 -0.794585227966316 2.255202995762318 -12.789891749387383 13.189315795902878
-0.573093720688578 -0.015464910730652 0.014400482177734 -0.087326918918218 0.495255567624164 -0.728638648986801 2.297624481002458 -13.030475947413134 15.071868896480710
-0.573472914671144 -0.013314394791217 0.011134085655212 -0.075838796513206 0.430103187887099 -0.653279304504398 2.302735428494351 -13.059461571041098 16.542434692382589
-0.573794540267998 -0.011490365391057 0.008281250000000 -0.064325119370734 0.364805880031893 -0.570567131042485 2.266437144027300 -12.853603770206501 17.532348632813832
-0.574059504936251 -0.009987676085153 0.005866723060608 -0.052992933650597 0.300537861180861 -0.482905387878416 2.184630933346199 -12.389657694871214 17.972946166989189
-0.574269853831170 -0.008794728221620 0.003901519775391 -0.042069778983866 0.238589572706505 -0.393040657043470 2.053218102249232 -11.644378494983787 17.795562744142845
-0.574428872273533 -0.007892889820462 0.002381205558777 -0.031803688472620 0.180367680231586 -0.304062843322755 1.868099956490177 -10.594521320479444 16.931533813475674
-0.574541188216984 -0.007255914452316 0.001284179687500 -0.022463188690169 0.127395073629188 -0.219405174255377 1.625177801858335 -9.216841321324498 15.312194824219638
-0.574612874715388 -0.006849360117204 0.000569958686829 -0.014337299680878 0.081310867022566 -0.142844200134279 1.320352944120806 -7.488093647454175 12.868881225588380
-0.574651552390190 -0.006630008123277 0.000177459716797 -0.007735534960274 0.043870398785295 -0.078499794006337 0.949526689044689 -5.385033448832566 9.532928466791102
-0.574666491897765 -0.006545281965571 0.000023283958435 -0.002987901515050 0.016945231541132 -0.030835151672381 0.508600342410404 -2.884415875390456 5.235671997074753
-0.574668716396780 -0.006532666204751 -0.000000000000000 -0.000444899802998 0.002523152164180 -0.004656791687008 0.088979960599644 -0.504630432835995 0.931358337405985
-0.574668716396780 -0.006532666204751 0.000000000000000 0.000000000000000 0.000000000000000 0.000000000000022 0.088979960599644 -0.504630432835995 1.513457298274367
-0.574666491897765 -0.006545281965571 0.000037836432457 0.000444899802998 -0.002523152164180 0.007567286491394 0.508600342410404 -2.884415875390456 8.507966995239258
-0.574651552390190 -0.006630008123277 0.000288372039795 0.002987901515050 -0.016945231541132 0.050107121467590 0.949526689044689 -5.385033448832566 15.491008758544922
-0.574612874715388 -0.006849360117204 0.000926182866096 0.007735534960274 -0.043870398785295 0.127562165260315 1.320352944120806 -7.488093647454175 20.911931991577141
-0.574541188216984 -0.007255914452316 0.002086791992187 0.014337299680878 -0.081310867022566 0.232121825218201 1.625177801858335 -9.216841321324498 24.882316589355472
-0.574428872273533 -0.007892889820462 0.003869459033012 0.022463188690169 -0.127395073629188 0.356533408164978 1.868099956490177 -10.594521320479444 27.513742446899393
-0.574269853831170 -0.008794728221620 0.006339969635010 0.031803688472620 -0.180367680231586 0.494102120399475 2.053218102249232 -11.644378494983787 28.917789459228583
-0.574059504936251 -0.009987676085153 0.009533424973488 0.042069778983866 -0.238589572706505 0.638691067695618 2.184630933346199 -12.389657694871214 29.206037521362195
-0.573794540267998 -0.011490365391057 0.013457031250000 0.052992933650597 -0.300537861180861 0.784721255302429 2.266437144027300 -12.853603770206501 28.490066528320401
-0.573472914671144 -0.013314394791217 0.018092889189720 0.064325119370734 -0.364805880031893 0.927171587944031 2.302735428494351 -13.059461571041098 26.881456375122049
-0.573093720688578 -0.015464910730652 0.023400783538818 0.075838796513206 -0.430103187887099 1.061578869819641 2.297624481002458 -13.030475947413134 24.491786956786932
-0.572657086093987 -0.017941188568773 0.029320972561836 0.087326918918218 -0.495255567624164 1.184037804603576 2.255202995762318 -12.789891749387383 21.432638168335227
-0.572164071424502 -0.020737213700628 0.035776977539062 0.098602933897030 -0.559205026371101 1.291200995445252 2.179569666989067 -12.360953827006416 17.815589904784932
-0.571616567513342 -0.023842262678159 0.042678372263908 0.109500782231975 -0.621009795506133 1.380278944969177 2.074823188933372 -11.766907030321683 13.752222061157449
-0.571017193022459 -0.027241484331448 0.049923572540283 0.119874898176642 -0.679844330657742 1.449040055274964 1.945062255810370 -11.030996209395738 9.354114532470215
-0.570369191975180 -0.030916480889971 0.057402625679970 0.129600209455694 -0.734999311704720 1.495810627937315 1.794385561844081 -10.176466214262270 4.732847213746139
-0.569676331288856 -0.034845889103852 0.065000000000000 0.138572137264914 -0.785881642776032 1.519474864006046 1.626891801258523 -9.226561894979390 -0.000000000000533
-0.568942798307500 -0.039005961365106 0.072597374320030 0.146706596271207 -0.832014452250929 1.519474864006043 1.446679668295481 -8.204528101602993 -4.732847213745339
-0.568173098334436 -0.043371146828901 0.080076427459717 0.153939994612684 -0.873037092758944 1.495810627937316 1.257847857161210 -7.133609684180087 -9.354114532470481
-0.567371952164944 -0.047914672534800 0.087321627736092 0.160229233898490 -0.908705141179844 1.449040055274964 1.064495062101933 -6.037051492762124 -13.752222061157449
-0.566544193618899 -0.052609124528018 0.094223022460938 0.165551709209000 -0.938890398643655 1.380278944969177 0.870719977328349 -4.938098377393896 -17.815589904783824
-0.565694667073421 -0.057427028980672 0.100679027438164 0.169905309095641 -0.963580890530624 1.291200995445257 0.680621297073358 -3.859995188135734 -21.432638168340510
-0.564828124995516 -0.062341433313028 0.106599216461182 0.173308415581008 -0.982880866471303 1.184037804603555 0.498297715565421 -2.825986775036871 -24.491786956781780
-0.563949125474721 -0.067326487314760 0.111907110810280 0.175799904158835 -0.997010800346487 1.061578869819646 0.327847927024116 -1.859317988139875 -26.881456375121846
-0.563061929755752 -0.072358024266196 0.116542968750000 0.177439143793956 -1.006307390287187 0.927171587944037 0.173370625686786 -0.983233677511741 -28.490066528324974
-0.562170399771140 -0.077414142059570 0.120466575026512 0.178305996922390 -1.011223558674745 0.784721255302412 0.038964505768568 -0.220978693188378 -29.206037521356532
-0.561277895673884 -0.082475784320274 0.123660030364990 0.178500819451233 -1.012328452140687 0.638691067695629 -0.071271738493195 0.404202114778762 -28.917789459228516
-0.560387173370090 -0.087527321528108 0.126130540966988 0.178144460758767 -1.010307441566793 0.494102120399487 -0.153239412883366 0.869063896322686 -27.513742446905187
-0.559500282051618 -0.092557132138533 0.127913208007812 0.177378263694350 -1.005962122085180 0.356533408164961 -0.202839823160161 1.150361801411925 -24.882316589354136
-0.558618461728725 -0.097558183703924 0.129073817133903 0.176364064578549 -1.000210313078120 0.232121825218190 -0.215974275121766 1.224850979983927 -20.911931991578481
-0.557742040762711 -0.102528613994815 0.129711627960205 0.175284193202940 -0.994086058178201 0.127562165260298 -0.188544074517516 1.069286581991680 -15.491008758534708
-0.556870333398559 -0.107472312121156 0.129962163567543 0.174341472830353 -0.988739625268242 0.050107121467624 -0.116450527123391 0.660423757397055 -8.507966995248140
-0.556001537297585 -0.112399499653563 0.130000000000000 0.173759220194736 -0.985437506481257 0.007567286491383 0.070092327901783 -0.397513344951861 -6.911793275120592
-0.555130988888414 -0.117336625019593 0.129865041600579 0.174109681834245 -0.987425073206016 -0.026991679884220 0.519940951124731 -2.948731663381388 -10.351448367982297
-0.554247441955464 -0.122347468677207 0.129471296991958 0.176709386589868 -1.002168731522923 -0.078748921724131 0.949631015183527 -5.385625111762327 -9.683612989396240
-0.553340154247136 -0.127492952962616 0.128835462058603 0.181457541665786 -1.029096857081735 -0.127166986671112 1.286674150939859 -7.297091719982163 -9.015777610820175
-0.552400699685033 -0.132820864541024 0.127974232684977 0.187890912420485 -1.065582315681646 -0.172245874725213 1.537459801705943 -8.719367821825585 -8.347942232240779
-0.551422808627888 -0.138366760314978 0.126904304755544 0.195578211429015 -1.109179154790774 -0.213985585886417 1.708377410838402 -9.688689751110591 -7.680106853659163
-0.550402208135472 -0.144154873332710 0.125642374154771 0.204120098483207 -1.157622603546327 -0.252386120154713 1.805816421640571 -10.241293841637411 -7.012271475082543
-0.549336462232515 -0.150199018696482 0.124205136767120 0.213149180591410 -1.208829072754514 -0.287447477530126 1.836166277473517 -10.413416427206279 -6.344436096500927
-0.548224812172621 -0.156503499470935 0.122609288477057 0.222330011978777 -1.260896154890545 -0.319169658012630 1.805816421640571 -10.241293841639632 -5.676600717923752
-0.547068016702186 -0.163064012591429 0.120871525169046 0.231359094086980 -1.312102624098743 -0.347552661602249 1.721156297498361 -9.761162418719938 -5.008765339343801
-0.545868192324314 -0.169868554772390 0.119008542727551 0.239964875574472 -1.360908436192343 -0.372596488298968 1.588575348363541 -9.009258492265193 -4.340929960764406
-0.544628653562732 -0.176898328415659 0.117037037037037 0.247907752316290 -1.405954728653669 -0.394301138102790 1.414463017570533 -8.021818396080072 -3.673094582186121
-0.543353753225712 -0.184128647518829 0.114973703981968 0.254980067404142 -1.446063820634069 -0.412666611013721 1.205208748462638 -6.835078463965916 -3.005259203606170
-0.542048722669979 -0.191529843583599 0.112835239446810 0.261006111146456 -1.480239212953899 -0.427692907031751 0.967201984343191 -5.485275029730730 -2.337423825026774
-0.540719512064639 -0.199068171524111 0.110638339316025 0.265842121068172 -1.507665588102552 -0.439380026156885 0.706832168577698 -4.008644427178076 -1.669588446447934
-0.539372630655083 -0.206706715575304 0.108399699474080 0.269376281911060 -1.527708810238443 -0.447727968389125 0.430488744478374 -2.441422990110409 -1.001753067868538
-0.538014987026916 -0.214406295201249 0.106136015805437 0.271528725633452 -1.539915925188995 -0.452736733728468 0.144561155384082 -0.819847052337952 -0.333917689290253
-0.536653729369864 -0.222126371003502 0.103863984194563 0.272251531410372 -1.544015160450685 -0.454406322174919 -0.144561155384082 0.819847052336842 0.333917689289698
-0.535296085741697 -0.229825950629447 0.101600300525920 0.271528725633452 -1.539915925189000 -0.452736733728470 -0.430488744473934 2.441422990111519 1.001753067869648
-0.533949204332141 -0.237464494680639 0.099361660683975 0.269376281911082 -1.527708810238443 -0.447727968389122 -0.706832168582139 4.008644427176966 1.669588446447379
-0.532619993726801 -0.245002822621152 0.097164760553190 0.265842121068172 -1.507665588102558 -0.439380026156885 -0.967201984347632 5.485275029731840 2.337423825026774
-0.531314963171068 -0.252404018685921 0.095026296018032 0.261006111146433 -1.480239212953899 -0.427692907031751 -1.205208748458197 6.835078463963695 3.005259203606170
-0.530040062834048 -0.259634337789092 0.092962962962963 0.254980067404142 -1.446063820634080 -0.412666611013721 -1.414463017570533 8.021818396084512 3.673094582186121
-0.528800524072466 -0.266664111432360 0.090991457272449 0.247907752316290 -1.405954728653658 -0.394301138102790 -1.588575348363541 9.009258492265193 4.340929960764961
-0.527600699694594 -0.273468653613322 0.089128474830954 0.239964875574472 -1.360908436192332 -0.372596488298965 -1.721156297498361 9.761162418719938 5.008765339342691
-0.526443904224159 -0.280029166733815 0.087390711522943 0.231359094086980 -1.312102624098732 -0.347552661602252 -1.805816421640571 10.241293841637411 5.676600717924307
-0.525332254164265 -0.286333647508268 0.085794863232880 0.222330011978777 -1.260896154890545 -0.319169658012630 -1.836166277473517 10.413416427208499 6.344436096501482
-0.524266508261308 -0.292377792872041 0.084357625845229 0.213149180591410 -1.208829072754503 -0.287447477530123 -1.805816421640571 10.241293841632970 7.012271475080878
-0.523245907768892 -0.298165905889772 0.083095695244456 0.204120098483207 -1.157622603546338 -0.252386120154718 -1.708377410838402 9.688689751115032 7.680106853661939
-0.522268016711747 -0.303711801663726 0.082025767315024 0.195578211429015 -1.109179154790763 -0.213985585886409 -1.537459801705943 8.719367821825585 8.347942232238559
-0.521328562149645 -0.309039713242134 0.081164537941397 0.187890912420485 -1.065582315681635 -0.172245874725216 -1.286674150939859 7.297091719975501 9.015777610819065
-0.520421274441316 -0.314185197527543 0.080528703008042 0.181457541665786 -1.029096857081757 -0.127166986671121 -0.949631015183527 5.385625111771208 9.683612989399014
-0.519537727508366 -0.319196041185158 0.080134958399421 0.176709386589868 -1.002168731522901 -0.078748921724126 -0.519940951124731 2.948731663376947 10.351448367976746
-0.518667179099195 -0.324133166551188 0.080000000000000 0.174109681834245 -0.987425073206016 -0.026991679884242 -0.070092327901783 0.397513344940759 4.466977639445702
-0.517798382998221 -0.329060354083594 0.079976716041565 0.173759220194736 -0.985437506481313 -0.004656791687013 0.116450527127832 -0.660423757388173 -5.235671997069757
-0.516926675634069 -0.334004052209936 0.079822540283203 0.174341472830375 -0.988739625268253 -0.030835151672362 0.188544074513075 -1.069286581987239 -9.532928466797207
-0.516050254668055 -0.338974482500827 0.079430041313171 0.175284193202940 -0.994086058178190 -0.078499794006348 0.215974275117325 -1.224850979988368 -12.868881225585604
-0.515168434345162 -0.343975534066217 0.078715820312500 0.176364064578527 -1.000210313078131 -0.142844200134276 0.202839823164602 -1.150361801409705 -15.312194824219082
-0.514281543026690 -0.349005344676643 0.077618794441223 0.177378263694350 -1.005962122085180 -0.219405174255372 0.153239412887807 -0.869063896324906 -16.931533813476783
-0.513390820722896 -0.354056881884477 0.076098480224609 0.178144460758789 -1.010307441566805 -0.304062843322755 0.071271738488754 -0.404202114772101 -17.795562744140071
-0.512498316625640 -0.359118524145180 0.074133276939392 0.178500819451233 -1.012328452140665 -0.393040657043456 -0.038964505768568 0.220978693181717 -17.972946166992521
-0.511606786641028 -0.364174641938554 0.071718750000000 0.178305996922390 -1.011223558674756 -0.482905387878418 -0.173370625686786 0.983233677511741 -17.532348632812166
-0.510719590922059 -0.369206178889990 0.068865914344788 0.177439143793956 -1.006307390287198 -0.570567131042479 -0.327847927028557 1.859317988146536 -16.542434692383146
-0.509840591401264 -0.374191232891723 0.065599517822266 0.175799904158813 -0.997010800346465 -0.653279304504395 -0.498297715560980 2.825986775030209 -15.071868896484041
-0.508974049323359 -0.379105637224079 0.061956324577332 0.173308415581008 -0.982880866471314 -0.728638648986815 -0.680621297073358 3.859995188140175 -13.189315795899258
-0.508124522777881 -0.383923541676732 0.057983398437500 0.169905309095641 -0.963580890530613 -0.794585227966311 -0.870719977328349 4.938098377393896 -10.963439941405472
-0.507296764231836 -0.388617993669950 0.053736386299133 0.165551709209000 -0.938890398643644 -0.849402427673339 -1.064495062101933 6.037051492757683 -8.462905883789572
-0.506495618062344 -0.393161519375850 0.049277801513672 0.160229233898490 -0.908705141179855 -0.891716957092287 -1.257847857161210 7.133609684182307 -5.756378173827348
-0.505725918089280 -0.397526704839644 0.044675307273865 0.153939994612684 -0.873037092758944 -0.920498847961423 -1.446679668291040 8.204528101600772 -2.912521362305465
-0.504992385107924 -0.401686777100899 0.040000000000000 0.146706596271229 -0.832014452250940 -0.935061454772951 -1.626891801267405 9.226561894981611 0.000000000000555
-0.504299524421600 -0.405616185314779 0.035324692726135 0.138572137264892 -0.785881642776032 -0.935061454772948 -1.794385561839640 10.176466214264490 2.912521362303933
-0.503651523374321 -0.409291181873303 0.030722198486328 0.129600209455694 -0.734999311704709 -0.920498847961428 -1.945062255805929 11.030996209393518 5.756378173827637
-0.503052148883438 -0.412690403526591 0.026263613700867 0.119874898176664 -0.679844330657742 -0.891716957092290 -2.074823188937813 11.766907030321683 8.462905883791638
-0.502504644972278 -0.415795452504122 0.022016601562500 0.109500782231975 -0.621009795506133 -0.849402427673332 -2.179569666993508 12.360953827004195 10.963439941403252
-0.502011630302793 -0.418591477635978 0.018043675422668 0.098602933897007 -0.559205026371112 -0.794585227966316 -2.255202995757877 12.789891749391824 13.189315795902878
-0.501574995708202 -0.421067755474098 0.014400482177734 0.087326918918218 -0.495255567624153 -0.728638648986801 -2.297624480998017 13.030475947415354 15.071868896480710
-0.501195801725636 -0.423218271413534 0.011134085655212 0.075838796513228 -0.430103187887076 -0.653279304504398 -2.302735428503233 13.059461571032216 16.542434692382589
-0.500874176128782 -0.425042300813693 0.008281250000000 0.064325119370712 -0.364805880031915 -0.570567131042485 -2.266437144022859 12.853603770210942 17.532348632813832
-0.500609211460529 -0.426544990119598 0.005866723060608 0.052992933650597 -0.300537861180861 -0.482905387878416 -2.184630933346199 12.389657694871214 17.972946166989189
-0.500398862565610 -0.427737937983130 0.003901519775391 0.042069778983866 -0.238589572706505 -0.393040657043470 -2.053218102249232 11.644378494983787 17.795562744142845
-0.500239844123247 -0.428639776384288 0.002381205558777 0.031803688472620 -0.180367680231586 -0.304062843322755 -1.868099956490177 10.594521320481665 16.931533813475674
-0.500127528179796 -0.429276751752434 0.001284179687500 0.022463188690169 -0.127395073629177 -0.219405174255377 -1.625177801858335 9.216841321320057 15.312194824219638
-0.500055841681392 -0.429683306087547 0.000569958686829 0.014337299680878 -0.081310867022577 -0.142844200134279 -1.320352944116365 7.488093647456395 12.868881225588380
-0.500017164006590 -0.429902658081473 0.000177459716797 0.007735534960296 -0.043870398785295 -0.078499794006337 -0.949526689049129 5.385033448832566 9.532928466791102
-0.500002224499015 -0.429987384239179 0.000023283958435 0.002987901515050 -0.016945231541132 -0.030835151672381 -0.508600342414844 2.884415875390456 5.235671997074753
