-0.499999917648651 -0.430000467037709 0.000006169925971 0.000016470269815 -0.000093407541779 0.001233985194284 0.017745225293631 -0.100638173585743 1.430333255465415
-0.499999391666670 -0.430003450029757 0.000048098183329 0.000105196396283 -0.000596598409708 0.008385651471611 0.030063844074224 -0.170500532328255 2.724288435466928
-0.499998114088586 -0.430010695535114 0.000158133651574 0.000255515616654 -0.001449101071349 0.022007093648946 0.036716900866374 -0.208231892362409 3.874228367778557
-0.499995918587981 -0.430023146837780 0.000365024829013 0.000439100120986 -0.002490260533161 0.041378235487839 0.037984205298880 -0.215419132938433 4.885389970498122
-0.499992773482244 -0.430040983618769 0.000694050755715 0.000629021147480 -0.003567356197853 0.065805185340329 0.034145566991661 -0.193649133306550 5.763010161723428
-0.499988774737332 -0.430063661628091 0.001167151936460 0.000799748982439 -0.004535601864386 0.094620236148946 0.025480795577959 -0.144508772697005 6.512325859552314
-0.499984138972530 -0.430089952356731 0.001803061263693 0.000927152960328 -0.005258145727871 0.127181865446708 0.012269700673251 -0.069584930375566 7.138573982082518
-0.499979196465212 -0.430117982708629 0.002617434940479 0.000988501463695 -0.005606070379749 0.162874735357121 -0.005207908084781 0.029535514443069 7.646991447411949
-0.499974384155595 -0.430145274672667 0.003622983403450 0.000962461923271 -0.005458392807534 0.201109692594180 -0.026672221073998 0.151265682479806 8.042815173638450
-0.499970238651506 -0.430168784994643 0.004829602245762 0.000829100817901 -0.004702064395135 0.241323768462373 -0.051843428678922 0.294018694519949 8.331282078859642
-0.499967389233133 -0.430184944849255 0.006244503140045 0.000569883674506 -0.003231970922535 0.282980178856671 -0.080441721257429 0.456207671304387 8.517629081173549
-0.499966550857792 -0.430189699512085 0.007872344761358 0.000167675068219 -0.000950932566013 0.325568324262539 -0.112187289191823 0.636245733587337 8.607093098677742
-0.499968517164681 -0.430178548031576 0.009715363710137 -0.000393261377740 0.002230296101924 0.368603789755927 -0.146800322855523 0.832546002129675 8.604911049470564
-0.499974153479641 -0.430146582901013 0.011773505435154 -0.001127262992018 0.006393026112572 0.411628345003280 -0.184001012624169 1.043521597685615 8.516319851648991
-0.499984389819917 -0.430088529730508 0.014044555156461 -0.002047268055139 0.011610634101000 0.454209944261525 -0.223509548868961 1.267585641013813 8.346556423311647
-0.500000213898914 -0.429998786918978 0.016524268788352 -0.003164815799483 0.017948562306069 0.495942726378083 -0.265046121967760 1.503151252857382 8.100857682555851
-0.500022664130961 -0.429871465326126 0.019206503862306 -0.004490046409322 0.025464318570356 0.536447014790863 -0.308330922282885 1.748631553990521 7.784460547479455
-0.500052822636064 -0.429700427944424 0.022083350449947 -0.006031701020737 0.034207476340309 0.575369317528260 -0.353084140209958 2.002439665151901 7.402601936180853
-0.500091808244673 -0.429479329571094 0.025145262085993 -0.007797121721786 0.044219674666068 0.612382327209164 -0.399025966095756 2.262988707104618 6.960518766756674
-0.500140769502435 -0.429201656480086 0.028381186691208 -0.009792251552265 0.055534618201591 0.647184921042947 -0.445876590347005 2.528691800605110 6.463447957306268
-0.500200877674955 -0.428860766094063 0.031778697495355 -0.012021634504000 0.068178077204617 0.679502160829479 -0.493356203308259 2.797962066412030 5.916626425925831
-0.500273319752557 -0.428449926656379 0.035324123960151 -0.014488415520542 0.082167887536677 0.709085292959108 -0.541184995364041 3.069212625266271 5.325291090714224
-0.500359291455044 -0.427962356903064 0.039002682702214 -0.017194340497362 0.097513950663008 0.735711748412679 -0.589083156894432 3.340856597948694 4.694678869769930
-0.500459990236453 -0.427391265734801 0.042798608416022 -0.020139756281834 0.114218233652752 0.759185142761529 -0.636770878270632 3.611307105175765 4.030026681188237
-0.500576608289819 -0.426729891888907 0.046695284796859 -0.023323610673187 0.132274769178631 0.779335276167470 -0.683968349854958 3.878977267741668 3.336571443069425
-0.500710325551932 -0.425971543611321 0.050675375463773 -0.026743452422462 0.151669655517339 0.796018133382817 -0.730395762045255 4.142280206393956 2.619550073511001
-0.500862302708095 -0.425109638328574 0.054720954882525 -0.030395431232688 0.172381056549309 0.809115883750372 -0.775773305186078 4.399629041862418 1.884199490609362
-0.501033674196888 -0.424137742319781 0.058813639288542 -0.034274297758619 0.194379201758621 0.818536881203419 -0.819821169675272 4.649436894936798 1.135756612463679
-0.501225541214923 -0.423049610388615 0.062934717609871 -0.038373403606995 0.217626386233305 0.824215664265737 -0.862259545888477 4.890116886346885 0.379458357169793
-0.501438964721605 -0.421839225535289 0.067065282390129 -0.042684701336437 0.242076970665039 0.826112956051586 -0.902808624165807 5.120082136866877 -0.379458357169793
-0.501674958443892 -0.420500838628543 0.071186360711458 -0.047198744457266 0.267677381349374 0.824215664265737 -0.941188594931752 5.337745767233226 -1.135756612464789
-0.501934481881051 -0.419029008077615 0.075279045117475 -0.051904687431925 0.294366110185540 0.818536881203413 -0.977119648513103 5.541520898220131 -1.884199490608252
-0.502218433309424 -0.417418639504232 0.079324624536227 -0.056790285674491 0.322073714676641 0.809115883750372 -1.010321975316586 5.729820650570705 -2.619550073511556
-0.502527642787179 -0.415665025414584 0.083304715203141 -0.061841895551074 0.350722817929494 0.796018133382814 -1.040515765700079 5.901058145048044 -3.336571443068870
-0.502862865159077 -0.413763884871310 0.087201391583978 -0.067044474379574 0.380228108654734 0.779335276167470 -1.067421210043662 6.053646502397481 -4.030026681188237
-0.503224773061226 -0.411711403165477 0.090997317297786 -0.072381580429792 0.410496341166722 0.759185142761529 -1.090758498722977 6.185998843388774 -4.694678869769930
-0.503613949925843 -0.409504271488559 0.094675876039849 -0.077835372923407 0.441426335383666 0.735711748412679 -1.110247822104782 6.296528288767256 -5.325291090713669
-0.504030882986013 -0.407139726604421 0.098221302504645 -0.083386612033931 0.472908976827502 0.709085292959111 -1.125609370564717 6.383647959284922 -5.916626425925831
-0.504475956280446 -0.404615590521301 0.101618813308792 -0.089014658886755 0.504827216623926 0.679502160829482 -1.136563334487306 6.445770975715970 -6.463447957307800
-0.504949443658242 -0.401930310163789 0.104854737914007 -0.094697475559191 0.537056071502506 0.647184921042943 -1.142829904230425 6.481310458790190 -6.960518766755408
-0.505451501783644 -0.399082997044807 0.107916649550053 -0.100411625080343 0.569462623796457 0.612382327209166 -1.144129270183036 6.488679529284003 -7.402601936181696
-0.505982163140800 -0.396073466937592 0.110793496137694 -0.106132271431258 0.601906021442877 0.575369317528257 -1.140181622711900 6.466291307942740 -7.784460547478611
-0.506541329038524 -0.392902279547679 0.113475731211648 -0.111833179544818 0.634237477982591 0.536447014790864 -1.130707152192656 6.412558915522837 -8.100857682558082
-0.507128762615053 -0.389570778184878 0.115955444843539 -0.117486715305781 0.666300272560205 0.495942726378074 -1.115426048992063 6.325895472785170 -8.346556423310947
-0.507744081842807 -0.386081129435258 0.118226494564846 -0.123063845550742 0.697929749924131 0.454209944261519 -1.094058503494644 6.204714100477293 -8.516319851646914
-0.508386752533148 -0.382436362833125 0.120284636289863 -0.128534138068215 0.728953320426518 0.411628345003284 -1.066324706071597 6.047427919362303 -8.604911049466812
-0.509056081341141 -0.378640410533008 0.122127655238642 -0.133865761598573 0.759190460023329 0.368603789755950 -1.031944847098565 5.852450050185531 -8.607093098684793
-0.509751208770311 -0.374698146981637 0.123755496859955 -0.139025485834066 0.788452710274257 0.325568324262526 -0.990639116942305 5.618193613718958 -8.517629081175038
-0.510471102177405 -0.370615428589923 0.125170397754238 -0.143978681418777 0.816543678342851 0.282980178856651 -0.942127705982898 5.343071730696813 -8.331282078850588
-0.511214548777149 -0.366399133404941 0.126377016596550 -0.148689319948692 0.843259036996336 0.241323768462398 -0.886130804595986 5.025497521899958 -8.042815173645579
-0.511980148647007 -0.362057200781912 0.127382565059521 -0.153119973971672 0.868386524605835 0.201109692594170 -0.822368603143886 4.663884108049299 -7.646991447416429
-0.512766307731944 -0.357598671056182 0.128196938736306 -0.157231816987391 0.891705945146082 0.162874735357088 -0.750561292024443 4.256644609950122 -7.138573982072849
-0.513571230849181 -0.353033725215202 0.128832848063540 -0.160984623447513 0.912989168195832 0.127181865446724 -0.670429061577771 3.802192148290029 -6.512325859553414
-0.514392914692958 -0.348373724570516 0.129305949244285 -0.164336768755402 0.932000128937283 0.094620236148957 -0.581692102215037 3.298939843903170 -5.763010161732307
-0.515229140839291 -0.343631250429732 0.129634975170986 -0.167245229266477 0.948494828156798 0.065805185340295 -0.484070604285236 2.745300817481588 -4.885389970485932
-0.516077468750730 -0.338820143768511 0.129841866348426 -0.169665582287903 0.962221332244206 0.041378235487866 -0.377284758168450 2.139688189810585 -3.874228367783950
-0.516935228781124 -0.333955544902545 0.129951901816670 -0.171552006078746 0.972919773193259 0.022007093648946 -0.261054754235879 1.480515081635492 -2.724288435462796
-0.517799515180374 -0.329053933159537 0.129993830074029 -0.172857279849925 0.980322348601437 0.008385651471632 -0.135100782867603 0.766194613719406 -1.430333255472149
-0.518667179099195 -0.324133166551187 0.130000000000000 -0.173532783764263 0.984153321670034 0.001233985194271 0.003294053958491 -0.018681508371365 -1.950963482352241
-0.519534760666667 -0.319212866980546 0.129957395838912 -0.173516313494471 0.984059914128177 -0.008520832217490 0.152846008165675 -0.866832787294047 -3.330428135304153
-0.520398521083936 -0.314314238229588 0.129831530974442 -0.172752083453642 0.979725750191707 -0.025172972894011 0.291118598312323 -1.651015613957085 -3.213571007747440
-0.521255003536246 -0.309456884868978 0.129625326834779 -0.171296490462081 0.971470672121921 -0.041240827932748 0.414001659034824 -2.347920082172994 -3.096713880192947
-0.522101135947081 -0.304658229510423 0.129341704848110 -0.169226482166907 0.959731071711056 -0.056724397333713 0.522054809581896 -2.960719950428903 -2.979856752637344
-0.522934216987676 -0.299933592150628 0.128983586442626 -0.166616208118997 0.944927471958912 -0.071623681096900 0.615837669206698 -3.492588977191957 -2.862999625082852
-0.523751902086540 -0.295296269515264 0.128553893046514 -0.163537019772964 0.927464527072952 -0.085938679222314 0.695909857157950 -3.946700921011459 -2.746142497530579
-0.524552189438976 -0.290757614402924 0.128055546087964 -0.160057470487174 0.907731022467895 -0.099669391709967 0.762830992693253 -4.326229540305704 -2.629285369971646
-0.525333406016595 -0.286327115029092 0.127491466995165 -0.156243315523708 0.886099874766366 -0.112815818559825 0.817160695065766 -4.634348593619553 -2.512428242422704
-0.526094193576837 -0.282012474370101 0.126864577196305 -0.152157512048379 0.862928131798268 -0.125377959771938 0.859458583515327 -4.874231839413490 -2.395571114863770
-0.526833494672491 -0.277819689507095 0.126177798119574 -0.147860219130802 0.838556972601201 -0.137355815346257 0.890284277303977 -5.049053036174644 -2.278713987312608
-0.527550538661212 -0.273753130969993 0.125434051193160 -0.143408797744282 0.813311707420328 -0.148749385282820 0.910197395689316 -5.161985942416791 -2.161856859757005
-0.528244827715041 -0.269815622081452 0.124636257845252 -0.138857810765836 0.787501777708244 -0.159558669581605 0.919757557902301 -5.216204316600415 -2.044999732201402
-0.528916122829923 -0.266008518300826 0.123787339504039 -0.134259022976324 0.761420756125242 -0.169783668242612 0.919524383218295 -5.214881917228187 -1.928142604649130
-0.529564429835224 -0.262331786568130 0.122890217597710 -0.129661401060233 0.735346346539101 -0.179424381265858 0.910057490868255 -5.161192502793899 -1.811285477092972
-0.530189985403253 -0.258784084648005 0.121947813554453 -0.125111113605891 0.709540384025131 -0.188480808651323 0.891916500127543 -5.058309831771357 -1.694428349539034
-0.530793243058780 -0.255362840473673 0.120963048802458 -0.120651531105254 0.684248834866275 -0.196952950399018 0.865661030227116 -4.909407662665455 -1.577571221985097
-0.531374859188550 -0.252064331490909 0.119938844769913 -0.116323225954118 0.659701796552947 -0.204840806508944 0.831850700420134 -4.717659753956660 -1.460714094429494
-0.531935679050810 -0.248883764001993 0.118878122885008 -0.112163972452017 0.636113497783164 -0.212144376981091 0.791045129977519 -4.486239864126551 -1.343856966876666
-0.532476722784821 -0.245815352509680 0.117783804575930 -0.108208746802130 0.613682298462531 -0.218863661815474 0.743803938134668 -4.218321751688903 -1.226999839321063
-0.532999171420378 -0.242852399061160 0.116658811270870 -0.104489727111456 0.592590689704087 -0.224998661012080 0.690686744135860 -3.917079175103089 -1.110142711767126
-0.533504352887332 -0.239987372592017 0.115506064398015 -0.101036293390777 0.573005293828571 -0.230549374570915 0.632253167265340 -3.585685892881774 -0.993285584212633
-0.533993728025104 -0.237211988270196 0.114328485385555 -0.097875027554450 0.555076864364162 -0.235515802491978 0.569062826736300 -3.227315663495434 -0.876428456658140
-0.534468876592208 -0.234517286839963 0.113128995661679 -0.095029713420769 0.538940286046685 -0.239897944775269 0.501675341828545 -2.845142245445631 -0.759571329103648
-0.534931483275766 -0.231893713965865 0.111910516654575 -0.092521336711626 0.524714574819457 -0.243695801420787 0.430650331773030 -2.442339397220605 -0.642714201549710
-0.535383323701030 -0.229331199576699 0.110675969792433 -0.090368085052761 0.512502877833354 -0.246909372428536 0.356547415845121 -2.022080877300825 -0.525857073994662
-0.535826250440898 -0.226819237209464 0.109428276503440 -0.088585347973535 0.502392473446850 -0.249538657798509 0.279926213271331 -1.587540444181190 -0.408999946440725
-0.536262179025434 -0.224346963353335 0.108170358215786 -0.087185716907179 0.494454771225944 -0.251583657530713 0.201346343331466 -1.141891856353272 -0.292142818885122
-0.536693073951386 -0.221903236793614 0.106905136357661 -0.086178985190521 0.488745311944178 -0.253044371625138 0.121367425243157 -0.688308872304200 -0.175285691332294
-0.537120934691708 -0.219476717955700 0.105635532357252 -0.085572148064306 0.485303767582657 -0.253920800081800 0.040549078295093 -0.229965250512221 -0.058428563777246
-0.537547781705072 -0.217055948249050 0.104364467642748 -0.085369402672830 0.484153941330095 -0.254212942900686 -0.040549078295093 0.229965250514441 0.058428563777246
-0.537975642445394 -0.214629429411137 0.103094863642339 -0.085572148064306 0.485303767582668 -0.253920800081800 -0.121367425243157 0.688308872300869 0.175285691331739
-0.538406537371346 -0.212185702851416 0.101829641784214 -0.086178985190521 0.488745311944172 -0.253044371625141 -0.201346343327025 1.141891856353272 0.292142818885677
-0.538842465955882 -0.209713428995286 0.100571723496560 -0.087185716907157 0.494454771225938 -0.251583657530713 -0.279926213280213 1.587540444183411 0.408999946440725
-0.539285392695750 -0.207201466628052 0.099324030207567 -0.088585347973558 0.502392473446855 -0.249538657798509 -0.356547415836239 2.022080877300825 0.525857073994662
-0.539737233121014 -0.204638952238885 0.098089483345425 -0.090368085052739 0.512502877833360 -0.246909372428536 -0.430650331781912 2.442339397217275 0.642714201549710
-0.540199839804572 -0.202015379364788 0.096871004338321 -0.092521336711648 0.524714574819446 -0.243695801420787 -0.501675341824104 2.845142245447851 0.759571329103648
-0.540674988371676 -0.199320677934554 0.095671514614445 -0.095029713420769 0.538940286046685 -0.239897944775269 -0.569062826736300 3.227315663495434 0.876428456658696
-0.541164363509448 -0.196545293612734 0.094493935601985 -0.097875027554450 0.555076864364162 -0.235515802491976 -0.632253167260899 3.585685892881774 0.993285584212078
-0.541669544976402 -0.193680267143591 0.093341188729130 -0.101036293390755 0.573005293828571 -0.230549374570915 -0.690686744144742 3.917079175104199 1.110142711766571
-0.542191993611959 -0.190717313695070 0.092216195424070 -0.104489727111479 0.592590689704092 -0.224998661012082 -0.743803938130227 4.218321751687792 1.226999839322174
-0.542733037345970 -0.187648902202758 0.091121877114992 -0.108208746802130 0.613682298462531 -0.218863661815472 -0.791045129977519 4.486239864129882 1.343856966875556
-0.543293857208230 -0.184468334713842 0.090061155230087 -0.112163972452017 0.636113497783181 -0.212144376981094 -0.831850700420134 4.717659753951109 1.460714094430049
-0.543875473338000 -0.181169825731077 0.089036951197542 -0.116323225954118 0.659701796552936 -0.204840806508944 -0.865661030227116 4.909407662668785 1.577571221985097
-0.544478730993527 -0.177748581556746 0.088052186445547 -0.120651531105254 0.684248834866280 -0.196952950399018 -0.891916500127543 5.058309831772467 1.694428349539034
-0.545104286561556 -0.174200879636620 0.087109782402290 -0.125111113605891 0.709540384025142 -0.188480808651323 -0.910057490868255 5.161192502789458 1.811285477094082
-0.545752593566857 -0.170524147903924 0.086212660495961 -0.129661401060233 0.735346346539090 -0.179424381265852 -0.919524383218295 5.214881917234848 1.928142604646910
-0.546423888681739 -0.166717044123298 0.085363742154748 -0.134259022976324 0.761420756125264 -0.169783668242618 -0.919757557902301 5.216204316591533 2.044999732203068
-0.547118177735568 -0.162779535234757 0.084565948806840 -0.138857810765836 0.787501777708222 -0.159558669581603 -0.910197395689316 5.161985942419012 2.161856859757005
-0.547835221724289 -0.158712976697655 0.083822201880426 -0.143408797744282 0.813311707420317 -0.148749385282818 -0.890284277303977 5.049053036181306 2.278713987310943
-0.548574522819943 -0.154520191834649 0.083135422803695 -0.147860219130802 0.838556972601223 -0.137355815346263 -0.859458583515327 4.874231839406828 2.395571114865436
-0.549335310380185 -0.150205551175658 0.082508533004835 -0.152157512048379 0.862928131798257 -0.125377959771936 -0.817160695065766 4.634348593626214 2.512428242421039
-0.550116526957804 -0.145775051801826 0.081944453912036 -0.156243315523708 0.886099874766388 -0.112815818559830 -0.762830992693253 4.326229540303483 2.629285369973311
-0.550916814310240 -0.141236396689487 0.081446106953486 -0.160057470487174 0.907731022467906 -0.099669391709964 -0.695909857157950 3.946700921009239 2.746142497530024
-0.551734499409105 -0.136599074054122 0.081016413557374 -0.163537019772964 0.927464527072952 -0.085938679222314 -0.615837669211139 3.492588977194178 2.862999625082296
-0.552567580449700 -0.131874436694327 0.080658295151890 -0.166616208119019 0.944927471958923 -0.071623681096902 -0.522054809577455 2.960719950428903 2.979856752639565
-0.553413712860534 -0.127075781335772 0.080374673165221 -0.169226482166907 0.959731071711067 -0.056724397333704 -0.414001659034824 2.347920082168553 3.096713880190727
-0.554270195312845 -0.122218427975162 0.080168469025558 -0.171296490462081 0.971470672121910 -0.041240827932751 -0.291118598312323 1.651015613959306 3.213571007746330
-0.555133955730113 -0.117319799224204 0.080042604161088 -0.172752083453642 0.979725750191707 -0.025172972894019 -0.152846008161234 0.866832787307370 3.330428135301933
-0.556001537297585 -0.112399499653563 0.080000000000000 -0.173516313494448 0.984059914128244 -0.008520832217510 -0.003294053967373 0.018681508342500 1.552291342667989
-0.556869201216406 -0.107478733045213 0.079996203122479 -0.173532783764285 0.984153321669956 -0.000759375504170 0.135100782876485 -0.766194613706084 -0.880205080287522
-0.557733487615656 -0.102577121302206 0.079970401117951 -0.172857279849903 0.980322348601426 -0.005160400905607 0.261054754231438 -1.480515081635492 -1.676485191056676
-0.558591247646050 -0.097712522436239 0.079902686983647 -0.171552006078746 0.972919773193248 -0.013542826860891 0.377284758172891 -2.139688189810585 -2.384140534016921
-0.559439575557489 -0.092901415775018 0.079775369335992 -0.169665582287881 0.962221332244195 -0.025463529530975 0.484070604276354 -2.745300817477148 -3.006393827999498
-0.560275801703822 -0.088158941634234 0.079572891842637 -0.167245229266499 0.948494828156810 -0.040495498670973 0.581692102219478 -3.298939843900950 -3.546467791829544
-0.561097485547599 -0.083498940989548 0.079281752654486 -0.164336768755402 0.932000128937305 -0.058227837630120 0.670429061577771 -3.802192148303352 -4.007585144339965
-0.561902408664836 -0.078933995148569 0.078890423837727 -0.160984623447513 0.912989168195788 -0.078265763351820 0.750561292024443 -4.256644609936799 -4.392968604358671
-0.562688567749773 -0.074475465422838 0.078389270805859 -0.157231816987391 0.891705945146104 -0.100230606373614 0.822368603148327 -4.663884108055960 -4.705840890714685
-0.563454167619631 -0.070133532799809 0.077770471751723 -0.153119973971649 0.868386524605824 -0.123759810827187 0.886130804587104 -5.025497521897737 -4.949424722239248
-0.564197614219375 -0.065917237614828 0.077027937079531 -0.148689319948714 0.843259036996336 -0.148506934438383 0.942127705991780 -5.343071730699034 -5.126942817759716
-0.564917507626469 -0.061834519223113 0.076157228836895 -0.143978681418755 0.816543678342840 -0.174141648527182 0.990639116933423 -5.618193613714517 -5.241617896106776
-0.565612635055639 -0.057892255671742 0.075155480146857 -0.139025485834088 0.788452710274268 -0.200349738007716 1.031944847103006 -5.852450050192193 -5.296672676109448
-0.566281963863632 -0.054096303371626 0.074021314639915 -0.133865761598573 0.759190460023307 -0.226833101388263 1.066324706071597 -6.047427919355641 -5.295329876597310
-0.566924634553973 -0.050451536769493 0.072754765886059 -0.128534138068215 0.728953320426529 -0.253309750771250 1.094058503494644 -6.204714100481734 -5.240812216399382
-0.567539953781727 -0.046961888019872 0.071357196826793 -0.123063845550742 0.697929749924120 -0.279513811853246 1.115426048996504 -6.325895472780729 -5.136342414345241
-0.568127387358256 -0.043630386657071 0.069831219207168 -0.117486715305759 0.666300272560216 -0.305195523924973 1.130707152188215 -6.412558915527278 -4.985143189266128
-0.568686553255980 -0.040459199267158 0.068180613007812 -0.111833179544818 0.634237477982580 -0.330121239871303 1.140181622707459 -6.466291307940519 -4.790437259986624
-0.569217214613136 -0.037449669159944 0.066410245876955 -0.106132271431281 0.601906021442877 -0.354073426171236 1.144129270187477 -6.488679529281782 -4.555447345342412
-0.569719272738538 -0.034602356040962 0.064525992562466 -0.100411625080343 0.569462623796468 -0.376850662897948 1.142829904230425 -6.481310458794631 -4.283396164157516
-0.570192760116334 -0.031917075683449 0.062534654343872 -0.094697475559191 0.537056071502495 -0.398267643718736 1.136563334487306 -6.445770975713749 -3.977506435265399
-0.570637833410768 -0.029392939600329 0.060443878464397 -0.089014658886755 0.504827216623926 -0.418155175895063 1.125609370569158 -6.383647959287142 -3.641000877492861
-0.571054766470937 -0.027028394716192 0.058262077562984 -0.083386612033909 0.472908976827491 -0.436360180282527 1.110247822095900 -6.296528288762815 -3.277102209670868
-0.571443943335554 -0.024821263039274 0.055998349106330 -0.077835372923429 0.441426335383677 -0.452745691330882 1.090758498727418 -6.185998843393214 -2.889033150626774
-0.571805851237703 -0.022768781333440 0.053662394820910 -0.072381580429792 0.410496341166711 -0.467190857084016 1.067421210043662 -6.053646502395260 -2.480016419193209
-0.572141073609601 -0.020867640790166 0.051264440125010 -0.067044474379574 0.380228108654734 -0.479590939179982 1.040515765700079 -5.901058145045823 -2.053274734197252
-0.572450283087356 -0.019114026700519 0.048815153560755 -0.061841895551074 0.350722817929505 -0.489857312850968 1.010321975316586 -5.729820650575146 -1.612030814467369
-0.572734234515729 -0.017503658127136 0.046325566226138 -0.056790285674491 0.322073714676629 -0.497917466923305 0.977119648517544 -5.541520898215690 -1.159507378836733
-0.572993757952888 -0.016031827576208 0.043806991207051 -0.051904687431903 0.294366110185551 -0.503715003817488 0.941188594922870 -5.337745767239888 -0.698927146131356
-0.573229751675175 -0.014693440669461 0.041270943009310 -0.047198744457289 0.267677381349352 -0.507209639548145 0.902808624174689 -5.120082136860216 -0.233512835181293
-0.573443175181857 -0.013483055816136 0.038729056990690 -0.042684701336415 0.242076970665051 -0.508377203724052 0.862259545879596 -4.890116886349105 0.233512835181293
-0.573635042199892 -0.012394923884969 0.036193008792949 -0.038373403607017 0.217626386233305 -0.507209639548145 0.819821169679713 -4.649436894934578 0.698927146131068
-0.573806413688685 -0.011423027876176 0.033674433773862 -0.034274297758619 0.194379201758632 -0.503715003817490 0.775773305190519 -4.399629041869080 1.159507378836744
-0.573958390844848 -0.010561122593430 0.031184846439245 -0.030395431232666 0.172381056549287 -0.497917466923306 0.730395762036373 -4.142280206385074 1.612030814467924
-0.574092108106961 -0.009802774315843 0.028735559874990 -0.026743452422484 0.151669655517361 -0.489857312850966 0.683968349863839 -3.878977267746109 2.053274734197252
-0.574208726160327 -0.009141400469950 0.026337605179090 -0.023323610673165 0.132274769178631 -0.479590939179980 0.636770878266191 -3.611307105182426 2.480016419192377
-0.574309424941736 -0.008570309301686 0.024001650893670 -0.020139756281834 0.114218233652719 -0.467190857084018 0.589083156889991 -3.340856597939812 2.889033150628162
-0.574395396644223 -0.008082739548371 0.021737922437016 -0.017194340497384 0.097513950663020 -0.452745691330877 0.541184995372923 -3.069212625268491 3.277102209669203
-0.574467838721825 -0.007671900110688 0.019556121535603 -0.014488415520519 0.082167887536677 -0.436360180282531 0.493356203303819 -2.797962066409809 3.641000877494249
-0.574527946894345 -0.007331009724665 0.017465345656128 -0.012021634504000 0.068178077204628 -0.418155175895060 0.445876590342564 -2.528691800607330 3.977506435265121
-0.574576908152107 -0.007053336633657 0.015474007437534 -0.009792251552287 0.055534618201591 -0.398267643718735 0.399025966100197 -2.262988707102398 4.283396164157793
-0.574615893760716 -0.006832238260326 0.013589754123045 -0.007797121721786 0.044219674666079 -0.376850662897946 0.353084140209958 -2.002439665160782 4.555447345341856
-0.574646052265819 -0.006661200878625 0.011819386992188 -0.006031701020737 0.034207476340276 -0.354073426171236 0.308330922287325 -1.748631553981639 4.790437259986624
-0.574668502497866 -0.006533879285773 0.010168780792832 -0.004490046409300 0.025464318570367 -0.330121239871303 0.265046121961099 -1.503151252861823 4.985143189267238
-0.574684326576863 -0.006444136474243 0.008642803173207 -0.003164815799495 0.017948562306058 -0.305195523924967 0.223509548868961 -1.267585641011593 5.136342414344686
-0.574694562917139 -0.006386083303738 0.007245234113941 -0.002047268055150 0.011610634101000 -0.279513811853244 0.184001012626389 -1.043521597683394 5.240812216398272
-0.574700199232099 -0.006354118173175 0.005978685360085 -0.001127262992018 0.006393026112583 -0.253309750771252 0.146800322857743 -0.832546002134116 5.295329876596755
-0.574702165538988 -0.006342966692665 0.004844519853143 -0.000393261377729 0.002230296101913 -0.226833101388269 0.112187289191823 -0.636245733587337 5.296672676112779
-0.574701327163647 -0.006347721355495 0.003842771163105 0.000167675068230 -0.000950932566024 -0.200349738007705 0.080441721252988 -0.456207671297726 5.241617896101225
-0.574698477745274 -0.006363881210108 0.002972062920469 0.000569883674495 -0.003231970922513 -0.174141648527198 0.051843428678922 -0.294018694524389 5.126942817765823
-0.574694332241185 -0.006387391532084 0.002229528248277 0.000829100817890 -0.004702064395135 -0.148506934438369 0.026672221076218 -0.151265682482027 4.949424722238138
-0.574689519931568 -0.006414683496121 0.001610729194141 0.000962461923271 -0.005458392807545 -0.123759810827179 0.005207908087002 -0.029535514438628 4.705840890708579
-0.574684577424250 -0.006442713848020 0.001109576162273 0.000988501463706 -0.005606070379738 -0.100230606373636 -0.012269700677692 0.069584930368904 4.392968604364222
-0.574679941659448 -0.006469004576660 0.000718247345514 0.000927152960317 -0.005258145727893 -0.078265763351815 -0.025480795575739 0.144508772705887 4.007585144336634
-0.574675942914536 -0.006491682585981 0.000427108157363 0.000799748982439 -0.004535601864364 -0.058227837630132 -0.034145566987220 0.193649133299889 3.546467791832875
-0.574672797808799 -0.006509519366971 0.000224630664008 0.000629021147502 -0.003567356197864 -0.040495498670967 -0.037984205305541 0.215419132940653 3.006393827997833
-0.574670602308194 -0.006521970669637 0.000097313016353 0.000439100120975 -0.002490260533161 -0.025463529530978 -0.036716900861933 0.208231892364630 2.384140534019696
-0.574669324730110 -0.006529216174993 0.000029598882049 0.000255515616665 -0.001449101071338 -0.013542826860879 -0.030063844080885 0.170500532321594 1.676485191048904
-0.574668798748129 -0.006532199167042 0.000003796877521 0.000105196396261 -0.000596598409730 -0.005160400905635 -0.017745225284749 0.100638173590184 0.880205080298069
-0.574668716396780 -0.006532666204751 0.000000000000000 0.000016470269837 -0.000093407541779 -0.000759375504145 -0.003294053967373 0.018681508355822 0.151875100826704
-0.574668716396780 -0.006532666204751 0.000000000000000 0.000000000000000 0.000000000000000 -0.000000000000011 -0.003294053967373 0.018681508355822 0.246797038859057
-0.574668798748129 -0.006532199167042 0.000006169925971 -0.000016470269837 0.000093407541779 0.001233985194284 -0.017745225284749 0.100638173590184 1.430333255465415
-0.574669324730110 -0.006529216174993 0.000048098183329 -0.000105196396261 0.000596598409730 0.008385651471611 -0.030063844080885 0.170500532321594 2.724288435466928
-0.574670602308194 -0.006521970669637 0.000158133651574 -0.000255515616665 0.001449101071338 0.022007093648946 -0.036716900861933 0.208231892364630 3.874228367778557
-0.574672797808799 -0.006509519366971 0.000365024829013 -0.000439100120975 0.002490260533161 0.041378235487839 -0.037984205305541 0.215419132940653 4.885389970498122
-0.574675942914536 -0.006491682585981 0.000694050755715 -0.000629021147502 0.003567356197864 0.065805185340329 -0.034145566987220 0.193649133299889 5.763010161723428
-0.574679941659448 -0.006469004576660 0.001167151936460 -0.000799748982439 0.004535601864364 0.094620236148946 -0.025480795575739 0.144508772705887 6.512325859552314
-0.574684577424250 -0.006442713848020 0.001803061263693 -0.000927152960317 0.005258145727893 0.127181865446708 -0.012269700677692 0.069584930368904 7.138573982082518
-0.574689519931568 -0.006414683496121 0.002617434940479 -0.000988501463706 0.005606070379738 0.162874735357121 0.005207908087002 -0.029535514438628 7.646991447411949
-0.574694332241185 -0.006387391532084 0.003622983403450 -0.000962461923271 0.005458392807545 0.201109692594180 0.026672221076218 -0.151265682482027 8.042815173638450
-0.574698477745274 -0.006363881210108 0.004829602245762 -0.000829100817890 0.004702064395135 0.241323768462373 0.051843428678922 -0.294018694524389 8.331282078859642
-0.574701327163647 -0.006347721355495 0.006244503140045 -0.000569883674495 0.003231970922513 0.282980178856671 0.080441721252988 -0.456207671297726 8.517629081173549
-0.574702165538988 -0.006342966692665 0.007872344761358 -0.000167675068230 0.000950932566024 0.325568324262539 0.112187289191823 -0.636245733587337 8.607093098677742
-0.574700199232099 -0.006354118173175 0.009715363710137 0.000393261377729 -0.002230296101913 0.368603789755927 0.146800322857743 -0.832546002134116 8.604911049470564
-0.574694562917139 -0.006386083303738 0.011773505435154 0.001127262992018 -0.006393026112583 0.411628345003280 0.184001012626389 -1.043521597683394 8.516319851648991
-0.574684326576863 -0.006444136474243 0.014044555156461 0.002047268055150 -0.011610634101000 0.454209944261525 0.223509548868961 -1.267585641011593 8.346556423311647
-0.574668502497866 -0.006533879285773 0.016524268788352 0.003164815799495 -0.017948562306058 0.495942726378083 0.265046121961099 -1.503151252861823 8.100857682555851
-0.574646052265819 -0.006661200878625 0.019206503862306 0.004490046409300 -0.025464318570367 0.536447014790863 0.308330922287325 -1.748631553981639 7.784460547479455
-0.574615893760716 -0.006832238260326 0.022083350449947 0.006031701020737 -0.034207476340276 0.575369317528260 0.353084140209958 -2.002439665160782 7.402601936180853
-0.574576908152107 -0.007053336633657 0.025145262085993 0.007797121721786 -0.044219674666079 0.612382327209164 0.399025966100197 -2.262988707102398 6.960518766756674
-0.574527946894345 -0.007331009724665 0.028381186691208 0.009792251552287 -0.055534618201591 0.647184921042947 0.445876590342564 -2.528691800607330 6.463447957306268
-0.574467838721825 -0.007671900110688 0.031778697495355 0.012021634504000 -0.068178077204628 0.679502160829479 0.493356203303819 -2.797962066409809 5.916626425925831
-0.574395396644223 -0.008082739548371 0.035324123960151 0.014488415520519 -0.082167887536677 0.709085292959108 0.541184995372923 -3.069212625268491 5.325291090714224
-0.574309424941736 -0.008570309301686 0.039002682702214 0.017194340497384 -0.097513950663020 0.735711748412679 0.589083156889991 -3.340856597939812 4.694678869769930
-0.574208726160327 -0.009141400469950 0.042798608416022 0.020139756281834 -0.114218233652719 0.759185142761529 0.636770878266191 -3.611307105182426 4.030026681188237
-0.574092108106961 -0.009802774315843 0.046695284796859 0.023323610673165 -0.132274769178631 0.779335276167470 0.683968349863839 -3.878977267746109 3.336571443069425
-0.573958390844848 -0.010561122593430 0.050675375463773 0.026743452422484 -0.151669655517361 0.796018133382817 0.730395762036373 -4.142280206385074 2.619550073511001
-0.573806413688685 -0.011423027876176 0.054720954882525 0.030395431232666 -0.172381056549287 0.809115883750372 0.775773305190519 -4.399629041869080 1.884199490609362
-0.573635042199892 -0.012394923884969 0.058813639288542 0.034274297758619 -0.194379201758632 0.818536881203419 0.819821169679713 -4.649436894934578 1.135756612463679
-0.573443175181857 -0.013483055816136 0.062934717609871 0.038373403607017 -0.217626386233305 0.824215664265737 0.862259545879596 -4.890116886349105 0.379458357169793
-0.573229751675175 -0.014693440669461 0.067065282390129 0.042684701336415 -0.242076970665051 0.826112956051586 0.902808624174689 -5.120082136860216 -0.379458357169793
-0.572993757952888 -0.016031827576208 0.071186360711458 0.047198744457289 -0.267677381349352 0.824215664265737 0.941188594922870 -5.337745767239888 -1.135756612464789
-0.572734234515729 -0.017503658127136 0.075279045117475 0.051904687431903 -0.294366110185551 0.818536881203413 0.977119648517544 -5.541520898215690 -1.884199490608252
-0.572450283087356 -0.019114026700519 0.079324624536227 0.056790285674491 -0.322073714676629 0.809115883750372 1.010321975316586 -5.729820650575146 -2.619550073511556
-0.572141073609601 -0.020867640790166 0.083304715203141 0.061841895551074 -0.350722817929505 0.796018133382814 1.040515765700079 -5.901058145045823 -3.336571443068870
-0.571805851237703 -0.022768781333440 0.087201391583978 0.067044474379574 -0.380228108654734 0.779335276167470 1.067421210043662 -6.053646502395260 -4.030026681188237
-0.571443943335554 -0.024821263039274 0.090997317297786 0.072381580429792 -0.410496341166711 0.759185142761529 1.090758498727418 -6.185998843393214 -4.694678869769930
-0.571054766470937 -0.027028394716192 0.094675876039849 0.077835372923429 -0.441426335383677 0.735711748412679 1.110247822095900 -6.296528288762815 -5.325291090713669
-0.570637833410768 -0.029392939600329 0.098221302504645 0.083386612033909 -0.472908976827491 0.709085292959111 1.125609370569158 -6.383647959287142 -5.916626425925831
-0.570192760116334 -0.031917075683449 0.101618813308792 0.089014658886755 -0.504827216623926 0.679502160829482 1.136563334487306 -6.445770975713749 -6.463447957307800
-0.569719272738538 -0.034602356040962 0.104854737914007 0.094697475559191 -0.537056071502495 0.647184921042943 1.142829904230425 -6.481310458794631 -6.960518766755408
-0.569217214613136 -0.037449669159944 0.107916649550053 0.100411625080343 -0.569462623796468 0.612382327209166 1.144129270187477 -6.488679529281782 -7.402601936181696
-0.568686553255980 -0.040459199267158 0.110793496137694 0.106132271431281 -0.601906021442877 0.575369317528257 1.140181622707459 -6.466291307940519 -7.784460547478611
-0.568127387358256 -0.043630386657071 0.113475731211648 0.111833179544818 -0.634237477982580 0.536447014790864 1.130707152188215 -6.412558915527278 -8.100857682558082
-0.567539953781727 -0.046961888019872 0.115955444843539 0.117486715305759 -0.666300272560216 0.495942726378074 1.115426048996504 -6.325895472780729 -8.346556423310947
-0.566924634553973 -0.050451536769493 0.118226494564846 0.123063845550742 -0.697929749924120 0.454209944261519 1.094058503494644 -6.204714100481734 -8.516319851646914
-0.566281963863632 -0.054096303371626 0.120284636289863 0.128534138068215 -0.728953320426529 0.411628345003284 1.066324706071597 -6.047427919355641 -8.604911049466812
-0.565612635055639 -0.057892255671742 0.122127655238642 0.133865761598573 -0.759190460023307 0.368603789755950 1.031944847103006 -5.852450050192193 -8.607093098684793
-0.564917507626469 -0.061834519223113 0.123755496859955 0.139025485834088 -0.788452710274268 0.325568324262526 0.990639116933423 -5.618193613714517 -8.517629081175038
-0.564197614219375 -0.065917237614828 0.125170397754238 0.143978681418755 -0.816543678342840 0.282980178856651 0.942127705991780 -5.343071730699034 -8.331282078850588
-0.563454167619631 -0.070133532799809 0.126377016596550 0.148689319948714 -0.843259036996336 0.241323768462398 0.886130804587104 -5.025497521897737 -8.042815173645579
-0.562688567749773 -0.074475465422838 0.127382565059521 0.153119973971649 -0.868386524605824 0.201109692594170 0.822368603148327 -4.663884108055960 -7.646991447416429
-0.561902408664836 -0.078933995148569 0.128196938736306 0.157231816987391 -0.891705945146104 0.162874735357088 0.750561292024443 -4.256644609936799 -7.138573982072849
-0.561097485547599 -0.083498940989548 0.128832848063540 0.160984623447513 -0.912989168195788 0.127181865446724 0.670429061577771 -3.802192148303352 -6.512325859553414
-0.560275801703822 -0.088158941634234 0.129305949244285 0.164336768755402 -0.932000128937305 0.094620236148957 0.581692102219478 -3.298939843900950 -5.763010161732307
-0.559439575557489 -0.092901415775018 0.129634975170986 0.167245229266499 -0.948494828156810 0.065805185340295 0.484070604276354 -2.745300817477148 -4.885389970485932
-0.558591247646050 -0.097712522436239 0.129841866348426 0.169665582287881 -0.962221332244195 0.041378235487866 0.377284758172891 -2.139688189810585 -3.874228367783950
-0.557733487615656 -0.102577121302206 0.129951901816670 0.171552006078746 -0.972919773193248 0.022007093648946 0.261054754231438 -1.480515081635492 -2.724288435462796
-0.556869201216406 -0.107478733045213 0.129993830074029 0.172857279849903 -0.980322348601426 0.008385651471632 0.135100782876485 -0.766194613706084 -1.430333255472149
-0.556001537297585 -0.112399499653563 0.130000000000000 0.173532783764285 -0.984153321669956 0.001233985194271 -0.003294053967373 0.018681508342500 -1.950963482352241
-0.555133955730113 -0.117319799224204 0.129957395838912 0.173516313494448 -0.984059914128244 -0.008520832217490 -0.152846008161234 0.866832787307370 -3.330428135304153
-0.554270195312845 -0.122218427975162 0.129831530974442 0.172752083453642 -0.979725750191707 -0.025172972894011 -0.291118598312323 1.651015613959306 -3.213571007747440
-0.553413712860534 -0.127075781335772 0.129625326834779 0.171296490462081 -0.971470672121910 -0.041240827932748 -0.414001659034824 2.347920082168553 -3.096713880192947
-0.552567580449700 -0.131874436694327 0.129341704848110 0.169226482166907 -0.959731071711067 -0.056724397333713 -0.522054809577455 2.960719950428903 -2.979856752637344
-0.551734499409105 -0.136599074054122 0.128983586442626 0.166616208119019 -0.944927471958923 -0.071623681096900 -0.615837669211139 3.492588977194178 -2.862999625082852
-0.550916814310240 -0.141236396689487 0.128553893046514 0.163537019772964 -0.927464527072952 -0.085938679222314 -0.695909857157950 3.946700921009239 -2.746142497530579
-0.550116526957804 -0.145775051801826 0.128055546087964 0.160057470487174 -0.907731022467906 -0.099669391709967 -0.762830992693253 4.326229540303483 -2.629285369971646
-0.549335310380185 -0.150205551175658 0.127491466995165 0.156243315523708 -0.886099874766388 -0.112815818559825 -0.817160695065766 4.634348593626214 -2.512428242422704
-0.548574522819943 -0.154520191834649 0.126864577196305 0.152157512048379 -0.862928131798257 -0.125377959771938 -0.859458583515327 4.874231839406828 -2.395571114863770
-0.547835221724289 -0.158712976697655 0.126177798119574 0.147860219130802 -0.838556972601223 -0.137355815346257 -0.890284277303977 5.049053036181306 -2.278713987312608
-0.547118177735568 -0.162779535234757 0.125434051193160 0.143408797744282 -0.813311707420317 -0.148749385282820 -0.910197395689316 5.161985942419012 -2.161856859757005
-0.546423888681739 -0.166717044123298 0.124636257845252 0.138857810765836 -0.787501777708222 -0.159558669581605 -0.919757557902301 5.216204316591533 -2.044999732201402
-0.545752593566857 -0.170524147903924 0.123787339504039 0.134259022976324 -0.761420756125264 -0.169783668242612 -0.919524383218295 5.214881917234848 -1.928142604649130
-0.545104286561556 -0.174200879636620 0.122890217597710 0.129661401060233 -0.735346346539090 -0.179424381265858 -0.910057490868255 5.161192502789458 -1.811285477092972
-0.544478730993527 -0.177748581556746 0.121947813554453 0.125111113605891 -0.709540384025142 -0.188480808651323 -0.891916500127543 5.058309831772467 -1.694428349539034
-0.543875473338000 -0.181169825731077 0.120963048802458 0.120651531105254 -0.684248834866280 -0.196952950399018 -0.865661030227116 4.909407662668785 -1.577571221985097
-0.543293857208230 -0.184468334713842 0.119938844769913 0.116323225954118 -0.659701796552936 -0.204840806508944 -0.831850700420134 4.717659753951109 -1.460714094429494
-0.542733037345970 -0.187648902202758 0.118878122885008 0.112163972452017 -0.636113497783181 -0.212144376981091 -0.791045129977519 4.486239864129882 -1.343856966876666
-0.542191993611959 -0.190717313695070 0.117783804575930 0.108208746802130 -0.613682298462531 -0.218863661815474 -0.743803938130227 4.218321751687792 -1.226999839321063
-0.541669544976402 -0.193680267143591 0.116658811270870 0.104489727111479 -0.592590689704092 -0.224998661012080 -0.690686744144742 3.917079175104199 -1.110142711767126
-0.541164363509448 -0.196545293612734 0.115506064398015 0.101036293390755 -0.573005293828571 -0.230549374570915 -0.632253167260899 3.585685892881774 -0.993285584212633
-0.540674988371676 -0.199320677934554 0.114328485385555 0.097875027554450 -0.555076864364162 -0.235515802491978 -0.569062826736300 3.227315663495434 -0.876428456658140
-0.540199839804572 -0.202015379364788 0.113128995661679 0.095029713420769 -0.538940286046685 -0.239897944775269 -0.501675341824104 2.845142245447851 -0.759571329103648
-0.539737233121014 -0.204638952238885 0.111910516654575 0.092521336711648 -0.524714574819446 -0.243695801420787 -0.430650331781912 2.442339397217275 -0.642714201549710
-0.539285392695750 -0.207201466628052 0.110675969792433 0.090368085052739 -0.512502877833360 -0.246909372428536 -0.356547415836239 2.022080877300825 -0.525857073994662
-0.538842465955882 -0.209713428995286 0.109428276503440 0.088585347973558 -0.502392473446855 -0.249538657798509 -0.279926213280213 1.587540444183411 -0.408999946440725
-0.538406537371346 -0.212185702851416 0.108170358215786 0.087185716907157 -0.494454771225938 -0.251583657530713 -0.201346343327025 1.141891856353272 -0.292142818885122
-0.537975642445394 -0.214629429411137 0.106905136357661 0.086178985190521 -0.488745311944172 -0.253044371625138 -0.121367425243157 0.688308872300869 -0.175285691332294
-0.537547781705072 -0.217055948249050 0.105635532357252 0.085572148064306 -0.485303767582668 -0.253920800081800 -0.040549078295093 0.229965250514441 -0.058428563777246
-0.537120934691708 -0.219476717955700 0.104364467642748 0.085369402672830 -0.484153941330095 -0.254212942900686 0.040549078295093 -0.229965250512221 0.058428563777246
-0.536693073951386 -0.221903236793614 0.103094863642339 0.085572148064306 -0.485303767582657 -0.253920800081800 0.121367425243157 -0.688308872304200 0.175285691331739
-0.536262179025434 -0.224346963353335 0.101829641784214 0.086178985190521 -0.488745311944178 -0.253044371625141 0.201346343331466 -1.141891856353272 0.292142818885677
-0.535826250440898 -0.226819237209464 0.100571723496560 0.087185716907179 -0.494454771225944 -0.251583657530713 0.279926213271331 -1.587540444181190 0.408999946440725
-0.535383323701030 -0.229331199576699 0.099324030207567 0.088585347973535 -0.502392473446850 -0.249538657798509 0.356547415845121 -2.022080877300825 0.525857073994662
-0.534931483275766 -0.231893713965865 0.098089483345425 0.090368085052761 -0.512502877833354 -0.246909372428536 0.430650331773030 -2.442339397220605 0.642714201549710
-0.534468876592208 -0.234517286839963 0.096871004338321 0.092521336711626 -0.524714574819457 -0.243695801420787 0.501675341828545 -2.845142245445631 0.759571329103648
-0.533993728025104 -0.237211988270196 0.095671514614445 0.095029713420769 -0.538940286046685 -0.239897944775269 0.569062826736300 -3.227315663495434 0.876428456658696
-0.533504352887332 -0.239987372592017 0.094493935601985 0.097875027554450 -0.555076864364162 -0.235515802491976 0.632253167265340 -3.585685892881774 0.993285584212078
-0.532999171420378 -0.242852399061160 0.093341188729130 0.101036293390777 -0.573005293828571 -0.230549374570915 0.690686744135860 -3.917079175103089 1.110142711766571
-0.532476722784821 -0.245815352509680 0.092216195424070 0.104489727111456 -0.592590689704087 -0.224998661012082 0.743803938134668 -4.218321751688903 1.226999839322174
-0.531935679050810 -0.248883764001993 0.091121877114992 0.108208746802130 -0.613682298462531 -0.218863661815472 0.791045129977519 -4.486239864126551 1.343856966875556
-0.531374859188550 -0.252064331490909 0.090061155230087 0.112163972452017 -0.636113497783164 -0.212144376981094 0.831850700420134 -4.717659753956660 1.460714094430049
-0.530793243058780 -0.255362840473673 0.089036951197542 0.116323225954118 -0.659701796552947 -0.204840806508944 0.865661030227116 -4.909407662665455 1.577571221985097
-0.530189985403253 -0.258784084648005 0.088052186445547 0.120651531105254 -0.684248834866275 -0.196952950399018 0.891916500127543 -5.058309831771357 1.694428349539034
-0.529564429835224 -0.262331786568130 0.087109782402290 0.125111113605891 -0.709540384025131 -0.188480808651323 0.910057490868255 -5.161192502793899 1.811285477094082
-0.528916122829923 -0.266008518300826 0.086212660495961 0.129661401060233 -0.735346346539101 -0.179424381265852 0.919524383218295 -5.214881917228187 1.928142604646910
-0.528244827715041 -0.269815622081452 0.085363742154748 0.134259022976324 -0.761420756125242 -0.169783668242618 0.919757557902301 -5.216204316600415 2.044999732203068
-0.527550538661212 -0.273753130969993 0.084565948806840 0.138857810765836 -0.787501777708244 -0.159558669581603 0.910197395689316 -5.161985942416791 2.161856859757005
-0.526833494672491 -0.277819689507095 0.083822201880426 0.143408797744282 -0.813311707420328 -0.148749385282818 0.890284277303977 -5.049053036174644 2.278713987310943
-0.526094193576837 -0.282012474370101 0.083135422803695 0.147860219130802 -0.838556972601201 -0.137355815346263 0.859458583515327 -4.874231839413490 2.395571114865436
-0.525333406016595 -0.286327115029092 0.082508533004835 0.152157512048379 -0.862928131798268 -0.125377959771936 0.817160695065766 -4.634348593619553 2.512428242421039
-0.524552189438976 -0.290757614402924 0.081944453912036 0.156243315523708 -0.886099874766366 -0.112815818559830 0.762830992693253 -4.326229540305704 2.629285369973311
-0.523751902086540 -0.295296269515264 0.081446106953486 0.160057470487174 -0.907731022467895 -0.099669391709964 0.695909857157950 -3.946700921011459 2.746142497530024
-0.522934216987676 -0.299933592150628 0.081016413557374 0.163537019772964 -0.927464527072952 -0.085938679222314 0.615837669206698 -3.492588977191957 2.862999625082296
-0.522101135947081 -0.304658229510423 0.080658295151890 0.166616208118997 -0.944927471958912 -0.071623681096902 0.522054809581896 -2.960719950428903 2.979856752639565
-0.521255003536246 -0.309456884868978 0.080374673165221 0.169226482166907 -0.959731071711056 -0.056724397333704 0.414001659034824 -2.347920082172994 3.096713880190727
-0.520398521083936 -0.314314238229588 0.080168469025558 0.171296490462081 -0.971470672121921 -0.041240827932751 0.291118598312323 -1.651015613957085 3.213571007746330
-0.519534760666667 -0.319212866980546 0.080042604161088 0.172752083453642 -0.979725750191707 -0.025172972894019 0.152846008165675 -0.866832787294047 3.330428135301933
-0.518667179099195 -0.324133166551187 0.080000000000000 0.173516313494471 -0.984059914128177 -0.008520832217510 0.003294053958491 -0.018681508371365 1.552291342667989
-0.517799515180374 -0.329053933159537 0.079996203122479 0.173532783764263 -0.984153321670034 -0.000759375504170 -0.135100782867603 0.766194613719406 -0.880205080287522
-0.516935228781124 -0.333955544902545 0.079970401117951 0.172857279849925 -0.980322348601437 -0.005160400905607 -0.261054754235879 1.480515081635492 -1.676485191056676
-0.516077468750730 -0.338820143768511 0.079902686983647 0.171552006078746 -0.972919773193259 -0.013542826860891 -0.377284758168450 2.139688189810585 -2.384140534016921
-0.515229140839291 -0.343631250429732 0.079775369335992 0.169665582287903 -0.962221332244206 -0.025463529530975 -0.484070604285236 2.745300817481588 -3.006393827999498
-0.514392914692958 -0.348373724570516 0.079572891842637 0.167245229266477 -0.948494828156798 -0.040495498670973 -0.581692102215037 3.298939843903170 -3.546467791829544
-0.513571230849181 -0.353033725215202 0.079281752654486 0.164336768755402 -0.932000128937283 -0.058227837630120 -0.670429061577771 3.802192148290029 -4.007585144339965
-0.512766307731944 -0.357598671056182 0.078890423837727 0.160984623447513 -0.912989168195832 -0.078265763351820 -0.750561292024443 4.256644609950122 -4.392968604358671
-0.511980148647007 -0.362057200781912 0.078389270805859 0.157231816987391 -0.891705945146082 -0.100230606373614 -0.822368603143886 4.663884108049299 -4.705840890714685
-0.511214548777149 -0.366399133404941 0.077770471751723 0.153119973971672 -0.868386524605835 -0.123759810827187 -0.886130804595986 5.025497521899958 -4.949424722239248
-0.510471102177405 -0.370615428589923 0.077027937079531 0.148689319948692 -0.843259036996336 -0.148506934438383 -0.942127705982898 5.343071730696813 -5.126942817759716
-0.509751208770311 -0.374698146981637 0.076157228836895 0.143978681418777 -0.816543678342851 -0.174141648527182 -0.990639116942305 5.618193613718958 -5.241617896106776
-0.509056081341141 -0.378640410533008 0.075155480146857 0.139025485834066 -0.788452710274257 -0.200349738007716 -1.031944847098565 5.852450050185531 -5.296672676109448
-0.508386752533148 -0.382436362833125 0.074021314639915 0.133865761598573 -0.759190460023329 -0.226833101388263 -1.066324706071597 6.047427919362303 -5.295329876597310
-0.507744081842807 -0.386081129435258 0.072754765886059 0.128534138068215 -0.728953320426518 -0.253309750771250 -1.094058503494644 6.204714100477293 -5.240812216399382
-0.507128762615053 -0.389570778184878 0.071357196826793 0.123063845550742 -0.697929749924131 -0.279513811853246 -1.115426048992063 6.325895472785170 -5.136342414345241
-0.506541329038524 -0.392902279547679 0.069831219207168 0.117486715305781 -0.666300272560205 -0.305195523924973 -1.130707152192656 6.412558915522837 -4.985143189266128
-0.505982163140800 -0.396073466937592 0.068180613007812 0.111833179544818 -0.634237477982591 -0.330121239871303 -1.140181622711900 6.466291307942740 -4.790437259986624
-0.505451501783644 -0.399082997044807 0.066410245876955 0.106132271431258 -0.601906021442877 -0.354073426171236 -1.144129270183036 6.488679529284003 -4.555447345342412
-0.504949443658242 -0.401930310163789 0.064525992562466 0.100411625080343 -0.569462623796457 -0.376850662897948 -1.142829904230425 6.481310458790190 -4.283396164157516
-0.504475956280446 -0.404615590521301 0.062534654343872 0.094697475559191 -0.537056071502506 -0.398267643718736 -1.136563334487306 6.445770975715970 -3.977506435265399
-0.504030882986013 -0.407139726604421 0.060443878464397 0.089014658886755 -0.504827216623926 -0.418155175895063 -1.125609370564717 6.383647959284922 -3.641000877492861
-0.503613949925843 -0.409504271488559 0.058262077562984 0.083386612033931 -0.472908976827502 -0.436360180282527 -1.110247822104782 6.296528288767256 -3.277102209670868
-0.503224773061226 -0.411711403165477 0.055998349106330 0.077835372923407 -0.441426335383666 -0.452745691330882 -1.090758498722977 6.185998843388774 -2.889033150626774
-0.502862865159077 -0.413763884871310 0.053662394820910 0.072381580429792 -0.410496341166722 -0.467190857084016 -1.067421210043662 6.053646502397481 -2.480016419193209
-0.502527642787179 -0.415665025414584 0.051264440125010 0.067044474379574 -0.380228108654734 -0.479590939179982 -1.040515765700079 5.901058145048044 -2.053274734197252
-0.502218433309424 -0.417418639504232 0.048815153560755 0.061841895551074 -0.350722817929494 -0.489857312850968 -1.010321975316586 5.729820650570705 -1.612030814467369
-0.501934481881051 -0.419029008077615 0.046325566226138 0.056790285674491 -0.322073714676641 -0.497917466923305 -0.977119648513103 5.541520898220131 -1.159507378836733
-0.501674958443892 -0.420500838628543 0.043806991207051 0.051904687431925 -0.294366110185540 -0.503715003817488 -0.941188594931752 5.337745767233226 -0.698927146131356
-0.501438964721605 -0.421839225535289 0.041270943009310 0.047198744457266 -0.267677381349374 -0.507209639548145 -0.902808624165807 5.120082136866877 -0.233512835181293
-0.501225541214923 -0.423049610388615 0.038729056990690 0.042684701336437 -0.242076970665039 -0.508377203724052 -0.862259545888477 4.890116886346885 0.233512835181293
-0.501033674196888 -0.424137742319781 0.036193008792949 0.038373403606995 -0.217626386233305 -0.507209639548145 -0.819821169675272 4.649436894936798 0.698927146131068
-0.500862302708095 -0.425109638328574 0.033674433773862 0.034274297758619 -0.194379201758621 -0.503715003817490 -0.775773305186078 4.399629041862418 1.159507378836744
-0.500710325551932 -0.425971543611321 0.031184846439245 0.030395431232688 -0.172381056549309 -0.497917466923306 -0.730395762045255 4.142280206393956 1.612030814467924
-0.500576608289819 -0.426729891888907 0.028735559874990 0.026743452422462 -0.151669655517339 -0.489857312850966 -0.683968349854958 3.878977267741668 2.053274734197252
-0.500459990236453 -0.427391265734801 0.026337605179090 0.023323610673187 -0.132274769178631 -0.479590939179980 -0.636770878270632 3.611307105175765 2.480016419192377
-0.500359291455044 -0.427962356903064 0.024001650893670 0.020139756281834 -0.114218233652752 -0.467190857084018 -0.589083156894432 3.340856597948694 2.889033150628162
-0.500273319752557 -0.428449926656379 0.021737922437016 0.017194340497362 -0.097513950663008 -0.452745691330877 -0.541184995364041 3.069212625266271 3.277102209669203
-0.500200877674955 -0.428860766094063 0.019556121535603 0.014488415520542 -0.082167887536677 -0.436360180282531 -0.493356203308259 2.797962066412030 3.641000877494249
-0.500140769502435 -0.429201656480086 0.017465345656128 0.012021634504000 -0.068178077204617 -0.418155175895060 -0.445876590347005 2.528691800605110 3.977506435265121
-0.500091808244673 -0.429479329571094 0.015474007437534 0.009792251552265 -0.055534618201591 -0.398267643718735 -0.399025966095756 2.262988707104618 4.283396164157793
-0.500052822636064 -0.429700427944424 0.013589754123045 0.007797121721786 -0.044219674666068 -0.376850662897946 -0.353084140209958 2.002439665151901 4.555447345341856
-0.500022664130961 -0.429871465326126 0.011819386992188 0.006031701020737 -0.034207476340309 -0.354073426171236 -0.308330922282885 1.748631553990521 4.790437259986624
-0.500000213898914 -0.429998786918978 0.010168780792832 0.004490046409322 -0.025464318570356 -0.330121239871303 -0.265046121967760 1.503151252857382 4.985143189267238
-0.499984389819917 -0.430088529730508 0.008642803173207 0.003164815799483 -0.017948562306069 -0.305195523924967 -0.223509548868961 1.267585641013813 5.136342414344686
-0.499974153479641 -0.430146582901013 0.007245234113941 0.002047268055139 -0.011610634101000 -0.279513811853244 -0.184001012624169 1.043521597685615 5.240812216398272
-0.499968517164681 -0.430178548031576 0.005978685360085 0.001127262992018 -0.006393026112572 -0.253309750771252 -0.146800322855523 0.832546002129675 5.295329876596755
-0.499966550857792 -0.430189699512085 0.004844519853143 0.000393261377740 -0.002230296101924 -0.226833101388269 -0.112187289191823 0.636245733587337 5.296672676112779
-0.499967389233133 -0.430184944849255 0.003842771163105 -0.000167675068219 0.000950932566013 -0.200349738007705 -0.080441721257429 0.456207671304387 5.241617896101225
-0.499970238651506 -0.430168784994643 0.002972062920469 -0.000569883674506 0.003231970922535 -0.174141648527198 -0.051843428678922 0.294018694519949 5.126942817765823
-0.499974384155595 -0.430145274672667 0.002229528248277 -0.000829100817901 0.004702064395135 -0.148506934438369 -0.026672221073998 0.151265682479806 4.949424722238138
-0.499979196465212 -0.430117982708629 0.001610729194141 -0.000962461923271 0.005458392807534 -0.123759810827179 -0.005207908084781 0.029535514443069 4.705840890708579
-0.499984138972530 -0.430089952356731 0.001109576162273 -0.000988501463695 0.005606070379749 -0.100230606373636 0.012269700673251 -0.069584930375566 4.392968604364222
-0.499988774737332 -0.430063661628091 0.000718247345514 -0.000927152960328 0.005258145727871 -0.078265763351815 0.025480795577959 -0.144508772697005 4.007585144336634
-0.499992773482244 -0.430040983618769 0.000427108157363 -0.000799748982439 0.004535601864386 -0.058227837630132 0.034145566991661 -0.193649133306550 3.546467791832875
-0.499995918587981 -0.430023146837780 0.000224630664008 -0.000629021147480 0.003567356197853 -0.040495498670967 0.037984205298880 -0.215419132938433 3.006393827997833
-0.499998114088586 -0.430010695535114 0.000097313016353 -0.000439100120986 0.002490260533161 -0.025463529530978 0.036716900866374 -0.208231892362409 2.384140534019696
-0.499999391666670 -0.430003450029757 0.000029598882049 -0.000255515616654 0.001449101071349 -0.013542826860879 0.030063844074224 -0.170500532328255 1.676485191048904
-0.499999917648651 -0.430000467037709 0.000003796877521 -0.000105196396283 0.000596598409708 -0.005160400905635 0.017745225293631 -0.100638173585743 0.880205080298069
