-0.499999979775207 -0.430000114700498 0.000007602123551 0.000004044958501 -0.000022940099609 0.001520424710185 0.003015906704373 -0.017104056861950 1.757805415675780
-0.499999884152747 -0.430000657002418 0.000059149382494 0.000019124492023 -0.000108460383919 0.010309451788564 0.001111341436655 -0.006302730486407 3.335521791233833
-0.499999760746751 -0.430001356872599 0.000194084686217 0.000024681199207 -0.000139974036351 0.026987060744733 -0.005890006102849 0.033403884536209 4.723540245015554
-0.499999784590908 -0.430001221645668 0.000447108496066 -0.000004768831308 0.000027045386330 0.050604761969811 -0.017690030054140 0.100325145808711 5.929299911208251
-0.500000250685816 -0.429998578290091 0.000848364803696 -0.000093218981578 0.000528671115374 0.080251261525852 -0.033990624523916 0.192770410938348 6.960239923999231
-0.500001566546337 -0.429991115674241 0.001423627109425 -0.000263172104198 0.001492523170066 0.115052461145848 -0.054493683685486 0.309049037541254 7.823799417575800
-0.500004244748950 -0.429975926832452 0.002194484400594 -0.000535640522625 0.003037768357772 0.154171458233727 -0.078901101630002 0.447470383224680 8.527417526125259
-0.500008895479104 -0.429949551231082 0.003178527129915 -0.000930146030775 0.005275120273895 0.196808545864354 -0.106914772510791 0.606343805591436 9.078533383834946
-0.500016219078570 -0.429908017034573 0.004389533193833 -0.001464719893329 0.008306839301853 0.242201212783528 -0.138236590454532 0.783978662266538 9.484586124892102
-0.500026998592798 -0.429846883371507 0.005837653910873 -0.002155902845602 0.012226732613185 0.289624143407989 -0.172568449601229 0.978684310850575 9.753014883484113
-0.500042092318266 -0.429761282600670 0.007529600000000 -0.003018745093608 0.017120154167438 0.338389217825409 -0.209612244068680 1.188770108948578 9.891258793798196
-0.500062426349836 -0.429645962577109 0.009468827558972 -0.004066806313952 0.023064004712181 0.387845511794400 -0.249069867996887 1.412545414187782 9.906756990021892
-0.500088987128106 -0.429495328918193 0.011655724042695 -0.005312155653936 0.030126731783120 0.437379296744510 -0.290643215512532 1.648319584151015 9.806948606342070
-0.500122813986763 -0.429303487269674 0.014087794241576 -0.006765371731499 0.038368329703875 0.486414039776220 -0.334034180764498 1.894401976485494 9.599272776946366
-0.500164991699940 -0.429064285571742 0.016759846259880 -0.008435542635321 0.047840339586303 0.534410403660952 -0.378944657861702 2.149101948760723 9.291168636022196
-0.500216643029563 -0.428771356325092 0.019664177494086 -0.010330265924630 0.058585849330106 0.580866246841063 -0.425076540944147 2.410728858615041 8.890075317756473
-0.500278921272710 -0.428418158856976 0.022790760611235 -0.012455648629350 0.070639493623181 0.625316623429845 -0.472131724151836 2.677592063653478 8.403431956336837
-0.500353002808960 -0.427998021587269 0.026127429527293 -0.014816307250110 0.084027453941449 0.667333783211529 -0.519812101611450 2.948000921474403 7.838677685950279
-0.500440079647751 -0.427504184294525 0.029660065385499 -0.017415367758167 0.098767458548821 0.706527171641281 -0.567819567445227 3.220264789696170 7.203251640784680
-0.500541351975728 -0.426929840382038 0.033372782534725 -0.020254465595393 0.114868782497302 0.742543429845204 -0.615856015806493 3.492693025928251 6.504592955026545
-0.500658020704100 -0.426268179143903 0.037248114507827 -0.023333745674425 0.132332247626943 0.775066394620337 -0.663623340808606 3.763594987788998 5.750140762864064
-0.500791280015993 -0.425512428031074 0.041267200000000 -0.026651862378468 0.151150222565888 0.803817098434657 -0.710823436582686 4.031280032870121 4.947334198483477
-0.500942309913800 -0.424655894917423 0.045409968847135 -0.030205979561382 0.171306622730238 0.828553769427075 -0.757158197277619 4.294057518794414 4.103612396074152
-0.501112268766538 -0.423692010365802 0.049655328004173 -0.033991770547770 0.192776910324211 0.849071831407445 -0.802329517011202 4.550236803166907 3.226414489818930
-0.501302285857203 -0.422614369894102 0.053981347523455 -0.038003418132826 0.215528094340045 0.865203903856540 -0.846039289923439 4.798127243603734 2.323179613911974
-0.501513453930115 -0.421416776241311 0.058365446533086 -0.042233614582443 0.239518730558064 0.876819801926100 -0.887989410127688 5.036038197709924 1.401346902533418
-0.501746821738280 -0.420093281633578 0.062784579215280 -0.046673561633082 0.264698921546613 0.883826536438767 -0.927881771795036 5.262279023092731 0.468355489876005
-0.502003386590741 -0.418638230050268 0.067215420784720 -0.051312970492057 0.291010316662077 0.886168313888147 -0.965418269003315 5.475159077366065 -0.468355489876560
-0.502284086899926 -0.417046299490023 0.071634553466914 -0.056140061837073 0.318386112048907 0.883826536438764 -1.000300795941378 5.672987718141620 -1.401346902532574
-0.502589794729010 -0.415312544236825 0.076018652476545 -0.061141565816780 0.346751050639615 0.876819801926101 -1.032231246695936 5.854074303028867 -2.323179613912263
-0.502921308339261 -0.413432437126051 0.080344671995827 -0.066302722050260 0.376021422154760 0.865203903856540 -1.060911515415874 6.016728189632836 -3.226414489819196
-0.503279344737398 -0.411401911810537 0.084590031152865 -0.071607279627339 0.406105063102924 0.849071831407444 -1.086043496250078 6.159258735569662 -4.103612396073597
-0.503664532222941 -0.409217405026633 0.088732800000000 -0.077037497108590 0.436901356780772 0.828553769427076 -1.107329083298580 6.279975298446594 -4.947334198482922
-0.504077402935566 -0.406875898860268 0.092751885492173 -0.082574142525083 0.468301233273005 0.803817098434662 -1.124470170710268 6.377187235862003 -5.750140762866840
-0.504518385402459 -0.404374963013006 0.096627217465275 -0.088196493378634 0.500187169452315 0.775066394620327 -1.137168652625142 6.449203905458667 -6.504592955022814
-0.504987797085668 -0.401712797068108 0.100339934614501 -0.093882336641760 0.532433188979609 0.742543429845213 -1.145126423156562 6.494334664808310 -7.203251640788277
-0.505485836929456 -0.398888272756590 0.103872570472707 -0.099607968757542 0.564904862303650 0.706527171641272 -1.148045376444529 6.510888871544829 -7.838677685946260
-0.506012577907655 -0.395900976223283 0.107209239388765 -0.105348195639765 0.597459306661374 0.667333783211541 -1.145627406629046 6.497175883271034 -8.403431956339746
-0.506567959571019 -0.392751250292894 0.110335822505914 -0.111076332672910 0.629945186077729 0.625316623429842 -1.137574407836794 6.451505057594176 -8.890075317756207
-0.507151780594580 -0.389440236736066 0.113240153740120 -0.116764204712094 0.662202711365700 0.580866246841061 -1.123588274181131 6.372185752132609 -9.291168636021974
-0.507763691324995 -0.385969918535434 0.115912205758424 -0.122382146083000 0.694063640126363 0.534410403660951 -1.103370899828704 6.257527324489143 -9.599272776945611
-0.508403186327905 -0.382343162151690 0.118344275957305 -0.127899000582143 0.725351276748809 0.486414039776223 -1.076624178888430 6.105839132273250 -9.806948606340127
-0.509069596935288 -0.378563759789639 0.120531172441028 -0.133282121476586 0.755880472410175 0.437379296744522 -1.043050005486990 5.915430533094401 -9.906756990027965
-0.509762083792808 -0.374636471664261 0.122470400000000 -0.138497371504021 0.785457625075647 0.387845511794382 -1.002350273782149 5.684610884579833 -9.891258793790492
-0.510479629407173 -0.370567068266768 0.124162346089127 -0.143509122872931 0.813880679498546 0.338389217825430 -0.954226877878384 5.411689544305709 -9.753014883493449
-0.511221030693485 -0.366362372630668 0.125610466806167 -0.148280257262323 0.840939127220075 0.289624143407963 -0.898381711929019 5.094975869914808 -9.484586124886007
-0.511984891522595 -0.362030302597820 0.126821472870085 -0.152772165821968 0.866414006569649 0.242201212783533 -0.834516670038532 4.732779219001060 -9.078533383830578
-0.512769615268455 -0.357579913084496 0.127805515599407 -0.156944749172161 0.890077902664654 0.196808545864380 -0.762333646382451 4.323408949176155 -8.527417526131842
-0.513573397355476 -0.353021438347444 0.128576372890575 -0.160756417404073 0.911694947410535 0.154171458233721 -0.681534535043049 3.865174418056228 -7.823799417576716
-0.514394217805872 -0.348366334249940 0.129151635196304 -0.164164090079288 0.931020819500816 0.115052461145837 -0.591821230191414 3.356384983230765 -6.960239924000966
-0.515229833787023 -0.343627320527855 0.129552891503933 -0.167123196230246 0.947802744416970 0.080251261525832 -0.492895625936463 2.795350002349206 -5.929299911195951
-0.516077772158823 -0.338818423055711 0.129805915313783 -0.169587674359928 0.961779494428716 0.050604761969852 -0.384459616422639 2.180378832974394 -4.723540245024083
-0.516935322021033 -0.333955016112743 0.129940850617506 -0.171509972442041 0.972681388593588 0.026987060744732 -0.266215095767741 1.509780832755769 -3.335521791232310
-0.517799527260638 -0.329053864648956 0.129992397876449 -0.172841047920880 0.980230292757367 0.010309451788570 -0.137863958120654 0.781865359276157 -1.757805415678604
-0.518667179099195 -0.324133166551188 0.130000000000000 -0.173530367711483 0.984139619553748 0.001520424710177 0.002006446107039 -0.011379121334087 -2.129207921849341
-0.519534780776600 -0.319212752931452 0.129954371925505 -0.173520335480948 0.984082723947077 -0.009125614899069 0.147999724169345 -0.839348144991980 -3.563849605544567
-0.520398682460900 -0.314313323015342 0.129819647610871 -0.172780336860101 0.979885983222117 -0.026944862926792 0.281381293767424 -1.595792615713965 -3.434255074433734
-0.521255549612857 -0.309453787914624 0.129599066919376 -0.171373430391264 0.971907020143548 -0.044116138298961 0.399344710273475 -2.264796395161639 -3.304660543326232
-0.522102433147056 -0.304650872723785 0.129295869714298 -0.169376706839897 0.960583038167739 -0.060639441015592 0.502471790810866 -2.849659132067028 -3.175066012213179
-0.522936754886485 -0.299919199011248 0.128913295858915 -0.166864347885842 0.946334742507404 -0.076514771076658 0.591344352440792 -3.353680475148835 -3.045471481103457
-0.523756293017103 -0.295271367310590 0.128454585216504 -0.163907626123638 0.929566340131660 -0.091742128482175 0.666544212295506 -3.780160073150185 -2.915876949993734
-0.524559167542414 -0.290718039611760 0.127922977650343 -0.160574905062161 0.910665539765909 -0.106321513232144 0.728653187445083 -4.132397574783120 -2.786282418881791
-0.525343825738039 -0.286268021852300 0.127321713023710 -0.156931639124935 0.890003551891994 -0.120252925326553 0.778253095008452 -4.413692628779664 -2.656687887770959
-0.526109027606288 -0.281928346408560 0.126654031199883 -0.153040373649893 0.867935088748095 -0.133536364765408 0.815925752073454 -4.627344883862961 -2.527093356660126
-0.526853831330736 -0.277704354586916 0.125923172042140 -0.148960744889526 0.844798364328780 -0.146171831548708 0.842252975727931 -4.776653988782797 -2.397498825549293
-0.527577578730790 -0.273599779114992 0.125132375413758 -0.144749480010886 0.820915094384866 -0.158159325676455 0.857816583081927 -4.864919592222350 -2.267904294439571
-0.528279880716268 -0.269616826632873 0.124284881178014 -0.140460397095477 0.796590496423755 -0.169498847148652 0.863198391245490 -4.895441342962492 -2.138309763327628
-0.528960602741964 -0.265756260184328 0.123383929198188 -0.136144405139249 0.772113289708942 -0.180190395965291 0.858980217279814 -4.871518889681958 -2.008715232216796
-0.529619850262228 -0.262017481708026 0.122432759337556 -0.131849504052850 0.747755695260532 -0.190233972126375 0.845743878317151 -4.796451881139419 -1.879120701106518
-0.530257954185535 -0.258398614528751 0.121434611459396 -0.127620784661264 0.723773435854835 -0.199629575631907 0.824071191432019 -4.673539966049134 -1.749526169996241
-0.530875456329055 -0.254896585848628 0.120392725426987 -0.123500428704104 0.700405736024590 -0.208377206481888 0.794543973734463 -4.506082793143129 -1.619931638883743
-0.531473094873232 -0.251507209238334 0.119310341103605 -0.119527708835432 0.677875322058874 -0.216476864676307 0.757744042325648 -4.297380011144547 -1.490337107775686
-0.532051789816351 -0.248225267128318 0.118190698352530 -0.115738988623804 0.656388422003151 -0.223928550215186 0.714253214284533 -4.050731268782082 -1.360742576661522
-0.532612628429113 -0.245044593300022 0.117037037037037 -0.112167722552381 0.636134765659241 -0.230732263098493 0.664653306725604 -3.769436214783317 -1.231148045554020
-0.533156850709207 -0.241958155377095 0.115852597020406 -0.108844456018753 0.617287584585324 -0.236888003326263 0.609526136741145 -3.456794497879168 -1.101553514440967
-0.533685834835882 -0.238958137316616 0.114640618165913 -0.105796825335047 0.600003612095928 -0.242395770898468 0.549453521423438 -3.116105766790556 -0.971958983330690
-0.534201082624522 -0.236036021900306 0.113404340336838 -0.103049557727930 0.584423083261976 -0.247255565815122 0.485017277886968 -2.750669670248396 -0.842364452220412
-0.534704204981214 -0.233182673225752 0.112147003396457 -0.100624471338495 0.570669734910734 -0.251467388076224 0.416799223197373 -2.363785856980272 -0.712769921109024
-0.535196907357327 -0.230388419197623 0.110871847208048 -0.098540475222508 0.558850805625832 -0.255031237681769 0.345381174491344 -1.958753975708216 -0.583175389998747
-0.535680975204077 -0.227643134018887 0.109582111634889 -0.096813569350052 0.549057035747291 -0.257947114631762 0.271344948834518 -1.538873675169805 -0.453580858887914
-0.536158259427107 -0.224936320682029 0.108281036540258 -0.095456844605879 0.541362667371442 -0.260215018926202 0.195272363336940 -1.107444604080410 -0.323986327776526
-0.536630661841053 -0.222257193460274 0.106971861787433 -0.094480482789194 0.535825444351040 -0.261834950565085 0.117745235099775 -0.667766411175386 -0.194391796666804
-0.537100120624121 -0.219594760398798 0.105657827239690 -0.093891756613695 0.532486612295163 -0.262806909548419 0.039345381219746 -0.223138745180096 -0.064797265554861
-0.537568595772659 -0.216937905805952 0.104342172760310 -0.093695029707597 0.531370918569263 -0.263130895876193 -0.039345381219746 0.223138745178986 0.064797265554861
-0.538038054555728 -0.214275472744476 0.103028138212567 -0.093891756613695 0.532486612295158 -0.262806909548419 -0.117745235095335 0.667766411175386 0.194391796666249
-0.538510456969673 -0.211596345522721 0.101718963459742 -0.094480482789172 0.535825444351035 -0.261834950565087 -0.195272363345822 1.107444604082630 0.323986327777637
-0.538987741192703 -0.208889532185864 0.100417888365111 -0.095456844605901 0.541362667371448 -0.260215018926199 -0.271344948830077 1.538873675169805 0.453580858887359
-0.539471809039453 -0.206144247007127 0.099128152791952 -0.096813569350052 0.549057035747297 -0.257947114631762 -0.345381174491344 1.958753975708216 0.583175389998192
-0.539964511415566 -0.203349992978998 0.097852996603543 -0.098540475222508 0.558850805625838 -0.255031237681771 -0.416799223197373 2.363785856978051 0.712769921110135
-0.540467633772258 -0.200496644304445 0.096595659663162 -0.100624471338495 0.570669734910728 -0.251467388076221 -0.485017277886968 2.750669670249506 0.842364452219302
-0.540982881560898 -0.197574528888135 0.095359381834087 -0.103049557727930 0.584423083261976 -0.247255565815124 -0.549453521423438 3.116105766789445 0.971958983331245
-0.541511865687573 -0.194574510827655 0.094147402979594 -0.105796825335047 0.600003612095923 -0.242395770898468 -0.609526136741145 3.456794497881388 1.101553514442077
-0.542056087967667 -0.191488072904728 0.092962962962963 -0.108844456018753 0.617287584585330 -0.236888003326258 -0.664653306725604 3.769436214783317 1.231148045551800
-0.542616926580429 -0.188307399076432 0.091809301647470 -0.112167722552381 0.636134765659246 -0.230732263098499 -0.714253214284533 4.050731268780972 1.360742576663743
-0.543195621523548 -0.185025456966416 0.090689658896395 -0.115738988623804 0.656388422003151 -0.223928550215180 -0.757744042321207 4.297380011145657 1.490337107773465
-0.543793260067725 -0.181636080356122 0.089607274573013 -0.119527708835410 0.677875322058880 -0.216476864676313 -0.794543973738904 4.506082793139798 1.619931638885408
-0.544410762211245 -0.178134051675999 0.088565388540604 -0.123500428704104 0.700405736024579 -0.208377206481886 -0.824071191436460 4.673539966053575 1.749526169995685
-0.545048866134552 -0.174515184496725 0.087567240662444 -0.127620784661286 0.723773435854846 -0.199629575631907 -0.845743878312710 4.796451881139419 1.879120701105963
-0.545708113654816 -0.170776406020422 0.086616070801812 -0.131849504052850 0.747755695260544 -0.190233972126377 -0.858980217279814 4.871518889675297 2.008715232217351
-0.546388835680512 -0.166915839571878 0.085715118821986 -0.136144405139249 0.772113289708920 -0.180190395965291 -0.863198391241049 4.895441342966933 2.138309763327628
-0.547091137665989 -0.162932887089759 0.084867624586242 -0.140460397095454 0.796590496423755 -0.169498847148652 -0.857816583090809 4.864919592224570 2.267904294439571
-0.547814885066044 -0.158828311617834 0.084076827957860 -0.144749480010908 0.820915094384878 -0.158159325676455 -0.842252975723490 4.776653988778357 2.397498825549293
-0.548559688790492 -0.154604319796191 0.083345968800117 -0.148960744889526 0.844798364328769 -0.146171831548708 -0.815925752073454 4.627344883865181 2.527093356660126
-0.549324890658741 -0.150264644352450 0.082678286976290 -0.153040373649893 0.867935088748095 -0.133536364765408 -0.778253095004011 4.413692628784105 2.656687887771514
-0.550109548854366 -0.145814626592990 0.082077022349657 -0.156931639124913 0.890003551892016 -0.120252925326550 -0.728653187453965 4.132397574776459 2.786282418881791
-0.550912423379677 -0.141261298894161 0.081545414783496 -0.160574905062183 0.910665539765898 -0.106321513232141 -0.666544212286624 3.780160073152405 2.915876949992069
-0.551731961510295 -0.136613467193502 0.081086704141085 -0.163907626123616 0.929566340131660 -0.091742128482181 -0.591344352449674 3.353680475146614 3.045471481104012
-0.552566283249724 -0.131881793480965 0.080704130285702 -0.166864347885864 0.946334742507393 -0.076514771076661 -0.502471790806425 2.849659132075910 3.175066012214844
-0.553413166783923 -0.127078878290126 0.080400933080624 -0.169376706839897 0.960583038167773 -0.060639441015586 -0.399344710273475 2.264796395150537 3.304660543324567
-0.554270033935880 -0.122219343189409 0.080180352389129 -0.171373430391264 0.971907020143525 -0.044116138298964 -0.281381293767424 1.595792615722846 3.434255074434844
-0.555133935620180 -0.117319913273298 0.080045628074495 -0.172780336860101 0.979885983222140 -0.026944862926789 -0.147999724169345 0.839348144987540 3.563849605547897
-0.556001537297585 -0.112399499653563 0.080000000000000 -0.173520335480948 0.984082723947077 -0.009125614899050 -0.002006446107039 0.011379121327426 1.637993784711078
-0.556869189136142 -0.107478801555794 0.079995321770123 -0.173530367711483 0.984139619553714 -0.000935645975494 0.137863958120654 -0.781865359269496 -1.081726409647432
-0.557733394375747 -0.102577650092007 0.079963600380004 -0.172841047920880 0.980230292757367 -0.006344278023732 0.266215095772182 -1.509780832755769 -2.052628794605438
-0.558590944237957 -0.097714243149039 0.079880563270020 -0.171509972442019 0.972681388593588 -0.016607421996759 0.384459616418198 -2.180378832978835 -2.906793996932389
-0.559438882609757 -0.092905345676896 0.079724856310113 -0.169587674359928 0.961779494428694 -0.031141391981421 0.492895625936463 -2.795350002340324 -3.648799945359382
-0.560274498590908 -0.088166331954811 0.079477929351572 -0.167123196230246 0.947802744416992 -0.049385391708218 0.591821230186973 -3.356384983239646 -4.283224568615296
-0.561095319041304 -0.083511227857307 0.079123921778815 -0.164164090079311 0.931020819500794 -0.070801514551294 0.681534535051931 -3.865174418051787 -4.814645795430117
-0.561899101128325 -0.078952753120254 0.078649548061173 -0.160756417404051 0.911694947410535 -0.094874743528445 0.762333646373570 -4.323408949173935 -5.247641554539384
-0.562683824874186 -0.074502363606931 0.078043983304667 -0.156944749172183 0.890077902664665 -0.121112951301142 0.834516670047414 -4.732779219001060 -5.586789774667533
-0.563447685703295 -0.070170293574083 0.077298748803795 -0.152772165821946 0.866414006569660 -0.149046900174479 0.898381711920138 -5.094975869917029 -5.836668384548993
-0.564189086989607 -0.065965597937982 0.076407597593309 -0.148280257262345 0.840939127220075 -0.178230242097224 0.954226877882824 -5.411689544307929 -6.001855312913196
-0.564906632603972 -0.061896194540490 0.075366400000000 -0.143509122872931 0.813880679498535 -0.208239518661790 1.002350273782149 -5.684610884577612 -6.086928488491239
-0.565599119461492 -0.057968906415111 0.074173029194479 -0.138497371504021 0.785457625075647 -0.238674161104246 1.043050005491430 -5.915430533094401 -6.096465840013110
-0.566265530068875 -0.054189504053060 0.072827246742957 -0.133282121476563 0.755880472410175 -0.269156490304312 1.076624178879548 -6.105839132275470 -6.035045296211017
-0.566905025071785 -0.050562747669317 0.071330588159030 -0.127899000582166 0.725351276748798 -0.299331716785367 1.103370899833145 -6.257527324486922 -5.907244785813281
-0.567516935802200 -0.047092429468685 0.069686248455458 -0.122382146083000 0.694063640126363 -0.328867940714433 1.123588274185572 -6.372185752130388 -5.717642237552112
-0.568100756825761 -0.043781415911856 0.067898967695947 -0.116764204712072 0.662202711365711 -0.357456151902194 1.137574407832354 -6.451505057596396 -5.470815580156940
-0.568656138489125 -0.040631689981467 0.065974916546932 -0.111076332672910 0.629945186077729 -0.384810229802979 1.145627406624605 -6.497175883271034 -5.171342742362195
-0.569182879467324 -0.037644393448161 0.063921581829358 -0.105348195639787 0.597459306661374 -0.410666943514790 1.148045376453410 -6.510888871544829 -4.823801652891757
-0.569680919311112 -0.034819869136642 0.061747652070462 -0.099607968757520 0.564904862303650 -0.434785951779249 1.145126423152121 -6.494334664808310 -4.432770240483386
-0.570150330994321 -0.032157703191744 0.059462903055554 -0.093882336641760 0.532433188979609 -0.456949802981665 1.137168652620701 -6.449203905456447 -4.002826433862072
-0.570591313461214 -0.029656767344483 0.057078083379799 -0.088196493378656 0.500187169452326 -0.476963935150976 1.124470170719150 -6.377187235868664 -3.538548161762800
-0.571004184173839 -0.027315261178118 0.054604800000000 -0.082574142525060 0.468301233272983 -0.494656675959790 1.107329083294140 -6.279975298442153 -3.044513352912781
-0.571389371659382 -0.025130754394214 0.052055403786378 -0.077037497108590 0.436901356780772 -0.509879242724354 1.086043496245637 -6.159258735569662 -2.525299936045333
-0.571747408057519 -0.023100229078699 0.049442875074355 -0.071607279627361 0.406105063102924 -0.522505742404580 1.060911515420315 -6.016728189630616 -1.985485839889334
-0.572078921667770 -0.021220121967925 0.046780709216335 -0.066302722050260 0.376021422154771 -0.532433171604027 1.032231246700377 -5.854074303028867 -1.429648993175880
-0.572384629496854 -0.019486366714727 0.044082802133486 -0.061141565816758 0.346751050639627 -0.539581416569906 1.000300795932496 -5.672987718143840 -0.862367324636071
-0.572665329806040 -0.017894436154483 0.041363335867520 -0.056140061837096 0.318386112048907 -0.543893253193087 0.965418269012197 -5.475159077366065 -0.288218763000714
-0.572921894658500 -0.016439384571172 0.038636664132480 -0.051312970492035 0.291010316662077 -0.545334347008090 0.927881771786154 -5.262279023094951 0.288218763000447
-0.573155262466665 -0.015115889963439 0.035917197866514 -0.046673561633104 0.264698921546602 -0.543893253193088 0.887989410136569 -5.036038197705484 0.862367324636337
-0.573366430539577 -0.013918296310649 0.033219290783665 -0.042233614582421 0.239518730558075 -0.539581416569906 0.846039289914557 -4.798127243605954 1.429648993176014
-0.573556447630242 -0.012840655838949 0.030557124925645 -0.038003418132848 0.215528094340045 -0.532433171604026 0.802329517015643 -4.550236803166907 1.985485839888779
-0.573726406482980 -0.011876771287328 0.027944596213622 -0.033991770547770 0.192776910324211 -0.522505742404582 0.757158197277619 -4.294057518794414 2.525299936045755
-0.573877436380787 -0.011020238173677 0.025395200000000 -0.030205979561382 0.171306622730238 -0.509879242724354 0.710823436582686 -4.031280032870121 3.044513352911948
-0.574010695692680 -0.010264487060847 0.022921916620201 -0.026651862378468 0.151150222565888 -0.494656675959794 0.663623340808606 -3.763594987786778 3.538548161763633
-0.574127364421052 -0.009602825822712 0.020537096944446 -0.023333745674425 0.132332247626954 -0.476963935150976 0.615856015806493 -3.492693025928251 4.002826433862627
-0.574228636749029 -0.009028481910226 0.018252347929538 -0.020254465595393 0.114868782497313 -0.456949802981663 0.567819567445227 -3.220264789702831 4.432770240481165
-0.574315713587820 -0.008534644617482 0.016078418170642 -0.017415367758167 0.098767458548799 -0.434785951779257 0.519812101611450 -2.948000921472183 4.823801652895643
-0.574389795124070 -0.008114507347775 0.014025083453068 -0.014816307250110 0.084027453941438 -0.410666943514779 0.472131724151836 -2.677592063649037 5.171342742358864
-0.574452073367217 -0.007761309879659 0.012101032304053 -0.012455648629350 0.070639493623192 -0.384810229802984 0.425076540944147 -2.410728858615041 5.470815580158050
-0.574503724696840 -0.007468380633008 0.010313751544542 -0.010330265924630 0.058585849330117 -0.357456151902194 0.378944657861702 -2.149101948765164 5.717642237552112
-0.574545902410017 -0.007229178935077 0.008669411840970 -0.008435542635321 0.047840339586291 -0.328867940714433 0.334034180764498 -1.894401976478832 5.907244785814392
-0.574579729268674 -0.007037337286557 0.007172753257043 -0.006765371731499 0.038368329703897 -0.299331716785362 0.290643215512532 -1.648319584157676 6.035045296209907
-0.574606290046944 -0.006886703627642 0.005826970805521 -0.005312155653936 0.030126731783109 -0.269156490304312 0.249069867996887 -1.412545414185562 6.096465840012000
-0.574626624078514 -0.006771383604081 0.004633600000000 -0.004066806313952 0.023064004712181 -0.238674161104252 0.209612244068680 -1.188770108946358 6.086928488493459
-0.574641717803982 -0.006685782833243 0.003592402406691 -0.003018745093608 0.017120154167449 -0.208239518661785 0.172568449601229 -0.978684310850575 6.001855312911530
-0.574652497318210 -0.006624649170177 0.002701251196205 -0.002155902845602 0.012226732613196 -0.178230242097227 0.138236590454532 -0.783978662266538 5.836668384548993
-0.574659820917676 -0.006583114973668 0.001956016695332 -0.001464719893329 0.008306839301864 -0.149046900174482 0.106914772510791 -0.606343805598097 5.586789774668643
-0.574664471647830 -0.006556739372299 0.001350451938827 -0.000930146030775 0.005275120273873 -0.121112951301139 0.078901101630002 -0.447470383220239 5.247641554534388
-0.574667149850443 -0.006541550530510 0.000876078221184 -0.000535640522625 0.003037768357772 -0.094874743528467 0.054493683685486 -0.309049037541254 4.814645795433448
-0.574668465710964 -0.006534087914660 0.000522070648428 -0.000263172104198 0.001492523170066 -0.070801514551300 0.033990624523916 -0.192770410933907 4.283224568617516
-0.574668931805872 -0.006531444559083 0.000275143689887 -0.000093218981578 0.000528671115396 -0.049385391708212 0.017690030054140 -0.100325145810931 3.648799945359382
-0.574668955650029 -0.006531309332151 0.000119436729980 -0.000004768831308 0.000027045386342 -0.031141391981415 0.005890006100628 -0.033403884538430 2.906793996930723
-0.574668832244033 -0.006532009202333 0.000036399619996 0.000024681199196 -0.000139974036351 -0.016607421996762 -0.001111341432214 0.006302730481966 2.052628794606548
-0.574668736621573 -0.006532551504252 0.000004678229877 0.000019124492034 -0.000108460383941 -0.006344278023729 -0.003015906706594 0.017104056873052 1.081726409646322
-0.574668716396780 -0.006532666204750 -0.000000000000000 0.000004044958501 -0.000022940099575 -0.000935645975497 -0.000808991700296 0.004588019915097 0.187129195103886
-0.574668716396780 -0.006532666204750 0.000000000000000 0.000000000000000 0.000000000000000 0.000000000000022 -0.000808991700296 0.004588019915097 0.304084942032554
-0.574668736621573 -0.006532551504252 0.000007602123551 -0.000004044958501 0.000022940099575 0.001520424710185 -0.003015906706594 0.017104056873052 1.757805415675780
-0.574668832244033 -0.006532009202333 0.000059149382494 -0.000019124492034 0.000108460383941 0.010309451788564 -0.001111341432214 0.006302730481966 3.335521791233833
-0.574668955650029 -0.006531309332151 0.000194084686217 -0.000024681199196 0.000139974036351 0.026987060744733 0.005890006100628 -0.033403884538430 4.723540245015554
-0.574668931805872 -0.006531444559083 0.000447108496066 0.000004768831308 -0.000027045386342 0.050604761969811 0.017690030054140 -0.100325145810931 5.929299911208251
-0.574668465710964 -0.006534087914660 0.000848364803696 0.000093218981578 -0.000528671115396 0.080251261525852 0.033990624523916 -0.192770410933907 6.960239923999231
-0.574667149850443 -0.006541550530510 0.001423627109425 0.000263172104198 -0.001492523170066 0.115052461145848 0.054493683685486 -0.309049037541254 7.823799417575800
-0.574664471647830 -0.006556739372299 0.002194484400594 0.000535640522625 -0.003037768357772 0.154171458233727 0.078901101630002 -0.447470383220239 8.527417526125259
-0.574659820917676 -0.006583114973668 0.003178527129915 0.000930146030775 -0.005275120273873 0.196808545864354 0.106914772510791 -0.606343805598097 9.078533383834946
-0.574652497318210 -0.006624649170177 0.004389533193833 0.001464719893329 -0.008306839301864 0.242201212783528 0.138236590454532 -0.783978662266538 9.484586124892102
-0.574641717803982 -0.006685782833243 0.005837653910873 0.002155902845602 -0.012226732613196 0.289624143407989 0.172568449601229 -0.978684310850575 9.753014883484113
-0.574626624078514 -0.006771383604081 0.007529600000000 0.003018745093608 -0.017120154167449 0.338389217825409 0.209612244068680 -1.188770108946358 9.891258793798196
-0.574606290046944 -0.006886703627642 0.009468827558972 0.004066806313952 -0.023064004712181 0.387845511794400 0.249069867996887 -1.412545414185562 9.906756990021892
-0.574579729268674 -0.007037337286557 0.011655724042695 0.005312155653936 -0.030126731783109 0.437379296744510 0.290643215512532 -1.648319584157676 9.806948606342070
-0.574545902410017 -0.007229178935077 0.014087794241576 0.006765371731499 -0.038368329703897 0.486414039776220 0.334034180764498 -1.894401976478832 9.599272776946366
-0.574503724696840 -0.007468380633008 0.016759846259880 0.008435542635321 -0.047840339586291 0.534410403660952 0.378944657861702 -2.149101948765164 9.291168636022196
-0.574452073367217 -0.007761309879659 0.019664177494086 0.010330265924630 -0.058585849330117 0.580866246841063 0.425076540944147 -2.410728858615041 8.890075317756473
-0.574389795124070 -0.008114507347775 0.022790760611235 0.012455648629350 -0.070639493623192 0.625316623429845 0.472131724151836 -2.677592063649037 8.403431956336837
-0.574315713587820 -0.008534644617482 0.026127429527293 0.014816307250110 -0.084027453941438 0.667333783211529 0.519812101611450 -2.948000921472183 7.838677685950279
-0.574228636749029 -0.009028481910226 0.029660065385499 0.017415367758167 -0.098767458548799 0.706527171641281 0.567819567445227 -3.220264789702831 7.203251640784680
-0.574127364421052 -0.009602825822712 0.033372782534725 0.020254465595393 -0.114868782497313 0.742543429845204 0.615856015806493 -3.492693025928251 6.504592955026545
-0.574010695692680 -0.010264487060847 0.037248114507827 0.023333745674425 -0.132332247626954 0.775066394620337 0.663623340808606 -3.763594987786778 5.750140762864064
-0.573877436380787 -0.011020238173677 0.041267200000000 0.026651862378468 -0.151150222565888 0.803817098434657 0.710823436582686 -4.031280032870121 4.947334198483477
-0.573726406482980 -0.011876771287328 0.045409968847135 0.030205979561382 -0.171306622730238 0.828553769427075 0.757158197277619 -4.294057518794414 4.103612396074152
-0.573556447630242 -0.012840655838949 0.049655328004173 0.033991770547770 -0.192776910324211 0.849071831407445 0.802329517015643 -4.550236803166907 3.226414489818930
-0.573366430539577 -0.013918296310649 0.053981347523455 0.038003418132848 -0.215528094340045 0.865203903856540 0.846039289914557 -4.798127243605954 2.323179613911974
-0.573155262466665 -0.015115889963439 0.058365446533086 0.042233614582421 -0.239518730558075 0.876819801926100 0.887989410136569 -5.036038197705484 1.401346902533418
-0.572921894658500 -0.016439384571172 0.062784579215280 0.046673561633104 -0.264698921546602 0.883826536438767 0.927881771786154 -5.262279023094951 0.468355489876005
-0.572665329806040 -0.017894436154483 0.067215420784720 0.051312970492035 -0.291010316662077 0.886168313888147 0.965418269012197 -5.475159077366065 -0.468355489876560
-0.572384629496854 -0.019486366714727 0.071634553466914 0.056140061837096 -0.318386112048907 0.883826536438764 1.000300795932496 -5.672987718143840 -1.401346902532574
-0.572078921667770 -0.021220121967925 0.076018652476545 0.061141565816758 -0.346751050639627 0.876819801926101 1.032231246700377 -5.854074303028867 -2.323179613912263
-0.571747408057519 -0.023100229078699 0.080344671995827 0.066302722050260 -0.376021422154771 0.865203903856540 1.060911515420315 -6.016728189630616 -3.226414489819196
-0.571389371659382 -0.025130754394214 0.084590031152865 0.071607279627361 -0.406105063102924 0.849071831407444 1.086043496245637 -6.159258735569662 -4.103612396073597
-0.571004184173839 -0.027315261178118 0.088732800000000 0.077037497108590 -0.436901356780772 0.828553769427076 1.107329083294140 -6.279975298442153 -4.947334198482922
-0.570591313461214 -0.029656767344483 0.092751885492173 0.082574142525060 -0.468301233272983 0.803817098434662 1.124470170719150 -6.377187235868664 -5.750140762866840
-0.570150330994321 -0.032157703191744 0.096627217465275 0.088196493378656 -0.500187169452326 0.775066394620327 1.137168652620701 -6.449203905456447 -6.504592955022814
-0.569680919311112 -0.034819869136642 0.100339934614501 0.093882336641760 -0.532433188979609 0.742543429845213 1.145126423152121 -6.494334664808310 -7.203251640788277
-0.569182879467324 -0.037644393448161 0.103872570472707 0.099607968757520 -0.564904862303650 0.706527171641272 1.148045376453410 -6.510888871544829 -7.838677685946260
-0.568656138489125 -0.040631689981467 0.107209239388765 0.105348195639787 -0.597459306661374 0.667333783211541 1.145627406624605 -6.497175883271034 -8.403431956339746
-0.568100756825761 -0.043781415911856 0.110335822505914 0.111076332672910 -0.629945186077729 0.625316623429842 1.137574407832354 -6.451505057596396 -8.890075317756207
-0.567516935802200 -0.047092429468685 0.113240153740120 0.116764204712072 -0.662202711365711 0.580866246841061 1.123588274185572 -6.372185752130388 -9.291168636021974
-0.566905025071785 -0.050562747669317 0.115912205758424 0.122382146083000 -0.694063640126363 0.534410403660951 1.103370899833145 -6.257527324486922 -9.599272776945611
-0.566265530068875 -0.054189504053060 0.118344275957305 0.127899000582166 -0.725351276748798 0.486414039776223 1.076624178879548 -6.105839132275470 -9.806948606340127
-0.565599119461492 -0.057968906415111 0.120531172441028 0.133282121476563 -0.755880472410175 0.437379296744522 1.043050005491430 -5.915430533094401 -9.906756990027965
-0.564906632603972 -0.061896194540490 0.122470400000000 0.138497371504021 -0.785457625075647 0.387845511794382 1.002350273782149 -5.684610884577612 -9.891258793790492
-0.564189086989607 -0.065965597937982 0.124162346089127 0.143509122872931 -0.813880679498535 0.338389217825430 0.954226877882824 -5.411689544307929 -9.753014883493449
-0.563447685703295 -0.070170293574083 0.125610466806167 0.148280257262345 -0.840939127220075 0.289624143407963 0.898381711920138 -5.094975869917029 -9.484586124886007
-0.562683824874186 -0.074502363606931 0.126821472870085 0.152772165821946 -0.866414006569660 0.242201212783533 0.834516670047414 -4.732779219001060 -9.078533383830578
-0.561899101128325 -0.078952753120254 0.127805515599407 0.156944749172183 -0.890077902664665 0.196808545864380 0.762333646373570 -4.323408949173935 -8.527417526131842
-0.561095319041304 -0.083511227857307 0.128576372890575 0.160756417404051 -0.911694947410535 0.154171458233721 0.681534535051931 -3.865174418051787 -7.823799417576716
-0.560274498590908 -0.088166331954811 0.129151635196304 0.164164090079311 -0.931020819500794 0.115052461145837 0.591821230186973 -3.356384983239646 -6.960239924000966
-0.559438882609757 -0.092905345676896 0.129552891503933 0.167123196230246 -0.947802744416992 0.080251261525832 0.492895625936463 -2.795350002340324 -5.929299911195951
-0.558590944237957 -0.097714243149039 0.129805915313783 0.169587674359928 -0.961779494428694 0.050604761969852 0.384459616418198 -2.180378832978835 -4.723540245024083
-0.557733394375747 -0.102577650092007 0.129940850617506 0.171509972442019 -0.972681388593588 0.026987060744732 0.266215095772182 -1.509780832755769 -3.335521791232310
-0.556869189136142 -0.107478801555794 0.129992397876449 0.172841047920880 -0.980230292757367 0.010309451788570 0.137863958120654 -0.781865359269496 -1.757805415678604
-0.556001537297585 -0.112399499653563 0.130000000000000 0.173530367711483 -0.984139619553714 0.001520424710177 -0.002006446107039 0.011379121327426 -2.129207921849341
-0.555133935620180 -0.117319913273298 0.129954371925505 0.173520335480948 -0.984082723947077 -0.009125614899069 -0.147999724169345 0.839348144987540 -3.563849605544567
-0.554270033935880 -0.122219343189409 0.129819647610871 0.172780336860101 -0.979885983222140 -0.026944862926792 -0.281381293767424 1.595792615722846 -3.434255074433734
-0.553413166783923 -0.127078878290126 0.129599066919376 0.171373430391264 -0.971907020143525 -0.044116138298961 -0.399344710273475 2.264796395150537 -3.304660543326232
-0.552566283249724 -0.131881793480965 0.129295869714298 0.169376706839897 -0.960583038167773 -0.060639441015592 -0.502471790806425 2.849659132075910 -3.175066012213179
-0.551731961510295 -0.136613467193502 0.128913295858915 0.166864347885864 -0.946334742507393 -0.076514771076658 -0.591344352449674 3.353680475146614 -3.045471481103457
-0.550912423379677 -0.141261298894161 0.128454585216504 0.163907626123616 -0.929566340131660 -0.091742128482175 -0.666544212286624 3.780160073152405 -2.915876949993734
-0.550109548854366 -0.145814626592990 0.127922977650343 0.160574905062183 -0.910665539765898 -0.106321513232144 -0.728653187453965 4.132397574776459 -2.786282418881791
-0.549324890658741 -0.150264644352450 0.127321713023710 0.156931639124913 -0.890003551892016 -0.120252925326553 -0.778253095004011 4.413692628784105 -2.656687887770959
-0.548559688790492 -0.154604319796191 0.126654031199883 0.153040373649893 -0.867935088748095 -0.133536364765408 -0.815925752073454 4.627344883865181 -2.527093356660126
-0.547814885066044 -0.158828311617834 0.125923172042140 0.148960744889526 -0.844798364328769 -0.146171831548708 -0.842252975723490 4.776653988778357 -2.397498825549293
-0.547091137665989 -0.162932887089759 0.125132375413758 0.144749480010908 -0.820915094384878 -0.158159325676455 -0.857816583090809 4.864919592224570 -2.267904294439571
-0.546388835680512 -0.166915839571878 0.124284881178014 0.140460397095454 -0.796590496423755 -0.169498847148652 -0.863198391241049 4.895441342966933 -2.138309763327628
-0.545708113654816 -0.170776406020422 0.123383929198188 0.136144405139249 -0.772113289708920 -0.180190395965291 -0.858980217279814 4.871518889675297 -2.008715232216796
-0.545048866134552 -0.174515184496725 0.122432759337556 0.131849504052850 -0.747755695260544 -0.190233972126375 -0.845743878312710 4.796451881139419 -1.879120701106518
-0.544410762211245 -0.178134051675999 0.121434611459396 0.127620784661286 -0.723773435854846 -0.199629575631907 -0.824071191436460 4.673539966053575 -1.749526169996241
-0.543793260067725 -0.181636080356122 0.120392725426987 0.123500428704104 -0.700405736024579 -0.208377206481888 -0.794543973738904 4.506082793139798 -1.619931638883743
-0.543195621523548 -0.185025456966416 0.119310341103605 0.119527708835410 -0.677875322058880 -0.216476864676307 -0.757744042321207 4.297380011145657 -1.490337107775686
-0.542616926580429 -0.188307399076432 0.118190698352530 0.115738988623804 -0.656388422003151 -0.223928550215186 -0.714253214284533 4.050731268780972 -1.360742576661522
-0.542056087967667 -0.191488072904728 0.117037037037037 0.112167722552381 -0.636134765659246 -0.230732263098493 -0.664653306725604 3.769436214783317 -1.231148045554020
-0.541511865687573 -0.194574510827655 0.115852597020406 0.108844456018753 -0.617287584585330 -0.236888003326263 -0.609526136741145 3.456794497881388 -1.101553514440967
-0.540982881560898 -0.197574528888135 0.114640618165913 0.105796825335047 -0.600003612095923 -0.242395770898468 -0.549453521423438 3.116105766789445 -0.971958983330690
-0.540467633772258 -0.200496644304445 0.113404340336838 0.103049557727930 -0.584423083261976 -0.247255565815122 -0.485017277886968 2.750669670249506 -0.842364452220412
-0.539964511415566 -0.203349992978998 0.112147003396457 0.100624471338495 -0.570669734910728 -0.251467388076224 -0.416799223197373 2.363785856978051 -0.712769921109024
-0.539471809039453 -0.206144247007127 0.110871847208048 0.098540475222508 -0.558850805625838 -0.255031237681769 -0.345381174491344 1.958753975708216 -0.583175389998747
-0.538987741192703 -0.208889532185864 0.109582111634889 0.096813569350052 -0.549057035747297 -0.257947114631762 -0.271344948830077 1.538873675169805 -0.453580858887914
-0.538510456969673 -0.211596345522721 0.108281036540258 0.095456844605901 -0.541362667371448 -0.260215018926202 -0.195272363345822 1.107444604082630 -0.323986327776526
-0.538038054555728 -0.214275472744476 0.106971861787433 0.094480482789172 -0.535825444351035 -0.261834950565085 -0.117745235095335 0.667766411175386 -0.194391796666804
-0.537568595772659 -0.216937905805952 0.105657827239690 0.093891756613695 -0.532486612295158 -0.262806909548419 -0.039345381219746 0.223138745178986 -0.064797265554861
-0.537100120624121 -0.219594760398798 0.104342172760310 0.093695029707597 -0.531370918569263 -0.263130895876193 0.039345381219746 -0.223138745180096 0.064797265554861
-0.536630661841053 -0.222257193460274 0.103028138212567 0.093891756613695 -0.532486612295163 -0.262806909548419 0.117745235099775 -0.667766411175386 0.194391796666249
-0.536158259427107 -0.224936320682029 0.101718963459742 0.094480482789194 -0.535825444351040 -0.261834950565087 0.195272363336940 -1.107444604080410 0.323986327777637
-0.535680975204077 -0.227643134018887 0.100417888365111 0.095456844605879 -0.541362667371442 -0.260215018926199 0.271344948834518 -1.538873675169805 0.453580858887359
-0.535196907357327 -0.230388419197623 0.099128152791952 0.096813569350052 -0.549057035747291 -0.257947114631762 0.345381174491344 -1.958753975708216 0.583175389998192
-0.534704204981214 -0.233182673225752 0.097852996603543 0.098540475222508 -0.558850805625832 -0.255031237681771 0.416799223197373 -2.363785856980272 0.712769921110135
-0.534201082624522 -0.236036021900306 0.096595659663162 0.100624471338495 -0.570669734910734 -0.251467388076221 0.485017277886968 -2.750669670248396 0.842364452219302
-0.533685834835882 -0.238958137316616 0.095359381834087 0.103049557727930 -0.584423083261976 -0.247255565815124 0.549453521423438 -3.116105766790556 0.971958983331245
-0.533156850709207 -0.241958155377095 0.094147402979594 0.105796825335047 -0.600003612095928 -0.242395770898468 0.609526136741145 -3.456794497879168 1.101553514442077
-0.532612628429113 -0.245044593300022 0.092962962962963 0.108844456018753 -0.617287584585324 -0.236888003326258 0.664653306725604 -3.769436214783317 1.231148045551800
-0.532051789816351 -0.248225267128318 0.091809301647470 0.112167722552381 -0.636134765659241 -0.230732263098499 0.714253214284533 -4.050731268782082 1.360742576663743
-0.531473094873232 -0.251507209238334 0.090689658896395 0.115738988623804 -0.656388422003151 -0.223928550215180 0.757744042325648 -4.297380011144547 1.490337107773465
-0.530875456329055 -0.254896585848628 0.089607274573013 0.119527708835432 -0.677875322058874 -0.216476864676313 0.794543973734463 -4.506082793143129 1.619931638885408
-0.530257954185535 -0.258398614528751 0.088565388540604 0.123500428704104 -0.700405736024590 -0.208377206481886 0.824071191432019 -4.673539966049134 1.749526169995685
-0.529619850262228 -0.262017481708026 0.087567240662444 0.127620784661264 -0.723773435854835 -0.199629575631907 0.845743878317151 -4.796451881139419 1.879120701105963
-0.528960602741964 -0.265756260184328 0.086616070801812 0.131849504052850 -0.747755695260532 -0.190233972126377 0.858980217279814 -4.871518889681958 2.008715232217351
-0.528279880716268 -0.269616826632873 0.085715118821986 0.136144405139249 -0.772113289708942 -0.180190395965291 0.863198391245490 -4.895441342962492 2.138309763327628
-0.527577578730790 -0.273599779114992 0.084867624586242 0.140460397095477 -0.796590496423755 -0.169498847148652 0.857816583081927 -4.864919592222350 2.267904294439571
-0.526853831330736 -0.277704354586916 0.084076827957860 0.144749480010886 -0.820915094384866 -0.158159325676455 0.842252975727931 -4.776653988782797 2.397498825549293
-0.526109027606288 -0.281928346408560 0.083345968800117 0.148960744889526 -0.844798364328780 -0.146171831548708 0.815925752073454 -4.627344883862961 2.527093356660126
-0.525343825738039 -0.286268021852300 0.082678286976290 0.153040373649893 -0.867935088748095 -0.133536364765408 0.778253095008452 -4.413692628779664 2.656687887771514
-0.524559167542414 -0.290718039611760 0.082077022349657 0.156931639124935 -0.890003551891994 -0.120252925326550 0.728653187445083 -4.132397574783120 2.786282418881791
-0.523756293017103 -0.295271367310590 0.081545414783496 0.160574905062161 -0.910665539765909 -0.106321513232141 0.666544212295506 -3.780160073150185 2.915876949992069
-0.522936754886485 -0.299919199011248 0.081086704141085 0.163907626123638 -0.929566340131660 -0.091742128482181 0.591344352440792 -3.353680475148835 3.045471481104012
-0.522102433147056 -0.304650872723785 0.080704130285702 0.166864347885842 -0.946334742507404 -0.076514771076661 0.502471790810866 -2.849659132067028 3.175066012214844
-0.521255549612857 -0.309453787914624 0.080400933080624 0.169376706839897 -0.960583038167739 -0.060639441015586 0.399344710273475 -2.264796395161639 3.304660543324567
-0.520398682460900 -0.314313323015342 0.080180352389129 0.171373430391264 -0.971907020143548 -0.044116138298964 0.281381293767424 -1.595792615713965 3.434255074434844
-0.519534780776600 -0.319212752931452 0.080045628074495 0.172780336860101 -0.979885983222117 -0.026944862926789 0.147999724169345 -0.839348144991980 3.563849605547897
-0.518667179099195 -0.324133166551188 0.080000000000000 0.173520335480948 -0.984082723947077 -0.009125614899050 0.002006446107039 -0.011379121334087 1.637993784711078
-0.517799527260638 -0.329053864648956 0.079995321770123 0.173530367711483 -0.984139619553748 -0.000935645975494 -0.137863958120654 0.781865359276157 -1.081726409647432
-0.516935322021033 -0.333955016112743 0.079963600380004 0.172841047920880 -0.980230292757367 -0.006344278023732 -0.266215095767741 1.509780832755769 -2.052628794605438
-0.516077772158823 -0.338818423055711 0.079880563270020 0.171509972442041 -0.972681388593588 -0.016607421996759 -0.384459616422639 2.180378832974394 -2.906793996932389
-0.515229833787023 -0.343627320527855 0.079724856310113 0.169587674359928 -0.961779494428716 -0.031141391981421 -0.492895625936463 2.795350002349206 -3.648799945359382
-0.514394217805872 -0.348366334249940 0.079477929351572 0.167123196230246 -0.947802744416970 -0.049385391708218 -0.591821230191414 3.356384983230765 -4.283224568615296
-0.513573397355476 -0.353021438347444 0.079123921778815 0.164164090079288 -0.931020819500816 -0.070801514551294 -0.681534535043049 3.865174418056228 -4.814645795430117
-0.512769615268455 -0.357579913084496 0.078649548061173 0.160756417404073 -0.911694947410535 -0.094874743528445 -0.762333646382451 4.323408949176155 -5.247641554539384
-0.511984891522595 -0.362030302597820 0.078043983304667 0.156944749172161 -0.890077902664654 -0.121112951301142 -0.834516670038532 4.732779219001060 -5.586789774667533
-0.511221030693485 -0.366362372630668 0.077298748803795 0.152772165821968 -0.866414006569649 -0.149046900174479 -0.898381711929019 5.094975869914808 -5.836668384548993
-0.510479629407173 -0.370567068266768 0.076407597593309 0.148280257262323 -0.840939127220075 -0.178230242097224 -0.954226877878384 5.411689544305709 -6.001855312913196
-0.509762083792808 -0.374636471664261 0.075366400000000 0.143509122872931 -0.813880679498546 -0.208239518661790 -1.002350273782149 5.684610884579833 -6.086928488491239
-0.509069596935288 -0.378563759789639 0.074173029194479 0.138497371504021 -0.785457625075647 -0.238674161104246 -1.043050005486990 5.915430533094401 -6.096465840013110
-0.508403186327905 -0.382343162151690 0.072827246742957 0.133282121476586 -0.755880472410175 -0.269156490304312 -1.076624178888430 6.105839132273250 -6.035045296211017
-0.507763691324995 -0.385969918535434 0.071330588159030 0.127899000582143 -0.725351276748809 -0.299331716785367 -1.103370899828704 6.257527324489143 -5.907244785813281
-0.507151780594580 -0.389440236736066 0.069686248455458 0.122382146083000 -0.694063640126363 -0.328867940714433 -1.123588274181131 6.372185752132609 -5.717642237552112
-0.506567959571019 -0.392751250292894 0.067898967695947 0.116764204712094 -0.662202711365700 -0.357456151902194 -1.137574407836794 6.451505057594176 -5.470815580156940
-0.506012577907655 -0.395900976223283 0.065974916546932 0.111076332672910 -0.629945186077729 -0.384810229802979 -1.145627406629046 6.497175883271034 -5.171342742362195
-0.505485836929456 -0.398888272756590 0.063921581829358 0.105348195639765 -0.597459306661374 -0.410666943514790 -1.148045376444529 6.510888871544829 -4.823801652891757
-0.504987797085668 -0.401712797068108 0.061747652070462 0.099607968757542 -0.564904862303650 -0.434785951779249 -1.145126423156562 6.494334664808310 -4.432770240483386
-0.504518385402459 -0.404374963013006 0.059462903055554 0.093882336641760 -0.532433188979609 -0.456949802981665 -1.137168652625142 6.449203905458667 -4.002826433862072
-0.504077402935566 -0.406875898860268 0.057078083379799 0.088196493378634 -0.500187169452315 -0.476963935150976 -1.124470170710268 6.377187235862003 -3.538548161762800
-0.503664532222941 -0.409217405026633 0.054604800000000 0.082574142525083 -0.468301233273005 -0.494656675959790 -1.107329083298580 6.279975298446594 -3.044513352912781
-0.503279344737398 -0.411401911810537 0.052055403786378 0.077037497108590 -0.436901356780772 -0.509879242724354 -1.086043496250078 6.159258735569662 -2.525299936045333
-0.502921308339261 -0.413432437126051 0.049442875074355 0.071607279627339 -0.406105063102924 -0.522505742404580 -1.060911515415874 6.016728189632836 -1.985485839889334
-0.502589794729010 -0.415312544236825 0.046780709216335 0.066302722050260 -0.376021422154760 -0.532433171604027 -1.032231246695936 5.854074303028867 -1.429648993175880
-0.502284086899926 -0.417046299490023 0.044082802133486 0.061141565816780 -0.346751050639615 -0.539581416569906 -1.000300795941378 5.672987718141620 -0.862367324636071
-0.502003386590741 -0.418638230050268 0.041363335867520 0.056140061837073 -0.318386112048907 -0.543893253193087 -0.965418269003315 5.475159077366065 -0.288218763000714
-0.501746821738280 -0.420093281633578 0.038636664132480 0.051312970492057 -0.291010316662077 -0.545334347008090 -0.927881771795036 5.262279023092731 0.288218763000447
-0.501513453930115 -0.421416776241311 0.035917197866514 0.046673561633082 -0.264698921546613 -0.543893253193088 -0.887989410127688 5.036038197709924 0.862367324636337
-0.501302285857203 -0.422614369894102 0.033219290783665 0.042233614582443 -0.239518730558064 -0.539581416569906 -0.846039289923439 4.798127243603734 1.429648993176014
-0.501112268766538 -0.423692010365802 0.030557124925645 0.038003418132826 -0.215528094340045 -0.532433171604026 -0.802329517011202 4.550236803166907 1.985485839888779
-0.500942309913800 -0.424655894917423 0.027944596213622 0.033991770547770 -0.192776910324211 -0.522505742404582 -0.757158197277619 4.294057518794414 2.525299936045755
-0.500791280015993 -0.425512428031074 0.025395200000000 0.030205979561382 -0.171306622730238 -0.509879242724354 -0.710823436582686 4.031280032870121 3.044513352911948
-0.500658020704100 -0.426268179143903 0.022921916620201 0.026651862378468 -0.151150222565888 -0.494656675959794 -0.663623340808606 3.763594987788998 3.538548161763633
-0.500541351975728 -0.426929840382038 0.020537096944446 0.023333745674425 -0.132332247626943 -0.476963935150976 -0.615856015806493 3.492693025928251 4.002826433862627
-0.500440079647751 -0.427504184294525 0.018252347929538 0.020254465595393 -0.114868782497302 -0.456949802981663 -0.567819567445227 3.220264789696170 4.432770240481165
-0.500353002808960 -0.427998021587269 0.016078418170642 0.017415367758167 -0.098767458548821 -0.434785951779257 -0.519812101611450 2.948000921474403 4.823801652895643
-0.500278921272710 -0.428418158856976 0.014025083453068 0.014816307250110 -0.084027453941449 -0.410666943514779 -0.472131724151836 2.677592063653478 5.171342742358864
-0.500216643029563 -0.428771356325092 0.012101032304053 0.012455648629350 -0.070639493623181 -0.384810229802984 -0.425076540944147 2.410728858615041 5.470815580158050
-0.500164991699940 -0.429064285571742 0.010313751544542 0.010330265924630 -0.058585849330106 -0.357456151902194 -0.378944657861702 2.149101948760723 5.717642237552112
-0.500122813986763 -0.429303487269674 0.008669411840970 0.008435542635321 -0.047840339586303 -0.328867940714433 -0.334034180764498 1.894401976485494 5.907244785814392
-0.500088987128106 -0.429495328918193 0.007172753257043 0.006765371731499 -0.038368329703875 -0.299331716785362 -0.290643215512532 1.648319584151015 6.035045296209907
-0.500062426349836 -0.429645962577109 0.005826970805521 0.005312155653936 -0.030126731783120 -0.269156490304312 -0.249069867996887 1.412545414187782 6.096465840012000
-0.500042092318266 -0.429761282600670 0.004633600000000 0.004066806313952 -0.023064004712181 -0.238674161104252 -0.209612244068680 1.188770108948578 6.086928488493459
-0.500026998592798 -0.429846883371507 0.003592402406691 0.003018745093608 -0.017120154167438 -0.208239518661785 -0.172568449601229 0.978684310850575 6.001855312911530
-0.500016219078570 -0.429908017034573 0.002701251196205 0.002155902845602 -0.012226732613185 -0.178230242097227 -0.138236590454532 0.783978662266538 5.836668384548993
-0.500008895479104 -0.429949551231082 0.001956016695332 0.001464719893329 -0.008306839301853 -0.149046900174482 -0.106914772510791 0.606343805591436 5.586789774668643
-0.500004244748950 -0.429975926832452 0.001350451938827 0.000930146030775 -0.005275120273895 -0.121112951301139 -0.078901101630002 0.447470383224680 5.247641554534388
-0.500001566546337 -0.429991115674241 0.000876078221184 0.000535640522625 -0.003037768357772 -0.094874743528467 -0.054493683685486 0.309049037541254 4.814645795433448
-0.500000250685816 -0.429998578290091 0.000522070648428 0.000263172104198 -0.001492523170066 -0.070801514551300 -0.033990624523916 0.192770410938348 4.283224568617516
-0.499999784590908 -0.430001221645668 0.000275143689887 0.000093218981578 -0.000528671115374 -0.049385391708212 -0.017690030054140 0.100325145808711 3.648799945359382
-0.499999760746751 -0.430001356872599 0.000119436729980 0.000004768831308 -0.000027045386330 -0.031141391981415 -0.005890006102849 0.033403884536209 2.906793996930723
-0.499999884152747 -0.430000657002418 0.000036399619996 -0.000024681199207 0.000139974036351 -0.016607421996762 0.001111341436655 -0.006302730486407 2.052628794606548
-0.499999979775207 -0.430000114700498 0.000004678229877 -0.000019124492023 0.000108460383919 -0.006344278023729 0.003015906704373 -0.017104056861950 1.081726409646322
