-0.499999967396200 -0.400000184905338 0.000001319575321 0.000006520759976 -0.000036981067508 0.000263915064123 0.007495079967779 -0.042506710760115 0.310280848922687
-0.499999747415401 -0.400001432478444 0.000010396171864 0.000043996159815 -0.000249514621309 0.001815319308737 0.014094599258829 -0.079934444523477 0.603091483512692
-0.499999175069620 -0.400004678412664 0.000034550055496 0.000114469156109 -0.000649186843926 0.004830776726300 0.019740329788576 -0.111952973449458 0.877201606986024
-0.499998109215595 -0.400010723171220 0.000080633979302 0.000213170805052 -0.001208951711174 0.009216784761230 0.024457776754971 -0.138706944659006 1.133004914313563
-0.499996431917151 -0.400020235603392 0.000155043025966 0.000335459688827 -0.001902486434469 0.014881809332798 0.028272445335986 -0.160341005226439 1.370895100466182
-0.499994047807574 -0.400033756560695 0.000263724450142 0.000476821915507 -0.002704191460601 0.021736284835129 0.031209840716251 -0.176999802246058 1.591265860414763
-0.499990883451978 -0.400051702513054 0.000412187520828 0.000632871119088 -0.003589190471831 0.029692614137203 0.033295468082617 -0.188827982816608 1.794510889130175
-0.499986886709681 -0.400074369164984 0.000605513363742 0.000799348459501 -0.004533330385914 0.038665168582854 0.034554832624156 -0.195970194043493 1.981023881583302
-0.499982026096568 -0.400101935071764 0.000848364803696 0.000972122622622 -0.005513181356132 0.048570287990770 0.035013439518838 -0.198571082987709 2.151198532745038
-0.499976290147466 -0.400134465255620 0.001144996206968 0.001147189820216 -0.006506036771070 0.059326280654495 0.034696793960176 -0.196775296779084 2.305428537586210
-0.499969686778516 -0.400171914821895 0.001499263323680 0.001320673790017 -0.007489913254966 0.070853423342427 0.033630401126139 -0.190727482491937 2.444107591077751
-0.499962242649538 -0.400214132575232 0.001914633130169 0.001488825795648 -0.008443550667425 0.083073961297815 0.031839766205799 -0.180572287225012 2.567629388190501
-0.499954002526405 -0.400260864635749 0.002394193671363 0.001648024626677 -0.009346412103550 0.095912108238768 0.029350394381567 -0.166454358059287 2.676387623895376
-0.499945028643412 -0.400311758055219 0.002940663903154 0.001794776598585 -0.010178683893847 0.109294046358245 0.026187790846954 -0.148518342122372 2.770775993163227
-0.499935400065648 -0.400366364433241 0.003556403534775 0.001925715552820 -0.010921275604459 0.123147926324061 0.022377460775491 -0.126908886466381 2.851188190964896
-0.499925212051364 -0.400424143533425 0.004243422871169 0.002037602856697 -0.011555820036790 0.137403867278885 0.017944909362910 -0.101770638221144 2.918017912271281
-0.499914575414347 -0.400484466899564 0.005003392655370 0.002127327403512 -0.012064673227896 0.151993956840242 0.012915641784961 -0.073248244445434 2.971658852053383
-0.499903615886284 -0.400546621471815 0.005837653910873 0.002191905612436 -0.012430914450123 0.166852251100509 0.007315163235155 -0.041486352266862 3.012504705281960
-0.499892473479141 -0.400609813202872 0.006747227784008 0.002228481428612 -0.012638346211458 0.181914774626918 0.001168978895905 -0.006629608757525 3.040949166927609
-0.499881301847526 -0.400673170674148 0.007732825386315 0.002234326323092 -0.012671494255245 0.197119520461556 -0.005497406048161 0.031177338974953 3.057385931961970
-0.499870267651062 -0.400735748711950 0.008794857636922 0.002206839292851 -0.012515607560371 0.212406450121366 -0.012658486412409 0.071789843860692 3.062208695355156
-0.499859549916758 -0.400796532003656 0.009933445104913 0.002143546860789 -0.012156658341067 0.227717493598142 -0.020288757009990 0.115063258769865 3.055811152078425
-0.499849339401379 -0.400854438713892 0.011148427851706 0.002042103075739 -0.011581342047218 0.242996549358534 -0.028362712656271 0.160852936639255 3.038586997102449
-0.499839837953817 -0.400908324100712 0.012439375273426 0.001900289512458 -0.010777077364021 0.258189484344046 -0.036854848164403 0.209014230363458 3.010929925398309
-0.499831257877459 -0.400956984131773 0.013805595943281 0.001716015271636 -0.009732006212204 0.273244133971038 -0.045739658351973 0.259402492845950 2.973233631936933
-0.499823821292559 -0.400999159100513 0.015246147453935 0.001487316979876 -0.008434993747974 0.288110302130723 -0.054991638032131 0.311873076994651 2.925891811688874
-0.499817759498611 -0.401033537242328 0.016759846259880 0.001212358789715 -0.006875628363001 0.302739761189167 -0.064585282015805 0.366281335724139 2.869298159625255
-0.499813312336712 -0.401058758350750 0.018345277519817 0.000889432379636 -0.005044221684380 0.317086251987293 -0.074495085127246 0.422482621926790 2.803846370716812
-0.499810727551942 -0.401073417393623 0.020000804939021 0.000516956954000 -0.002931808574747 0.331105483840877 -0.084695542170721 0.480332288521623 2.729930139934866
-0.499810260155727 -0.401076068129284 0.021724580611724 0.000093479243146 -0.000530147132138 0.344755134540552 -0.095161147968259 0.539685688401015 2.647943162249333
-0.499812171788210 -0.401065226722735 0.023514554863483 -0.000382326496695 0.002168281309867 0.357994850351798 -0.105866397330789 0.600398174490646 2.558279132632291
-0.499816730080627 -0.401039375361823 0.025368486093558 -0.000911658483349 0.005170272182320 0.370786246014960 -0.116785785073681 0.662325099671790 2.461331746053674
-0.499824208017671 -0.400996965873420 0.027283950617284 -0.001495587408717 0.008481897680679 0.383092904745228 -0.127893806010082 0.725321816874569 2.357494697484563
-0.499834883299864 -0.400936423339595 0.029258352508447 -0.002135056438768 0.012108506765052 0.394880378232651 -0.139164954959803 0.789243678991358 2.247161681896426
-0.499849037705932 -0.400856149713794 0.031288933441658 -0.002830881213567 0.016054725160008 0.406116186642133 -0.150573726733771 0.853946038932296 2.130726394259375
-0.499866956455168 -0.400754527437021 0.033372782534725 -0.003583749847236 0.020324455354670 0.416769818613430 -0.162094616145136 0.919284249600860 2.008582529545166
-0.499888927569808 -0.400629923054008 0.035506846191031 -0.004394222927961 0.024920876602674 0.426812731261156 -0.173702118009267 0.985113663909409 1.881123782722649
-0.499915241237398 -0.400480690829397 0.037687937941905 -0.005262733518008 0.029846444922221 0.436218350174769 -0.185370727148193 1.051289634754760 1.748743848765666
-0.499946189173167 -0.400305176363917 0.039912748288998 -0.006189587153749 0.035102893095995 0.444962069418597 -0.197074938366182 1.117667515051490 1.611836422643065
-0.499982063982395 -0.400101720210560 0.042177854546657 -0.007174961845580 0.040691230671253 0.453021251531813 -0.208789246480823 1.184102657703079 1.470795199326469
-0.500023158522785 -0.399868661490762 0.044479730684299 -0.008218908077984 0.046611743959768 0.460375227528445 -0.220488146309705 1.250450415619664 1.326013873786391
-0.500069765266832 -0.399604341510572 0.046814757168786 -0.009321348809532 0.052863996037866 0.467005296897377 -0.232146132672639 1.316566141691400 1.177886140993067
-0.500122175664197 -0.399307107376841 0.049179230806798 -0.010482079472895 0.059446826746323 0.472894727602342 -0.243737700360569 1.382305188848409 1.026805695919786
-0.500180679504070 -0.398975315613388 0.051569374587207 -0.011700767974698 0.066358352690565 0.478028756081941 -0.255237344228831 1.447522909985288 0.873166233534561
-0.500245564277550 -0.398607335777185 0.053981347523455 -0.012976954695842 0.073595967240492 0.482394587249614 -0.266619559048387 1.512074657996632 0.717361448809850
-0.500317114540005 -0.398201554074533 0.056411254495924 -0.014310052491084 0.081156340530475 0.485981394493663 -0.277858839665690 1.575815785803680 0.559785036715332
-0.500395611273452 -0.397756376977235 0.058855156094310 -0.015699346689413 0.089035419459493 0.488780319677240 -0.288929680878347 1.638601646323234 0.400830692225962
-0.500481331248921 -0.397270234838780 0.061309078460002 -0.017143995093805 0.097228427691110 0.490784473138370 -0.299806577506168 1.700287592423244 0.240892110305313
-0.500574546388828 -0.396741585510514 0.063769023128451 -0.018643027981335 0.105729865653226 0.491988933689896 -0.310464024373402 1.760728977053816 0.080362985929172
-0.500675523129344 -0.396168917957821 0.066230976871549 -0.020195348103202 0.114533510538495 0.492390748619542 -0.320876516273216 1.819781153089561 -0.080362985929727
-0.500784521782767 -0.395550755876302 0.068690921539998 -0.021799730684569 0.123632416303943 0.491988933689894 -0.331018548038742 1.877299473451721 -0.240892110305868
-0.500901795899890 -0.394885661307946 0.071144843905690 -0.023454823424762 0.133018913671201 0.490784473138364 -0.340864614476466 1.933139291048214 -0.400830692223186
-0.501027591632376 -0.394172238257313 0.073588745504076 -0.025159146497145 0.142684610126442 0.488780319677248 -0.350389210410640 1.987155958766973 -0.559785036717830
-0.501162147095122 -0.393409136307712 0.076018652476545 -0.026911092549198 0.152620389920277 0.485981394493659 -0.359566830638869 2.039204829547003 -0.717361448808185
-0.501305691728634 -0.392595054237372 0.078430625412793 -0.028708926702392 0.162816414068012 0.482394587249618 -0.368371969989845 2.089141256249594 -0.873166233536504
-0.501458445661396 -0.391728743635626 0.080820769193202 -0.030550786552341 0.173262120349260 0.478028756081936 -0.376779123270055 2.136820591833732 -1.026805695917288
-0.501620619072239 -0.390809012519084 0.083185242831214 -0.032434682168692 0.183946223308429 0.472894727602349 -0.384762785303749 2.182098189156267 -1.177886140995565
-0.501792411552715 -0.389834728947812 0.085520269315701 -0.034358496095210 0.194856714254210 0.467005296897371 -0.392297450897416 2.224829401153983 -1.326013873784726
-0.501974011469464 -0.388804824641513 0.087822145453343 -0.036319983349697 0.205980861259980 0.460375227528448 -0.399357614870866 2.264869580728135 -1.470795199326469
-0.502165595326584 -0.387718298595694 0.090087251711002 -0.038316771424052 0.217305209163621 0.453021251531815 -0.405917772030584 2.302074080775540 -1.611836422643620
-0.502367327128005 -0.386574220697857 0.092312062058095 -0.040346360284205 0.228815579567498 0.444962069418597 -0.411952417196382 2.336298254204117 -1.748743848767331
-0.502579357739856 -0.385371735343664 0.094493153808969 -0.042406122370187 0.240497070838519 0.436218350174761 -0.417436045188069 2.367397453937325 -1.881123782719318
-0.502801824252837 -0.384110065053123 0.096627217465275 -0.044493302596127 0.252334058108206 0.426812731261164 -0.422343150816573 2.395227032851999 -2.008582529547942
-0.503034849344588 -0.382788514086761 0.098711066558342 -0.046605018350210 0.264310193272466 0.416769818613424 -0.426648228888382 2.419642343884920 -2.130726394257709
-0.503278540642061 -0.381406472061802 0.100741647491553 -0.048738259494652 0.276408404991890 0.406116186642136 -0.430325774236628 2.440498739917363 -2.247161681896981
-0.503532990083890 -0.379963417568344 0.102716049382716 -0.050889888365835 0.288610898691477 0.394880378232651 -0.433350281650036 2.457651573868347 -2.357494697484697
-0.503798273282761 -0.378458921785540 0.104631513906442 -0.053056639774085 0.300899156560819 0.383092904745228 -0.435696245970618 2.470956198645791 -2.461331746053674
-0.504074448887780 -0.376892652097770 0.106485445136517 -0.055235121003938 0.313253937554048 0.370786246014959 -0.437338161995982 2.480267967153171 -2.558279132632846
-0.504361557946850 -0.375264375710821 0.108275419388276 -0.057421811813918 0.325655277389814 0.357994850351795 -0.438250524545936 2.485442232282864 -2.647943162248367
-0.504659623269033 -0.373573963268065 0.109999195060979 -0.059613064436648 0.338082488551228 0.344755134540553 -0.438407828431409 2.486334346967212 -2.729930139936387
-0.504968648786927 -0.371821392466634 0.111654722480183 -0.061805103578805 0.350514160286064 0.331105483840871 -0.437784568472210 2.482799664089708 -2.803846370714735
-0.505288618919033 -0.370006751673602 0.113240153740120 -0.063994026421166 0.362928158606513 0.317086251987297 -0.436355239483710 2.474693536573813 -2.869298159624556
-0.505619497932126 -0.368130243542155 0.114753852546065 -0.066175802618584 0.375301626289382 0.302739761189175 -0.434094336276836 2.461871317307462 -2.925891811689230
-0.505961229303626 -0.366192188627775 0.116194404056719 -0.068346274299969 0.387610982875919 0.288110302130729 -0.430976353658075 2.444188359216337 -2.973233631938799
-0.506313735083967 -0.364193029004415 0.117560624726574 -0.070501156068259 0.399831924672001 0.273244133971035 -0.426975786465000 2.421500015192812 -3.010929925397754
-0.506676915258970 -0.362133331880675 0.118851572148294 -0.072636035000584 0.411939424747965 0.258189484344046 -0.422067129495218 2.393661638147027 -3.038586997102799
-0.507050647112210 -0.360013793215982 0.120066554895087 -0.074746370648060 0.423907732938700 0.242996549358532 -0.416224877559657 2.360528580986898 -3.055811152079535
-0.507434784587390 -0.357835241336764 0.121205142363078 -0.076827495035858 0.435710375843634 0.227717493598134 -0.409423525487007 2.321956196615904 -3.062208695355784
-0.507829157650706 -0.355598640552630 0.122267174613685 -0.078874612663293 0.447320156826714 0.212406450121355 -0.401637568083757 2.277799837946404 -3.057385931960477
-0.508233571653225 -0.353305094772548 0.123252772215992 -0.080882800503712 0.458709156016446 0.197119520461553 -0.392841500160834 2.227914857875213 -3.040949166923657
-0.508647806693247 -0.350955851121019 0.124162346089127 -0.082847008004516 0.469848730305822 0.181914774626935 -0.383009816551372 2.172156609314690 -3.012504705288688
-0.509071616978684 -0.348552303554257 0.124996607344629 -0.084762057087273 0.480709513352395 0.166852251100491 -0.372117012039652 2.110380445172755 -2.971658852046755
-0.509504730189421 -0.346095996476366 0.125756577128831 -0.086622642147471 0.491261415578259 0.151993956840257 -0.360137581472131 2.042441718341781 -2.918017912276749
-0.509946846839695 -0.343588628355516 0.126443596465225 -0.088423330054832 0.501473624169968 0.137403867278874 -0.347046019637531 1.968195781749671 -2.851188190959864
-0.510397639640460 -0.341032055340122 0.127059336096845 -0.090158560153020 0.511314603078716 0.123147926324074 -0.332816821368986 1.887497988288800 -2.770775993170549
-0.510856752861759 -0.338428294875021 0.127605806328637 -0.091822644259865 0.520752093020160 0.109294046358221 -0.317424481468542 1.800203690871527 -2.676387623889998
-0.511323801695096 -0.335779529317649 0.128085366869830 -0.093409766667207 0.529753111474518 0.095912108238771 -0.300843494764891 1.706168242392447 -2.567629388190440
-0.511798371615801 -0.333088109554216 0.128500736676320 -0.094913984141032 0.538283952686480 0.083073961297819 -0.283048356051196 1.605246995775023 -2.444107591075273
-0.512280017745407 -0.330356558615890 0.128855003793032 -0.096329225921288 0.546310187665355 0.070853423342443 -0.264013560173915 1.497295303909407 -2.305428537594523
-0.512768264214018 -0.327587575294965 0.129151635196304 -0.097649293722157 0.553796664184902 0.059326280654470 -0.243713601908446 1.382168519714622 -2.151198532740484
-0.513262603522676 -0.324784037761048 0.129394486636258 -0.098867861731700 0.560707506783475 0.048570287990768 -0.222122976101247 1.259721996085261 -1.981023881580946
-0.513762495905737 -0.321949007177228 0.129587812479172 -0.099978476612206 0.567006116763902 0.038665168582863 -0.199216177554362 1.129811085938126 -1.794510889134848
-0.514267368693237 -0.319085731316260 0.129736275549858 -0.100974557499978 0.572655172193592 0.029692614137189 -0.174967701083162 0.992291142172252 -1.591265860416691
-0.514776615673264 -0.316197648176738 0.129844956974034 -0.101849396005393 0.577616627904454 0.021736284835105 -0.149352041507456 0.847017517702220 -1.370895100456515
-0.515289596454329 -0.313288389599273 0.129919366020698 -0.102596156212931 0.581851715492965 0.014881809332823 -0.122343693624849 0.693845565418183 -1.133004914315450
-0.515805635827734 -0.310361784882673 0.129965449944504 -0.103207874681055 0.585320943320056 0.009216784761246 -0.093917152272915 0.532630638248044 -0.877201606988010
-0.516324023129946 -0.307421864400116 0.129989603828136 -0.103677460442420 0.587984096511296 0.004830776726306 -0.064046912258142 0.363228089073075 -0.603091483513118
-0.516844011604965 -0.304472863215333 0.129998680424679 -0.103997695003710 0.589800236956661 0.001815319308740 -0.032707468387017 0.185493270830062 -0.310280848929700
-0.517364817766693 -0.301519224698779 0.130000000000000 -0.104161232345645 0.590727703310812 0.000263915064092 0.001304151999726 -0.007396213514976 -0.660843002564526
-0.517885591324621 -0.298565771087563 0.129984798500256 -0.104154711585647 0.590690722243237 -0.003040299948731 0.040202548352575 -0.227999981574634 -1.199630217088021
-0.518405359818841 -0.295618017475886 0.129939606245085 -0.103953698843884 0.589550722335364 -0.009038451034171 0.078141511510310 -0.443162533596553 -1.174895573424761
-0.518923174775272 -0.292681342927549 0.129865041600579 -0.103562991286332 0.587334909667381 -0.014912928901295 0.113657482065932 -0.644583611699723 -1.150160929775934
-0.519438148294652 -0.289760782969505 0.129761722932828 -0.102994703876003 0.584111991608882 -0.020663733550175 0.146801470384261 -0.832552510081630 -1.125426286123776
-0.519949451777273 -0.286861036824212 0.129630268607924 -0.102260696524081 0.579949229058474 -0.026290864980794 0.177624486834560 -1.007358522921997 -1.100691642473839
-0.520456314647722 -0.283986474641993 0.129471296991958 -0.101372574089909 0.574912436443864 -0.031794323193163 0.206177541803854 -1.169290944418311 -1.075956998821681
-0.520958023079627 -0.281141144733384 0.129285426451022 -0.100341686380889 0.569065981721772 -0.037174108187271 0.232511645634759 -1.318639068761396 -1.051222355169523
-0.521453918720390 -0.278328780801494 0.129073275351206 -0.099179128152715 0.562472786377965 -0.042430219963119 0.256677808732064 -1.455692190126534 -1.026487711520696
-0.521943397415936 -0.275552809174358 0.128835462058603 -0.097895739109055 0.555194325427333 -0.047562658520722 0.278727041425064 -1.580739602695669 -1.001753067869648
-0.522425907935445 -0.272816356037288 0.128572604939302 -0.096502103901930 0.547290627413854 -0.052571423860071 0.298710354127429 -1.694070600697373 -0.977018424217491
-0.522900950696102 -0.270122254665237 0.128285322359396 -0.095008552131293 0.538820274410368 -0.057456515981158 0.316678757181776 -1.795974478258078 -0.952283780565333
-0.523368076487829 -0.267473052655141 0.127974232684977 -0.093425158345384 0.529840402019077 -0.062217934883985 0.332683260970690 -1.886740529621900 -0.927549136916506
-0.523826885198031 -0.264871019158286 0.127639954282134 -0.091761742040530 0.520406699370968 -0.066855680568567 0.346774875850109 -1.966658048933034 -0.902814493265458
-0.524277024536338 -0.262318152112655 0.127283105516959 -0.090027867661280 0.510573409126303 -0.071369753034894 0.359004612215941 -2.036016330406731 -0.878079849612190
-0.524718188759339 -0.259816185475283 0.126904304755544 -0.088232844600200 0.500393327474269 -0.075760152282955 0.369423480415243 -2.095104668222714 -0.853345205962253
-0.525150117395329 -0.257366596454618 0.126504170363981 -0.086385727198124 0.489917804133155 -0.080026878312767 0.378082490830600 -2.144212356556263 -0.828610562311205
-0.525572593969049 -0.254970612742866 0.126083320708359 -0.084495314743971 0.479196742350374 -0.084169931124323 0.385032653826833 -2.183628689622630 -0.803875918660157
-0.525985444726423 -0.252629219748355 0.125642374154771 -0.082570151474837 0.468278598902261 -0.088189310717623 0.390324979786527 -2.213642961579332 -0.779141275010220
-0.526388537359303 -0.250343167827883 0.125181949069307 -0.080618526575904 0.457210384094364 -0.092085017092675 0.394010479056739 -2.234544466634958 -0.754406631356397
-0.526781779730206 -0.248112979519077 0.124702663818060 -0.078648474180620 0.446037661761189 -0.095857050249457 0.396140162037817 -2.246622498964790 -0.729671987707570
-0.527165118597058 -0.245938956772745 0.124205136767120 -0.076667773370431 0.434804549266365 -0.099505410187994 0.396765039072378 -2.250166352760763 -0.704937344055412
-0.527538538337934 -0.243821188185232 0.123689986282579 -0.074683948175069 0.423553717502562 -0.103030096908271 0.395936120547447 -2.245465322214812 -0.680202700404919
-0.527902059675795 -0.241759556230775 0.123157830730527 -0.072704267572332 0.412326390891488 -0.106431110410296 0.393704416841167 -2.232808701508882 -0.655468056753317
-0.528255738403236 -0.239753744493855 0.122609288477057 -0.070735745488126 0.401162347383943 -0.109708450694063 0.390120938300598 -2.212485784829354 -0.630733413103379
-0.528599664107219 -0.237803244901556 0.122044977888259 -0.068785140796623 0.390099918459796 -0.112862117759580 0.385236695308322 -2.184785866371497 -0.605998769450666
-0.528933958893819 -0.235907364955916 0.121465517330225 -0.066858957320082 0.379175989127939 -0.115892111606833 0.379102698242484 -2.149998240311701 -0.581264125800729
-0.529258776112964 -0.234065234966284 0.120871525169046 -0.064963443828869 0.368425997926380 -0.118798432235837 0.371769957467905 -2.108412200849674 -0.556529482149681
-0.529574299083171 -0.232275815281674 0.120263619770813 -0.063104594041530 0.357883936922132 -0.121581079646585 0.363289483344964 -2.060317042162918 -0.531794838498079
-0.529880739816295 -0.230537903523117 0.119642419501618 -0.061288146624805 0.347582351711317 -0.124240053839075 0.353712286260688 -2.006002058447809 -0.507060194846476
-0.530178337742263 -0.228850141816022 0.119008542727551 -0.059519585193502 0.337552341419078 -0.126775354813308 0.343089376575456 -1.945756543881849 -0.482325551196539
-0.530467358433816 -0.227211024022523 0.118362607814705 -0.057804138310624 0.327823558699669 -0.129186982569290 0.331471764667413 -1.879869792660305 -0.457590907545491
-0.530748092331252 -0.225618902973842 0.117705233129169 -0.056146779487287 0.318424209736368 -0.131474937107018 0.318910460896937 -1.808631098971780 -0.432856263892778
-0.531020853467166 -0.224071997702634 0.117037037037037 -0.054552227182803 0.309381054241509 -0.133639218426482 0.305456475642174 -1.732329756993778 -0.408121620243951
-0.531285978191189 -0.222568400675351 0.116358637904399 -0.053024944804592 0.300719405456540 -0.135679826527701 0.291160819272385 -1.651255060929335 -0.383386976591793
-0.531543823894731 -0.221106085024592 0.115670654097345 -0.051569140708230 0.292463130151893 -0.137596761410660 0.276074502156831 -1.565696304951514 -0.358652332940190
-0.531794767735718 -0.219682911781456 0.114973703981968 -0.050188768197446 0.284634648627136 -0.139390023075361 0.260248534669216 -1.475942783252249 -0.333917689289143
-0.532039205363338 -0.218296637107902 0.114268405924359 -0.048887525524099 0.277254934710874 -0.141059611521807 0.243733927183243 -1.382283790026806 -0.309183045638650
-0.532277549642779 -0.216944919529098 0.113555378290609 -0.047668855888183 0.270343515760740 -0.142605526750000 0.226581690045968 -1.285008619452688 -0.284448401988158
-0.532510229379969 -0.215625327165781 0.112835239446810 -0.046535947437953 0.263918472663477 -0.144027768759941 0.208842833666623 -1.184406565719609 -0.259713758336000
-0.532737688046317 -0.214335344966606 0.112108607759052 -0.045491733269620 0.257996439834879 -0.145326337551621 0.190568368387822 -1.080766923023946 -0.234979114685507
-0.532960382503455 -0.213072381940508 0.111376101593426 -0.044538891427681 0.252592605219759 -0.146501233125049 0.171809304583270 -0.974378985537649 -0.210244471033350
-0.533178781727979 -0.211833778389047 0.110638339316025 -0.043679844904765 0.247720710292071 -0.147552455480215 0.152616652639992 -0.865532047463757 -0.185509827383967
-0.533393365536187 -0.210616813138773 0.109895939292940 -0.042916761641565 0.243393050054752 -0.148480004617135 0.133041422900604 -0.754515402978662 -0.160775183731809
-0.533604623308822 -0.209418710773574 0.109149519890261 -0.042251554527062 0.239620473039859 -0.149283880535794 0.113134625769895 -0.641618346276518 -0.136040540080207
-0.533813052715813 -0.208236648867032 0.108399699474080 -0.041685881398212 0.236412381308476 -0.149964083236195 0.092947271586041 -0.527130171542600 -0.111305896430824
-0.534019158441015 -0.207067765214778 0.107647096410488 -0.041221145040282 0.233776730450763 -0.150520612718349 0.072530370744950 -0.411340172964403 -0.086571252778112
-0.534223450906948 -0.205909165066848 0.106892329065577 -0.040858493186557 0.231720029585941 -0.150953468982240 0.051934933598119 -0.294537644728310 -0.061836609128729
-0.534426444999541 -0.204757928360037 0.106136015805437 -0.040598818518567 0.230247341362300 -0.151262652027884 0.031211970528133 -0.177011881026257 -0.037101965475461
-0.534628658792870 -0.203611116950251 0.105378774996161 -0.040442758665926 0.229362281957168 -0.151448161855261 0.010412491908696 -0.059052176040186 -0.012367321825524
-0.534830612273902 -0.202465781844866 0.104621225003839 -0.040390696206383 0.229067021076967 -0.151509998464389 -0.010412491904255 0.059052176041297 0.012367321824414
-0.535032826067232 -0.201318970435080 0.103863984194563 -0.040442758665904 0.229362281957174 -0.151448161855267 -0.031211970532574 0.177011881026257 0.037101965477682
-0.535235820159824 -0.200167733728269 0.103107670934423 -0.040598818518567 0.230247341362305 -0.151262652027878 -0.051934933598119 0.294537644727200 0.061836609127064
-0.535440112625757 -0.199009133580339 0.102352903589512 -0.040858493186557 0.231720029585941 -0.150953468982243 -0.072530370744950 0.411340172964403 0.086571252779222
-0.535646218350959 -0.197840249928085 0.101600300525920 -0.041221145040282 0.233776730450763 -0.150520612718347 -0.092947271590482 0.527130171542600 0.111305896429714
-0.535854647757950 -0.196658188021543 0.100850480109739 -0.041685881398235 0.236412381308476 -0.149964083236198 -0.113134625761013 0.641618346274297 0.136040540080762
-0.536065905530585 -0.195460085656343 0.100104060707060 -0.042251554527040 0.239620473039848 -0.149283880535794 -0.133041422909486 0.754515402983102 0.160775183732365
-0.536280489338793 -0.194243120406070 0.099361660683975 -0.042916761641587 0.243393050054763 -0.148480004617133 -0.152616652635551 0.865532047460427 0.185509827382857
-0.536498888563317 -0.193004516854609 0.098623898406574 -0.043679844904765 0.247720710292065 -0.147552455480218 -0.171809304583270 0.974378985538760 0.210244471033905
-0.536721583020455 -0.191741553828511 0.097891392240948 -0.044538891427681 0.252592605219759 -0.146501233125049 -0.190568368387822 1.080766923022836 0.234979114685507
-0.536949041686803 -0.190451571629336 0.097164760553190 -0.045491733269620 0.257996439834873 -0.145326337551621 -0.208842833662182 1.184406565721829 0.259713758337110
-0.537181721423993 -0.189131979266019 0.096444621709391 -0.046535947437931 0.263918472663482 -0.144027768759936 -0.226581690054850 1.285008619451578 0.284448401985937
-0.537420065703434 -0.187780261687215 0.095731594075641 -0.047668855888205 0.270343515760740 -0.142605526750006 -0.243733927174361 1.382283790025696 0.309183045639205
-0.537664503331054 -0.186393987013661 0.095026296018032 -0.048887525524077 0.277254934710869 -0.141059611521810 -0.260248534673657 1.475942783254469 0.333917689290253
-0.537915447172042 -0.184970813770525 0.094329345902655 -0.050188768197446 0.284634648627141 -0.139390023075359 -0.276074502156831 1.565696304951514 0.358652332940190
-0.538173292875583 -0.183508498119766 0.093641362095601 -0.051569140708230 0.292463130151899 -0.137596761410658 -0.291160819272385 1.651255060928225 0.383386976591793
-0.538438417599606 -0.182004901092483 0.092962962962963 -0.053024944804592 0.300719405456540 -0.135679826527699 -0.305456475646615 1.732329756993778 0.408121620242285
-0.538711178735520 -0.180457995821275 0.092294766870831 -0.054552227182825 0.309381054241509 -0.133639218426487 -0.318910460892496 1.808631098969560 0.432856263894998
-0.538991912632956 -0.178865874772593 0.091637392185295 -0.056146779487287 0.318424209736357 -0.131474937107012 -0.331471764667413 1.879869792664746 0.457590907543826
-0.539280933324509 -0.177226756979095 0.090991457272449 -0.057804138310624 0.327823558699680 -0.129186982569293 -0.343089376571015 1.945756543877408 0.482325551196539
-0.539578531250477 -0.175538995272000 0.090357580498382 -0.059519585193479 0.337552341419067 -0.126775354813310 -0.353712286265129 2.006002058452250 0.507060194847031
-0.539884971983601 -0.173801083513443 0.089736380229187 -0.061288146624805 0.347582351711329 -0.124240053839075 -0.363289483349405 2.060317042161808 0.531794838498634
-0.540200494953809 -0.172011663828832 0.089128474830954 -0.063104594041552 0.357883936922138 -0.121581079646582 -0.371769957459023 2.108412200847454 0.556529482149681
-0.540525312172953 -0.170169533839201 0.088534482669775 -0.064963443828847 0.368425997926375 -0.118798432235834 -0.379102698246925 2.149998240313922 0.581264125799064
-0.540859606959553 -0.168273653893561 0.087955022111741 -0.066858957320082 0.379175989127944 -0.115892111606838 -0.385236695312763 2.184785866369277 0.605998769452332
-0.541203532663536 -0.166323154301262 0.087390711522943 -0.068785140796646 0.390099918459791 -0.112862117759577 -0.390120938296157 2.212485784832685 0.630733413102269
-0.541557211390977 -0.164317342564342 0.086842169269473 -0.070735745488126 0.401162347383954 -0.109708450694065 -0.393704416836727 2.232808701502220 0.655468056754427
-0.541920732728839 -0.162255710609885 0.086310013717421 -0.072704267572310 0.412326390891465 -0.106431110410293 -0.395936120551887 2.245465322218143 0.680202700403809
-0.542294152469714 -0.160137942022372 0.085794863232880 -0.074683948175069 0.423553717502556 -0.103030096908274 -0.396765039076818 2.250166352762983 0.704937344055967
-0.542677491336566 -0.157963919276040 0.085297336181940 -0.076667773370453 0.434804549266371 -0.099505410187994 -0.396140162028935 2.246622498963680 0.729671987707015
-0.543070733707469 -0.155733730967234 0.084818050930692 -0.078648474180598 0.446037661761189 -0.095857050249459 -0.394010479065621 2.234544466636068 0.754406631358062
-0.543473826340349 -0.153447679046762 0.084357625845229 -0.080618526575926 0.457210384094370 -0.092085017092669 -0.390324979782086 2.213642961578222 0.779141275009110
-0.543886677097723 -0.151106286052251 0.083916679291641 -0.082570151474837 0.468278598902261 -0.088189310717623 -0.385032653822392 2.183628689617079 0.803875918660157
-0.544309153671443 -0.148710302340499 0.083495829636019 -0.084495314743949 0.479196742350346 -0.084169931124323 -0.378082490835041 2.144212356561814 0.828610562310650
-0.544741082307433 -0.146260713319834 0.083095695244456 -0.086385727198124 0.489917804133155 -0.080026878312769 -0.369423480415243 2.095104668224934 0.853345205962808
-0.545182246530434 -0.143758746682462 0.082716894483041 -0.088232844600200 0.500393327474280 -0.075760152282955 -0.359004612215941 2.036016330404511 0.878079849613300
-0.545632385868741 -0.141205879636831 0.082360045717866 -0.090027867661280 0.510573409126303 -0.071369753034889 -0.346774875850109 1.966658048935255 0.902814493264348
-0.546091194578943 -0.138603846139976 0.082025767315023 -0.091761742040530 0.520406699370979 -0.066855680568567 -0.332683260970690 1.886740529615238 0.927549136915395
-0.546558320370670 -0.135954644129880 0.081714677640604 -0.093425158345384 0.529840402019055 -0.062217934883990 -0.316678757181776 1.795974478271400 0.952283780566998
-0.547033363131327 -0.133260542757828 0.081427395060698 -0.095008552131293 0.538820274410412 -0.057456515981155 -0.298710354127429 1.694070600677389 0.977018424216936
-0.547515873650836 -0.130524089620759 0.081164537941397 -0.096502103901930 0.547290627413799 -0.052571423860071 -0.278727041429505 1.580739602717873 1.001753067869648
-0.548005352346382 -0.127748117993622 0.080926724648794 -0.097895739109077 0.555194325427388 -0.047562658520722 -0.256677808723182 1.455692190113211 1.026487711519586
-0.548501247987145 -0.124935754061733 0.080714573548978 -0.099179128152693 0.562472786377954 -0.042430219963124 -0.232511645643640 1.318639068756955 1.051222355170633
-0.549002956419050 -0.122090424153124 0.080528703008042 -0.100341686380911 0.569065981721739 -0.037174108187271 -0.206177541794972 1.169290944420531 1.075956998822236
-0.549509819289499 -0.119215861970905 0.080369731392076 -0.101372574089886 0.574912436443842 -0.031794323193160 -0.177624486839001 1.007358522933099 1.100691642473284
-0.550021122772120 -0.116316115825612 0.080238277067172 -0.102260696524081 0.579949229058507 -0.026290864980794 -0.146801470384261 0.832552510070528 1.125426286123221
-0.550536096291500 -0.113395555867568 0.080134958399421 -0.102994703876003 0.584111991608860 -0.020663733550177 -0.113657482065932 0.644583611706384 1.150160929776489
-0.551053911247931 -0.110458881319231 0.080060393754915 -0.103562991286332 0.587334909667392 -0.014912928901295 -0.078141511510310 0.443162533592112 1.174895573426427
-0.551573679742151 -0.107511127707554 0.080015201499744 -0.103953698843884 0.589550722335352 -0.009038451034163 -0.040202548357016 0.227999981590177 1.199630217075809
-0.552094453300079 -0.104557674096338 0.080000000000000 -0.104154711585669 0.590690722243303 -0.003040299948784 -0.001304151995285 0.007396213503874 0.575578135712518
-0.552615259461807 -0.101604035579784 0.079999187953649 -0.104161232345645 0.590727703310823 -0.000162409270221 0.032707468391457 -0.185493270832282 -0.190942060876997
-0.553135247936826 -0.098655034395000 0.079993602355776 -0.103997695003688 0.589800236956661 -0.001117119574606 0.064046912249260 -0.363228089073075 -0.371133220623543
-0.553653635239038 -0.095715113912444 0.079978738427387 -0.103677460442442 0.587984096511296 -0.002972785677724 0.093917152277356 -0.532630638248044 -0.539816373529844
-0.554169674612443 -0.092788509195844 0.079950379089660 -0.103207874681055 0.585320943320056 -0.005671867545373 0.122343693629290 -0.693845565420403 -0.697233793423568
-0.554682655393508 -0.089879250618379 0.079904588907098 -0.102596156212909 0.581851715492954 -0.009158036512491 0.149352041503015 -0.847017517697779 -0.843627754132936
-0.555191902373535 -0.086991167478856 0.079837708030682 -0.101849396005393 0.577616627904465 -0.013376175283156 0.174967701078721 -0.992291142174473 -0.979240529486725
-0.555696775161035 -0.084127891617888 0.079746346141029 -0.100974557500000 0.572655172193592 -0.018272377930589 0.199216177558803 -1.129811085938126 -1.104314393309824
-0.556196667544096 -0.081292861034069 0.079627376391543 -0.099978476612206 0.567006116763902 -0.023793949897138 0.222122976101247 -1.259721996087482 -1.219091619436008
-0.556691006852754 -0.078489323500152 0.079477929351572 -0.098867861731700 0.560707506783464 -0.029889407994318 0.243713601912887 -1.382168519712401 -1.323814481689611
-0.557179253321365 -0.075720340179227 0.079295386949558 -0.097649293722135 0.553796664184902 -0.036508480402767 0.264013560165033 -1.497295303909407 -1.418725253898856
-0.557660899450972 -0.072988789240900 0.079077376416197 -0.096329225921310 0.546310187665355 -0.043602106672261 0.283048356055637 -1.605246995775023 -1.504066209894739
-0.558135469371677 -0.070297369477468 0.078821764227588 -0.094913984141032 0.538283952686480 -0.051122437721735 0.300843494764891 -1.706168242392447 -1.580079623502151
-0.558602518205013 -0.067648603920095 0.078526650048392 -0.093409766667207 0.529753111474518 -0.059022835839245 0.317424481468542 -1.800203690869306 -1.647007768549869
-0.559061631426312 -0.065044843454995 0.078190360674982 -0.091822644259865 0.520752093020171 -0.067257874681995 0.332816821368986 -1.887497988288800 -1.705092918869999
-0.559512424227077 -0.062488270439601 0.077811443978600 -0.090158560153020 0.511314603078727 -0.075783339276345 0.347046019641972 -1.968195781751891 -1.754577348286324
-0.559954540877351 -0.059980902318751 0.077388662848511 -0.088423330054810 0.501473624169968 -0.084556226017776 0.360137581463249 -2.042441718346222 -1.795703330628173
-0.560387654088089 -0.057524595240860 0.076920989135157 -0.086622642147494 0.491261415578237 -0.093534742670917 0.372117012048534 -2.110380445170534 -1.828713139725435
-0.560811464373525 -0.055121047674098 0.076407597593309 -0.084762057087251 0.480709513352384 -0.102678308369544 0.383009816542490 -2.172156609312470 -1.853849049404110
-0.561225699413548 -0.052771804022569 0.075847859825226 -0.082847008004538 0.469848730305822 -0.111947553616565 0.392841500165275 -2.227914857875213 -1.871353333493531
-0.561630113416066 -0.050478258242487 0.075241338223806 -0.080882800503712 0.458709156016446 -0.121304320284032 0.401637568083757 -2.277799837944183 -1.881468265823583
-0.562024486479383 -0.048241657458353 0.074587779915740 -0.078874612663293 0.447320156826725 -0.130711661613150 0.409423525487007 -2.321956196618125 -1.884436120218047
-0.562408623954562 -0.046063105579135 0.073887110704669 -0.076827495035858 0.435710375843634 -0.140133842214241 0.416224877564098 -2.360528580986898 -1.880499170510141
-0.562782355807802 -0.043943566914441 0.073139429014335 -0.074746370648038 0.423907732938700 -0.149536338066791 0.422067129486337 -2.393661638149247 -1.869899690524757
-0.563145535982805 -0.041883869790702 0.072344999831738 -0.072636035000606 0.411939424747954 -0.158885836519415 0.426975786469441 -2.421500015190592 -1.852879954090669
-0.563498041763146 -0.039884710167342 0.071504248650289 -0.070501156068259 0.399831924672001 -0.168150236289868 0.430976353662516 -2.444188359214117 -1.829682235038321
-0.563839773134646 -0.037946655252962 0.070617755412963 -0.068346274299946 0.387610982875930 -0.177298647465060 0.434094336272395 -2.461871317314124 -1.800548807193159
-0.564170652147739 -0.036070147121515 0.069686248455458 -0.066175802618584 0.375301626289359 -0.186301391501026 0.436355239483710 -2.474693536567152 -1.765721944384513
-0.564490622279845 -0.034255506328482 0.068710598449343 -0.063994026421166 0.362928158606524 -0.195130001222948 0.437784568472210 -2.482799664091928 -1.725443920441161
-0.564799647797739 -0.032502935527052 0.067691812345218 -0.061805103578805 0.350514160286064 -0.203757220825154 0.438407828431409 -2.486334346967212 -1.679957009190769
-0.565097713119922 -0.030812523084296 0.066631027315862 -0.059613064436648 0.338082488551228 -0.212157005871108 0.438250524545936 -2.485442232285084 -1.629503484461559
-0.565384822178992 -0.029184246697347 0.065529504699395 -0.057421811813918 0.325655277389802 -0.220304523293416 0.437338161995982 -2.480267967150951 -1.574325620081751
-0.565660997784011 -0.027617977009577 0.064388623942426 -0.055235121003938 0.313253937554048 -0.228176151393825 0.435696245966177 -2.470956198643570 -1.514665689878458
-0.565926280982882 -0.026113481226773 0.063209876543210 -0.053056639774107 0.300899156560830 -0.235749479843217 0.433350281658917 -2.457651573870567 -1.450765967682122
-0.566180730424711 -0.024670426733315 0.061994859994802 -0.050889888365813 0.288610898691477 -0.243003309681628 0.430325774227747 -2.440498739919583 -1.382868727321795
-0.566424421722184 -0.023288384708356 0.060745271728211 -0.048738259494674 0.276408404991879 -0.249917653318237 0.426648228892823 -2.419642343882700 -1.311216242621538
-0.566657446813935 -0.021966833741993 0.059462903055554 -0.046605018350210 0.264310193272466 -0.256473734531344 0.422343150816573 -2.395227032851999 -1.236050787410958
-0.566879913326916 -0.020705163451452 0.058149633113212 -0.044493302596127 0.252334058108206 -0.262653988468399 0.417436045188069 -2.367397453935105 -1.157614635522997
-0.567091943938767 -0.019502678097260 0.056807422804982 -0.042406122370187 0.240497070838530 -0.268442061646014 0.411952417196382 -2.336298254208558 -1.076150060778380
-0.567293675740188 -0.018358600199422 0.055438308745232 -0.040346360284205 0.228815579567487 -0.273822811949906 0.405917772035025 -2.302074080775540 -0.991899337011437
-0.567485259597308 -0.017272074153604 0.054044397202057 -0.038316771424030 0.217305209163610 -0.278782308634963 0.399357614866425 -2.264869580723694 -0.905104738046780
-0.567666859514057 -0.016242169847304 0.052627858040431 -0.036319983349697 0.205980861259991 -0.283307832325197 0.392297450892976 -2.224829401156203 -0.816008537714574
-0.567838651994533 -0.015267886276033 0.051190918665363 -0.034358496095233 0.194856714254210 -0.287387875013770 0.384762785308190 -2.182098189156267 -0.724853009842208
-0.568000825405376 -0.014348155159491 0.049735857965048 -0.032434682168692 0.183946223308429 -0.291012140062981 0.376779123270055 -2.136820591829292 -0.631880428258180
-0.568153579338138 -0.013481844557745 0.048265000254026 -0.030550786552341 0.173262120349282 -0.294171542204272 0.368371969994286 -2.089141256260696 -0.537333066790158
-0.568297123971650 -0.012667762487405 0.046780709216335 -0.028708926702370 0.162816414067979 -0.296858207538223 0.359566830634428 -2.039204829538122 -0.441453199268582
-0.568431679434396 -0.011904660537803 0.045285381848662 -0.026911092549198 0.152620389920288 -0.299065473534565 0.350389210406199 -1.987155958771414 -0.344483099516679
-0.568557475166882 -0.011191237487171 0.043781442403502 -0.025159146497167 0.142684610126431 -0.300787889032149 0.340864614480907 -1.933139291041552 -0.246665041369054
-0.568674749284006 -0.010526142918815 0.042271336332307 -0.023454823424762 0.133018913671223 -0.302021214238994 0.331018548038742 -1.877299473460603 -0.148241298649765
-0.568783747937428 -0.009907980837296 0.040757524228645 -0.021799730684569 0.123632416303920 -0.302762420732243 0.320876516277657 -1.819781153085120 -0.049454145187589
-0.568884724677944 -0.009335313284603 0.039242475771355 -0.020195348103180 0.114533510538495 -0.303009691458181 0.310464024364521 -1.760728977053816 0.049454145187589
-0.568977939817851 -0.008806663956337 0.037728663667693 -0.018643027981358 0.105729865653226 -0.302762420732243 0.299806577510608 -1.700287592425465 0.148241298650043
-0.569063659793320 -0.008320521817881 0.036218557596498 -0.017143995093805 0.097228427691098 -0.302021214238993 0.288929680878347 -1.638601646316573 0.246665041368499
-0.569142156526767 -0.007875344720584 0.034714618151338 -0.015699346689413 0.089035419459516 -0.300787889032150 0.277858839670131 -1.575815785810342 0.344483099516957
-0.569213706789222 -0.007469563017932 0.033219290783665 -0.014310052491062 0.081156340530464 -0.299065473534565 0.266619559043946 -1.512074657996632 0.441453199269137
-0.569278591562702 -0.007101583181729 0.031734999745974 -0.012976954695842 0.073595967240481 -0.296858207538220 0.255237344224390 -1.447522909980847 0.537333066789325
-0.569337095402575 -0.006769791418276 0.030264142034952 -0.011700767974721 0.066358352690576 -0.294171542204273 0.243737700369451 -1.382305188846189 0.631880428257625
-0.569389505799940 -0.006472557284545 0.028809081334637 -0.010482079472873 0.059446826746345 -0.291012140062985 0.232146132668198 -1.316566141700282 0.724853009843873
-0.569436112543987 -0.006208237304355 0.027372141959569 -0.009321348809532 0.052863996037844 -0.287387875013766 0.220488146309705 -1.250450415615223 0.816008537714019
-0.569477207084377 -0.005975178584556 0.025955602797943 -0.008218908077984 0.046611743959768 -0.283307832325196 0.208789246478602 -1.184102657700858 0.905104738045948
-0.569513081893605 -0.005771722431200 0.024561691254768 -0.007174961845591 0.040691230671264 -0.278782308634966 0.197074938368402 -1.117667515055931 0.991899337012547
-0.569544029829374 -0.005596207965720 0.023192577195018 -0.006189587153749 0.035102893095984 -0.273822811949903 0.185370727150413 -1.051289634754760 1.076150060778380
-0.569570343496964 -0.005446975741109 0.021850366886788 -0.005262733517997 0.029846444922210 -0.268442061646011 0.173702118004826 -0.985113663904968 1.157614635520499
-0.569592314611604 -0.005322371358096 0.020537096944446 -0.004394222927973 0.024920876602685 -0.262653988468409 0.162094616147357 -0.919284249605301 1.236050787414567
-0.569610233360840 -0.005220749081322 0.019254728271789 -0.003583749847236 0.020324455354659 -0.256473734531336 0.150573726735992 -0.853946038927855 1.311216242620150
-0.569624387766908 -0.005140475455522 0.018005140005198 -0.002830881213556 0.016054725160020 -0.249917653318235 0.139164954955362 -0.789243678993579 1.382868727320408
-0.569635063049102 -0.005079932921697 0.016790123456790 -0.002135056438779 0.012108506765052 -0.243003309681633 0.127893806012302 -0.725321816872349 1.450765967681567
-0.569642540986145 -0.005037523433294 0.015611376057574 -0.001495587408717 0.008481897680690 -0.235749479843225 0.116785785073681 -0.662325099678451 1.514665689883454
-0.569647099278562 -0.005011672072382 0.014470495300605 -0.000911658483349 0.005170272182298 -0.228176151393808 0.105866397333010 -0.600398174483985 1.574325620076755
-0.569649010911045 -0.005000830665833 0.013368972684138 -0.000382326496684 0.002168281309878 -0.220304523293424 0.095161147966039 -0.539685688407676 1.629503484464334
-0.569648543514830 -0.005003481401494 0.012308187654782 0.000093479243146 -0.000530147132161 -0.212157005871103 0.084695542170721 -0.480332288514962 1.679957009187993
-0.569645958730060 -0.005018140444367 0.011289401550657 0.000516956954000 -0.002931808574735 -0.203757220825163 0.074495085122805 -0.422482621929010 1.725443920442271
-0.569641511568162 -0.005043361552789 0.010313751544542 0.000889432379614 -0.005044221684380 -0.195130001222951 0.064585282024687 -0.366281335721919 1.765721944386733
-0.569635449774213 -0.005077739694604 0.009382244587037 0.001212358789737 -0.006875628362990 -0.186301391501018 0.054991638025470 -0.311873077001312 1.800548807192603
-0.569628013189314 -0.005119914663344 0.008495751349711 0.001487316979865 -0.008434993747997 -0.177298647465055 0.045739658354194 -0.259402492841510 1.829682235036656
-0.569619433112955 -0.005168574694405 0.007655000168262 0.001716015271636 -0.009732006212204 -0.168150236289871 0.036854848164403 -0.209014230363458 1.852879954090669
-0.569609931665393 -0.005222460081225 0.006860570985665 0.001900289512458 -0.010777077364021 -0.158885836519418 0.028362712658492 -0.160852936637035 1.869899690523091
-0.569599721150014 -0.005280366791461 0.006112889295331 0.002042103075750 -0.011581342047207 -0.149536338066802 0.020288757003328 -0.115063258774306 1.880499170513472
-0.569589003415711 -0.005341150083167 0.005412220084260 0.002143546860767 -0.012156658341078 -0.140133842214235 0.012658486419070 -0.071789843856251 1.884436120218602
-0.569577969219246 -0.005403728120968 0.004758661776194 0.002206839292862 -0.012515607560359 -0.130711661613142 0.005497406045940 -0.031177338979393 1.881468265820807
-0.569566797587631 -0.005467085592245 0.004152140174774 0.002234326323092 -0.012671494255256 -0.121304320284038 -0.001168978895905 0.006629608757525 1.871353333496861
-0.569555655180488 -0.005530277323302 0.003592402406691 0.002228481428612 -0.012638346211469 -0.111947553616554 -0.007315163235155 0.041486352266862 1.853849049399114
-0.569544695652425 -0.005592431895553 0.003079010864843 0.002191905612436 -0.012430914450134 -0.102678308369558 -0.012915641782740 0.073248244449875 1.828713139730986
-0.569534059015408 -0.005652755261692 0.002611337151489 0.002127327403523 -0.012064673227885 -0.093534742670903 -0.017944909367351 0.101770638218923 1.795703330624843
-0.569523871001124 -0.005710534361876 0.002188556021400 0.002037602856686 -0.011555820036790 -0.084556226017779 -0.022377460773271 0.126908886466381 1.754577348282993
-0.569514242423360 -0.005765140739898 0.001809639325018 0.001925715552820 -0.010921275604459 -0.075783339276364 -0.026187790846954 0.148518342120152 1.705092918876661
-0.569505268540367 -0.005816034159368 0.001473349951608 0.001794776598585 -0.010178683893858 -0.067257874681981 -0.029350394381567 0.166454358061507 1.647007768544873
-0.569497028417234 -0.005862766219885 0.001178235772412 0.001648024626677 -0.009346412103550 -0.059022835839256 -0.031839766205799 0.180572287229452 1.580079623507702
-0.569489584288256 -0.005904983973222 0.000922623583803 0.001488825795648 -0.008443550667403 -0.051122437721718 -0.033630401126139 0.190727482487496 1.504066209889743
-0.569482980919306 -0.005942433539497 0.000704613050442 0.001320673790017 -0.007489913254966 -0.043602106672269 -0.034696793957956 0.196775296774643 1.418725253901076
-0.569477244970205 -0.005974963723353 0.000522070648428 0.001147189820228 -0.006506036771092 -0.036508480402764 -0.035013439521059 0.198571082998811 1.323814481688501
-0.569472384357091 -0.006002529630133 0.000372623608457 0.000972122622622 -0.005513181356098 -0.029889407994321 -0.034554832621936 0.195970194032391 1.219091619428792
-0.569468387614794 -0.006025196282063 0.000253653858971 0.000799348459513 -0.004533330385936 -0.023793949897177 -0.033295468089278 0.188827982816608 1.104314393327588
-0.569465223259199 -0.006043142234422 0.000162291969318 0.000632871119066 -0.003589190471853 -0.018272377930539 -0.031209840711810 0.176999802250499 0.979240529468406
-0.569462839149621 -0.006056663191725 0.000095411092902 0.000476821915507 -0.002704191460601 -0.013376175283197 -0.028272445335986 0.160341005230880 0.843627754141263
-0.569461161851177 -0.006066175623897 0.000049620910339 0.000335459688827 -0.001902486434446 -0.009158036512491 -0.024457776754971 0.138706944652345 0.697233793425234
-0.569460095997152 -0.006072220382453 0.000021261572613 0.000213170805052 -0.001208951711185 -0.005671867545365 -0.019740329788576 0.111952973447238 0.539816373525959
-0.569459523651371 -0.006075466316673 0.000006397644224 0.000114469156109 -0.000649186843948 -0.002972785677735 -0.014094599256609 0.079934444525698 0.371133220626874
-0.569459303670572 -0.006076713889780 0.000000812046351 0.000043996159826 -0.000249514621320 -0.001117119574601 -0.007495079969999 0.042506710762336 0.190942060878108
-0.569459271066772 -0.006076898795117 -0.000000000000000 0.000006520759976 -0.000036981067508 -0.000162409270210 -0.001304151995285 0.007396213501654 0.032481854044253
-0.569459271066772 -0.006076898795117 0.000000000000000 0.000000000000000 0.000000000000000 0.000000000000011 -0.001304151995285 0.007396213501654 0.052783012822444
-0.569459303670572 -0.006076713889780 0.000001319575321 -0.000006520759976 0.000036981067508 0.000263915064123 -0.007495079969999 0.042506710762336 0.310280848922687
-0.569459523651371 -0.006075466316673 0.000010396171864 -0.000043996159826 0.000249514621320 0.001815319308737 -0.014094599256609 0.079934444525698 0.603091483512692
-0.569460095997152 -0.006072220382453 0.000034550055496 -0.000114469156109 0.000649186843948 0.004830776726300 -0.019740329788576 0.111952973447238 0.877201606986024
-0.569461161851177 -0.006066175623897 0.000080633979302 -0.000213170805052 0.001208951711185 0.009216784761230 -0.024457776754971 0.138706944652345 1.133004914313563
-0.569462839149621 -0.006056663191725 0.000155043025966 -0.000335459688827 0.001902486434446 0.014881809332798 -0.028272445335986 0.160341005230880 1.370895100466182
-0.569465223259199 -0.006043142234422 0.000263724450142 -0.000476821915507 0.002704191460601 0.021736284835129 -0.031209840711810 0.176999802250499 1.591265860414763
-0.569468387614794 -0.006025196282063 0.000412187520828 -0.000632871119066 0.003589190471853 0.029692614137203 -0.033295468089278 0.188827982816608 1.794510889130175
-0.569472384357091 -0.006002529630133 0.000605513363742 -0.000799348459513 0.004533330385936 0.038665168582854 -0.034554832621936 0.195970194032391 1.981023881583302
-0.569477244970205 -0.005974963723353 0.000848364803696 -0.000972122622622 0.005513181356098 0.048570287990770 -0.035013439521059 0.198571082998811 2.151198532745038
-0.569482980919306 -0.005942433539497 0.001144996206968 -0.001147189820228 0.006506036771092 0.059326280654495 -0.034696793957956 0.196775296774643 2.305428537586210
-0.569489584288256 -0.005904983973222 0.001499263323680 -0.001320673790017 0.007489913254966 0.070853423342427 -0.033630401126139 0.190727482487496 2.444107591077751
-0.569497028417234 -0.005862766219885 0.001914633130169 -0.001488825795648 0.008443550667403 0.083073961297815 -0.031839766205799 0.180572287229452 2.567629388190501
-0.569505268540367 -0.005816034159368 0.002394193671363 -0.001648024626677 0.009346412103550 0.095912108238768 -0.029350394381567 0.166454358061507 2.676387623895376
-0.569514242423360 -0.005765140739898 0.002940663903154 -0.001794776598585 0.010178683893858 0.109294046358245 -0.026187790846954 0.148518342120152 2.770775993163227
-0.569523871001124 -0.005710534361876 0.003556403534775 -0.001925715552820 0.010921275604459 0.123147926324061 -0.022377460773271 0.126908886466381 2.851188190964896
-0.569534059015408 -0.005652755261692 0.004243422871169 -0.002037602856686 0.011555820036790 0.137403867278885 -0.017944909367351 0.101770638218923 2.918017912271281
-0.569544695652425 -0.005592431895553 0.005003392655370 -0.002127327403523 0.012064673227885 0.151993956840242 -0.012915641782740 0.073248244449875 2.971658852053383
-0.569555655180488 -0.005530277323302 0.005837653910873 -0.002191905612436 0.012430914450134 0.166852251100509 -0.007315163235155 0.041486352266862 3.012504705281960
-0.569566797587631 -0.005467085592245 0.006747227784008 -0.002228481428612 0.012638346211469 0.181914774626918 -0.001168978895905 0.006629608757525 3.040949166927609
-0.569577969219246 -0.005403728120968 0.007732825386315 -0.002234326323092 0.012671494255256 0.197119520461556 0.005497406045940 -0.031177338979393 3.057385931961970
-0.569589003415711 -0.005341150083167 0.008794857636922 -0.002206839292862 0.012515607560359 0.212406450121366 0.012658486419070 -0.071789843856251 3.062208695355156
-0.569599721150014 -0.005280366791461 0.009933445104913 -0.002143546860767 0.012156658341078 0.227717493598142 0.020288757003328 -0.115063258774306 3.055811152078425
-0.569609931665393 -0.005222460081225 0.011148427851706 -0.002042103075750 0.011581342047207 0.242996549358534 0.028362712658492 -0.160852936637035 3.038586997102449
-0.569619433112955 -0.005168574694405 0.012439375273426 -0.001900289512458 0.010777077364021 0.258189484344046 0.036854848164403 -0.209014230363458 3.010929925398309
-0.569628013189314 -0.005119914663344 0.013805595943281 -0.001716015271636 0.009732006212204 0.273244133971038 0.045739658354194 -0.259402492841510 2.973233631936933
-0.569635449774213 -0.005077739694604 0.015246147453935 -0.001487316979865 0.008434993747997 0.288110302130723 0.054991638025470 -0.311873077001312 2.925891811688874
-0.569641511568162 -0.005043361552789 0.016759846259880 -0.001212358789737 0.006875628362990 0.302739761189167 0.064585282024687 -0.366281335721919 2.869298159625255
-0.569645958730060 -0.005018140444367 0.018345277519817 -0.000889432379614 0.005044221684380 0.317086251987293 0.074495085122805 -0.422482621929010 2.803846370716812
-0.569648543514830 -0.005003481401494 0.020000804939021 -0.000516956954000 0.002931808574735 0.331105483840877 0.084695542170721 -0.480332288514962 2.729930139934866
-0.569649010911045 -0.005000830665833 0.021724580611724 -0.000093479243146 0.000530147132161 0.344755134540552 0.095161147966039 -0.539685688407676 2.647943162249333
-0.569647099278562 -0.005011672072382 0.023514554863483 0.000382326496684 -0.002168281309878 0.357994850351798 0.105866397333010 -0.600398174483985 2.558279132632291
-0.569642540986145 -0.005037523433294 0.025368486093558 0.000911658483349 -0.005170272182298 0.370786246014960 0.116785785073681 -0.662325099678451 2.461331746053674
-0.569635063049102 -0.005079932921697 0.027283950617284 0.001495587408717 -0.008481897680690 0.383092904745228 0.127893806012302 -0.725321816872349 2.357494697484563
-0.569624387766908 -0.005140475455522 0.029258352508447 0.002135056438779 -0.012108506765052 0.394880378232651 0.139164954955362 -0.789243678993579 2.247161681896426
-0.569610233360840 -0.005220749081322 0.031288933441658 0.002830881213556 -0.016054725160020 0.406116186642133 0.150573726735992 -0.853946038927855 2.130726394259375
-0.569592314611604 -0.005322371358096 0.033372782534725 0.003583749847236 -0.020324455354659 0.416769818613430 0.162094616147357 -0.919284249605301 2.008582529545166
-0.569570343496964 -0.005446975741109 0.035506846191031 0.004394222927973 -0.024920876602685 0.426812731261156 0.173702118004826 -0.985113663904968 1.881123782722649
-0.569544029829374 -0.005596207965720 0.037687937941905 0.005262733517997 -0.029846444922210 0.436218350174769 0.185370727150413 -1.051289634754760 1.748743848765666
-0.569513081893605 -0.005771722431200 0.039912748288998 0.006189587153749 -0.035102893095984 0.444962069418597 0.197074938368402 -1.117667515055931 1.611836422643065
-0.569477207084377 -0.005975178584556 0.042177854546657 0.007174961845591 -0.040691230671264 0.453021251531813 0.208789246478602 -1.184102657700858 1.470795199326469
-0.569436112543987 -0.006208237304355 0.044479730684299 0.008218908077984 -0.046611743959768 0.460375227528445 0.220488146309705 -1.250450415615223 1.326013873786391
-0.569389505799940 -0.006472557284545 0.046814757168786 0.009321348809532 -0.052863996037844 0.467005296897377 0.232146132668198 -1.316566141700282 1.177886140993067
-0.569337095402575 -0.006769791418276 0.049179230806798 0.010482079472873 -0.059446826746345 0.472894727602342 0.243737700369451 -1.382305188846189 1.026805695919786
-0.569278591562702 -0.007101583181729 0.051569374587207 0.011700767974721 -0.066358352690576 0.478028756081941 0.255237344224390 -1.447522909980847 0.873166233534561
-0.569213706789222 -0.007469563017932 0.053981347523455 0.012976954695842 -0.073595967240481 0.482394587249614 0.266619559043946 -1.512074657996632 0.717361448809850
-0.569142156526767 -0.007875344720584 0.056411254495924 0.014310052491062 -0.081156340530464 0.485981394493663 0.277858839670131 -1.575815785810342 0.559785036715332
-0.569063659793320 -0.008320521817881 0.058855156094310 0.015699346689413 -0.089035419459516 0.488780319677240 0.288929680878347 -1.638601646316573 0.400830692225962
-0.568977939817851 -0.008806663956337 0.061309078460002 0.017143995093805 -0.097228427691098 0.490784473138370 0.299806577510608 -1.700287592425465 0.240892110305313
-0.568884724677944 -0.009335313284603 0.063769023128451 0.018643027981358 -0.105729865653226 0.491988933689896 0.310464024364521 -1.760728977053816 0.080362985929172
-0.568783747937428 -0.009907980837296 0.066230976871549 0.020195348103180 -0.114533510538495 0.492390748619542 0.320876516277657 -1.819781153085120 -0.080362985929727
-0.568674749284006 -0.010526142918815 0.068690921539998 0.021799730684569 -0.123632416303920 0.491988933689894 0.331018548038742 -1.877299473460603 -0.240892110305868
-0.568557475166882 -0.011191237487171 0.071144843905690 0.023454823424762 -0.133018913671223 0.490784473138364 0.340864614480907 -1.933139291041552 -0.400830692223186
-0.568431679434396 -0.011904660537803 0.073588745504076 0.025159146497167 -0.142684610126431 0.488780319677248 0.350389210406199 -1.987155958771414 -0.559785036717830
-0.568297123971650 -0.012667762487405 0.076018652476545 0.026911092549198 -0.152620389920288 0.485981394493659 0.359566830634428 -2.039204829538122 -0.717361448808185
-0.568153579338138 -0.013481844557745 0.078430625412793 0.028708926702370 -0.162816414067979 0.482394587249618 0.368371969994286 -2.089141256260696 -0.873166233536504
-0.568000825405376 -0.014348155159491 0.080820769193202 0.030550786552341 -0.173262120349282 0.478028756081936 0.376779123270055 -2.136820591829292 -1.026805695917288
-0.567838651994533 -0.015267886276033 0.083185242831214 0.032434682168692 -0.183946223308429 0.472894727602349 0.384762785308190 -2.182098189156267 -1.177886140995565
-0.567666859514057 -0.016242169847304 0.085520269315701 0.034358496095233 -0.194856714254210 0.467005296897371 0.392297450892976 -2.224829401156203 -1.326013873784726
-0.567485259597308 -0.017272074153604 0.087822145453343 0.036319983349697 -0.205980861259991 0.460375227528448 0.399357614866425 -2.264869580723694 -1.470795199326469
-0.567293675740188 -0.018358600199422 0.090087251711002 0.038316771424030 -0.217305209163610 0.453021251531815 0.405917772035025 -2.302074080775540 -1.611836422643620
-0.567091943938767 -0.019502678097260 0.092312062058095 0.040346360284205 -0.228815579567487 0.444962069418597 0.411952417196382 -2.336298254208558 -1.748743848767331
-0.566879913326916 -0.020705163451452 0.094493153808969 0.042406122370187 -0.240497070838530 0.436218350174761 0.417436045188069 -2.367397453935105 -1.881123782719318
-0.566657446813935 -0.021966833741993 0.096627217465275 0.044493302596127 -0.252334058108206 0.426812731261164 0.422343150816573 -2.395227032851999 -2.008582529547942
-0.566424421722184 -0.023288384708356 0.098711066558342 0.046605018350210 -0.264310193272466 0.416769818613424 0.426648228892823 -2.419642343882700 -2.130726394257709
-0.566180730424711 -0.024670426733315 0.100741647491553 0.048738259494674 -0.276408404991879 0.406116186642136 0.430325774227747 -2.440498739919583 -2.247161681896981
-0.565926280982882 -0.026113481226773 0.102716049382716 0.050889888365813 -0.288610898691477 0.394880378232651 0.433350281658917 -2.457651573870567 -2.357494697484697
-0.565660997784011 -0.027617977009577 0.104631513906442 0.053056639774107 -0.300899156560830 0.383092904745228 0.435696245966177 -2.470956198643570 -2.461331746053674
-0.565384822178992 -0.029184246697347 0.106485445136517 0.055235121003938 -0.313253937554048 0.370786246014959 0.437338161995982 -2.480267967150951 -2.558279132632846
-0.565097713119922 -0.030812523084296 0.108275419388276 0.057421811813918 -0.325655277389802 0.357994850351795 0.438250524545936 -2.485442232285084 -2.647943162248367
-0.564799647797739 -0.032502935527052 0.109999195060979 0.059613064436648 -0.338082488551228 0.344755134540553 0.438407828431409 -2.486334346967212 -2.729930139936387
-0.564490622279845 -0.034255506328482 0.111654722480183 0.061805103578805 -0.350514160286064 0.331105483840871 0.437784568472210 -2.482799664091928 -2.803846370714735
-0.564170652147739 -0.036070147121515 0.113240153740120 0.063994026421166 -0.362928158606524 0.317086251987297 0.436355239483710 -2.474693536567152 -2.869298159624556
-0.563839773134646 -0.037946655252962 0.114753852546065 0.066175802618584 -0.375301626289359 0.302739761189175 0.434094336272395 -2.461871317314124 -2.925891811689230
-0.563498041763146 -0.039884710167342 0.116194404056719 0.068346274299946 -0.387610982875930 0.288110302130729 0.430976353662516 -2.444188359214117 -2.973233631938799
-0.563145535982805 -0.041883869790702 0.117560624726574 0.070501156068259 -0.399831924672001 0.273244133971035 0.426975786469441 -2.421500015190592 -3.010929925397754
-0.562782355807802 -0.043943566914441 0.118851572148294 0.072636035000606 -0.411939424747954 0.258189484344046 0.422067129486337 -2.393661638149247 -3.038586997102799
-0.562408623954562 -0.046063105579135 0.120066554895087 0.074746370648038 -0.423907732938700 0.242996549358532 0.416224877564098 -2.360528580986898 -3.055811152079535
-0.562024486479383 -0.048241657458353 0.121205142363078 0.076827495035858 -0.435710375843634 0.227717493598134 0.409423525487007 -2.321956196618125 -3.062208695355784
-0.561630113416066 -0.050478258242487 0.122267174613685 0.078874612663293 -0.447320156826725 0.212406450121355 0.401637568083757 -2.277799837944183 -3.057385931960477
-0.561225699413548 -0.052771804022569 0.123252772215992 0.080882800503712 -0.458709156016446 0.197119520461553 0.392841500165275 -2.227914857875213 -3.040949166923657
-0.560811464373525 -0.055121047674098 0.124162346089127 0.082847008004538 -0.469848730305822 0.181914774626935 0.383009816542490 -2.172156609312470 -3.012504705288688
-0.560387654088089 -0.057524595240860 0.124996607344629 0.084762057087251 -0.480709513352384 0.166852251100491 0.372117012048534 -2.110380445170534 -2.971658852046755
-0.559954540877351 -0.059980902318751 0.125756577128831 0.086622642147494 -0.491261415578237 0.151993956840257 0.360137581463249 -2.042441718346222 -2.918017912276749
-0.559512424227077 -0.062488270439601 0.126443596465225 0.088423330054810 -0.501473624169968 0.137403867278874 0.347046019641972 -1.968195781751891 -2.851188190959864
-0.559061631426312 -0.065044843454995 0.127059336096845 0.090158560153020 -0.511314603078727 0.123147926324074 0.332816821368986 -1.887497988288800 -2.770775993170549
-0.558602518205013 -0.067648603920095 0.127605806328637 0.091822644259865 -0.520752093020171 0.109294046358221 0.317424481468542 -1.800203690869306 -2.676387623889998
-0.558135469371677 -0.070297369477468 0.128085366869830 0.093409766667207 -0.529753111474518 0.095912108238771 0.300843494764891 -1.706168242392447 -2.567629388190440
-0.557660899450972 -0.072988789240900 0.128500736676320 0.094913984141032 -0.538283952686480 0.083073961297819 0.283048356055637 -1.605246995775023 -2.444107591075273
-0.557179253321365 -0.075720340179227 0.128855003793032 0.096329225921310 -0.546310187665355 0.070853423342443 0.264013560165033 -1.497295303909407 -2.305428537594523
-0.556691006852754 -0.078489323500152 0.129151635196304 0.097649293722135 -0.553796664184902 0.059326280654470 0.243713601912887 -1.382168519712401 -2.151198532740484
-0.556196667544096 -0.081292861034069 0.129394486636258 0.098867861731700 -0.560707506783464 0.048570287990768 0.222122976101247 -1.259721996087482 -1.981023881580946
-0.555696775161035 -0.084127891617888 0.129587812479172 0.099978476612206 -0.567006116763902 0.038665168582863 0.199216177558803 -1.129811085938126 -1.794510889134848
-0.555191902373535 -0.086991167478856 0.129736275549858 0.100974557500000 -0.572655172193592 0.029692614137189 0.174967701078721 -0.992291142174473 -1.591265860416691
-0.554682655393508 -0.089879250618379 0.129844956974034 0.101849396005393 -0.577616627904465 0.021736284835105 0.149352041503015 -0.847017517697779 -1.370895100456515
-0.554169674612443 -0.092788509195844 0.129919366020698 0.102596156212909 -0.581851715492954 0.014881809332823 0.122343693629290 -0.693845565420403 -1.133004914315450
-0.553653635239038 -0.095715113912444 0.129965449944504 0.103207874681055 -0.585320943320056 0.009216784761246 0.093917152277356 -0.532630638248044 -0.877201606988010
-0.553135247936826 -0.098655034395000 0.129989603828136 0.103677460442442 -0.587984096511296 0.004830776726306 0.064046912249260 -0.363228089073075 -0.603091483513118
-0.552615259461807 -0.101604035579784 0.129998680424679 0.103997695003688 -0.589800236956661 0.001815319308740 0.032707468391457 -0.185493270832282 -0.310280848929700
-0.552094453300079 -0.104557674096338 0.130000000000000 0.104161232345645 -0.590727703310823 0.000263915064092 -0.001304151995285 0.007396213503874 -0.660843002564526
-0.551573679742151 -0.107511127707554 0.129984798500256 0.104154711585669 -0.590690722243303 -0.003040299948731 -0.040202548357016 0.227999981590177 -1.199630217088021
-0.551053911247931 -0.110458881319231 0.129939606245085 0.103953698843884 -0.589550722335352 -0.009038451034171 -0.078141511510310 0.443162533592112 -1.174895573424761
-0.550536096291500 -0.113395555867568 0.129865041600579 0.103562991286332 -0.587334909667392 -0.014912928901295 -0.113657482065932 0.644583611706384 -1.150160929775934
-0.550021122772120 -0.116316115825612 0.129761722932828 0.102994703876003 -0.584111991608860 -0.020663733550175 -0.146801470384261 0.832552510070528 -1.125426286123776
-0.549509819289499 -0.119215861970905 0.129630268607924 0.102260696524081 -0.579949229058507 -0.026290864980794 -0.177624486839001 1.007358522933099 -1.100691642473839
-0.549002956419050 -0.122090424153124 0.129471296991958 0.101372574089886 -0.574912436443842 -0.031794323193163 -0.206177541794972 1.169290944420531 -1.075956998821681
-0.548501247987145 -0.124935754061733 0.129285426451022 0.100341686380911 -0.569065981721739 -0.037174108187271 -0.232511645643640 1.318639068756955 -1.051222355169523
-0.548005352346382 -0.127748117993622 0.129073275351206 0.099179128152693 -0.562472786377954 -0.042430219963119 -0.256677808723182 1.455692190113211 -1.026487711520696
-0.547515873650836 -0.130524089620759 0.128835462058603 0.097895739109077 -0.555194325427388 -0.047562658520722 -0.278727041429505 1.580739602717873 -1.001753067869648
-0.547033363131327 -0.133260542757828 0.128572604939302 0.096502103901930 -0.547290627413799 -0.052571423860071 -0.298710354127429 1.694070600677389 -0.977018424217491
-0.546558320370670 -0.135954644129880 0.128285322359396 0.095008552131293 -0.538820274410412 -0.057456515981158 -0.316678757181776 1.795974478271400 -0.952283780565333
-0.546091194578943 -0.138603846139976 0.127974232684977 0.093425158345384 -0.529840402019055 -0.062217934883985 -0.332683260970690 1.886740529615238 -0.927549136916506
-0.545632385868741 -0.141205879636831 0.127639954282134 0.091761742040530 -0.520406699370979 -0.066855680568567 -0.346774875850109 1.966658048935255 -0.902814493265458
-0.545182246530434 -0.143758746682462 0.127283105516959 0.090027867661280 -0.510573409126303 -0.071369753034894 -0.359004612215941 2.036016330404511 -0.878079849612190
-0.544741082307433 -0.146260713319834 0.126904304755544 0.088232844600200 -0.500393327474280 -0.075760152282955 -0.369423480415243 2.095104668224934 -0.853345205962253
-0.544309153671443 -0.148710302340499 0.126504170363981 0.086385727198124 -0.489917804133155 -0.080026878312767 -0.378082490835041 2.144212356561814 -0.828610562311205
-0.543886677097723 -0.151106286052251 0.126083320708359 0.084495314743949 -0.479196742350346 -0.084169931124323 -0.385032653822392 2.183628689617079 -0.803875918660157
-0.543473826340349 -0.153447679046762 0.125642374154771 0.082570151474837 -0.468278598902261 -0.088189310717623 -0.390324979782086 2.213642961578222 -0.779141275010220
-0.543070733707469 -0.155733730967234 0.125181949069307 0.080618526575926 -0.457210384094370 -0.092085017092675 -0.394010479065621 2.234544466636068 -0.754406631356397
-0.542677491336566 -0.157963919276040 0.124702663818060 0.078648474180598 -0.446037661761189 -0.095857050249457 -0.396140162028935 2.246622498963680 -0.729671987707570
-0.542294152469714 -0.160137942022372 0.124205136767120 0.076667773370453 -0.434804549266371 -0.099505410187994 -0.396765039076818 2.250166352762983 -0.704937344055412
-0.541920732728839 -0.162255710609885 0.123689986282579 0.074683948175069 -0.423553717502556 -0.103030096908271 -0.395936120551887 2.245465322218143 -0.680202700404919
-0.541557211390977 -0.164317342564342 0.123157830730527 0.072704267572310 -0.412326390891465 -0.106431110410296 -0.393704416836727 2.232808701502220 -0.655468056753317
-0.541203532663536 -0.166323154301262 0.122609288477057 0.070735745488126 -0.401162347383954 -0.109708450694063 -0.390120938296157 2.212485784832685 -0.630733413103379
-0.540859606959553 -0.168273653893561 0.122044977888259 0.068785140796646 -0.390099918459791 -0.112862117759580 -0.385236695312763 2.184785866369277 -0.605998769450666
-0.540525312172953 -0.170169533839201 0.121465517330225 0.066858957320082 -0.379175989127944 -0.115892111606833 -0.379102698246925 2.149998240313922 -0.581264125800729
-0.540200494953809 -0.172011663828832 0.120871525169046 0.064963443828847 -0.368425997926375 -0.118798432235837 -0.371769957459023 2.108412200847454 -0.556529482149681
-0.539884971983601 -0.173801083513443 0.120263619770813 0.063104594041552 -0.357883936922138 -0.121581079646585 -0.363289483349405 2.060317042161808 -0.531794838498079
-0.539578531250477 -0.175538995272000 0.119642419501618 0.061288146624805 -0.347582351711329 -0.124240053839075 -0.353712286265129 2.006002058452250 -0.507060194846476
-0.539280933324509 -0.177226756979095 0.119008542727551 0.059519585193479 -0.337552341419067 -0.126775354813308 -0.343089376571015 1.945756543877408 -0.482325551196539
-0.538991912632956 -0.178865874772593 0.118362607814705 0.057804138310624 -0.327823558699680 -0.129186982569290 -0.331471764667413 1.879869792664746 -0.457590907545491
-0.538711178735520 -0.180457995821275 0.117705233129169 0.056146779487287 -0.318424209736357 -0.131474937107018 -0.318910460892496 1.808631098969560 -0.432856263892778
-0.538438417599606 -0.182004901092483 0.117037037037037 0.054552227182825 -0.309381054241509 -0.133639218426482 -0.305456475646615 1.732329756993778 -0.408121620243951
-0.538173292875583 -0.183508498119766 0.116358637904399 0.053024944804592 -0.300719405456540 -0.135679826527701 -0.291160819272385 1.651255060928225 -0.383386976591793
-0.537915447172042 -0.184970813770525 0.115670654097345 0.051569140708230 -0.292463130151899 -0.137596761410660 -0.276074502156831 1.565696304951514 -0.358652332940190
-0.537664503331054 -0.186393987013661 0.114973703981968 0.050188768197446 -0.284634648627141 -0.139390023075361 -0.260248534673657 1.475942783254469 -0.333917689289143
-0.537420065703434 -0.187780261687215 0.114268405924359 0.048887525524077 -0.277254934710869 -0.141059611521807 -0.243733927174361 1.382283790025696 -0.309183045638650
-0.537181721423993 -0.189131979266019 0.113555378290609 0.047668855888205 -0.270343515760740 -0.142605526750000 -0.226581690054850 1.285008619451578 -0.284448401988158
-0.536949041686803 -0.190451571629336 0.112835239446810 0.046535947437931 -0.263918472663482 -0.144027768759941 -0.208842833662182 1.184406565721829 -0.259713758336000
-0.536721583020455 -0.191741553828511 0.112108607759052 0.045491733269620 -0.257996439834873 -0.145326337551621 -0.190568368387822 1.080766923022836 -0.234979114685507
-0.536498888563317 -0.193004516854609 0.111376101593426 0.044538891427681 -0.252592605219759 -0.146501233125049 -0.171809304583270 0.974378985538760 -0.210244471033350
-0.536280489338793 -0.194243120406070 0.110638339316025 0.043679844904765 -0.247720710292065 -0.147552455480215 -0.152616652635551 0.865532047460427 -0.185509827383967
-0.536065905530585 -0.195460085656343 0.109895939292940 0.042916761641587 -0.243393050054763 -0.148480004617135 -0.133041422909486 0.754515402983102 -0.160775183731809
-0.535854647757950 -0.196658188021543 0.109149519890261 0.042251554527040 -0.239620473039848 -0.149283880535794 -0.113134625761013 0.641618346274297 -0.136040540080207
-0.535646218350959 -0.197840249928085 0.108399699474080 0.041685881398235 -0.236412381308476 -0.149964083236195 -0.092947271590482 0.527130171542600 -0.111305896430824
-0.535440112625757 -0.199009133580339 0.107647096410488 0.041221145040282 -0.233776730450763 -0.150520612718349 -0.072530370744950 0.411340172964403 -0.086571252778112
-0.535235820159824 -0.200167733728269 0.106892329065577 0.040858493186557 -0.231720029585941 -0.150953468982240 -0.051934933598119 0.294537644727200 -0.061836609128729
-0.535032826067232 -0.201318970435080 0.106136015805437 0.040598818518567 -0.230247341362305 -0.151262652027884 -0.031211970532574 0.177011881026257 -0.037101965475461
-0.534830612273902 -0.202465781844866 0.105378774996161 0.040442758665904 -0.229362281957174 -0.151448161855261 -0.010412491904255 0.059052176041297 -0.012367321825524
-0.534628658792870 -0.203611116950251 0.104621225003839 0.040390696206383 -0.229067021076967 -0.151509998464389 0.010412491908696 -0.059052176040186 0.012367321824414
-0.534426444999541 -0.204757928360037 0.103863984194563 0.040442758665926 -0.229362281957168 -0.151448161855267 0.031211970528133 -0.177011881026257 0.037101965477682
-0.534223450906948 -0.205909165066848 0.103107670934423 0.040598818518567 -0.230247341362300 -0.151262652027878 0.051934933598119 -0.294537644728310 0.061836609127064
-0.534019158441015 -0.207067765214778 0.102352903589512 0.040858493186557 -0.231720029585941 -0.150953468982243 0.072530370744950 -0.411340172964403 0.086571252779222
-0.533813052715813 -0.208236648867032 0.101600300525920 0.041221145040282 -0.233776730450763 -0.150520612718347 0.092947271586041 -0.527130171542600 0.111305896429714
-0.533604623308822 -0.209418710773574 0.100850480109739 0.041685881398212 -0.236412381308476 -0.149964083236198 0.113134625769895 -0.641618346276518 0.136040540080762
-0.533393365536187 -0.210616813138773 0.100104060707060 0.042251554527062 -0.239620473039859 -0.149283880535794 0.133041422900604 -0.754515402978662 0.160775183732365
-0.533178781727979 -0.211833778389047 0.099361660683975 0.042916761641565 -0.243393050054752 -0.148480004617133 0.152616652639992 -0.865532047463757 0.185509827382857
-0.532960382503455 -0.213072381940508 0.098623898406574 0.043679844904765 -0.247720710292071 -0.147552455480218 0.171809304583270 -0.974378985537649 0.210244471033905
-0.532737688046317 -0.214335344966606 0.097891392240948 0.044538891427681 -0.252592605219759 -0.146501233125049 0.190568368387822 -1.080766923023946 0.234979114685507
-0.532510229379969 -0.215625327165781 0.097164760553190 0.045491733269620 -0.257996439834879 -0.145326337551621 0.208842833666623 -1.184406565719609 0.259713758337110
-0.532277549642779 -0.216944919529098 0.096444621709391 0.046535947437953 -0.263918472663477 -0.144027768759936 0.226581690045968 -1.285008619452688 0.284448401985937
-0.532039205363338 -0.218296637107902 0.095731594075641 0.047668855888183 -0.270343515760740 -0.142605526750006 0.243733927183243 -1.382283790026806 0.309183045639205
-0.531794767735718 -0.219682911781456 0.095026296018032 0.048887525524099 -0.277254934710874 -0.141059611521810 0.260248534669216 -1.475942783252249 0.333917689290253
-0.531543823894731 -0.221106085024592 0.094329345902655 0.050188768197446 -0.284634648627136 -0.139390023075359 0.276074502156831 -1.565696304951514 0.358652332940190
-0.531285978191189 -0.222568400675351 0.093641362095601 0.051569140708230 -0.292463130151893 -0.137596761410658 0.291160819272385 -1.651255060929335 0.383386976591793
-0.531020853467166 -0.224071997702634 0.092962962962963 0.053024944804592 -0.300719405456540 -0.135679826527699 0.305456475642174 -1.732329756993778 0.408121620242285
-0.530748092331252 -0.225618902973842 0.092294766870831 0.054552227182803 -0.309381054241509 -0.133639218426487 0.318910460896937 -1.808631098971780 0.432856263894998
-0.530467358433816 -0.227211024022523 0.091637392185295 0.056146779487287 -0.318424209736368 -0.131474937107012 0.331471764667413 -1.879869792660305 0.457590907543826
-0.530178337742263 -0.228850141816022 0.090991457272449 0.057804138310624 -0.327823558699669 -0.129186982569293 0.343089376575456 -1.945756543881849 0.482325551196539
-0.529880739816295 -0.230537903523117 0.090357580498382 0.059519585193502 -0.337552341419078 -0.126775354813310 0.353712286260688 -2.006002058447809 0.507060194847031
-0.529574299083171 -0.232275815281674 0.089736380229187 0.061288146624805 -0.347582351711317 -0.124240053839075 0.363289483344964 -2.060317042162918 0.531794838498634
-0.529258776112964 -0.234065234966284 0.089128474830954 0.063104594041530 -0.357883936922132 -0.121581079646582 0.371769957467905 -2.108412200849674 0.556529482149681
-0.528933958893819 -0.235907364955916 0.088534482669775 0.064963443828869 -0.368425997926380 -0.118798432235834 0.379102698242484 -2.149998240311701 0.581264125799064
-0.528599664107219 -0.237803244901556 0.087955022111741 0.066858957320082 -0.379175989127939 -0.115892111606838 0.385236695308322 -2.184785866371497 0.605998769452332
-0.528255738403236 -0.239753744493855 0.087390711522943 0.068785140796623 -0.390099918459796 -0.112862117759577 0.390120938300598 -2.212485784829354 0.630733413102269
-0.527902059675795 -0.241759556230775 0.086842169269473 0.070735745488126 -0.401162347383943 -0.109708450694065 0.393704416841167 -2.232808701508882 0.655468056754427
-0.527538538337934 -0.243821188185232 0.086310013717421 0.072704267572332 -0.412326390891488 -0.106431110410293 0.395936120547447 -2.245465322214812 0.680202700403809
-0.527165118597058 -0.245938956772745 0.085794863232880 0.074683948175069 -0.423553717502562 -0.103030096908274 0.396765039072378 -2.250166352760763 0.704937344055967
-0.526781779730206 -0.248112979519077 0.085297336181940 0.076667773370431 -0.434804549266365 -0.099505410187994 0.396140162037817 -2.246622498964790 0.729671987707015
-0.526388537359303 -0.250343167827883 0.084818050930692 0.078648474180620 -0.446037661761189 -0.095857050249459 0.394010479056739 -2.234544466634958 0.754406631358062
-0.525985444726423 -0.252629219748355 0.084357625845229 0.080618526575904 -0.457210384094364 -0.092085017092669 0.390324979786527 -2.213642961579332 0.779141275009110
-0.525572593969049 -0.254970612742866 0.083916679291641 0.082570151474837 -0.468278598902261 -0.088189310717623 0.385032653826833 -2.183628689622630 0.803875918660157
-0.525150117395329 -0.257366596454618 0.083495829636019 0.084495314743971 -0.479196742350374 -0.084169931124323 0.378082490830600 -2.144212356556263 0.828610562310650
-0.524718188759339 -0.259816185475283 0.083095695244456 0.086385727198124 -0.489917804133155 -0.080026878312769 0.369423480415243 -2.095104668222714 0.853345205962808
-0.524277024536338 -0.262318152112655 0.082716894483041 0.088232844600200 -0.500393327474269 -0.075760152282955 0.359004612215941 -2.036016330406731 0.878079849613300
-0.523826885198031 -0.264871019158286 0.082360045717866 0.090027867661280 -0.510573409126303 -0.071369753034889 0.346774875850109 -1.966658048933034 0.902814493264348
-0.523368076487829 -0.267473052655141 0.082025767315023 0.091761742040530 -0.520406699370968 -0.066855680568567 0.332683260970690 -1.886740529621900 0.927549136915395
-0.522900950696102 -0.270122254665237 0.081714677640604 0.093425158345384 -0.529840402019077 -0.062217934883990 0.316678757181776 -1.795974478258078 0.952283780566998
-0.522425907935445 -0.272816356037288 0.081427395060698 0.095008552131293 -0.538820274410368 -0.057456515981155 0.298710354127429 -1.694070600697373 0.977018424216936
-0.521943397415936 -0.275552809174358 0.081164537941397 0.096502103901930 -0.547290627413854 -0.052571423860071 0.278727041425064 -1.580739602695669 1.001753067869648
-0.521453918720390 -0.278328780801494 0.080926724648794 0.097895739109055 -0.555194325427333 -0.047562658520722 0.256677808732064 -1.455692190126534 1.026487711519586
-0.520958023079627 -0.281141144733384 0.080714573548978 0.099179128152715 -0.562472786377965 -0.042430219963124 0.232511645634759 -1.318639068761396 1.051222355170633
-0.520456314647722 -0.283986474641993 0.080528703008042 0.100341686380889 -0.569065981721772 -0.037174108187271 0.206177541803854 -1.169290944418311 1.075956998822236
-0.519949451777273 -0.286861036824212 0.080369731392076 0.101372574089909 -0.574912436443864 -0.031794323193160 0.177624486834560 -1.007358522921997 1.100691642473284
-0.519438148294652 -0.289760782969505 0.080238277067172 0.102260696524081 -0.579949229058474 -0.026290864980794 0.146801470384261 -0.832552510081630 1.125426286123221
-0.518923174775272 -0.292681342927549 0.080134958399421 0.102994703876003 -0.584111991608882 -0.020663733550177 0.113657482065932 -0.644583611699723 1.150160929776489
-0.518405359818841 -0.295618017475886 0.080060393754915 0.103562991286332 -0.587334909667381 -0.014912928901295 0.078141511510310 -0.443162533596553 1.174895573426427
-0.517885591324621 -0.298565771087563 0.080015201499744 0.103953698843884 -0.589550722335364 -0.009038451034163 0.040202548352575 -0.227999981574634 1.199630217075809
-0.517364817766693 -0.301519224698779 0.080000000000000 0.104154711585647 -0.590690722243237 -0.003040299948784 0.001304151999726 -0.007396213514976 0.575578135712518
-0.516844011604965 -0.304472863215333 0.079999187953649 0.104161232345645 -0.590727703310812 -0.000162409270221 -0.032707468387017 0.185493270830062 -0.190942060876997
-0.516324023129946 -0.307421864400116 0.079993602355776 0.103997695003710 -0.589800236956661 -0.001117119574606 -0.064046912258142 0.363228089073075 -0.371133220623543
-0.515805635827734 -0.310361784882673 0.079978738427387 0.103677460442420 -0.587984096511296 -0.002972785677724 -0.093917152272915 0.532630638248044 -0.539816373529844
-0.515289596454329 -0.313288389599273 0.079950379089660 0.103207874681055 -0.585320943320056 -0.005671867545373 -0.122343693624849 0.693845565418183 -0.697233793423568
-0.514776615673264 -0.316197648176738 0.079904588907098 0.102596156212931 -0.581851715492965 -0.009158036512491 -0.149352041507456 0.847017517702220 -0.843627754132936
-0.514267368693237 -0.319085731316260 0.079837708030682 0.101849396005393 -0.577616627904454 -0.013376175283156 -0.174967701083162 0.992291142172252 -0.979240529486725
-0.513762495905737 -0.321949007177228 0.079746346141029 0.100974557499978 -0.572655172193592 -0.018272377930589 -0.199216177554362 1.129811085938126 -1.104314393309824
-0.513262603522676 -0.324784037761048 0.079627376391543 0.099978476612206 -0.567006116763902 -0.023793949897138 -0.222122976101247 1.259721996085261 -1.219091619436008
-0.512768264214018 -0.327587575294965 0.079477929351572 0.098867861731700 -0.560707506783475 -0.029889407994318 -0.243713601908446 1.382168519714622 -1.323814481689611
-0.512280017745407 -0.330356558615890 0.079295386949558 0.097649293722157 -0.553796664184902 -0.036508480402767 -0.264013560173915 1.497295303909407 -1.418725253898856
-0.511798371615801 -0.333088109554216 0.079077376416197 0.096329225921288 -0.546310187665355 -0.043602106672261 -0.283048356051196 1.605246995775023 -1.504066209894739
-0.511323801695096 -0.335779529317649 0.078821764227588 0.094913984141032 -0.538283952686480 -0.051122437721735 -0.300843494764891 1.706168242392447 -1.580079623502151
-0.510856752861759 -0.338428294875021 0.078526650048392 0.093409766667207 -0.529753111474518 -0.059022835839245 -0.317424481468542 1.800203690871527 -1.647007768549869
-0.510397639640460 -0.341032055340122 0.078190360674982 0.091822644259865 -0.520752093020160 -0.067257874681995 -0.332816821368986 1.887497988288800 -1.705092918869999
-0.509946846839695 -0.343588628355516 0.077811443978600 0.090158560153020 -0.511314603078716 -0.075783339276345 -0.347046019637531 1.968195781749671 -1.754577348286324
-0.509504730189421 -0.346095996476366 0.077388662848511 0.088423330054832 -0.501473624169968 -0.084556226017776 -0.360137581472131 2.042441718341781 -1.795703330628173
-0.509071616978684 -0.348552303554257 0.076920989135157 0.086622642147471 -0.491261415578259 -0.093534742670917 -0.372117012039652 2.110380445172755 -1.828713139725435
-0.508647806693247 -0.350955851121019 0.076407597593309 0.084762057087273 -0.480709513352395 -0.102678308369544 -0.383009816551372 2.172156609314690 -1.853849049404110
-0.508233571653225 -0.353305094772548 0.075847859825226 0.082847008004516 -0.469848730305822 -0.111947553616565 -0.392841500160834 2.227914857875213 -1.871353333493531
-0.507829157650706 -0.355598640552630 0.075241338223806 0.080882800503712 -0.458709156016446 -0.121304320284032 -0.401637568083757 2.277799837946404 -1.881468265823583
-0.507434784587390 -0.357835241336764 0.074587779915740 0.078874612663293 -0.447320156826714 -0.130711661613150 -0.409423525487007 2.321956196615904 -1.884436120218047
-0.507050647112210 -0.360013793215982 0.073887110704669 0.076827495035858 -0.435710375843634 -0.140133842214241 -0.416224877559657 2.360528580986898 -1.880499170510141
-0.506676915258970 -0.362133331880675 0.073139429014335 0.074746370648060 -0.423907732938700 -0.149536338066791 -0.422067129495218 2.393661638147027 -1.869899690524757
-0.506313735083967 -0.364193029004415 0.072344999831738 0.072636035000584 -0.411939424747965 -0.158885836519415 -0.426975786465000 2.421500015192812 -1.852879954090669
-0.505961229303626 -0.366192188627775 0.071504248650289 0.070501156068259 -0.399831924672001 -0.168150236289868 -0.430976353658075 2.444188359216337 -1.829682235038321
-0.505619497932126 -0.368130243542155 0.070617755412963 0.068346274299969 -0.387610982875919 -0.177298647465060 -0.434094336276836 2.461871317307462 -1.800548807193159
-0.505288618919033 -0.370006751673602 0.069686248455458 0.066175802618584 -0.375301626289382 -0.186301391501026 -0.436355239483710 2.474693536573813 -1.765721944384513
-0.504968648786927 -0.371821392466634 0.068710598449343 0.063994026421166 -0.362928158606513 -0.195130001222948 -0.437784568472210 2.482799664089708 -1.725443920441161
-0.504659623269033 -0.373573963268065 0.067691812345218 0.061805103578805 -0.350514160286064 -0.203757220825154 -0.438407828431409 2.486334346967212 -1.679957009190769
-0.504361557946850 -0.375264375710821 0.066631027315862 0.059613064436648 -0.338082488551228 -0.212157005871108 -0.438250524545936 2.485442232282864 -1.629503484461559
-0.504074448887780 -0.376892652097770 0.065529504699395 0.057421811813918 -0.325655277389814 -0.220304523293416 -0.437338161995982 2.480267967153171 -1.574325620081751
-0.503798273282761 -0.378458921785540 0.064388623942426 0.055235121003938 -0.313253937554048 -0.228176151393825 -0.435696245970618 2.470956198645791 -1.514665689878458
-0.503532990083890 -0.379963417568344 0.063209876543210 0.053056639774085 -0.300899156560819 -0.235749479843217 -0.433350281650036 2.457651573868347 -1.450765967682122
-0.503278540642061 -0.381406472061802 0.061994859994802 0.050889888365835 -0.288610898691477 -0.243003309681628 -0.430325774236628 2.440498739917363 -1.382868727321795
-0.503034849344588 -0.382788514086761 0.060745271728211 0.048738259494652 -0.276408404991890 -0.249917653318237 -0.426648228888382 2.419642343884920 -1.311216242621538
-0.502801824252837 -0.384110065053123 0.059462903055554 0.046605018350210 -0.264310193272466 -0.256473734531344 -0.422343150816573 2.395227032851999 -1.236050787410958
-0.502579357739856 -0.385371735343664 0.058149633113212 0.044493302596127 -0.252334058108206 -0.262653988468399 -0.417436045188069 2.367397453937325 -1.157614635522997
-0.502367327128005 -0.386574220697857 0.056807422804982 0.042406122370187 -0.240497070838519 -0.268442061646014 -0.411952417196382 2.336298254204117 -1.076150060778380
-0.502165595326584 -0.387718298595694 0.055438308745232 0.040346360284205 -0.228815579567498 -0.273822811949906 -0.405917772030584 2.302074080775540 -0.991899337011437
-0.501974011469464 -0.388804824641513 0.054044397202057 0.038316771424052 -0.217305209163621 -0.278782308634963 -0.399357614870866 2.264869580728135 -0.905104738046780
-0.501792411552715 -0.389834728947812 0.052627858040431 0.036319983349697 -0.205980861259980 -0.283307832325197 -0.392297450897416 2.224829401153983 -0.816008537714574
-0.501620619072239 -0.390809012519084 0.051190918665363 0.034358496095210 -0.194856714254210 -0.287387875013770 -0.384762785303749 2.182098189156267 -0.724853009842208
-0.501458445661396 -0.391728743635626 0.049735857965048 0.032434682168692 -0.183946223308429 -0.291012140062981 -0.376779123270055 2.136820591833732 -0.631880428258180
-0.501305691728634 -0.392595054237372 0.048265000254026 0.030550786552341 -0.173262120349260 -0.294171542204272 -0.368371969989845 2.089141256249594 -0.537333066790158
-0.501162147095122 -0.393409136307712 0.046780709216335 0.028708926702392 -0.162816414068012 -0.296858207538223 -0.359566830638869 2.039204829547003 -0.441453199268582
-0.501027591632376 -0.394172238257313 0.045285381848662 0.026911092549198 -0.152620389920277 -0.299065473534565 -0.350389210410640 1.987155958766973 -0.344483099516679
-0.500901795899890 -0.394885661307946 0.043781442403502 0.025159146497145 -0.142684610126442 -0.300787889032149 -0.340864614476466 1.933139291048214 -0.246665041369054
-0.500784521782767 -0.395550755876302 0.042271336332307 0.023454823424762 -0.133018913671201 -0.302021214238994 -0.331018548038742 1.877299473451721 -0.148241298649765
-0.500675523129344 -0.396168917957821 0.040757524228645 0.021799730684569 -0.123632416303943 -0.302762420732243 -0.320876516273216 1.819781153089561 -0.049454145187589
-0.500574546388828 -0.396741585510514 0.039242475771355 0.020195348103202 -0.114533510538495 -0.303009691458181 -0.310464024373402 1.760728977053816 0.049454145187589
-0.500481331248921 -0.397270234838780 0.037728663667693 0.018643027981335 -0.105729865653226 -0.302762420732243 -0.299806577506168 1.700287592423244 0.148241298650043
-0.500395611273452 -0.397756376977235 0.036218557596498 0.017143995093805 -0.097228427691110 -0.302021214238993 -0.288929680878347 1.638601646323234 0.246665041368499
-0.500317114540005 -0.398201554074533 0.034714618151338 0.015699346689413 -0.089035419459493 -0.300787889032150 -0.277858839665690 1.575815785803680 0.344483099516957
-0.500245564277550 -0.398607335777185 0.033219290783665 0.014310052491084 -0.081156340530475 -0.299065473534565 -0.266619559048387 1.512074657996632 0.441453199269137
-0.500180679504070 -0.398975315613388 0.031734999745974 0.012976954695842 -0.073595967240492 -0.296858207538220 -0.255237344228831 1.447522909985288 0.537333066789325
-0.500122175664197 -0.399307107376841 0.030264142034952 0.011700767974698 -0.066358352690565 -0.294171542204273 -0.243737700360569 1.382305188848409 0.631880428257625
-0.500069765266832 -0.399604341510572 0.028809081334637 0.010482079472895 -0.059446826746323 -0.291012140062985 -0.232146132672639 1.316566141691400 0.724853009843873
-0.500023158522785 -0.399868661490762 0.027372141959569 0.009321348809532 -0.052863996037866 -0.287387875013766 -0.220488146309705 1.250450415619664 0.816008537714019
-0.499982063982395 -0.400101720210560 0.025955602797943 0.008218908077984 -0.046611743959768 -0.283307832325196 -0.208789246480823 1.184102657703079 0.905104738045948
-0.499946189173167 -0.400305176363917 0.024561691254768 0.007174961845580 -0.040691230671253 -0.278782308634966 -0.197074938366182 1.117667515051490 0.991899337012547
-0.499915241237398 -0.400480690829397 0.023192577195018 0.006189587153749 -0.035102893095995 -0.273822811949903 -0.185370727148193 1.051289634754760 1.076150060778380
-0.499888927569808 -0.400629923054008 0.021850366886788 0.005262733518008 -0.029846444922221 -0.268442061646011 -0.173702118009267 0.985113663909409 1.157614635520499
-0.499866956455168 -0.400754527437021 0.020537096944446 0.004394222927961 -0.024920876602674 -0.262653988468409 -0.162094616145136 0.919284249600860 1.236050787414567
-0.499849037705932 -0.400856149713794 0.019254728271789 0.003583749847236 -0.020324455354670 -0.256473734531336 -0.150573726733771 0.853946038932296 1.311216242620150
-0.499834883299864 -0.400936423339595 0.018005140005198 0.002830881213567 -0.016054725160008 -0.249917653318235 -0.139164954959803 0.789243678991358 1.382868727320408
-0.499824208017671 -0.400996965873420 0.016790123456790 0.002135056438768 -0.012108506765052 -0.243003309681633 -0.127893806010082 0.725321816874569 1.450765967681567
-0.499816730080627 -0.401039375361823 0.015611376057574 0.001495587408717 -0.008481897680679 -0.235749479843225 -0.116785785073681 0.662325099671790 1.514665689883454
-0.499812171788210 -0.401065226722735 0.014470495300605 0.000911658483349 -0.005170272182320 -0.228176151393808 -0.105866397330789 0.600398174490646 1.574325620076755
-0.499810260155727 -0.401076068129284 0.013368972684138 0.000382326496695 -0.002168281309867 -0.220304523293424 -0.095161147968259 0.539685688401015 1.629503484464334
-0.499810727551942 -0.401073417393623 0.012308187654782 -0.000093479243146 0.000530147132138 -0.212157005871103 -0.084695542170721 0.480332288521623 1.679957009187993
-0.499813312336712 -0.401058758350750 0.011289401550657 -0.000516956954000 0.002931808574747 -0.203757220825163 -0.074495085127246 0.422482621926790 1.725443920442271
-0.499817759498611 -0.401033537242328 0.010313751544542 -0.000889432379636 0.005044221684380 -0.195130001222951 -0.064585282015805 0.366281335724139 1.765721944386733
-0.499823821292559 -0.400999159100513 0.009382244587037 -0.001212358789715 0.006875628363001 -0.186301391501018 -0.054991638032131 0.311873076994651 1.800548807192603
-0.499831257877459 -0.400956984131773 0.008495751349711 -0.001487316979876 0.008434993747974 -0.177298647465055 -0.045739658351973 0.259402492845950 1.829682235036656
-0.499839837953817 -0.400908324100712 0.007655000168262 -0.001716015271636 0.009732006212204 -0.168150236289871 -0.036854848164403 0.209014230363458 1.852879954090669
-0.499849339401379 -0.400854438713892 0.006860570985665 -0.001900289512458 0.010777077364021 -0.158885836519418 -0.028362712656271 0.160852936639255 1.869899690523091
-0.499859549916758 -0.400796532003656 0.006112889295331 -0.002042103075739 0.011581342047218 -0.149536338066802 -0.020288757009990 0.115063258769865 1.880499170513472
-0.499870267651062 -0.400735748711950 0.005412220084260 -0.002143546860789 0.012156658341067 -0.140133842214235 -0.012658486412409 0.071789843860692 1.884436120218602
-0.499881301847526 -0.400673170674148 0.004758661776194 -0.002206839292851 0.012515607560371 -0.130711661613142 -0.005497406048161 0.031177338974953 1.881468265820807
-0.499892473479141 -0.400609813202872 0.004152140174774 -0.002234326323092 0.012671494255245 -0.121304320284038 0.001168978895905 -0.006629608757525 1.871353333496861
-0.499903615886284 -0.400546621471815 0.003592402406691 -0.002228481428612 0.012638346211458 -0.111947553616554 0.007315163235155 -0.041486352266862 1.853849049399114
-0.499914575414347 -0.400484466899564 0.003079010864843 -0.002191905612436 0.012430914450123 -0.102678308369558 0.012915641784961 -0.073248244445434 1.828713139730986
-0.499925212051364 -0.400424143533425 0.002611337151489 -0.002127327403512 0.012064673227896 -0.093534742670903 0.017944909362910 -0.101770638221144 1.795703330624843
-0.499935400065648 -0.400366364433241 0.002188556021400 -0.002037602856697 0.011555820036790 -0.084556226017779 0.022377460775491 -0.126908886466381 1.754577348282993
-0.499945028643412 -0.400311758055219 0.001809639325018 -0.001925715552820 0.010921275604459 -0.075783339276364 0.026187790846954 -0.148518342122372 1.705092918876661
-0.499954002526405 -0.400260864635749 0.001473349951608 -0.001794776598585 0.010178683893847 -0.067257874681981 0.029350394381567 -0.166454358059287 1.647007768544873
-0.499962242649538 -0.400214132575232 0.001178235772412 -0.001648024626677 0.009346412103550 -0.059022835839256 0.031839766205799 -0.180572287225012 1.580079623507702
-0.499969686778516 -0.400171914821895 0.000922623583803 -0.001488825795648 0.008443550667425 -0.051122437721718 0.033630401126139 -0.190727482491937 1.504066209889743
-0.499976290147466 -0.400134465255620 0.000704613050442 -0.001320673790017 0.007489913254966 -0.043602106672269 0.034696793960176 -0.196775296779084 1.418725253901076
-0.499982026096568 -0.400101935071764 0.000522070648428 -0.001147189820216 0.006506036771070 -0.036508480402764 0.035013439518838 -0.198571082987709 1.323814481688501
-0.499986886709681 -0.400074369164984 0.000372623608457 -0.000972122622622 0.005513181356132 -0.029889407994321 0.034554832624156 -0.195970194043493 1.219091619428792
-0.499990883451978 -0.400051702513054 0.000253653858971 -0.000799348459501 0.004533330385914 -0.023793949897177 0.033295468082617 -0.188827982816608 1.104314393327588
-0.499994047807574 -0.400033756560695 0.000162291969318 -0.000632871119088 0.003589190471831 -0.018272377930539 0.031209840716251 -0.176999802246058 0.979240529468406
-0.499996431917151 -0.400020235603392 0.000095411092902 -0.000476821915507 0.002704191460601 -0.013376175283197 0.028272445335986 -0.160341005226439 0.843627754141263
-0.499998109215595 -0.400010723171220 0.000049620910339 -0.000335459688827 0.001902486434469 -0.009158036512491 0.024457776754971 -0.138706944659006 0.697233793425234
-0.499999175069620 -0.400004678412664 0.000021261572613 -0.000213170805052 0.001208951711174 -0.005671867545365 0.019740329788576 -0.111952973449458 0.539816373525959
-0.499999747415401 -0.400001432478444 0.000006397644224 -0.000114469156109 0.000649186843926 -0.002972785677735 0.014094599258829 -0.079934444523477 0.371133220626874
-0.499999967396200 -0.400000184905338 0.000000812046351 -0.000043996159815 0.000249514621309 -0.001117119574601 0.007495079967779 -0.042506710760115 0.190942060878108
