-0.499999817789912 -0.400001033364757 0.000004625160183 0.000036442017504 -0.000206672951319 0.000925032036693 0.041371791859035 -0.234631091018400 1.075727040369735
-0.499998601285028 -0.400007932506789 0.000036143496376 0.000243300976799 -0.001379828406411 0.006303667238542 0.076378577540392 -0.433164438222722 2.058549770666293
-0.499995475315706 -0.400025660759776 0.000119125576836 0.000625193864501 -0.003545650597525 0.016596416091874 0.104686617010685 -0.593707307794400 2.942955778859286
-0.499989732180958 -0.400058231695459 0.000275681551766 0.001148626949554 -0.006514187136497 0.031311194986170 0.126565296836301 -0.717787466950615 3.732171842722586
-0.499980824913790 -0.400108747317815 0.000525541822765 0.001781453433736 -0.010103124471250 0.049972054199783 0.142284003605830 -0.806932682875239 4.429424740030117
-0.499968360546531 -0.400179436257243 0.000886137712265 0.002492873451765 -0.014137787885626 0.072119177899933 0.152112123892323 -0.862670722761028 5.037941248555722
-0.499952093376175 -0.400271691964740 0.001372682132979 0.003253434071226 -0.018451141499432 0.097308884142712 0.156319044266606 -0.886529353820720 5.560948146073316
-0.499931918229712 -0.400386110906083 0.001998250257344 0.004035029292559 -0.022883788268535 0.125113624873079 0.155174151315052 -0.880036343227086 6.001672210356778
-0.499907863729466 -0.400522530756006 0.002773860186968 0.004810900049135 -0.027283969984671 0.155121985924863 0.148946831610708 -0.844719458201748 6.363340219180008
-0.499880085558430 -0.400680068592385 0.003708553622072 0.005555634207188 -0.031507567275679 0.186938687020763 0.137906471731064 -0.782106465933019 6.649178950316887
-0.499848859725601 -0.400857159090411 0.004809476530934 0.006245166565844 -0.035418099605344 0.220184581772347 0.122322458249169 -0.693725133602552 6.862415181541198
-0.499814575831315 -0.401051592716778 0.006081959819334 0.006856778857089 -0.038886725273357 0.254496657680053 0.102464177749173 -0.581103228425306 7.006275690627151
-0.499777730332586 -0.401260553923856 0.007529600000000 0.007369099745835 -0.041792241415484 0.289528036133189 0.078601016801905 -0.445768517591816 7.083987255348123
-0.499738919808437 -0.401480659343873 0.009154339862050 0.007762104829845 -0.044021084003443 0.324947972409929 0.051002361984853 -0.289248768294836 7.098776653478645
-0.499698834225238 -0.401707995983097 0.010956549140436 0.008017116639769 -0.045467327844917 0.360441855677323 0.019937599884390 -0.113071747744886 7.053870662791783
-0.499658250202042 -0.401938159416016 0.012935105185393 0.008116804639191 -0.046032686583641 0.395711208991282 -0.014323882935319 0.081234776885264 6.952496061062363
-0.499618024275920 -0.402166291979512 0.015087473631876 0.008045185224514 -0.045626512699215 0.430473689296593 -0.051512699892342 0.292143038373993 6.797879626063296
-0.499579086167294 -0.402387120967048 0.017409789069010 0.007787621725053 -0.044165797507345 0.464463087426910 -0.091359464406970 0.518125269541869 6.593248135569884
-0.499542432045279 -0.402594996822847 0.019896935709534 0.007330824403018 -0.041575171159636 0.497429328104759 -0.133594789908376 0.757653703191696 6.341828367353730
-0.499509117793012 -0.402783931336065 0.022542628059242 0.006662850453476 -0.037786902643677 0.529138469941528 -0.177949289805746 1.009200572106295 6.046847099191588
-0.499480252272990 -0.402947635834981 0.025339491586429 0.005773104004447 -0.032740899783146 0.559372705437486 -0.224153577543795 1.271238109117334 5.711531108854584
-0.499456990592406 -0.403079559381169 0.028279143391338 0.004652336116728 -0.026384709237559 0.587930360981759 -0.271938266527272 1.542238547009855 5.339107174118229
-0.499440527368486 -0.403172926963681 0.031352272875600 0.003292644784092 -0.018673516502510 0.614625896852350 -0.321033970185347 1.820674118597765 4.932802072756526
-0.499432089993820 -0.403220777693229 0.034548722411680 0.001687474933165 -0.009570145909521 0.639289907216133 -0.371171301942752 2.105017056672764 4.495842582543097
-0.499432931901703 -0.403216002996360 0.037857568012324 -0.000168381576549 0.000954939373843 0.661769120128848 -0.422080875219777 2.393739594048760 4.031455481250679
-0.499444325831466 -0.403151384809639 0.041267200000000 -0.002278785952647 0.012923637344087 0.681926397535101 -0.473493303445593 2.685313963524116 3.542867546654227
-0.499467557093815 -0.403019633773831 0.044765403676342 -0.004646252469875 0.026350207161707 0.699640735268373 -0.525139200027169 2.978212397897195 3.033305556528187
-0.499503916836165 -0.402813427428075 0.048339439991597 -0.007271948470011 0.041241269151193 0.714807263051013 -0.576749178409219 3.270907129995226 2.505996288645074
-0.499554695307976 -0.402525448404069 0.051976126214068 -0.010155694362057 0.057595804801169 0.727337244494239 -0.628053852000932 3.561870392576605 1.964166520780619
-0.499621175126086 -0.402148422620248 0.055661916599559 -0.013295963622062 0.075405156764052 0.737158077098142 -0.678783834224816 3.849574418501867 1.411043030706560
-0.499704624540052 -0.401675157475966 0.059382983060817 -0.016689882793186 0.094653028856562 0.744213292251675 -0.728669738510046 4.132491440520525 0.849852596196410
-0.499806290697480 -0.401098580045670 0.063125295836980 -0.020333231485736 0.115315486059164 0.748462555232657 -0.777442178279131 4.409093691468691 0.283821995029632
-0.499927392909366 -0.400411775273087 0.066874704163020 -0.024220442377132 0.137360954516508 0.749881665207805 -0.824831766947920 4.677853404144727 -0.283821995030187
-0.500069115915425 -0.399608024165401 0.070617016939183 -0.028344601211872 0.160750221537231 0.748462555232654 -0.870569117952247 4.937242811342557 -0.849852596195300
-0.500232603149434 -0.398680841987431 0.074338083400441 -0.032697446801633 0.185436435593944 0.744213292251678 -0.914384844694638 5.185734145871645 -1.411043030709047
-0.500418950004559 -0.397624016455815 0.078023873785932 -0.037269371025106 0.211365106323302 0.737158077098132 -0.956009560622029 5.421799640541458 -1.964166520777022
-0.500629197098700 -0.396431645933185 0.081660560008403 -0.042049418828216 0.238474104526010 0.727337244494247 -0.995173879148048 5.643911528137036 -2.505996288647561
-0.500864323539820 -0.395098177622351 0.085234596323658 -0.047025288223956 0.266693662166695 0.714807263051009 -1.031608413675222 5.850542041478946 -3.033305556526811
-0.501125240191282 -0.393618445760481 0.088732800000000 -0.052183330292332 0.295946372374090 0.699640735268375 -1.065043777668251 6.040163413376654 -3.542867546657558
-0.501412782937185 -0.391987709813276 0.092142431987675 -0.057508549180674 0.326147189440973 0.681926397535088 -1.095210584516337 6.211247876601877 -4.031455481245394
-0.501727705947701 -0.390201692669156 0.095451277588320 -0.062984602103255 0.357203428823982 0.661769120128861 -1.121839447648654 6.362267663992949 -4.495842582545317
-0.502070674944409 -0.388256618833436 0.098647727124400 -0.068593799341499 0.389014767143947 0.639289907216134 -1.144660980498813 6.491695008328247 -4.932802072757925
-0.502442260465629 -0.386149252622508 0.101720856608662 -0.074317104243993 0.421473242185588 0.614625896852344 -1.163405796482664 6.598002142432779 -5.339107174116564
-0.502842931131761 -0.383876936358020 0.104660508413571 -0.080134133226406 0.454463252897752 0.587930360981762 -1.177804509024938 6.679661299087147 -5.711531108854584
-0.503273046910618 -0.381437628561054 0.107457371940758 -0.086023155771531 0.487861559393188 0.559372705437489 -1.187587731541484 6.735144711114138 -6.046847099193675
-0.503732852382765 -0.378829942146310 0.110103064290466 -0.091961094429238 0.521537282948759 0.529138469941520 -1.192486077474797 6.762924611301013 -6.341828367352198
-0.504222470006848 -0.376053182616284 0.112590210930990 -0.097923524816612 0.555351906005264 0.497429328104759 -1.192230160218521 6.761473232472781 -6.593248135572383
-0.504741893384936 -0.373107386255446 0.114912526368124 -0.103884675617705 0.589159272167628 0.464463087426897 -1.186550593224034 6.729262807407821 -6.797879626057046
-0.505290980527855 -0.369993358324422 0.117064894814607 -0.109817428583825 0.622805586204667 0.430473689296612 -1.175177989902743 6.664765568917819 -6.952496061068958
-0.505869447120522 -0.366712711254176 0.119043450859564 -0.115693318533339 0.656129414049256 0.395711208991267 -1.157842963661615 6.566453749818901 -7.053870662787620
-0.506476859787280 -0.363267902840184 0.120845660137950 -0.121482533351647 0.688961682798350 0.360441855677329 -1.134276127960909 6.432799582907212 -7.098776653479133
-0.507112629357238 -0.359662274436620 0.122470400000000 -0.127153913991451 0.721125680712886 0.324947972409934 -1.104208096180948 6.262275300963349 -7.083987255352975
-0.507776004129599 -0.355900089150531 0.123918040180666 -0.132674954472356 0.752437057217703 0.289528036133169 -1.067369481781988 6.053353136841189 -7.006275690621955
-0.508466063139006 -0.351986570036022 0.125190523469066 -0.138011801881266 0.782703822901909 0.254496657680059 -1.023490898162116 5.804505323290243 -6.862415181538850
-0.509181709420866 -0.347927938288430 0.126291446377928 -0.143129256372077 0.811726349518360 0.220184581772365 -0.972302958754945 5.514204093146624 -6.649178950322021
-0.509921663276695 -0.343731451438509 0.127226139813032 -0.147990771165851 0.839297369984093 0.186938687020755 -0.913536276980764 5.180921679197592 -6.363340219177616
-0.510684455539449 -0.339405441546609 0.128001749742656 -0.152558452550755 0.865201978380081 0.155121985924866 -0.846921466259865 4.803130314272597 -6.001672210362852
-0.511468420838859 -0.334959353396852 0.128627317867021 -0.156793059882054 0.889217629951444 0.125113624873052 -0.772189140030299 4.379302231136695 -5.560948146068334
-0.512271690866770 -0.330403782691316 0.129113862287735 -0.160654005582206 0.911114141107128 0.097308884142711 -0.689069911694595 3.907909662619335 -5.037941248553501
-0.513092187642474 -0.325750514244215 0.129474458177235 -0.164099355140679 0.930653689420224 0.072119177899943 -0.597294394677483 3.387424841516662 -4.429424740035603
-0.513927616778044 -0.321012560176076 0.129724318448233 -0.167085827114066 0.947590813627808 0.049972054199765 -0.496593202421458 2.816320000629258 -3.732171842711907
-0.514775460743675 -0.316204198107921 0.129880874423164 -0.169568793126174 0.961672413630954 0.031311194986205 -0.386696948329046 2.193067372775470 -2.942955778868495
-0.515632972133014 -0.311341009355447 0.129963856503624 -0.171502277867819 0.972637750494831 0.016596416091863 -0.267336245838301 1.516139190735899 -2.058549770667106
-0.516497166928499 -0.306439917123205 0.129995374839816 -0.172838959097010 0.980218446448511 0.006303667238527 -0.138241708356190 0.784007687328891 -1.075727040369401
-0.517364817766693 -0.301519224698779 0.130000000000000 -0.173530167638791 0.984138484885155 0.000925032036680 0.006881538072712 -0.039027141780501 -1.508307478270687
-0.518232296566435 -0.296599507952897 0.129966917473226 -0.173495759948428 0.983943349176253 -0.006616505354673 0.177417266349345 -1.006183317131537 -2.593404108891528
-0.519095339934519 -0.291704945789944 0.129868999843731 -0.172608673616681 0.978912432590595 -0.019583525899131 0.339978571357591 -1.928114290790095 -2.513607059377865
-0.519949883838318 -0.286858586484261 0.129708242037751 -0.170908780759893 0.969271861136645 -0.032151561196020 0.486787973432712 -2.760711783758030 -2.433810009876414
-0.520792258042782 -0.282081244973172 0.129486638981524 -0.168474840892729 0.955468302217855 -0.044320611245402 0.618345533012210 -3.506811779598884 -2.354012960369412
-0.521619173608920 -0.277391573756573 0.129206185601287 -0.165383113227668 0.937934243319860 -0.056090676047249 0.735151310480298 -4.169250261800705 -2.274215910867960
-0.522427710392296 -0.272806133796518 0.128868876823279 -0.161707356675267 0.917087992010857 -0.067461755601589 0.837705366265595 -4.750863213891510 -2.194418861362069
-0.523215304541516 -0.268339465416811 0.128476707573737 -0.157518829843939 0.893333675941399 -0.078433849908399 0.926507760765638 -5.254486619374887 -2.114621811859507
-0.523979735996717 -0.264004159202589 0.128031672778899 -0.152886291040111 0.867061242844525 -0.089006958967697 1.002058554404606 -5.682956461781075 -2.034824762353615
-0.524719115988057 -0.259810926899911 0.127535767365002 -0.147875998268088 0.838646460535619 -0.099181082779465 1.064857807580033 -6.039108724587017 -1.955027712848834
-0.525431874534208 -0.255768672315347 0.126990986258283 -0.142551709230188 0.808450916912684 -0.108956221343709 1.115405580698337 -6.325779391349595 -1.875230663348493
-0.526116747940842 -0.251884562215568 0.126399324384981 -0.136974681326696 0.776822019955936 -0.118332374660451 1.154201934197019 -6.545804445556858 -1.795433613840380
-0.526772766299120 -0.248164097226927 0.125762776671333 -0.131203671655711 0.744092997728152 -0.127309542729653 1.181746928451410 -6.702019870716835 -1.715636564340040
-0.527399240984187 -0.244611182735054 0.125083338043576 -0.125294937013454 0.710582898374568 -0.135887725551354 1.198540623894573 -6.797261650359765 -1.635839514831927
-0.527995752153657 -0.241228199784440 0.124363003427948 -0.119302233893981 0.676596590122769 -0.144066923125513 1.205083080924041 -6.834365767982575 -1.556042465331031
-0.528562136246104 -0.238016075978026 0.123603767750687 -0.113276818489361 0.642424761282856 -0.151847135452168 1.201874359959554 -6.816168207109952 -1.476245415825139
-0.529098473479552 -0.234974356376789 0.122807625938031 -0.107267446689563 0.608343920247306 -0.159228362531294 1.189414521407528 -6.745504951248815 -1.396448366322023
-0.529605075349964 -0.232101274399334 0.121976572916216 -0.101320374082525 0.574616395491062 -0.166210604362904 1.168203625678821 -6.625211983913859 -1.316651316817241
-0.530082472129735 -0.229393822721477 0.121112603611481 -0.095479355954131 0.541490335571493 -0.172793860946990 1.138741733175408 -6.458125288615335 -1.236854267314125
-0.530531400366176 -0.226847824175834 0.120217712950064 -0.089785647288254 0.509199709128416 -0.178978132283561 1.101528904325910 -6.247080848867936 -1.157057217808788
-0.530952790380010 -0.224458002651414 0.119293895858201 -0.084278002766625 0.477964304884076 -0.184763418372605 1.057065199518981 -5.994914648187466 -1.077260168305672
-0.531347753763855 -0.222218053993198 0.118343147262130 -0.078992676769030 0.447989731643139 -0.190149719214133 1.005850679178799 -5.704462670078625 -0.997463118800890
-0.531717570880720 -0.220120716901735 0.117367462088089 -0.073963423373136 0.419467418292746 -0.195137034808138 0.948385403711782 -5.378560898063878 -0.917666069296663
-0.532063678362493 -0.218157843832723 0.116368835262316 -0.069221496354577 0.392574613802427 -0.199725365154621 0.885169433528787 -5.020045315649035 -0.837869019794102
-0.532387656608428 -0.216320471896602 0.115349261711048 -0.064795649186933 0.367474387224181 -0.203914710253592 0.816702829040672 -4.631751906353232 -0.758071970288210
-0.532691217283637 -0.214598893758140 0.114310736360523 -0.060712135041729 0.344315627692415 -0.207705070105033 0.743485650644971 -4.216516653683389 -0.678274920784538
-0.532976190817579 -0.212982728536020 0.113255254136978 -0.056994706788505 0.323233044423998 -0.211096444708955 0.666017958783627 -3.777175541149758 -0.598477871281422
-0.533244513902552 -0.211460992702428 0.112184809966651 -0.053664616994586 0.304347166718250 -0.214088834065362 0.584799813823089 -3.316564552278134 -0.518680821776085
-0.533498216992179 -0.210022170982644 0.111101398775780 -0.050740617925471 0.287764343956859 -0.216682238174243 0.500331276209742 -2.837519670565447 -0.438883772272969
-0.533739411799901 -0.208654287254624 0.110007015490602 -0.048238961544422 0.273576745604032 -0.218876657035608 0.413112406345562 -2.342876879538602 -0.359086722767632
-0.533970278797465 -0.207344975448592 0.108903655037355 -0.046173399512695 0.261862361206339 -0.220672090649446 0.323643264623641 -1.835472162701191 -0.279289673265071
-0.534193054713413 -0.206081550446628 0.107793312342276 -0.044555183189576 0.252685000392833 -0.222068539015771 0.232423911468160 -1.318141503564574 -0.199492623759734
-0.534410020031574 -0.204851078982253 0.106677982331603 -0.043393063632235 0.246094292875010 -0.223066002134570 0.139954407289977 -0.793720885657878 -0.119695574256617
-0.534623486489553 -0.203640450540019 0.105559659931574 -0.042693291595786 0.242125688446720 -0.223664480005853 0.046734812504390 -0.265046292466931 -0.039898524751836
-0.534835784577219 -0.202436448255097 0.104440340068426 -0.042459617533264 0.240800456984386 -0.223863972629612 -0.046734812499949 0.265046292468041 0.039898524752391
-0.535049251035198 -0.201225819812864 0.103322017668397 -0.042693291595763 0.242125688446726 -0.223664480005850 -0.139954407294418 0.793720885654547 0.119695574255507
-0.535266216353359 -0.199995348348489 0.102206687657724 -0.043393063632235 0.246094292874999 -0.223066002134573 -0.232423911472601 1.318141503567904 0.199492623760844
-0.535488992269307 -0.198731923346525 0.101096344962645 -0.044555183189599 0.252685000392838 -0.222068539015768 -0.323643264619200 1.835472162701191 0.279289673263405
-0.535719859266871 -0.197422611540493 0.099992984509398 -0.046173399512695 0.261862361206344 -0.220672090649451 -0.413112406341121 2.342876879535272 0.359086722769297
-0.535961054074593 -0.196054727812473 0.098898601224220 -0.048238961544400 0.273576745604021 -0.218876657035605 -0.500331276214183 2.837519670569888 0.438883772272414
-0.536214757164220 -0.194615906092688 0.097815190033349 -0.050740617925471 0.287764343956870 -0.216682238174243 -0.584799813827530 3.316564552277024 0.518680821776085
-0.536483080249193 -0.193094170259097 0.096744745863022 -0.053664616994609 0.304347166718255 -0.214088834065362 -0.666017958774745 3.777175541149758 0.598477871281422
-0.536768053783136 -0.191478005036977 0.095689263639477 -0.056994706788482 0.323233044424004 -0.211096444708955 -0.743485650653852 4.216516653683389 0.678274920784538
-0.537071614458344 -0.189756426898515 0.094650738288952 -0.060712135041752 0.344315627692421 -0.207705070105033 -0.816702829036231 4.631751906347681 0.758071970288765
-0.537395592704279 -0.187919054962394 0.093631164737684 -0.064795649186933 0.367474387224159 -0.203914710253589 -0.885169433528787 5.020045315653476 0.837869019792992
-0.537741700186052 -0.185956181893382 0.092632537911911 -0.069221496354577 0.392574613802427 -0.199725365154624 -0.948385403711782 5.378560898062767 0.917666069297218
-0.538111517302918 -0.183858844801918 0.091656852737870 -0.073963423373136 0.419467418292740 -0.195137034808138 -1.005850679178799 5.704462670084176 0.997463118801445
-0.538506480686763 -0.181618896143703 0.090706104141799 -0.078992676769030 0.447989731643161 -0.190149719214130 -1.057065199518981 5.994914648185246 1.077260168304561
-0.538927870700596 -0.179229074619282 0.089782287049936 -0.084278002766625 0.477964304884088 -0.184763418372608 -1.101528904325910 6.247080848865716 1.157057217809898
-0.539376798937037 -0.176683076073640 0.088887396388519 -0.089785647288254 0.509199709128416 -0.178978132283558 -1.138741733175408 6.458125288617556 1.236854267312459
-0.539854195716808 -0.173975624395783 0.088023427083784 -0.095479355954131 0.541490335571504 -0.172793860946996 -1.168203625678821 6.625211983910528 1.316651316818906
-0.540360797587220 -0.171102542418327 0.087192374061969 -0.101320374082525 0.574616395491057 -0.166210604362901 -1.189414521403087 6.745504951248815 1.396448366320913
-0.540897134820668 -0.168060822817091 0.086396232249313 -0.107267446689541 0.608343920247301 -0.159228362531297 -1.201874359963995 6.816168207109952 1.476245415826249
-0.541463518913115 -0.164848699010677 0.085636996572052 -0.113276818489361 0.642424761282850 -0.151847135452166 -1.205083080928482 6.834365767987016 1.556042465329921
-0.542060030082585 -0.161465716060063 0.084916661956424 -0.119302233894003 0.676596590122786 -0.144066923125516 -1.198540623890132 6.797261650355324 1.635839514833592
-0.542686504767652 -0.157912801568190 0.084237223328667 -0.125294937013454 0.710582898374562 -0.135887725551348 -1.181746928455851 6.702019870722387 1.715636564338374
-0.543342523125931 -0.154192336579549 0.083600675615019 -0.131203671655733 0.744092997728174 -0.127309542729656 -1.154201934188137 6.545804445550196 1.795433613840935
-0.544027396532564 -0.150308226479769 0.083009013741717 -0.136974681326674 0.776822019955925 -0.118332374660451 -1.115405580702777 6.325779391344044 1.875230663347383
-0.544740155078715 -0.146265971895206 0.082464232634998 -0.142551709230188 0.808450916912645 -0.108956221343715 -1.064857807584474 6.039108724605891 1.955027712849944
-0.545479535070056 -0.142072739592528 0.081968327221101 -0.147875998268110 0.838646460535675 -0.099181082779465 -1.002058554395724 5.682956461763311 2.034824762354726
-0.546243966525256 -0.137737433378305 0.081523292426263 -0.152886291040089 0.867061242844491 -0.089006958967691 -0.926507760770079 5.254486619388210 2.114621811857842
-0.547031560674476 -0.133270764998598 0.081131123176721 -0.157518829843939 0.893333675941432 -0.078433849908402 -0.837705366265595 4.750863213891510 2.194418861363734
-0.547840097457852 -0.128685325038544 0.080793814398713 -0.161707356675267 0.917087992010890 -0.067461755601583 -0.735151310480298 4.169250261791824 2.274215910865740
-0.548667013023990 -0.123995653821944 0.080513361018476 -0.165383113227668 0.937934243319849 -0.056090676047255 -0.618345533012210 3.506811779603325 2.354012960371077
-0.549509387228454 -0.119218312310855 0.080291757962249 -0.168474840892729 0.955468302217866 -0.044320611245399 -0.486787973432712 2.760711783753589 2.433810009874748
-0.550363931132254 -0.114371953005172 0.080131000156269 -0.170908780759893 0.969271861136634 -0.032151561196025 -0.339978571357591 1.928114290794536 2.513607059378975
-0.551226974500337 -0.109477390842219 0.080033082526774 -0.172608673616681 0.978912432590606 -0.019583525899131 -0.177417266353785 1.006183317147080 2.593404108883757
-0.552094453300079 -0.104557674096337 0.080000000000000 -0.173495759948450 0.983943349176342 -0.006616505354712 -0.006881538063830 0.039027141740533 1.209450974118953
-0.552962104138273 -0.099636981671912 0.079997153747579 -0.173530167638769 0.984138484885044 -0.000569250484117 0.138241708351750 -0.784007687306687 -0.661985870996640
-0.553826298933758 -0.094735889439669 0.079977757848384 -0.172838959097010 0.980218446448511 -0.003879179839100 0.267336245833860 -1.516139190735899 -1.266799858872791
-0.554683810323097 -0.089872700687195 0.079926691952717 -0.171502277867841 0.972637750494831 -0.010213179133464 0.386696948337928 -2.193067372775470 -1.811049710065959
-0.555531654288728 -0.085064338619040 0.079830349814298 -0.169568793126151 0.961672413630954 -0.019268427683794 0.496593202417017 -2.816320000629258 -2.296721133984159
-0.556367083424298 -0.080326384550901 0.079676589647529 -0.167085827114066 0.947590813627808 -0.030752033353715 0.597294394681924 -3.387424841521103 -2.725799840017640
-0.557187580200002 -0.075673116103800 0.079454684484760 -0.164099355140657 0.930653689420202 -0.044381032553803 0.689069911690154 -3.907909662614895 -3.100271537573307
-0.557990850227913 -0.071117545398265 0.079155272533552 -0.160654005582206 0.911114141107128 -0.059882390241670 0.772189140025858 -4.379302231138915 -3.422121936045297
-0.558774815527323 -0.066671457248508 0.078770307533942 -0.156793059882077 0.889217629951433 -0.076992999921896 0.846921466264305 -4.803130314268156 -3.693336744834408
-0.559537607790077 -0.062345447356607 0.078293009115712 -0.152558452550755 0.865201978380092 -0.095459683646068 0.913536276980764 -5.180921679202033 -3.915901673342548
-0.560277561645906 -0.058148960506687 0.077717813155648 -0.147990771165851 0.839297369984082 -0.115039192012781 0.972302958754945 -5.514204093144404 -4.091802430962743
-0.560993207927767 -0.054090328759095 0.077040322134810 -0.143129256372077 0.811726349518360 -0.135498204167595 1.023490898162116 -5.804505323294684 -4.223024727103564
-0.561683266937173 -0.050176809644585 0.076257255495794 -0.138011801881266 0.782703822901887 -0.156613327803112 1.067369481781988 -6.053353136830086 -4.311554271154150
-0.562346641709535 -0.046414624358497 0.075366400000000 -0.132674954472356 0.752437057217736 -0.178171099158883 1.104208096180948 -6.262275300976672 -4.359376772522516
-0.562982411279492 -0.042808995954933 0.074366560084893 -0.127153913991451 0.721125680712853 -0.199967983021496 1.134276127960909 -6.432799582898330 -4.368477940601689
-0.563589823946250 -0.039364187540941 0.073257508221270 -0.121482533351647 0.688961682798361 -0.221810372724504 1.157842963666056 -6.566453749821122 -4.340843484795243
-0.564168290538917 -0.036083540470694 0.072039935270528 -0.115693318533316 0.656129414049256 -0.243514590148480 1.175177989893861 -6.664765568922260 -4.278459114500643
-0.564717377681836 -0.032969512539671 0.070715400841923 -0.109817428583847 0.622805586204644 -0.264906885720984 1.186550593228475 -6.729262807405600 -4.183310539115359
-0.565236801059924 -0.030023716178833 0.069286283649840 -0.103884675617705 0.589159272167616 -0.285823438416560 1.192230160222962 -6.761473232466120 -4.057383468042963
-0.565726418684007 -0.027246956648807 0.067755731871056 -0.097923524816590 0.555351906005286 -0.306110355756775 1.192486077465915 -6.762924611305454 -3.902663610679258
-0.566186224156154 -0.024639270234063 0.066127613502005 -0.091961094429260 0.521537282948759 -0.325623673810171 1.187587731545925 -6.735144711116359 -3.721136676425596
-0.566616339935011 -0.022199962437097 0.064406466716044 -0.086023155771531 0.487861559393177 -0.344229357192299 1.177804509024938 -6.679661299084927 -3.514788374679445
-0.567017010601143 -0.019927646172608 0.062597450220715 -0.080134133226406 0.454463252897752 -0.361803299065697 1.163405796482664 -6.598002142430559 -3.285604414842158
-0.567388596122363 -0.017820279961680 0.060706293615016 -0.074317104243993 0.421473242185599 -0.378231321139907 1.144660980498813 -6.491695008332687 -3.035570506311758
-0.567731565119071 -0.015875206125961 0.058739247746658 -0.068593799341499 0.389014767143936 -0.393409173671466 1.121839447653095 -6.362267663990728 -2.766672358488487
-0.568046488129587 -0.014089188981841 0.056703035069339 -0.062984602103233 0.357203428823982 -0.407242535463909 1.095210584511896 -6.211247876604098 -2.480895680768702
-0.568334030875490 -0.012458453034636 0.054604800000000 -0.057508549180674 0.326147189440962 -0.419647013867752 1.065043777663810 -6.040163413369992 -2.180226182557088
-0.568594947526952 -0.010978721172765 0.052452059276097 -0.052183330292355 0.295946372374112 -0.430548144780538 1.031608413684104 -5.850542041483386 -1.866649573248058
-0.568830073968072 -0.009645252861932 0.050252652312863 -0.047025288223934 0.266693662166695 -0.439881392646778 0.995173879139166 -5.643911528141476 -1.542151562243244
-0.569040321062213 -0.008452882339302 0.048014691560573 -0.042049418828238 0.238474104525987 -0.447592150457994 0.956009560626470 -5.421799640537017 -1.208717858941777
-0.569226667917339 -0.007396056807685 0.045746512861810 -0.037269371025106 0.211365106323302 -0.453635739752703 0.914384844699079 -5.185734145869425 -0.868334172741680
-0.569390155151347 -0.006468874629716 0.043456625808728 -0.032697446801611 0.185436435593955 -0.457977410616411 0.870569117945585 -4.937242811344777 -0.522986213045418
-0.569531878157406 -0.005665123522029 0.041153664100320 -0.028344601211883 0.160750221537231 -0.460592341681638 0.824831766950140 -4.677853404144727 -0.174659689247680
-0.569652980369292 -0.004978318749447 0.038846335899680 -0.024220442377132 0.137360954516508 -0.461465640127877 0.777442178279131 -4.409093691468691 0.174659689247403
-0.569754646526720 -0.004401741319151 0.036543374191272 -0.020333231485736 0.115315486059164 -0.460592341681640 0.728669738507826 -4.132491440522745 0.522986213045695
-0.569838095940686 -0.003928476174868 0.034253487138190 -0.016689882793197 0.094653028856551 -0.457977410616411 0.678783834229257 -3.849574418495205 0.868334172741680
-0.569904575758797 -0.003551450391048 0.031985308439427 -0.013295963622051 0.075405156764075 -0.453635739752703 0.628053851996491 -3.561870392585487 1.208717858941499
-0.569955354230607 -0.003263471367042 0.029747347687137 -0.010155694362068 0.057595804801147 -0.447592150457995 0.576749178411440 -3.270907129988565 1.542151562243521
-0.569991713972957 -0.003057265021286 0.027547940723903 -0.007271948470011 0.041241269151204 -0.439881392646778 0.525139200031610 -2.978212397899416 1.866649573248613
-0.570014945235306 -0.002925513985478 0.025395200000000 -0.004646252469853 0.026350207161707 -0.430548144780535 0.473493303436712 -2.685313963524116 2.180226182556533
-0.570026339165070 -0.002860895798757 0.023296964930661 -0.002278785952670 0.012923637344087 -0.419647013867752 0.422080875224218 -2.393739594048760 2.480895680767592
-0.570027181072952 -0.002856121101888 0.021260752253342 -0.000168381576549 0.000954939373843 -0.407242535463914 0.371171301942752 -2.105017056674985 2.766672358489042
-0.570018743698287 -0.002903971831436 0.019293706384984 0.001687474933165 -0.009570145909532 -0.393409173671469 0.321033970185347 -1.820674118591104 3.035570506312313
-0.570002280474366 -0.002997339413948 0.017402549779285 0.003292644784092 -0.018673516502488 -0.378231321139907 0.271938266531713 -1.542238547014296 3.285604414843546
-0.569979018793782 -0.003129262960136 0.015593533283956 0.004652336116751 -0.026384709237559 -0.361803299065690 0.224153577534913 -1.271238109115114 3.514788374676947
-0.569950153273760 -0.003292967459052 0.013872386497995 0.005773104004425 -0.032740899783135 -0.344229357192305 0.177949289810186 -1.009200572110736 3.721136676427261
-0.569916839021493 -0.003481901972270 0.012244268128944 0.006662850453476 -0.037786902643688 -0.325623673810169 0.133594789910596 -0.757653703191696 3.902663610678703
-0.569880184899478 -0.003689777828068 0.010713716350160 0.007330824403029 -0.041575171159647 -0.306110355756775 0.091359464402530 -0.518125269537428 4.057383468042963
-0.569841246790852 -0.003910606815605 0.009284599158077 0.007787621725042 -0.044165797507334 -0.285823438416560 0.051512699896783 -0.292143038376214 4.183310539114804
-0.569801020864730 -0.004138739379101 0.007960064729472 0.008045185224526 -0.045626512699215 -0.264906885720986 0.014323882933098 -0.081234776887484 4.278459114500643
-0.569760436841534 -0.004368902812019 0.006742491778730 0.008116804639191 -0.046032686583652 -0.243514590148483 -0.019937599882169 0.113071747744886 4.340843484795243
-0.569720351258335 -0.004596239451244 0.005633439915107 0.008017116639780 -0.045467327844928 -0.221810372724507 -0.051002361991515 0.289248768299277 4.368477940603910
-0.569681540734186 -0.004816344871261 0.004633600000000 0.007762104829823 -0.044021084003432 -0.199967983021487 -0.078601016797464 0.445768517591816 4.359376772520296
-0.569644695235457 -0.005025306078338 0.003742744504206 0.007369099745835 -0.041792241415473 -0.178171099158886 -0.102464177746953 0.581103228423085 4.311554271155815
-0.569610411341171 -0.005219739704705 0.002959677865190 0.006856778857101 -0.038886725273357 -0.156613327803107 -0.122322458255830 0.693725133604772 4.223024727099123
-0.569579185508342 -0.005396830202732 0.002282186844352 0.006245166565821 -0.035418099605333 -0.135498204167611 -0.137906471722182 0.782106465930799 4.091802430966629
-0.569551407337306 -0.005554368039110 0.001706990884288 0.005555634207211 -0.031507567275679 -0.115039192012778 -0.148946831615149 0.844719458199528 3.915901673343658
-0.569527352837060 -0.005690787889034 0.001229692466058 0.004810900049135 -0.027283969984682 -0.095459683646060 -0.155174151315052 0.880036343229307 3.693336744829967
-0.569507177690598 -0.005805206830376 0.000844727466448 0.004035029292559 -0.022883788268535 -0.076992999921910 -0.156319044268827 0.886529353818499 3.422121936047517
-0.569490910520241 -0.005897462537874 0.000545315515240 0.003253434071215 -0.018451141499443 -0.059882390241672 -0.152112123887882 0.862670722765468 3.100271537570531
-0.569478446152983 -0.005968151477302 0.000323410352471 0.002492873451776 -0.014137787885615 -0.044381032553820 -0.142284003610271 0.806932682877459 2.725799840024301
-0.569469538885814 -0.006018667099658 0.000169650185702 0.001781453433725 -0.010103124471228 -0.030752033353698 -0.126565296834080 0.717787466941733 2.296721133983048
-0.569463795751066 -0.006051238035340 0.000073308047283 0.001148626949554 -0.006514187136519 -0.019268427683783 -0.104686617010685 0.593707307803282 1.811049710058743
-0.569460669781744 -0.006068966288328 0.000022242151616 0.000625193864501 -0.003545650597503 -0.010213179133489 -0.076378577538172 0.433164438216060 1.266799858878898
-0.569459453276860 -0.006075865430360 0.000002846252420 0.000243300976810 -0.001379828406423 -0.003879179839095 -0.041371791863476 0.234631091022841 0.661985870997750
-0.569459271066772 -0.006076898795117 -0.000000000000000 0.000036442017493 -0.000206672951308 -0.000569250484106 -0.007288403498507 0.041334590261677 0.113850096825630
-0.569459271066772 -0.006076898795117 0.000000000000000 0.000000000000000 0.000000000000000 0.000000000000022 -0.007288403498507 0.041334590261677 0.185006407334238
-0.569459453276860 -0.006075865430360 0.000004625160183 -0.000036442017493 0.000206672951308 0.000925032036693 -0.041371791863476 0.234631091022841 1.075727040369735
-0.569460669781744 -0.006068966288328 0.000036143496376 -0.000243300976810 0.001379828406423 0.006303667238542 -0.076378577538172 0.433164438216060 2.058549770666293
-0.569463795751066 -0.006051238035340 0.000119125576836 -0.000625193864501 0.003545650597503 0.016596416091874 -0.104686617010685 0.593707307803282 2.942955778859286
-0.569469538885814 -0.006018667099658 0.000275681551766 -0.001148626949554 0.006514187136519 0.031311194986170 -0.126565296834080 0.717787466941733 3.732171842722586
-0.569478446152983 -0.005968151477302 0.000525541822765 -0.001781453433725 0.010103124471228 0.049972054199783 -0.142284003610271 0.806932682877459 4.429424740030117
-0.569490910520241 -0.005897462537874 0.000886137712265 -0.002492873451776 0.014137787885615 0.072119177899933 -0.152112123887882 0.862670722765468 5.037941248555722
-0.569507177690598 -0.005805206830376 0.001372682132979 -0.003253434071215 0.018451141499443 0.097308884142712 -0.156319044268827 0.886529353818499 5.560948146073316
-0.569527352837060 -0.005690787889034 0.001998250257344 -0.004035029292559 0.022883788268535 0.125113624873079 -0.155174151315052 0.880036343229307 6.001672210356778
-0.569551407337306 -0.005554368039110 0.002773860186968 -0.004810900049135 0.027283969984682 0.155121985924863 -0.148946831615149 0.844719458199528 6.363340219180008
-0.569579185508342 -0.005396830202732 0.003708553622072 -0.005555634207211 0.031507567275679 0.186938687020763 -0.137906471722182 0.782106465930799 6.649178950316887
-0.569610411341171 -0.005219739704705 0.004809476530934 -0.006245166565821 0.035418099605333 0.220184581772347 -0.122322458255830 0.693725133604772 6.862415181541198
-0.569644695235457 -0.005025306078338 0.006081959819334 -0.006856778857101 0.038886725273357 0.254496657680053 -0.102464177746953 0.581103228423085 7.006275690627151
-0.569681540734186 -0.004816344871261 0.007529600000000 -0.007369099745835 0.041792241415473 0.289528036133189 -0.078601016797464 0.445768517591816 7.083987255348123
-0.569720351258335 -0.004596239451244 0.009154339862050 -0.007762104829823 0.044021084003432 0.324947972409929 -0.051002361991515 0.289248768299277 7.098776653478645
-0.569760436841534 -0.004368902812019 0.010956549140436 -0.008017116639780 0.045467327844928 0.360441855677323 -0.019937599882169 0.113071747744886 7.053870662791783
-0.569801020864730 -0.004138739379101 0.012935105185393 -0.008116804639191 0.046032686583652 0.395711208991282 0.014323882933098 -0.081234776887484 6.952496061062363
-0.569841246790852 -0.003910606815605 0.015087473631876 -0.008045185224526 0.045626512699215 0.430473689296593 0.051512699896783 -0.292143038376214 6.797879626063296
-0.569880184899478 -0.003689777828068 0.017409789069010 -0.007787621725042 0.044165797507334 0.464463087426910 0.091359464402530 -0.518125269537428 6.593248135569884
-0.569916839021493 -0.003481901972270 0.019896935709534 -0.007330824403029 0.041575171159647 0.497429328104759 0.133594789910596 -0.757653703191696 6.341828367353730
-0.569950153273760 -0.003292967459052 0.022542628059242 -0.006662850453476 0.037786902643688 0.529138469941528 0.177949289810186 -1.009200572110736 6.046847099191588
-0.569979018793782 -0.003129262960136 0.025339491586429 -0.005773104004425 0.032740899783135 0.559372705437486 0.224153577534913 -1.271238109115114 5.711531108854584
-0.570002280474366 -0.002997339413948 0.028279143391338 -0.004652336116751 0.026384709237559 0.587930360981759 0.271938266531713 -1.542238547014296 5.339107174118229
-0.570018743698287 -0.002903971831436 0.031352272875600 -0.003292644784092 0.018673516502488 0.614625896852350 0.321033970185347 -1.820674118591104 4.932802072756526
-0.570027181072952 -0.002856121101888 0.034548722411680 -0.001687474933165 0.009570145909532 0.639289907216133 0.371171301942752 -2.105017056674985 4.495842582543097
-0.570026339165070 -0.002860895798757 0.037857568012324 0.000168381576549 -0.000954939373843 0.661769120128848 0.422080875224218 -2.393739594048760 4.031455481250679
-0.570014945235306 -0.002925513985478 0.041267200000000 0.002278785952670 -0.012923637344087 0.681926397535101 0.473493303436712 -2.685313963524116 3.542867546654227
-0.569991713972957 -0.003057265021286 0.044765403676342 0.004646252469853 -0.026350207161707 0.699640735268373 0.525139200031610 -2.978212397899416 3.033305556528187
-0.569955354230607 -0.003263471367042 0.048339439991597 0.007271948470011 -0.041241269151204 0.714807263051013 0.576749178411440 -3.270907129988565 2.505996288645074
-0.569904575758797 -0.003551450391048 0.051976126214068 0.010155694362068 -0.057595804801147 0.727337244494239 0.628053851996491 -3.561870392585487 1.964166520780619
-0.569838095940686 -0.003928476174868 0.055661916599559 0.013295963622051 -0.075405156764075 0.737158077098142 0.678783834229257 -3.849574418495205 1.411043030706560
-0.569754646526720 -0.004401741319151 0.059382983060817 0.016689882793197 -0.094653028856551 0.744213292251675 0.728669738507826 -4.132491440522745 0.849852596196410
-0.569652980369292 -0.004978318749447 0.063125295836980 0.020333231485736 -0.115315486059164 0.748462555232657 0.777442178279131 -4.409093691468691 0.283821995029632
-0.569531878157406 -0.005665123522029 0.066874704163020 0.024220442377132 -0.137360954516508 0.749881665207805 0.824831766950140 -4.677853404144727 -0.283821995030187
-0.569390155151347 -0.006468874629716 0.070617016939183 0.028344601211883 -0.160750221537231 0.748462555232654 0.870569117945585 -4.937242811344777 -0.849852596195300
-0.569226667917339 -0.007396056807685 0.074338083400441 0.032697446801611 -0.185436435593955 0.744213292251678 0.914384844699079 -5.185734145869425 -1.411043030709047
-0.569040321062213 -0.008452882339302 0.078023873785932 0.037269371025106 -0.211365106323302 0.737158077098132 0.956009560626470 -5.421799640537017 -1.964166520777022
-0.568830073968072 -0.009645252861932 0.081660560008403 0.042049418828238 -0.238474104525987 0.727337244494247 0.995173879139166 -5.643911528141476 -2.505996288647561
-0.568594947526952 -0.010978721172765 0.085234596323658 0.047025288223934 -0.266693662166695 0.714807263051009 1.031608413684104 -5.850542041483386 -3.033305556526811
-0.568334030875490 -0.012458453034636 0.088732800000000 0.052183330292355 -0.295946372374112 0.699640735268375 1.065043777663810 -6.040163413369992 -3.542867546657558
-0.568046488129587 -0.014089188981841 0.092142431987675 0.057508549180674 -0.326147189440962 0.681926397535088 1.095210584511896 -6.211247876604098 -4.031455481245394
-0.567731565119071 -0.015875206125961 0.095451277588320 0.062984602103233 -0.357203428823982 0.661769120128861 1.121839447653095 -6.362267663990728 -4.495842582545317
-0.567388596122363 -0.017820279961680 0.098647727124400 0.068593799341499 -0.389014767143936 0.639289907216134 1.144660980498813 -6.491695008332687 -4.932802072757925
-0.567017010601143 -0.019927646172608 0.101720856608662 0.074317104243993 -0.421473242185599 0.614625896852344 1.163405796482664 -6.598002142430559 -5.339107174116564
-0.566616339935011 -0.022199962437097 0.104660508413571 0.080134133226406 -0.454463252897752 0.587930360981762 1.177804509024938 -6.679661299084927 -5.711531108854584
-0.566186224156154 -0.024639270234063 0.107457371940758 0.086023155771531 -0.487861559393177 0.559372705437489 1.187587731545925 -6.735144711116359 -6.046847099193675
-0.565726418684007 -0.027246956648807 0.110103064290466 0.091961094429260 -0.521537282948759 0.529138469941520 1.192486077465915 -6.762924611305454 -6.341828367352198
-0.565236801059924 -0.030023716178833 0.112590210930990 0.097923524816590 -0.555351906005286 0.497429328104759 1.192230160222962 -6.761473232466120 -6.593248135572383
-0.564717377681836 -0.032969512539671 0.114912526368124 0.103884675617705 -0.589159272167616 0.464463087426897 1.186550593228475 -6.729262807405600 -6.797879626057046
-0.564168290538917 -0.036083540470694 0.117064894814607 0.109817428583847 -0.622805586204644 0.430473689296612 1.175177989893861 -6.664765568922260 -6.952496061068958
-0.563589823946250 -0.039364187540941 0.119043450859564 0.115693318533316 -0.656129414049256 0.395711208991267 1.157842963666056 -6.566453749821122 -7.053870662787620
-0.562982411279492 -0.042808995954933 0.120845660137950 0.121482533351647 -0.688961682798361 0.360441855677329 1.134276127960909 -6.432799582898330 -7.098776653479133
-0.562346641709535 -0.046414624358497 0.122470400000000 0.127153913991451 -0.721125680712853 0.324947972409934 1.104208096180948 -6.262275300976672 -7.083987255352975
-0.561683266937173 -0.050176809644585 0.123918040180666 0.132674954472356 -0.752437057217736 0.289528036133169 1.067369481781988 -6.053353136830086 -7.006275690621955
-0.560993207927767 -0.054090328759095 0.125190523469066 0.138011801881266 -0.782703822901887 0.254496657680059 1.023490898162116 -5.804505323294684 -6.862415181538850
-0.560277561645906 -0.058148960506687 0.126291446377928 0.143129256372077 -0.811726349518360 0.220184581772365 0.972302958754945 -5.514204093144404 -6.649178950322021
-0.559537607790077 -0.062345447356607 0.127226139813032 0.147990771165851 -0.839297369984082 0.186938687020755 0.913536276980764 -5.180921679202033 -6.363340219177616
-0.558774815527323 -0.066671457248508 0.128001749742656 0.152558452550755 -0.865201978380092 0.155121985924866 0.846921466264305 -4.803130314268156 -6.001672210362852
-0.557990850227913 -0.071117545398265 0.128627317867021 0.156793059882077 -0.889217629951433 0.125113624873052 0.772189140025858 -4.379302231138915 -5.560948146068334
-0.557187580200002 -0.075673116103800 0.129113862287735 0.160654005582206 -0.911114141107128 0.097308884142711 0.689069911690154 -3.907909662614895 -5.037941248553501
-0.556367083424298 -0.080326384550901 0.129474458177235 0.164099355140657 -0.930653689420202 0.072119177899943 0.597294394681924 -3.387424841521103 -4.429424740035603
-0.555531654288728 -0.085064338619040 0.129724318448233 0.167085827114066 -0.947590813627808 0.049972054199765 0.496593202417017 -2.816320000629258 -3.732171842711907
-0.554683810323097 -0.089872700687195 0.129880874423164 0.169568793126151 -0.961672413630954 0.031311194986205 0.386696948337928 -2.193067372775470 -2.942955778868495
-0.553826298933758 -0.094735889439669 0.129963856503624 0.171502277867841 -0.972637750494831 0.016596416091863 0.267336245833860 -1.516139190735899 -2.058549770667106
-0.552962104138273 -0.099636981671912 0.129995374839816 0.172838959097010 -0.980218446448511 0.006303667238527 0.138241708351750 -0.784007687306687 -1.075727040369401
-0.552094453300079 -0.104557674096337 0.130000000000000 0.173530167638769 -0.984138484885044 0.000925032036680 -0.006881538063830 0.039027141740533 -1.508307478270687
-0.551226974500337 -0.109477390842219 0.129966917473226 0.173495759948450 -0.983943349176342 -0.006616505354673 -0.177417266353785 1.006183317147080 -2.593404108891528
-0.550363931132254 -0.114371953005172 0.129868999843731 0.172608673616681 -0.978912432590606 -0.019583525899131 -0.339978571357591 1.928114290794536 -2.513607059377865
-0.549509387228454 -0.119218312310855 0.129708242037751 0.170908780759893 -0.969271861136634 -0.032151561196020 -0.486787973432712 2.760711783753589 -2.433810009876414
-0.548667013023990 -0.123995653821944 0.129486638981524 0.168474840892729 -0.955468302217866 -0.044320611245402 -0.618345533012210 3.506811779603325 -2.354012960369412
-0.547840097457852 -0.128685325038544 0.129206185601287 0.165383113227668 -0.937934243319849 -0.056090676047249 -0.735151310480298 4.169250261791824 -2.274215910867960
-0.547031560674476 -0.133270764998598 0.128868876823279 0.161707356675267 -0.917087992010890 -0.067461755601589 -0.837705366265595 4.750863213891510 -2.194418861362069
-0.546243966525256 -0.137737433378305 0.128476707573737 0.157518829843939 -0.893333675941432 -0.078433849908399 -0.926507760770079 5.254486619388210 -2.114621811859507
-0.545479535070056 -0.142072739592528 0.128031672778899 0.152886291040089 -0.867061242844491 -0.089006958967697 -1.002058554395724 5.682956461763311 -2.034824762353615
-0.544740155078715 -0.146265971895206 0.127535767365002 0.147875998268110 -0.838646460535675 -0.099181082779465 -1.064857807584474 6.039108724605891 -1.955027712848834
-0.544027396532564 -0.150308226479769 0.126990986258283 0.142551709230188 -0.808450916912645 -0.108956221343709 -1.115405580702777 6.325779391344044 -1.875230663348493
-0.543342523125931 -0.154192336579549 0.126399324384981 0.136974681326674 -0.776822019955925 -0.118332374660451 -1.154201934188137 6.545804445550196 -1.795433613840380
-0.542686504767652 -0.157912801568190 0.125762776671333 0.131203671655733 -0.744092997728174 -0.127309542729653 -1.181746928455851 6.702019870722387 -1.715636564340040
-0.542060030082585 -0.161465716060063 0.125083338043576 0.125294937013454 -0.710582898374562 -0.135887725551354 -1.198540623890132 6.797261650355324 -1.635839514831927
-0.541463518913115 -0.164848699010677 0.124363003427948 0.119302233894003 -0.676596590122786 -0.144066923125513 -1.205083080928482 6.834365767987016 -1.556042465331031
-0.540897134820668 -0.168060822817091 0.123603767750687 0.113276818489361 -0.642424761282850 -0.151847135452168 -1.201874359963995 6.816168207109952 -1.476245415825139
-0.540360797587220 -0.171102542418327 0.122807625938031 0.107267446689541 -0.608343920247301 -0.159228362531294 -1.189414521403087 6.745504951248815 -1.396448366322023
-0.539854195716808 -0.173975624395783 0.121976572916216 0.101320374082525 -0.574616395491057 -0.166210604362904 -1.168203625678821 6.625211983910528 -1.316651316817241
-0.539376798937037 -0.176683076073640 0.121112603611481 0.095479355954131 -0.541490335571504 -0.172793860946990 -1.138741733175408 6.458125288617556 -1.236854267314125
-0.538927870700596 -0.179229074619282 0.120217712950064 0.089785647288254 -0.509199709128416 -0.178978132283561 -1.101528904325910 6.247080848865716 -1.157057217808788
-0.538506480686763 -0.181618896143703 0.119293895858201 0.084278002766625 -0.477964304884088 -0.184763418372605 -1.057065199518981 5.994914648185246 -1.077260168305672
-0.538111517302918 -0.183858844801918 0.118343147262130 0.078992676769030 -0.447989731643161 -0.190149719214133 -1.005850679178799 5.704462670084176 -0.997463118800890
-0.537741700186052 -0.185956181893382 0.117367462088089 0.073963423373136 -0.419467418292740 -0.195137034808138 -0.948385403711782 5.378560898062767 -0.917666069296663
-0.537395592704279 -0.187919054962394 0.116368835262316 0.069221496354577 -0.392574613802427 -0.199725365154621 -0.885169433528787 5.020045315653476 -0.837869019794102
-0.537071614458344 -0.189756426898515 0.115349261711048 0.064795649186933 -0.367474387224159 -0.203914710253592 -0.816702829036231 4.631751906347681 -0.758071970288210
-0.536768053783136 -0.191478005036977 0.114310736360523 0.060712135041752 -0.344315627692421 -0.207705070105033 -0.743485650653852 4.216516653683389 -0.678274920784538
-0.536483080249193 -0.193094170259097 0.113255254136978 0.056994706788482 -0.323233044424004 -0.211096444708955 -0.666017958774745 3.777175541149758 -0.598477871281422
-0.536214757164220 -0.194615906092688 0.112184809966651 0.053664616994609 -0.304347166718255 -0.214088834065362 -0.584799813827530 3.316564552277024 -0.518680821776085
-0.535961054074593 -0.196054727812473 0.111101398775780 0.050740617925471 -0.287764343956870 -0.216682238174243 -0.500331276214183 2.837519670569888 -0.438883772272969
-0.535719859266871 -0.197422611540493 0.110007015490602 0.048238961544400 -0.273576745604021 -0.218876657035608 -0.413112406341121 2.342876879535272 -0.359086722767632
-0.535488992269307 -0.198731923346525 0.108903655037355 0.046173399512695 -0.261862361206344 -0.220672090649446 -0.323643264619200 1.835472162701191 -0.279289673265071
-0.535266216353359 -0.199995348348489 0.107793312342276 0.044555183189599 -0.252685000392838 -0.222068539015771 -0.232423911472601 1.318141503567904 -0.199492623759734
-0.535049251035198 -0.201225819812864 0.106677982331603 0.043393063632235 -0.246094292874999 -0.223066002134570 -0.139954407294418 0.793720885654547 -0.119695574256617
-0.534835784577219 -0.202436448255097 0.105559659931574 0.042693291595763 -0.242125688446726 -0.223664480005853 -0.046734812499949 0.265046292468041 -0.039898524751836
-0.534623486489553 -0.203640450540019 0.104440340068426 0.042459617533264 -0.240800456984386 -0.223863972629612 0.046734812504390 -0.265046292466931 0.039898524752391
-0.534410020031574 -0.204851078982253 0.103322017668397 0.042693291595786 -0.242125688446720 -0.223664480005850 0.139954407289977 -0.793720885657878 0.119695574255507
-0.534193054713413 -0.206081550446628 0.102206687657724 0.043393063632235 -0.246094292875010 -0.223066002134573 0.232423911468160 -1.318141503564574 0.199492623760844
-0.533970278797465 -0.207344975448592 0.101096344962645 0.044555183189576 -0.252685000392833 -0.222068539015768 0.323643264623641 -1.835472162701191 0.279289673263405
-0.533739411799901 -0.208654287254624 0.099992984509398 0.046173399512695 -0.261862361206339 -0.220672090649451 0.413112406345562 -2.342876879538602 0.359086722769297
-0.533498216992179 -0.210022170982644 0.098898601224220 0.048238961544422 -0.273576745604032 -0.218876657035605 0.500331276209742 -2.837519670565447 0.438883772272414
-0.533244513902552 -0.211460992702428 0.097815190033349 0.050740617925471 -0.287764343956859 -0.216682238174243 0.584799813823089 -3.316564552278134 0.518680821776085
-0.532976190817579 -0.212982728536020 0.096744745863022 0.053664616994586 -0.304347166718250 -0.214088834065362 0.666017958783627 -3.777175541149758 0.598477871281422
-0.532691217283637 -0.214598893758140 0.095689263639477 0.056994706788505 -0.323233044423998 -0.211096444708955 0.743485650644971 -4.216516653683389 0.678274920784538
-0.532387656608428 -0.216320471896602 0.094650738288952 0.060712135041729 -0.344315627692415 -0.207705070105033 0.816702829040672 -4.631751906353232 0.758071970288765
-0.532063678362493 -0.218157843832723 0.093631164737684 0.064795649186933 -0.367474387224181 -0.203914710253589 0.885169433528787 -5.020045315649035 0.837869019792992
-0.531717570880720 -0.220120716901735 0.092632537911911 0.069221496354577 -0.392574613802427 -0.199725365154624 0.948385403711782 -5.378560898063878 0.917666069297218
-0.531347753763855 -0.222218053993198 0.091656852737870 0.073963423373136 -0.419467418292746 -0.195137034808138 1.005850679178799 -5.704462670078625 0.997463118801445
-0.530952790380010 -0.224458002651414 0.090706104141799 0.078992676769030 -0.447989731643139 -0.190149719214130 1.057065199518981 -5.994914648187466 1.077260168304561
-0.530531400366176 -0.226847824175834 0.089782287049936 0.084278002766625 -0.477964304884076 -0.184763418372608 1.101528904325910 -6.247080848867936 1.157057217809898
-0.530082472129735 -0.229393822721477 0.088887396388519 0.089785647288254 -0.509199709128416 -0.178978132283558 1.138741733175408 -6.458125288615335 1.236854267312459
-0.529605075349964 -0.232101274399334 0.088023427083784 0.095479355954131 -0.541490335571493 -0.172793860946996 1.168203625678821 -6.625211983913859 1.316651316818906
-0.529098473479552 -0.234974356376789 0.087192374061969 0.101320374082525 -0.574616395491062 -0.166210604362901 1.189414521407528 -6.745504951248815 1.396448366320913
-0.528562136246104 -0.238016075978026 0.086396232249313 0.107267446689563 -0.608343920247306 -0.159228362531297 1.201874359959554 -6.816168207109952 1.476245415826249
-0.527995752153657 -0.241228199784440 0.085636996572052 0.113276818489361 -0.642424761282856 -0.151847135452166 1.205083080924041 -6.834365767982575 1.556042465329921
-0.527399240984187 -0.244611182735054 0.084916661956424 0.119302233893981 -0.676596590122769 -0.144066923125516 1.198540623894573 -6.797261650359765 1.635839514833592
-0.526772766299120 -0.248164097226927 0.084237223328667 0.125294937013454 -0.710582898374568 -0.135887725551348 1.181746928451410 -6.702019870716835 1.715636564338374
-0.526116747940842 -0.251884562215568 0.083600675615019 0.131203671655711 -0.744092997728152 -0.127309542729656 1.154201934197019 -6.545804445556858 1.795433613840935
-0.525431874534208 -0.255768672315347 0.083009013741717 0.136974681326696 -0.776822019955936 -0.118332374660451 1.115405580698337 -6.325779391349595 1.875230663347383
-0.524719115988057 -0.259810926899911 0.082464232634998 0.142551709230188 -0.808450916912684 -0.108956221343715 1.064857807580033 -6.039108724587017 1.955027712849944
-0.523979735996717 -0.264004159202589 0.081968327221101 0.147875998268088 -0.838646460535619 -0.099181082779465 1.002058554404606 -5.682956461781075 2.034824762354726
-0.523215304541516 -0.268339465416811 0.081523292426263 0.152886291040111 -0.867061242844525 -0.089006958967691 0.926507760765638 -5.254486619374887 2.114621811857842
-0.522427710392296 -0.272806133796518 0.081131123176721 0.157518829843939 -0.893333675941399 -0.078433849908402 0.837705366265595 -4.750863213891510 2.194418861363734
-0.521619173608920 -0.277391573756573 0.080793814398713 0.161707356675267 -0.917087992010857 -0.067461755601583 0.735151310480298 -4.169250261800705 2.274215910865740
-0.520792258042782 -0.282081244973172 0.080513361018476 0.165383113227668 -0.937934243319860 -0.056090676047255 0.618345533012210 -3.506811779598884 2.354012960371077
-0.519949883838318 -0.286858586484261 0.080291757962249 0.168474840892729 -0.955468302217855 -0.044320611245399 0.486787973432712 -2.760711783758030 2.433810009874748
-0.519095339934519 -0.291704945789944 0.080131000156269 0.170908780759893 -0.969271861136645 -0.032151561196025 0.339978571357591 -1.928114290790095 2.513607059378975
-0.518232296566435 -0.296599507952897 0.080033082526774 0.172608673616681 -0.978912432590595 -0.019583525899131 0.177417266349345 -1.006183317131537 2.593404108883757
-0.517364817766693 -0.301519224698779 0.080000000000000 0.173495759948428 -0.983943349176253 -0.006616505354712 0.006881538072712 -0.039027141780501 1.209450974118953
-0.516497166928499 -0.306439917123205 0.079997153747579 0.173530167638791 -0.984138484885155 -0.000569250484117 -0.138241708356190 0.784007687328891 -0.661985870996640
-0.515632972133014 -0.311341009355447 0.079977757848384 0.172838959097010 -0.980218446448511 -0.003879179839100 -0.267336245838301 1.516139190735899 -1.266799858872791
-0.514775460743675 -0.316204198107921 0.079926691952717 0.171502277867819 -0.972637750494831 -0.010213179133464 -0.386696948329046 2.193067372775470 -1.811049710065959
-0.513927616778044 -0.321012560176076 0.079830349814298 0.169568793126174 -0.961672413630954 -0.019268427683794 -0.496593202421458 2.816320000629258 -2.296721133984159
-0.513092187642474 -0.325750514244215 0.079676589647529 0.167085827114066 -0.947590813627808 -0.030752033353715 -0.597294394677483 3.387424841516662 -2.725799840017640
-0.512271690866770 -0.330403782691316 0.079454684484760 0.164099355140679 -0.930653689420224 -0.044381032553803 -0.689069911694595 3.907909662619335 -3.100271537573307
-0.511468420838859 -0.334959353396852 0.079155272533552 0.160654005582206 -0.911114141107128 -0.059882390241670 -0.772189140030299 4.379302231136695 -3.422121936045297
-0.510684455539449 -0.339405441546609 0.078770307533942 0.156793059882054 -0.889217629951444 -0.076992999921896 -0.846921466259865 4.803130314272597 -3.693336744834408
-0.509921663276695 -0.343731451438509 0.078293009115712 0.152558452550755 -0.865201978380081 -0.095459683646068 -0.913536276980764 5.180921679197592 -3.915901673342548
-0.509181709420866 -0.347927938288430 0.077717813155648 0.147990771165851 -0.839297369984093 -0.115039192012781 -0.972302958754945 5.514204093146624 -4.091802430962743
-0.508466063139006 -0.351986570036022 0.077040322134810 0.143129256372077 -0.811726349518360 -0.135498204167595 -1.023490898162116 5.804505323290243 -4.223024727103564
-0.507776004129599 -0.355900089150531 0.076257255495794 0.138011801881266 -0.782703822901909 -0.156613327803112 -1.067369481781988 6.053353136841189 -4.311554271154150
-0.507112629357238 -0.359662274436620 0.075366400000000 0.132674954472356 -0.752437057217703 -0.178171099158883 -1.104208096180948 6.262275300963349 -4.359376772522516
-0.506476859787280 -0.363267902840184 0.074366560084893 0.127153913991451 -0.721125680712886 -0.199967983021496 -1.134276127960909 6.432799582907212 -4.368477940601689
-0.505869447120522 -0.366712711254176 0.073257508221270 0.121482533351647 -0.688961682798350 -0.221810372724504 -1.157842963661615 6.566453749818901 -4.340843484795243
-0.505290980527855 -0.369993358324422 0.072039935270528 0.115693318533339 -0.656129414049256 -0.243514590148480 -1.175177989902743 6.664765568917819 -4.278459114500643
-0.504741893384936 -0.373107386255446 0.070715400841923 0.109817428583825 -0.622805586204667 -0.264906885720984 -1.186550593224034 6.729262807407821 -4.183310539115359
-0.504222470006848 -0.376053182616284 0.069286283649840 0.103884675617705 -0.589159272167628 -0.285823438416560 -1.192230160218521 6.761473232472781 -4.057383468042963
-0.503732852382765 -0.378829942146310 0.067755731871056 0.097923524816612 -0.555351906005264 -0.306110355756775 -1.192486077474797 6.762924611301013 -3.902663610679258
-0.503273046910618 -0.381437628561054 0.066127613502005 0.091961094429238 -0.521537282948759 -0.325623673810171 -1.187587731541484 6.735144711114138 -3.721136676425596
-0.502842931131761 -0.383876936358020 0.064406466716044 0.086023155771531 -0.487861559393188 -0.344229357192299 -1.177804509024938 6.679661299087147 -3.514788374679445
-0.502442260465629 -0.386149252622508 0.062597450220715 0.080134133226406 -0.454463252897752 -0.361803299065697 -1.163405796482664 6.598002142432779 -3.285604414842158
-0.502070674944409 -0.388256618833436 0.060706293615016 0.074317104243993 -0.421473242185588 -0.378231321139907 -1.144660980498813 6.491695008328247 -3.035570506311758
-0.501727705947701 -0.390201692669156 0.058739247746658 0.068593799341499 -0.389014767143947 -0.393409173671466 -1.121839447648654 6.362267663992949 -2.766672358488487
-0.501412782937185 -0.391987709813276 0.056703035069339 0.062984602103255 -0.357203428823982 -0.407242535463909 -1.095210584516337 6.211247876601877 -2.480895680768702
-0.501125240191282 -0.393618445760481 0.054604800000000 0.057508549180674 -0.326147189440973 -0.419647013867752 -1.065043777668251 6.040163413376654 -2.180226182557088
-0.500864323539820 -0.395098177622351 0.052452059276097 0.052183330292332 -0.295946372374090 -0.430548144780538 -1.031608413675222 5.850542041478946 -1.866649573248058
-0.500629197098700 -0.396431645933185 0.050252652312863 0.047025288223956 -0.266693662166695 -0.439881392646778 -0.995173879148048 5.643911528137036 -1.542151562243244
-0.500418950004559 -0.397624016455815 0.048014691560573 0.042049418828216 -0.238474104526010 -0.447592150457994 -0.956009560622029 5.421799640541458 -1.208717858941777
-0.500232603149434 -0.398680841987431 0.045746512861810 0.037269371025106 -0.211365106323302 -0.453635739752703 -0.914384844694638 5.185734145871645 -0.868334172741680
-0.500069115915425 -0.399608024165401 0.043456625808728 0.032697446801633 -0.185436435593944 -0.457977410616411 -0.870569117952247 4.937242811342557 -0.522986213045418
-0.499927392909366 -0.400411775273087 0.041153664100320 0.028344601211872 -0.160750221537231 -0.460592341681638 -0.824831766947920 4.677853404144727 -0.174659689247680
-0.499806290697480 -0.401098580045670 0.038846335899680 0.024220442377132 -0.137360954516508 -0.461465640127877 -0.777442178279131 4.409093691468691 0.174659689247403
-0.499704624540052 -0.401675157475966 0.036543374191272 0.020333231485736 -0.115315486059164 -0.460592341681640 -0.728669738510046 4.132491440520525 0.522986213045695
-0.499621175126086 -0.402148422620248 0.034253487138190 0.016689882793186 -0.094653028856562 -0.457977410616411 -0.678783834224816 3.849574418501867 0.868334172741680
-0.499554695307976 -0.402525448404069 0.031985308439427 0.013295963622062 -0.075405156764052 -0.453635739752703 -0.628053852000932 3.561870392576605 1.208717858941499
-0.499503916836165 -0.402813427428075 0.029747347687137 0.010155694362057 -0.057595804801169 -0.447592150457995 -0.576749178409219 3.270907129995226 1.542151562243521
-0.499467557093815 -0.403019633773831 0.027547940723903 0.007271948470011 -0.041241269151193 -0.439881392646778 -0.525139200027169 2.978212397897195 1.866649573248613
-0.499444325831466 -0.403151384809639 0.025395200000000 0.004646252469875 -0.026350207161707 -0.430548144780535 -0.473493303445593 2.685313963524116 2.180226182556533
-0.499432931901703 -0.403216002996360 0.023296964930661 0.002278785952647 -0.012923637344087 -0.419647013867752 -0.422080875219777 2.393739594048760 2.480895680767592
-0.499432089993820 -0.403220777693229 0.021260752253342 0.000168381576549 -0.000954939373843 -0.407242535463914 -0.371171301942752 2.105017056672764 2.766672358489042
-0.499440527368486 -0.403172926963681 0.019293706384984 -0.001687474933165 0.009570145909521 -0.393409173671469 -0.321033970185347 1.820674118597765 3.035570506312313
-0.499456990592406 -0.403079559381169 0.017402549779285 -0.003292644784092 0.018673516502510 -0.378231321139907 -0.271938266527272 1.542238547009855 3.285604414843546
-0.499480252272990 -0.402947635834981 0.015593533283956 -0.004652336116728 0.026384709237559 -0.361803299065690 -0.224153577543795 1.271238109117334 3.514788374676947
-0.499509117793012 -0.402783931336065 0.013872386497995 -0.005773104004447 0.032740899783146 -0.344229357192305 -0.177949289805746 1.009200572106295 3.721136676427261
-0.499542432045279 -0.402594996822847 0.012244268128944 -0.006662850453476 0.037786902643677 -0.325623673810169 -0.133594789908376 0.757653703191696 3.902663610678703
-0.499579086167294 -0.402387120967048 0.010713716350160 -0.007330824403018 0.041575171159636 -0.306110355756775 -0.091359464406970 0.518125269541869 4.057383468042963
-0.499618024275920 -0.402166291979512 0.009284599158077 -0.007787621725053 0.044165797507345 -0.285823438416560 -0.051512699892342 0.292143038373993 4.183310539114804
-0.499658250202042 -0.401938159416016 0.007960064729472 -0.008045185224514 0.045626512699215 -0.264906885720986 -0.014323882935319 0.081234776885264 4.278459114500643
-0.499698834225238 -0.401707995983097 0.006742491778730 -0.008116804639191 0.046032686583641 -0.243514590148483 0.019937599884390 -0.113071747744886 4.340843484795243
-0.499738919808437 -0.401480659343873 0.005633439915107 -0.008017116639769 0.045467327844917 -0.221810372724507 0.051002361984853 -0.289248768294836 4.368477940603910
-0.499777730332586 -0.401260553923856 0.004633600000000 -0.007762104829845 0.044021084003443 -0.199967983021487 0.078601016801905 -0.445768517591816 4.359376772520296
-0.499814575831315 -0.401051592716778 0.003742744504206 -0.007369099745835 0.041792241415484 -0.178171099158886 0.102464177749173 -0.581103228425306 4.311554271155815
-0.499848859725601 -0.400857159090411 0.002959677865190 -0.006856778857089 0.038886725273357 -0.156613327803107 0.122322458249169 -0.693725133602552 4.223024727099123
-0.499880085558430 -0.400680068592385 0.002282186844352 -0.006245166565844 0.035418099605344 -0.135498204167611 0.137906471731064 -0.782106465933019 4.091802430966629
-0.499907863729466 -0.400522530756006 0.001706990884288 -0.005555634207188 0.031507567275679 -0.115039192012778 0.148946831610708 -0.844719458201748 3.915901673343658
-0.499931918229712 -0.400386110906083 0.001229692466058 -0.004810900049135 0.027283969984671 -0.095459683646060 0.155174151315052 -0.880036343227086 3.693336744829967
-0.499952093376175 -0.400271691964740 0.000844727466448 -0.004035029292559 0.022883788268535 -0.076992999921910 0.156319044266606 -0.886529353820720 3.422121936047517
-0.499968360546531 -0.400179436257243 0.000545315515240 -0.003253434071226 0.018451141499432 -0.059882390241672 0.152112123892323 -0.862670722761028 3.100271537570531
-0.499980824913790 -0.400108747317815 0.000323410352471 -0.002492873451765 0.014137787885626 -0.044381032553820 0.142284003605830 -0.806932682875239 2.725799840024301
-0.499989732180958 -0.400058231695459 0.000169650185702 -0.001781453433736 0.010103124471250 -0.030752033353698 0.126565296836301 -0.717787466950615 2.296721133983048
-0.499995475315706 -0.400025660759776 0.000073308047283 -0.001148626949554 0.006514187136497 -0.019268427683783 0.104686617010685 -0.593707307794400 1.811049710058743
-0.499998601285028 -0.400007932506789 0.000022242151616 -0.000625193864501 0.003545650597525 -0.010213179133489 0.076378577540392 -0.433164438222722 1.266799858878898
-0.499999817789912 -0.400001033364757 0.000002846252420 -0.000243300976799 0.001379828406411 -0.003879179839095 0.041371791859035 -0.234631091018400 0.661985870997750
