-0.499999903615886 -0.400000546621472 0.000007602123551 0.000019276822738 -0.000109324294362 0.001520424710185 0.020625889809445 -0.116975233883654 1.757805415675780
-0.499999291584527 -0.400004017623791 0.000059149382494 0.000122406271785 -0.000694200463780 0.010309451788564 0.034527146086649 -0.195813175885018 3.335521791233833
-0.499997816374516 -0.400012383955507 0.000194084686217 0.000295042002219 -0.001673266343205 0.026987060744733 0.041431195187958 -0.234967984023005 4.723540245015554
-0.499995305384625 -0.400026624486823 0.000447108496066 0.000502197978158 -0.002848106263320 0.050604761969811 0.041710669431705 -0.236552961256908 5.929299911208251
-0.499991751627999 -0.400046778842171 0.000848364803696 0.000710751325317 -0.004030871069605 0.080251261525852 0.035738201180635 -0.202681410599315 6.960239923999231
-0.499987304416343 -0.400072000232784 0.001423627109425 0.000889442331220 -0.005044278122601 0.115052461145848 0.023886422737540 -0.135466635020620 7.823799417575800
-0.499982260044118 -0.400100608289273 0.002194484400594 0.001008874444908 -0.005721611297704 0.154171458233727 0.006527966465164 -0.037021937526749 8.527417526125259
-0.499977052472732 -0.400130141894200 0.003178527129915 0.001041514277234 -0.005906720985338 0.196808545864354 -0.015964535320379 0.090539378923005 9.078533383834946
-0.499972244014729 -0.400157412014653 0.004389533193833 0.000961691600632 -0.005454024090723 0.242201212783528 -0.043218450274107 0.245104011307173 9.484586124892102
-0.499968516017983 -0.400178554534824 0.005837653910873 0.000745599349261 -0.004228504034187 0.289624143407989 -0.074861146064364 0.424558656668683 9.753014883484113
-0.499966659549888 -0.400189083088578 0.007529600000000 0.000371293618939 -0.002105710750844 0.338389217825409 -0.110519990352831 0.626790011999390 9.891258793798196
-0.499967566081552 -0.400183941892033 0.009468827558972 -0.000181306332825 0.001028239309153 0.387845511794400 -0.149822350810069 0.849684774317794 9.906756990021892
-0.499972218171986 -0.400157558576129 0.011655724042695 -0.000930418086875 0.005276663180742 0.437379296744510 -0.192395595097761 1.091129640640176 9.806948606342070
-0.499981680152298 -0.400103897019209 0.014087794241576 -0.001892396062364 0.010732311383943 0.486414039776220 -0.237867090875366 1.349011307980597 9.599272776946366
-0.499997088809882 -0.400016510179590 0.016759846259880 -0.003081731516741 0.017477367923846 0.534410403660952 -0.285864205817887 1.621216473344234 9.291168636022196
-0.500019644072611 -0.399888592928137 0.019664177494086 -0.004511052545830 0.025583450290567 0.580866246841063 -0.336014307589227 1.905631833740706 8.890075317756473
-0.500050599693030 -0.399713034880841 0.022790760611235 -0.006191124083776 0.035111609459271 0.625316623429845 -0.387944763842185 2.200144086199618 8.403431956336837
-0.500091253932545 -0.399482473231389 0.026127429527293 -0.008130847902987 0.046112329890269 0.667333783211529 -0.441282942253984 2.502639927712824 7.838677685950279
-0.500142940245616 -0.399189345583745 0.029660065385499 -0.010337262614257 0.058625529528833 0.706527171641281 -0.495656210484086 2.811006055312149 7.203251640784680
-0.500207017963950 -0.398825942784718 0.033372782534725 -0.012815543666678 0.072680559805394 0.742543429845204 -0.550691936203052 3.123129165991667 6.504592955026545
-0.500284862980688 -0.398384461756542 0.037248114507827 -0.015569003347693 0.088296205635352 0.775066394620337 -0.606017487068122 3.436895956769881 5.750140762864064
-0.500377858434603 -0.397857058329446 0.041267200000000 -0.018599090783034 0.105480685419201 0.803817098434657 -0.661260230745420 3.750193124678614 4.947334198483477
-0.500487385394287 -0.397235900074233 0.045409968847135 -0.021905391936761 0.124231651042594 0.828553769427075 -0.716047534909947 4.060907366696398 4.103612396074152
-0.500614813542344 -0.396513219134852 0.049655328004173 -0.025485629611310 0.144536187876076 0.849071831407445 -0.770006767205622 4.366925379859499 3.226414489818930
-0.500761491859580 -0.395681365060975 0.053981347523455 -0.029335663447339 0.166370814775374 0.865203903856540 -0.822765295325212 4.666133861175314 2.323179613911974
-0.500928739309200 -0.394732857640569 0.058365446533086 -0.033449489923965 0.189701484081251 0.876819801926100 -0.873950486908193 4.956419507653465 1.401346902533418
-0.501117835520993 -0.393660439732471 0.062784579215280 -0.037819242358506 0.214483581619518 0.883826536438767 -0.923189709634009 5.235669016310229 0.468355489876005
-0.501330011475526 -0.392457130098966 0.067215420784720 -0.042435190906676 0.240661926701069 0.886168313888147 -0.970110331164342 5.501769084150787 -0.468355489876560
-0.501566440188339 -0.391116276238357 0.071634553466914 -0.047285742562497 0.268170772121823 0.883826536438764 -1.014339719165314 5.752606408198080 -1.401346902532574
-0.501828227394130 -0.389631607217543 0.076018652476545 -0.052357441158324 0.296933804162813 0.876819801926101 -1.055505241289723 5.986067685455065 -2.323179613912263
-0.502116402230954 -0.387997286504592 0.080344671995827 -0.057634967364772 0.326864142590089 0.865203903856540 -1.093234265221454 6.200039612942465 -3.226414489819196
-0.502431907924408 -0.386207964801318 0.084590031152865 -0.063101138690880 0.357864340654801 0.849071831407444 -1.127154158617749 6.392408887663237 -4.103612396073597
-0.502775592471828 -0.384258832875853 0.088732800000000 -0.068736909483968 0.389826385093117 0.828553769427076 -1.156892289135847 6.561062206642543 -4.947334198482922
-0.503148199326476 -0.382145674395221 0.092751885492173 -0.074521370929648 0.422631696126330 0.803817098434662 -1.182076024450751 6.703886266874459 -5.750140762866840
-0.503550358081736 -0.379864918757918 0.096627217465275 -0.080431751051901 0.456151127460702 0.775066394620327 -1.202332732228584 6.818767765399691 -6.504592955022814
-0.503982575155301 -0.377413693926479 0.100339934614501 -0.086443414713044 0.490244966287701 0.742543429845213 -1.217289780117703 6.903593399194552 -7.203251640788277
-0.504445224473369 -0.374789879260061 0.103872570472707 -0.092529863613633 0.524762933283673 0.706527171641272 -1.226574535801994 6.956249865306408 -7.838677685946260
-0.504938538154833 -0.371992158347010 0.107209239388765 -0.098662736292643 0.559544182610205 0.667333783211541 -1.229814366938697 6.974623860722673 -8.403431956339746
-0.505462597195469 -0.369020071837441 0.110335822505914 -0.104811808127336 0.594417301913819 0.625316623429842 -1.226636641189494 6.956602082468510 -8.890075317756207
-0.506017322152136 -0.365874070275810 0.113240153740120 -0.110944991333284 0.629200312326161 0.580866246841061 -1.216668726229386 6.900071227553539 -9.291168636021974
-0.506602463826958 -0.362555566933490 0.115912205758424 -0.117028334964431 0.663700668463929 0.534410403660951 -1.199537989711175 6.802917992982938 -9.599272776945611
-0.507217593951523 -0.359066990641346 0.118344275957305 -0.123026024912987 0.697715258428844 0.486414039776223 -1.174871799309862 6.663029075797411 -9.806948606340127
-0.507862095871070 -0.355411838622307 0.120531172441028 -0.128900383909536 0.731030403807831 0.437379296744522 -1.142297522673807 6.478291172955508 -9.906756990027965
-0.508535155228685 -0.351594729323944 0.122470400000000 -0.134611871522905 0.763421859672608 0.387845511794382 -1.101442527495777 6.246590981526801 -9.891258793790492
-0.509235750649487 -0.347621455251043 0.124162346089127 -0.140119084160384 0.794654814580242 0.338389217825430 -1.051934181415248 5.965815198494262 -9.753014883493449
-0.509962644424824 -0.343499035798179 0.125610466806167 -0.145378755067460 0.824483890572714 0.289624143407963 -0.993399852107224 5.633850520871952 -9.484586124886007
-0.510714373196464 -0.339235770082294 0.126821472870085 -0.150345754327996 0.852653143177073 0.242201212783533 -0.925466907237826 5.248583645678373 -9.078533383830578
-0.511489238640785 -0.334841289775266 0.127805515599407 -0.154973088864185 0.878896061405465 0.196808545864380 -0.847762714468736 4.807901269916481 -8.527417526131842
-0.512285298152968 -0.330326611936491 0.128576372890575 -0.159211902436529 0.902935567755048 0.154171458233721 -0.759914641466075 4.309690090615881 -7.823799417576716
-0.513100355531187 -0.325704191845451 0.129151635196304 -0.163011475643859 0.924484018208127 0.115052461145837 -0.661550055900406 3.751836804777309 -6.960239924000966
-0.513931951660804 -0.320987975834290 0.129552891503933 -0.166319225923361 0.943243202232014 0.080251261525832 -0.552296325420087 3.132228109410384 -5.929299911195951
-0.514777355198556 -0.316193454120395 0.129805915313783 -0.169080707550462 0.958904342779066 0.050604761969852 -0.431780817709004 2.448750701531388 -4.723540245024083
-0.515633553256751 -0.311337713638962 0.129940850617506 -0.171239611639007 0.971148096286722 0.026987060744732 -0.299630900424397 1.699291278161041 -3.335521791232310
-0.516497242087457 -0.306439490875574 0.129992397876449 -0.172737766141129 0.979644552677528 0.010309451788570 -0.155473941223505 0.881736536293420 -1.757805415678604
-0.517364817766693 -0.301519224698779 0.130000000000000 -0.173515135847246 0.984053235358995 0.001520424710177 0.004439024090530 -0.025174956617136 -2.129207921849341
-0.518232282470327 -0.296599587895899 0.129954371925505 -0.173492940726794 0.983927360575909 -0.009125614899069 0.179713950774207 -1.019208461761067 -3.563849605544567
-0.519095254325192 -0.291705431304564 0.129819647610871 -0.172594370972923 0.978831318267104 -0.026944862926792 0.341677285287112 -1.937748176228382 -3.434255074433734
-0.519949684247924 -0.286859718417634 0.129599066919376 -0.170885984546487 0.969142577385962 -0.044116138298961 0.484918576764137 -2.750109908402631 -3.304660543326232
-0.520791991206237 -0.282082758278414 0.129295869714298 -0.168461391662666 0.955392027843949 -0.060639441015592 0.610144317407801 -3.460300374658054 -3.175066012213179
-0.521619044556616 -0.277392305648561 0.128913295858915 -0.165410670075627 0.938090525970658 -0.076514771076658 0.718060999398418 -4.072326291255646 -3.045471481103457
-0.522428146382009 -0.272803661175989 0.128454585216504 -0.161820365078635 0.917728894514380 -0.091742128482175 0.809375114925182 -4.590194374534118 -2.915876949993734
-0.523217013829529 -0.268329771562781 0.127922977650343 -0.157773489504009 0.894777922641710 -0.106321513232144 0.884793156190611 -5.017911340807757 -2.786282418881791
-0.523983761448144 -0.263981329733092 0.127321713023710 -0.153349523723056 0.869688365937671 -0.120252925326553 0.945021615361696 -5.359483906375306 -2.656687887770959
-0.524726883526375 -0.259766875001063 0.126654031199883 -0.148624415646248 0.842890946405794 -0.133536364765408 0.990766984658720 -5.618918787553273 -2.527093356660126
-0.525445236429990 -0.255692893238723 0.125923172042140 -0.143670580722954 0.814796352468028 -0.146171831548708 1.022735756244231 -5.800222700655944 -2.397498825549293
-0.526138020939699 -0.251763917043899 0.125132375413758 -0.138556901941733 0.785795238964748 -0.158159325676455 1.041634422316307 -5.907402361996494 -2.267904294439571
-0.526804764588850 -0.247982625908126 0.124284881178014 -0.133348729830152 0.756258227154766 -0.169498847148652 1.048169475081906 -5.944464487872558 -2.138309763327628
-0.527445304001123 -0.244349946384548 0.123383929198188 -0.128107882454742 0.726535904715403 -0.180190395965291 1.043047406694697 -5.915415794618406 -2.008715232216796
-0.528059767228230 -0.240865152255837 0.122432759337556 -0.122892645421269 0.696958825742311 -0.190233972126375 1.026974709383843 -5.824262998525009 -1.879120701106518
-0.528648556087601 -0.237525964702089 0.121434611459396 -0.117757771874349 0.667837510749686 -0.199629575631907 1.000657875311894 -5.675012815917757 -1.749526169996241
-0.529212328500090 -0.234328652468738 0.120392725426987 -0.112754482497790 0.639462446670097 -0.208377206481888 0.964803396681368 -5.471671963100944 -1.619931638883743
-0.529751980827662 -0.231268132034465 0.119310341103605 -0.107930465514383 0.612104086854592 -0.216476864676307 0.920117765677020 -5.218247156391076 -1.490337107775686
-0.530268630211092 -0.228338067779102 0.118190698352530 -0.103329876685998 0.586012851072637 -0.223928550215186 0.867307474492485 -4.918745112091338 -1.360742576661522
-0.530763596907660 -0.225530972151541 0.117037037037037 -0.098993339313536 0.561419125512180 -0.230732263098493 0.807079015308076 -4.577172546523789 -1.231148045554020
-0.531238386628845 -0.222838305837643 0.115852597020406 -0.094957944236995 0.538533262779561 -0.236888003326263 0.740138880326313 -4.197536175996053 -1.101553514440967
-0.531694672878022 -0.220250577928145 0.114640618165913 -0.091257249835364 0.517545581899581 -0.242395770898468 0.667193561731949 -3.783842716817976 -0.971958983330690
-0.532134279288155 -0.217757446086568 0.113404340336838 -0.087921282026704 0.498626368315491 -0.247255565815122 0.588949551714180 -3.340098885299403 -0.842364452220412
-0.532559161959496 -0.215347816717123 0.112147003396457 -0.084976534268133 0.481925873888994 -0.251467388076224 0.506113342462200 -2.870311397762393 -0.712769921109024
-0.532971391797275 -0.213009945132622 0.110871847208048 -0.082445967555822 0.467574316900182 -0.255031237681769 0.419391426160765 -2.378486970503468 -0.583175389998747
-0.533373136849400 -0.210731535722384 0.109582111634889 -0.080349010425018 0.455681882047665 -0.257947114631762 0.329490295012391 -1.868632319848018 -0.453580858887914
-0.533766644644150 -0.208499842120141 0.108281036540258 -0.078701558949956 0.446338720448425 -0.260215018926202 0.237116441197394 -1.344754162097006 -0.323986327776526
-0.534154224527870 -0.206301767371952 0.106971861787433 -0.077515976743969 0.439614949637940 -0.261834950565085 0.142976356909408 -0.810859213572490 -0.194391796666804
-0.534538230002667 -0.204123964104101 0.105657827239690 -0.076801094959422 0.435560653570077 -0.262806909548419 0.047776534337629 -0.270954190576544 -0.064797265554861
-0.534921041064105 -0.201952934691015 0.104342172760310 -0.076562212287734 0.434205882617195 -0.263130895876193 -0.047776534337629 0.270954190576544 0.064797265554861
-0.535305046538903 -0.199775131423165 0.103028138212567 -0.076801094959422 0.435560653570077 -0.262806909548419 -0.142976356904967 0.810859213572490 0.194391796666249
-0.535692626422622 -0.197577056674975 0.101718963459742 -0.077515976743947 0.439614949637940 -0.261834950565087 -0.237116441201835 1.344754162099226 0.323986327777637
-0.536086134217372 -0.195345363072733 0.100417888365111 -0.078701558949956 0.446338720448436 -0.260215018926199 -0.329490295012391 1.868632319843577 0.453580858887359
-0.536487879269497 -0.193066953662495 0.099128152791952 -0.080349010425018 0.455681882047654 -0.257947114631762 -0.419391426165205 2.378486970506799 0.583175389998192
-0.536900109107276 -0.190729082077994 0.097852996603543 -0.082445967555844 0.467574316900188 -0.255031237681771 -0.506113342457759 2.870311397761283 0.712769921110135
-0.537324991778617 -0.188319452708549 0.096595659663162 -0.084976534268133 0.481925873888994 -0.251467388076221 -0.588949551709739 3.340098885300513 0.842364452219302
-0.537764598188750 -0.185826320866971 0.095359381834087 -0.087921282026682 0.498626368315497 -0.247255565815124 -0.667193561736390 3.783842716815755 0.971958983331245
-0.538220884437927 -0.183238592957474 0.094147402979594 -0.091257249835364 0.517545581899576 -0.242395770898468 -0.740138880326313 4.197536175998273 1.101553514442077
-0.538695674159112 -0.180545926643576 0.092962962962963 -0.094957944236995 0.538533262779567 -0.236888003326258 -0.807079015312517 4.577172546522679 1.231148045551800
-0.539190640855680 -0.177738831016015 0.091809301647470 -0.098993339313558 0.561419125512180 -0.230732263098499 -0.867307474488044 4.918745112092449 1.360742576663743
-0.539707290239110 -0.174808766760652 0.090689658896395 -0.103329876685998 0.586012851072643 -0.223928550215180 -0.920117765677020 5.218247156392186 1.490337107773465
-0.540246942566682 -0.171748246326379 0.089607274573013 -0.107930465514383 0.612104086854603 -0.216476864676313 -0.964803396681368 5.471671963096503 1.619931638885408
-0.540810714979171 -0.168550934093028 0.088565388540604 -0.112754482497790 0.639462446670086 -0.208377206481886 -1.000657875311894 5.675012815919978 1.749526169995685
-0.541399503838543 -0.165211746539280 0.087567240662444 -0.117757771874349 0.667837510749686 -0.199629575631907 -1.026974709379402 5.824262998525009 1.879120701105963
-0.542013967065649 -0.161726952410568 0.086616070801812 -0.122892645421246 0.696958825742311 -0.190233972126377 -1.043047406703579 5.915415794618406 2.008715232217351
-0.542654506477923 -0.158094272886991 0.085715118821986 -0.128107882454764 0.726535904715403 -0.180190395965291 -1.048169475077465 5.944464487879220 2.138309763327628
-0.543321250127073 -0.154312981751217 0.084867624586242 -0.133348729830152 0.756258227154799 -0.169498847148652 -1.041634422316307 5.907402361988723 2.267904294439571
-0.544014034636782 -0.150384005556394 0.084076827957860 -0.138556901941733 0.785795238964743 -0.158159325676455 -1.022735756244231 5.800222700655944 2.397498825549293
-0.544732387540397 -0.146310023794053 0.083345968800117 -0.143670580722954 0.814796352468022 -0.146171831548708 -0.990766984654279 5.618918787552163 2.527093356660126
-0.545475509618628 -0.142095569062024 0.082678286976290 -0.148624415646226 0.842890946405783 -0.133536364765408 -0.945021615370578 5.359483906379747 2.656687887771514
-0.546242257237243 -0.137747127232336 0.082077022349657 -0.153349523723079 0.869688365937682 -0.120252925326550 -0.884793156186170 5.017911340805536 2.786282418881791
-0.547031124684763 -0.133273237619128 0.081545414783496 -0.157773489504009 0.894777922641710 -0.106321513232141 -0.809375114925182 4.590194374534118 2.915876949992069
-0.547840226510157 -0.128684593146556 0.081086704141085 -0.161820365078635 0.917728894514380 -0.091742128482181 -0.718060999398418 4.072326291262307 3.045471481104012
-0.548667279860535 -0.123994140516702 0.080704130285702 -0.165410670075627 0.938090525970692 -0.076514771076661 -0.610144317407801 3.460300374651393 3.175066012214844
-0.549509586818848 -0.119217180377482 0.080400933080624 -0.168461391662666 0.955392027843949 -0.060639441015586 -0.484918576764137 2.750109908402631 3.304660543324567
-0.550364016741581 -0.114371467490553 0.080180352389129 -0.170885984546487 0.969142577385962 -0.044116138298964 -0.341677285287112 1.937748176226162 3.434255074434844
-0.551226988596445 -0.109477310899217 0.080045628074495 -0.172594370972923 0.978831318267093 -0.026944862926789 -0.179713950778648 1.019208461781052 3.563849605547897
-0.552094453300079 -0.104557674096337 0.080000000000000 -0.173492940726816 0.983927360575998 -0.009125614899050 -0.004439024081648 0.025174956579388 1.637993784711078
-0.552962028979315 -0.099637407919543 0.079995321770123 -0.173515135847224 0.984053235358895 -0.000935645975494 0.155473941219064 -0.881736536275657 -1.081726409647432
-0.553825717810021 -0.094739185156155 0.079963600380004 -0.172737766141129 0.979644552677517 -0.006344278023732 0.299630900424397 -1.699291278156601 -2.052628794605438
-0.554681915868216 -0.089883444674721 0.079880563270020 -0.171239611639007 0.971148096286734 -0.016607421996759 0.431780817709004 -2.448750701535829 -2.906793996932389
-0.555527319405968 -0.085088922960826 0.079724856310113 -0.169080707550462 0.958904342779054 -0.031141391981421 0.552296325420087 -3.132228109410384 -3.648799945359382
-0.556358915535585 -0.080372706949666 0.079477929351572 -0.166319225923361 0.943243202232003 -0.049385391708218 0.661550055900406 -3.751836804775088 -4.283224568615296
-0.557173972913804 -0.075750286858626 0.079123921778815 -0.163011475643859 0.924484018208127 -0.070801514551294 0.759914641466075 -4.309690090613660 -4.814645795430117
-0.557970032425987 -0.071235609019850 0.078649548061173 -0.159211902436529 0.902935567755059 -0.094874743528445 0.847762714468736 -4.807901269920922 -5.247641554539384
-0.558744897870308 -0.066841128712823 0.078043983304667 -0.154973088864185 0.878896061405454 -0.121112951301142 0.925466907237826 -5.248583645678373 -5.586789774667533
-0.559496626641948 -0.062577862996938 0.077298748803795 -0.150345754327996 0.852653143177062 -0.149046900174479 0.993399852107224 -5.633850520871952 -5.836668384548993
-0.560223520417285 -0.058455443544074 0.076407597593309 -0.145378755067460 0.824483890572703 -0.178230242097224 1.051934181415248 -5.965815198487601 -6.001855312913196
-0.560924115838087 -0.054482169471173 0.075366400000000 -0.140119084160384 0.794654814580265 -0.208239518661790 1.101442527495777 -6.246590981533462 -6.086928488491239
-0.561597175195702 -0.050665060172810 0.074173029194479 -0.134611871522905 0.763421859672597 -0.238674161104246 1.142297522678248 -6.478291172957729 -6.096465840013110
-0.562241677115249 -0.047009908153771 0.072827246742957 -0.128900383909514 0.731030403807809 -0.269156490304312 1.174871799305421 -6.663029075788529 -6.035045296211017
-0.562856807239814 -0.043521331861626 0.071330588159030 -0.123026024912987 0.697715258428866 -0.299331716785367 1.199537989706734 -6.802917992987378 -5.907244785813281
-0.563441948914637 -0.040202828519307 0.069686248455458 -0.117028334964453 0.663700668463929 -0.328867940714433 1.216668726233827 -6.900071227555760 -5.717642237552112
-0.563996673871303 -0.037056826957676 0.067898967695947 -0.110944991333284 0.629200312326150 -0.357456151902194 1.226636641189494 -6.956602082466290 -5.470815580156940
-0.564520732911940 -0.034084740448107 0.065974916546932 -0.104811808127336 0.594417301913819 -0.384810229802979 1.229814366938697 -6.974623860724893 -5.171342742362195
-0.565014046593403 -0.031287019535056 0.063921581829358 -0.098662736292643 0.559544182610194 -0.410666943514790 1.226574535801994 -6.956249865301967 -4.823801652891757
-0.565476695911471 -0.028663204868638 0.061747652070462 -0.092529863613633 0.524762933283685 -0.434785951779249 1.217289780122144 -6.903593399198993 -4.432770240483386
-0.565908912985036 -0.026211980037199 0.059462903055554 -0.086443414713022 0.490244966287690 -0.456949802981665 1.202332732219702 -6.818767765393030 -4.002826433862072
-0.566311071740296 -0.023931224399895 0.057078083379799 -0.080431751051924 0.456151127460724 -0.476963935150976 1.182076024455192 -6.703886266883341 -3.538548161762800
-0.566683678594944 -0.021818065919264 0.054604800000000 -0.074521370929648 0.422631696126308 -0.494656675959790 1.156892289135847 -6.561062206635881 -3.044513352912781
-0.567027363142364 -0.019868933993798 0.052055403786378 -0.068736909483968 0.389826385093128 -0.509879242724354 1.127154158617749 -6.392408887665457 -2.525299936045333
-0.567342868835818 -0.018079612290524 0.049442875074355 -0.063101138690880 0.357864340654801 -0.522505742404580 1.093234265221454 -6.200039612944686 -1.985485839889334
-0.567631043672642 -0.016445291577574 0.046780709216335 -0.057634967364772 0.326864142590078 -0.532433171604027 1.055505241294163 -5.986067685452845 -1.429648993175880
-0.567892830878434 -0.014960622556760 0.044082802133486 -0.052357441158302 0.296933804162813 -0.539581416569906 1.014339719160873 -5.752606408195859 -0.862367324636071
-0.568129259591246 -0.013619768696151 0.041363335867520 -0.047285742562497 0.268170772121834 -0.543893253193087 0.970110331164342 -5.501769084155228 -0.288218763000714
-0.568341435545779 -0.012416459062645 0.038636664132480 -0.042435190906676 0.240661926701058 -0.545334347008090 0.923189709634009 -5.235669016308009 0.288218763000447
-0.568530531757572 -0.011344041154548 0.035917197866514 -0.037819242358506 0.214483581619518 -0.543893253193088 0.873950486903752 -4.956419507651244 0.862367324636337
-0.568697779207192 -0.010395533734141 0.033219290783665 -0.033449489923987 0.189701484081262 -0.539581416569906 0.822765295329653 -4.666133861177535 1.429648993176014
-0.568844457524429 -0.009563679660265 0.030557124925645 -0.029335663447339 0.166370814775374 -0.532433171604026 0.770006767210063 -4.366925379859499 1.985485839888779
-0.568971885672485 -0.008840998720884 0.027944596213622 -0.025485629611288 0.144536187876076 -0.522505742404582 0.716047534901065 -4.060907366698618 2.525299936045755
-0.569081412632169 -0.008219840465671 0.025395200000000 -0.021905391936783 0.124231651042583 -0.509879242724354 0.661260230749861 -3.750193124671952 3.044513352911948
-0.569174408086084 -0.007692437038575 0.022921916620201 -0.018599090783034 0.105480685419224 -0.494656675959794 0.606017487068122 -3.436895956774322 3.538548161763633
-0.569252253102823 -0.007250956010398 0.020537096944446 -0.015569003347693 0.088296205635352 -0.476963935150976 0.550691936203052 -3.123129165996108 4.002826433862627
-0.569316330821156 -0.006887553211372 0.018252347929538 -0.012815543666678 0.072680559805371 -0.456949802981663 0.495656210484086 -2.811006055303267 4.432770240481165
-0.569368017134227 -0.006594425563727 0.016078418170642 -0.010337262614257 0.058625529528855 -0.434785951779257 0.441282942253984 -2.502639927717265 4.823801652895643
-0.569408671373742 -0.006363863914276 0.014025083453068 -0.008130847902987 0.046112329890269 -0.410666943514779 0.387944763842185 -2.200144086197398 5.171342742358864
-0.569439626994161 -0.006188305866980 0.012101032304053 -0.006191124083776 0.035111609459282 -0.384810229802984 0.336014307591448 -1.905631833745147 5.470815580158050
-0.569462182256890 -0.006060388615527 0.010313751544542 -0.004511052545819 0.025583450290556 -0.357456151902194 0.285864205813446 -1.621216473339793 5.717642237552112
-0.569477590914474 -0.005973001775907 0.008669411840970 -0.003081731516752 0.017477367923857 -0.328867940714433 0.237867090877586 -1.349011307980597 5.907244785814392
-0.569487052894786 -0.005919340218988 0.007172753257043 -0.001892396062364 0.010732311383954 -0.299331716785362 0.192395595099981 -1.091129640642396 6.035045296209907
-0.569491704985220 -0.005892956903084 0.005826970805521 -0.000930418086864 0.005276663180742 -0.269156490304312 0.149822350805628 -0.849684774317794 6.096465840012000
-0.569492611516884 -0.005887815706538 0.004633600000000 -0.000181306332836 0.001028239309153 -0.238674161104252 0.110519990355051 -0.626790011999390 6.086928488493459
-0.569490755048790 -0.005898344260292 0.003592402406691 0.000371293618939 -0.002105710750844 -0.208239518661785 0.074861146064364 -0.424558656666463 6.001855312911530
-0.569487027052043 -0.005919486780463 0.002701251196205 0.000745599349261 -0.004228504034176 -0.178230242097227 0.043218450276328 -0.245104011311614 5.836668384548993
-0.569482218594040 -0.005946756900917 0.001956016695332 0.000961691600643 -0.005454024090734 -0.149046900174482 0.015964535315938 -0.090539378916343 5.586789774668643
-0.569477011022654 -0.005976290505844 0.001350451938827 0.001041514277222 -0.005906720985316 -0.121112951301139 -0.006527966460723 0.037021937522308 5.247641554534388
-0.569471966650429 -0.006004898562332 0.000876078221184 0.001008874444919 -0.005721611297704 -0.094874743528467 -0.023886422741981 0.135466635018400 4.814645795433448
-0.569467519438773 -0.006030119952945 0.000522070648428 0.000889442331209 -0.005044278122612 -0.070801514551300 -0.035738201176194 0.202681410605976 4.283224568617516
-0.569463965682147 -0.006050274308293 0.000275143689887 0.000710751325328 -0.004030871069582 -0.049385391708212 -0.041710669438366 0.236552961254688 3.648799945359382
-0.569461454692256 -0.006064514839610 0.000119436729980 0.000502197978136 -0.002848106263309 -0.031141391981415 -0.041431195181296 0.234967984023005 2.906793996930723
-0.569459979482245 -0.006072881171326 0.000036399619996 0.000295042002230 -0.001673266343194 -0.016607421996762 -0.034527146088870 0.195813175880577 2.052628794606548
-0.569459367450886 -0.006076352173645 0.000004678229877 0.000122406271785 -0.000694200463791 -0.006344278023729 -0.020625889809445 0.116975233885874 1.081726409646322
-0.569459271066772 -0.006076898795116 -0.000000000000000 0.000019276822738 -0.000109324294362 -0.000935645975497 -0.003855364547611 0.021864858872345 0.187129195103886
-0.569459271066772 -0.006076898795116 0.000000000000000 0.000000000000000 0.000000000000000 0.000000000000022 -0.003855364547611 0.021864858872345 0.304084942032554
-0.569459367450886 -0.006076352173645 0.000007602123551 -0.000019276822738 0.000109324294362 0.001520424710185 -0.020625889809445 0.116975233885874 1.757805415675780
-0.569459979482245 -0.006072881171326 0.000059149382494 -0.000122406271785 0.000694200463791 0.010309451788564 -0.034527146088870 0.195813175880577 3.335521791233833
-0.569461454692256 -0.006064514839610 0.000194084686217 -0.000295042002230 0.001673266343194 0.026987060744733 -0.041431195181296 0.234967984023005 4.723540245015554
-0.569463965682147 -0.006050274308293 0.000447108496066 -0.000502197978136 0.002848106263309 0.050604761969811 -0.041710669438366 0.236552961254688 5.929299911208251
-0.569467519438773 -0.006030119952945 0.000848364803696 -0.000710751325328 0.004030871069582 0.080251261525852 -0.035738201176194 0.202681410605976 6.960239923999231
-0.569471966650429 -0.006004898562332 0.001423627109425 -0.000889442331209 0.005044278122612 0.115052461145848 -0.023886422741981 0.135466635018400 7.823799417575800
-0.569477011022654 -0.005976290505844 0.002194484400594 -0.001008874444919 0.005721611297704 0.154171458233727 -0.006527966460723 0.037021937522308 8.527417526125259
-0.569482218594040 -0.005946756900917 0.003178527129915 -0.001041514277222 0.005906720985316 0.196808545864354 0.015964535315938 -0.090539378916343 9.078533383834946
-0.569487027052043 -0.005919486780463 0.004389533193833 -0.000961691600643 0.005454024090734 0.242201212783528 0.043218450276328 -0.245104011311614 9.484586124892102
-0.569490755048790 -0.005898344260292 0.005837653910873 -0.000745599349261 0.004228504034176 0.289624143407989 0.074861146064364 -0.424558656666463 9.753014883484113
-0.569492611516884 -0.005887815706538 0.007529600000000 -0.000371293618939 0.002105710750844 0.338389217825409 0.110519990355051 -0.626790011999390 9.891258793798196
-0.569491704985220 -0.005892956903084 0.009468827558972 0.000181306332836 -0.001028239309153 0.387845511794400 0.149822350805628 -0.849684774317794 9.906756990021892
-0.569487052894786 -0.005919340218988 0.011655724042695 0.000930418086864 -0.005276663180742 0.437379296744510 0.192395595099981 -1.091129640642396 9.806948606342070
-0.569477590914474 -0.005973001775907 0.014087794241576 0.001892396062364 -0.010732311383954 0.486414039776220 0.237867090877586 -1.349011307980597 9.599272776946366
-0.569462182256890 -0.006060388615527 0.016759846259880 0.003081731516752 -0.017477367923857 0.534410403660952 0.285864205813446 -1.621216473339793 9.291168636022196
-0.569439626994161 -0.006188305866980 0.019664177494086 0.004511052545819 -0.025583450290556 0.580866246841063 0.336014307591448 -1.905631833745147 8.890075317756473
-0.569408671373742 -0.006363863914276 0.022790760611235 0.006191124083776 -0.035111609459282 0.625316623429845 0.387944763842185 -2.200144086197398 8.403431956336837
-0.569368017134227 -0.006594425563727 0.026127429527293 0.008130847902987 -0.046112329890269 0.667333783211529 0.441282942253984 -2.502639927717265 7.838677685950279
-0.569316330821156 -0.006887553211372 0.029660065385499 0.010337262614257 -0.058625529528855 0.706527171641281 0.495656210484086 -2.811006055303267 7.203251640784680
-0.569252253102823 -0.007250956010398 0.033372782534725 0.012815543666678 -0.072680559805371 0.742543429845204 0.550691936203052 -3.123129165996108 6.504592955026545
-0.569174408086084 -0.007692437038575 0.037248114507827 0.015569003347693 -0.088296205635352 0.775066394620337 0.606017487068122 -3.436895956774322 5.750140762864064
-0.569081412632169 -0.008219840465671 0.041267200000000 0.018599090783034 -0.105480685419224 0.803817098434657 0.661260230749861 -3.750193124671952 4.947334198483477
-0.568971885672485 -0.008840998720884 0.045409968847135 0.021905391936783 -0.124231651042583 0.828553769427075 0.716047534901065 -4.060907366698618 4.103612396074152
-0.568844457524429 -0.009563679660265 0.049655328004173 0.025485629611288 -0.144536187876076 0.849071831407445 0.770006767210063 -4.366925379859499 3.226414489818930
-0.568697779207192 -0.010395533734141 0.053981347523455 0.029335663447339 -0.166370814775374 0.865203903856540 0.822765295329653 -4.666133861177535 2.323179613911974
-0.568530531757572 -0.011344041154548 0.058365446533086 0.033449489923987 -0.189701484081262 0.876819801926100 0.873950486903752 -4.956419507651244 1.401346902533418
-0.568341435545779 -0.012416459062645 0.062784579215280 0.037819242358506 -0.214483581619518 0.883826536438767 0.923189709634009 -5.235669016308009 0.468355489876005
-0.568129259591246 -0.013619768696151 0.067215420784720 0.042435190906676 -0.240661926701058 0.886168313888147 0.970110331164342 -5.501769084155228 -0.468355489876560
-0.567892830878434 -0.014960622556760 0.071634553466914 0.047285742562497 -0.268170772121834 0.883826536438764 1.014339719160873 -5.752606408195859 -1.401346902532574
-0.567631043672642 -0.016445291577574 0.076018652476545 0.052357441158302 -0.296933804162813 0.876819801926101 1.055505241294163 -5.986067685452845 -2.323179613912263
-0.567342868835818 -0.018079612290524 0.080344671995827 0.057634967364772 -0.326864142590078 0.865203903856540 1.093234265221454 -6.200039612944686 -3.226414489819196
-0.567027363142364 -0.019868933993798 0.084590031152865 0.063101138690880 -0.357864340654801 0.849071831407444 1.127154158617749 -6.392408887665457 -4.103612396073597
-0.566683678594944 -0.021818065919264 0.088732800000000 0.068736909483968 -0.389826385093128 0.828553769427076 1.156892289135847 -6.561062206635881 -4.947334198482922
-0.566311071740296 -0.023931224399895 0.092751885492173 0.074521370929648 -0.422631696126308 0.803817098434662 1.182076024455192 -6.703886266883341 -5.750140762866840
-0.565908912985036 -0.026211980037199 0.096627217465275 0.080431751051924 -0.456151127460724 0.775066394620327 1.202332732219702 -6.818767765393030 -6.504592955022814
-0.565476695911471 -0.028663204868638 0.100339934614501 0.086443414713022 -0.490244966287690 0.742543429845213 1.217289780122144 -6.903593399198993 -7.203251640788277
-0.565014046593403 -0.031287019535056 0.103872570472707 0.092529863613633 -0.524762933283685 0.706527171641272 1.226574535801994 -6.956249865301967 -7.838677685946260
-0.564520732911940 -0.034084740448107 0.107209239388765 0.098662736292643 -0.559544182610194 0.667333783211541 1.229814366938697 -6.974623860724893 -8.403431956339746
-0.563996673871303 -0.037056826957676 0.110335822505914 0.104811808127336 -0.594417301913819 0.625316623429842 1.226636641189494 -6.956602082466290 -8.890075317756207
-0.563441948914637 -0.040202828519307 0.113240153740120 0.110944991333284 -0.629200312326150 0.580866246841061 1.216668726233827 -6.900071227555760 -9.291168636021974
-0.562856807239814 -0.043521331861626 0.115912205758424 0.117028334964453 -0.663700668463929 0.534410403660951 1.199537989706734 -6.802917992987378 -9.599272776945611
-0.562241677115249 -0.047009908153771 0.118344275957305 0.123026024912987 -0.697715258428866 0.486414039776223 1.174871799305421 -6.663029075788529 -9.806948606340127
-0.561597175195702 -0.050665060172810 0.120531172441028 0.128900383909514 -0.731030403807809 0.437379296744522 1.142297522678248 -6.478291172957729 -9.906756990027965
-0.560924115838087 -0.054482169471173 0.122470400000000 0.134611871522905 -0.763421859672597 0.387845511794382 1.101442527495777 -6.246590981533462 -9.891258793790492
-0.560223520417285 -0.058455443544074 0.124162346089127 0.140119084160384 -0.794654814580265 0.338389217825430 1.051934181415248 -5.965815198487601 -9.753014883493449
-0.559496626641948 -0.062577862996938 0.125610466806167 0.145378755067460 -0.824483890572703 0.289624143407963 0.993399852107224 -5.633850520871952 -9.484586124886007
-0.558744897870308 -0.066841128712823 0.126821472870085 0.150345754327996 -0.852653143177062 0.242201212783533 0.925466907237826 -5.248583645678373 -9.078533383830578
-0.557970032425987 -0.071235609019850 0.127805515599407 0.154973088864185 -0.878896061405454 0.196808545864380 0.847762714468736 -4.807901269920922 -8.527417526131842
-0.557173972913804 -0.075750286858626 0.128576372890575 0.159211902436529 -0.902935567755059 0.154171458233721 0.759914641466075 -4.309690090613660 -7.823799417576716
-0.556358915535585 -0.080372706949666 0.129151635196304 0.163011475643859 -0.924484018208127 0.115052461145837 0.661550055900406 -3.751836804775088 -6.960239924000966
-0.555527319405968 -0.085088922960826 0.129552891503933 0.166319225923361 -0.943243202232003 0.080251261525832 0.552296325420087 -3.132228109410384 -5.929299911195951
-0.554681915868216 -0.089883444674721 0.129805915313783 0.169080707550462 -0.958904342779054 0.050604761969852 0.431780817709004 -2.448750701535829 -4.723540245024083
-0.553825717810021 -0.094739185156155 0.129940850617506 0.171239611639007 -0.971148096286734 0.026987060744732 0.299630900424397 -1.699291278156601 -3.335521791232310
-0.552962028979315 -0.099637407919543 0.129992397876449 0.172737766141129 -0.979644552677517 0.010309451788570 0.155473941219064 -0.881736536275657 -1.757805415678604
-0.552094453300079 -0.104557674096337 0.130000000000000 0.173515135847224 -0.984053235358895 0.001520424710177 -0.004439024081648 0.025174956579388 -2.129207921849341
-0.551226988596445 -0.109477310899217 0.129954371925505 0.173492940726816 -0.983927360575998 -0.009125614899069 -0.179713950778648 1.019208461781052 -3.563849605544567
-0.550364016741581 -0.114371467490553 0.129819647610871 0.172594370972923 -0.978831318267093 -0.026944862926792 -0.341677285287112 1.937748176226162 -3.434255074433734
-0.549509586818848 -0.119217180377482 0.129599066919376 0.170885984546487 -0.969142577385962 -0.044116138298961 -0.484918576764137 2.750109908402631 -3.304660543326232
-0.548667279860535 -0.123994140516702 0.129295869714298 0.168461391662666 -0.955392027843949 -0.060639441015592 -0.610144317407801 3.460300374651393 -3.175066012213179
-0.547840226510157 -0.128684593146556 0.128913295858915 0.165410670075627 -0.938090525970692 -0.076514771076658 -0.718060999398418 4.072326291262307 -3.045471481103457
-0.547031124684763 -0.133273237619128 0.128454585216504 0.161820365078635 -0.917728894514380 -0.091742128482175 -0.809375114925182 4.590194374534118 -2.915876949993734
-0.546242257237243 -0.137747127232336 0.127922977650343 0.157773489504009 -0.894777922641710 -0.106321513232144 -0.884793156186170 5.017911340805536 -2.786282418881791
-0.545475509618628 -0.142095569062024 0.127321713023710 0.153349523723079 -0.869688365937682 -0.120252925326553 -0.945021615370578 5.359483906379747 -2.656687887770959
-0.544732387540397 -0.146310023794053 0.126654031199883 0.148624415646226 -0.842890946405783 -0.133536364765408 -0.990766984654279 5.618918787552163 -2.527093356660126
-0.544014034636782 -0.150384005556394 0.125923172042140 0.143670580722954 -0.814796352468022 -0.146171831548708 -1.022735756244231 5.800222700655944 -2.397498825549293
-0.543321250127073 -0.154312981751217 0.125132375413758 0.138556901941733 -0.785795238964743 -0.158159325676455 -1.041634422316307 5.907402361988723 -2.267904294439571
-0.542654506477923 -0.158094272886991 0.124284881178014 0.133348729830152 -0.756258227154799 -0.169498847148652 -1.048169475077465 5.944464487879220 -2.138309763327628
-0.542013967065649 -0.161726952410568 0.123383929198188 0.128107882454764 -0.726535904715403 -0.180190395965291 -1.043047406703579 5.915415794618406 -2.008715232216796
-0.541399503838543 -0.165211746539280 0.122432759337556 0.122892645421246 -0.696958825742311 -0.190233972126375 -1.026974709379402 5.824262998525009 -1.879120701106518
-0.540810714979171 -0.168550934093028 0.121434611459396 0.117757771874349 -0.667837510749686 -0.199629575631907 -1.000657875311894 5.675012815919978 -1.749526169996241
-0.540246942566682 -0.171748246326379 0.120392725426987 0.112754482497790 -0.639462446670086 -0.208377206481888 -0.964803396681368 5.471671963096503 -1.619931638883743
-0.539707290239110 -0.174808766760652 0.119310341103605 0.107930465514383 -0.612104086854603 -0.216476864676307 -0.920117765677020 5.218247156392186 -1.490337107775686
-0.539190640855680 -0.177738831016015 0.118190698352530 0.103329876685998 -0.586012851072643 -0.223928550215186 -0.867307474488044 4.918745112092449 -1.360742576661522
-0.538695674159112 -0.180545926643576 0.117037037037037 0.098993339313558 -0.561419125512180 -0.230732263098493 -0.807079015312517 4.577172546522679 -1.231148045554020
-0.538220884437927 -0.183238592957474 0.115852597020406 0.094957944236995 -0.538533262779567 -0.236888003326263 -0.740138880326313 4.197536175998273 -1.101553514440967
-0.537764598188750 -0.185826320866971 0.114640618165913 0.091257249835364 -0.517545581899576 -0.242395770898468 -0.667193561736390 3.783842716815755 -0.971958983330690
-0.537324991778617 -0.188319452708549 0.113404340336838 0.087921282026682 -0.498626368315497 -0.247255565815122 -0.588949551709739 3.340098885300513 -0.842364452220412
-0.536900109107276 -0.190729082077994 0.112147003396457 0.084976534268133 -0.481925873888994 -0.251467388076224 -0.506113342457759 2.870311397761283 -0.712769921109024
-0.536487879269497 -0.193066953662495 0.110871847208048 0.082445967555844 -0.467574316900188 -0.255031237681769 -0.419391426165205 2.378486970506799 -0.583175389998747
-0.536086134217372 -0.195345363072733 0.109582111634889 0.080349010425018 -0.455681882047654 -0.257947114631762 -0.329490295012391 1.868632319843577 -0.453580858887914
-0.535692626422622 -0.197577056674975 0.108281036540258 0.078701558949956 -0.446338720448436 -0.260215018926202 -0.237116441201835 1.344754162099226 -0.323986327776526
-0.535305046538903 -0.199775131423165 0.106971861787433 0.077515976743947 -0.439614949637940 -0.261834950565085 -0.142976356904967 0.810859213572490 -0.194391796666804
-0.534921041064105 -0.201952934691015 0.105657827239690 0.076801094959422 -0.435560653570077 -0.262806909548419 -0.047776534337629 0.270954190576544 -0.064797265554861
-0.534538230002667 -0.204123964104101 0.104342172760310 0.076562212287734 -0.434205882617195 -0.263130895876193 0.047776534337629 -0.270954190576544 0.064797265554861
-0.534154224527870 -0.206301767371952 0.103028138212567 0.076801094959422 -0.435560653570077 -0.262806909548419 0.142976356909408 -0.810859213572490 0.194391796666249
-0.533766644644150 -0.208499842120141 0.101718963459742 0.077515976743969 -0.439614949637940 -0.261834950565087 0.237116441197394 -1.344754162097006 0.323986327777637
-0.533373136849400 -0.210731535722384 0.100417888365111 0.078701558949956 -0.446338720448425 -0.260215018926199 0.329490295012391 -1.868632319848018 0.453580858887359
-0.532971391797275 -0.213009945132622 0.099128152791952 0.080349010425018 -0.455681882047665 -0.257947114631762 0.419391426160765 -2.378486970503468 0.583175389998192
-0.532559161959496 -0.215347816717123 0.097852996603543 0.082445967555822 -0.467574316900182 -0.255031237681771 0.506113342462200 -2.870311397762393 0.712769921110135
-0.532134279288155 -0.217757446086568 0.096595659663162 0.084976534268133 -0.481925873888994 -0.251467388076221 0.588949551714180 -3.340098885299403 0.842364452219302
-0.531694672878022 -0.220250577928145 0.095359381834087 0.087921282026704 -0.498626368315491 -0.247255565815124 0.667193561731949 -3.783842716817976 0.971958983331245
-0.531238386628845 -0.222838305837643 0.094147402979594 0.091257249835364 -0.517545581899581 -0.242395770898468 0.740138880326313 -4.197536175996053 1.101553514442077
-0.530763596907660 -0.225530972151541 0.092962962962963 0.094957944236995 -0.538533262779561 -0.236888003326258 0.807079015308076 -4.577172546523789 1.231148045551800
-0.530268630211092 -0.228338067779102 0.091809301647470 0.098993339313536 -0.561419125512180 -0.230732263098499 0.867307474492485 -4.918745112091338 1.360742576663743
-0.529751980827662 -0.231268132034465 0.090689658896395 0.103329876685998 -0.586012851072637 -0.223928550215180 0.920117765677020 -5.218247156391076 1.490337107773465
-0.529212328500090 -0.234328652468738 0.089607274573013 0.107930465514383 -0.612104086854592 -0.216476864676313 0.964803396681368 -5.471671963100944 1.619931638885408
-0.528648556087601 -0.237525964702089 0.088565388540604 0.112754482497790 -0.639462446670097 -0.208377206481886 1.000657875311894 -5.675012815917757 1.749526169995685
-0.528059767228230 -0.240865152255837 0.087567240662444 0.117757771874349 -0.667837510749686 -0.199629575631907 1.026974709383843 -5.824262998525009 1.879120701105963
-0.527445304001123 -0.244349946384548 0.086616070801812 0.122892645421269 -0.696958825742311 -0.190233972126377 1.043047406694697 -5.915415794618406 2.008715232217351
-0.526804764588850 -0.247982625908126 0.085715118821986 0.128107882454742 -0.726535904715403 -0.180190395965291 1.048169475081906 -5.944464487872558 2.138309763327628
-0.526138020939699 -0.251763917043899 0.084867624586242 0.133348729830152 -0.756258227154766 -0.169498847148652 1.041634422316307 -5.907402361996494 2.267904294439571
-0.525445236429990 -0.255692893238723 0.084076827957860 0.138556901941733 -0.785795238964748 -0.158159325676455 1.022735756244231 -5.800222700655944 2.397498825549293
-0.524726883526375 -0.259766875001063 0.083345968800117 0.143670580722954 -0.814796352468028 -0.146171831548708 0.990766984658720 -5.618918787553273 2.527093356660126
-0.523983761448144 -0.263981329733092 0.082678286976290 0.148624415646248 -0.842890946405794 -0.133536364765408 0.945021615361696 -5.359483906375306 2.656687887771514
-0.523217013829529 -0.268329771562781 0.082077022349657 0.153349523723056 -0.869688365937671 -0.120252925326550 0.884793156190611 -5.017911340807757 2.786282418881791
-0.522428146382009 -0.272803661175989 0.081545414783496 0.157773489504009 -0.894777922641710 -0.106321513232141 0.809375114925182 -4.590194374534118 2.915876949992069
-0.521619044556616 -0.277392305648561 0.081086704141085 0.161820365078635 -0.917728894514380 -0.091742128482181 0.718060999398418 -4.072326291255646 3.045471481104012
-0.520791991206237 -0.282082758278414 0.080704130285702 0.165410670075627 -0.938090525970658 -0.076514771076661 0.610144317407801 -3.460300374658054 3.175066012214844
-0.519949684247924 -0.286859718417634 0.080400933080624 0.168461391662666 -0.955392027843949 -0.060639441015586 0.484918576764137 -2.750109908402631 3.304660543324567
-0.519095254325192 -0.291705431304564 0.080180352389129 0.170885984546487 -0.969142577385962 -0.044116138298964 0.341677285287112 -1.937748176228382 3.434255074434844
-0.518232282470327 -0.296599587895899 0.080045628074495 0.172594370972923 -0.978831318267104 -0.026944862926789 0.179713950774207 -1.019208461761067 3.563849605547897
-0.517364817766693 -0.301519224698779 0.080000000000000 0.173492940726794 -0.983927360575909 -0.009125614899050 0.004439024090530 -0.025174956617136 1.637993784711078
-0.516497242087457 -0.306439490875574 0.079995321770123 0.173515135847246 -0.984053235358995 -0.000935645975494 -0.155473941223505 0.881736536293420 -1.081726409647432
-0.515633553256751 -0.311337713638962 0.079963600380004 0.172737766141129 -0.979644552677528 -0.006344278023732 -0.299630900424397 1.699291278161041 -2.052628794605438
-0.514777355198556 -0.316193454120395 0.079880563270020 0.171239611639007 -0.971148096286722 -0.016607421996759 -0.431780817709004 2.448750701531388 -2.906793996932389
-0.513931951660804 -0.320987975834290 0.079724856310113 0.169080707550462 -0.958904342779066 -0.031141391981421 -0.552296325420087 3.132228109410384 -3.648799945359382
-0.513100355531187 -0.325704191845451 0.079477929351572 0.166319225923361 -0.943243202232014 -0.049385391708218 -0.661550055900406 3.751836804777309 -4.283224568615296
-0.512285298152968 -0.330326611936491 0.079123921778815 0.163011475643859 -0.924484018208127 -0.070801514551294 -0.759914641466075 4.309690090615881 -4.814645795430117
-0.511489238640785 -0.334841289775266 0.078649548061173 0.159211902436529 -0.902935567755048 -0.094874743528445 -0.847762714468736 4.807901269916481 -5.247641554539384
-0.510714373196464 -0.339235770082294 0.078043983304667 0.154973088864185 -0.878896061405465 -0.121112951301142 -0.925466907237826 5.248583645678373 -5.586789774667533
-0.509962644424824 -0.343499035798179 0.077298748803795 0.150345754327996 -0.852653143177073 -0.149046900174479 -0.993399852107224 5.633850520871952 -5.836668384548993
-0.509235750649487 -0.347621455251043 0.076407597593309 0.145378755067460 -0.824483890572714 -0.178230242097224 -1.051934181415248 5.965815198494262 -6.001855312913196
-0.508535155228685 -0.351594729323944 0.075366400000000 0.140119084160384 -0.794654814580242 -0.208239518661790 -1.101442527495777 6.246590981526801 -6.086928488491239
-0.507862095871070 -0.355411838622307 0.074173029194479 0.134611871522905 -0.763421859672608 -0.238674161104246 -1.142297522673807 6.478291172955508 -6.096465840013110
-0.507217593951523 -0.359066990641346 0.072827246742957 0.128900383909536 -0.731030403807831 -0.269156490304312 -1.174871799309862 6.663029075797411 -6.035045296211017
-0.506602463826958 -0.362555566933490 0.071330588159030 0.123026024912987 -0.697715258428844 -0.299331716785367 -1.199537989711175 6.802917992982938 -5.907244785813281
-0.506017322152136 -0.365874070275810 0.069686248455458 0.117028334964431 -0.663700668463929 -0.328867940714433 -1.216668726229386 6.900071227553539 -5.717642237552112
-0.505462597195469 -0.369020071837441 0.067898967695947 0.110944991333284 -0.629200312326161 -0.357456151902194 -1.226636641189494 6.956602082468510 -5.470815580156940
-0.504938538154833 -0.371992158347010 0.065974916546932 0.104811808127336 -0.594417301913819 -0.384810229802979 -1.229814366938697 6.974623860722673 -5.171342742362195
-0.504445224473369 -0.374789879260061 0.063921581829358 0.098662736292643 -0.559544182610205 -0.410666943514790 -1.226574535801994 6.956249865306408 -4.823801652891757
-0.503982575155301 -0.377413693926479 0.061747652070462 0.092529863613633 -0.524762933283673 -0.434785951779249 -1.217289780117703 6.903593399194552 -4.432770240483386
-0.503550358081736 -0.379864918757918 0.059462903055554 0.086443414713044 -0.490244966287701 -0.456949802981665 -1.202332732228584 6.818767765399691 -4.002826433862072
-0.503148199326476 -0.382145674395221 0.057078083379799 0.080431751051901 -0.456151127460702 -0.476963935150976 -1.182076024450751 6.703886266874459 -3.538548161762800
-0.502775592471828 -0.384258832875853 0.054604800000000 0.074521370929648 -0.422631696126330 -0.494656675959790 -1.156892289135847 6.561062206642543 -3.044513352912781
-0.502431907924408 -0.386207964801318 0.052055403786378 0.068736909483968 -0.389826385093117 -0.509879242724354 -1.127154158617749 6.392408887663237 -2.525299936045333
-0.502116402230954 -0.387997286504592 0.049442875074355 0.063101138690880 -0.357864340654801 -0.522505742404580 -1.093234265221454 6.200039612942465 -1.985485839889334
-0.501828227394130 -0.389631607217543 0.046780709216335 0.057634967364772 -0.326864142590089 -0.532433171604027 -1.055505241289723 5.986067685455065 -1.429648993175880
-0.501566440188339 -0.391116276238357 0.044082802133486 0.052357441158324 -0.296933804162813 -0.539581416569906 -1.014339719165314 5.752606408198080 -0.862367324636071
-0.501330011475526 -0.392457130098966 0.041363335867520 0.047285742562497 -0.268170772121823 -0.543893253193087 -0.970110331164342 5.501769084150787 -0.288218763000714
-0.501117835520993 -0.393660439732471 0.038636664132480 0.042435190906676 -0.240661926701069 -0.545334347008090 -0.923189709634009 5.235669016310229 0.288218763000447
-0.500928739309200 -0.394732857640569 0.035917197866514 0.037819242358506 -0.214483581619518 -0.543893253193088 -0.873950486908193 4.956419507653465 0.862367324636337
-0.500761491859580 -0.395681365060975 0.033219290783665 0.033449489923965 -0.189701484081251 -0.539581416569906 -0.822765295325212 4.666133861175314 1.429648993176014
-0.500614813542344 -0.396513219134852 0.030557124925645 0.029335663447339 -0.166370814775374 -0.532433171604026 -0.770006767205622 4.366925379859499 1.985485839888779
-0.500487385394287 -0.397235900074233 0.027944596213622 0.025485629611310 -0.144536187876076 -0.522505742404582 -0.716047534909947 4.060907366696398 2.525299936045755
-0.500377858434603 -0.397857058329446 0.025395200000000 0.021905391936761 -0.124231651042594 -0.509879242724354 -0.661260230745420 3.750193124678614 3.044513352911948
-0.500284862980688 -0.398384461756542 0.022921916620201 0.018599090783034 -0.105480685419201 -0.494656675959794 -0.606017487068122 3.436895956769881 3.538548161763633
-0.500207017963950 -0.398825942784718 0.020537096944446 0.015569003347693 -0.088296205635352 -0.476963935150976 -0.550691936203052 3.123129165991667 4.002826433862627
-0.500142940245616 -0.399189345583745 0.018252347929538 0.012815543666678 -0.072680559805394 -0.456949802981663 -0.495656210484086 2.811006055312149 4.432770240481165
-0.500091253932545 -0.399482473231389 0.016078418170642 0.010337262614257 -0.058625529528833 -0.434785951779257 -0.441282942253984 2.502639927712824 4.823801652895643
-0.500050599693030 -0.399713034880841 0.014025083453068 0.008130847902987 -0.046112329890269 -0.410666943514779 -0.387944763842185 2.200144086199618 5.171342742358864
-0.500019644072611 -0.399888592928137 0.012101032304053 0.006191124083776 -0.035111609459271 -0.384810229802984 -0.336014307589227 1.905631833740706 5.470815580158050
-0.499997088809882 -0.400016510179590 0.010313751544542 0.004511052545830 -0.025583450290567 -0.357456151902194 -0.285864205817887 1.621216473344234 5.717642237552112
-0.499981680152298 -0.400103897019209 0.008669411840970 0.003081731516741 -0.017477367923846 -0.328867940714433 -0.237867090875366 1.349011307980597 5.907244785814392
-0.499972218171986 -0.400157558576129 0.007172753257043 0.001892396062364 -0.010732311383943 -0.299331716785362 -0.192395595097761 1.091129640640176 6.035045296209907
-0.499967566081552 -0.400183941892033 0.005826970805521 0.000930418086875 -0.005276663180742 -0.269156490304312 -0.149822350810069 0.849684774317794 6.096465840012000
-0.499966659549888 -0.400189083088578 0.004633600000000 0.000181306332825 -0.001028239309153 -0.238674161104252 -0.110519990352831 0.626790011999390 6.086928488493459
-0.499968516017983 -0.400178554534824 0.003592402406691 -0.000371293618939 0.002105710750844 -0.208239518661785 -0.074861146064364 0.424558656668683 6.001855312911530
-0.499972244014729 -0.400157412014653 0.002701251196205 -0.000745599349261 0.004228504034187 -0.178230242097227 -0.043218450274107 0.245104011307173 5.836668384548993
-0.499977052472732 -0.400130141894200 0.001956016695332 -0.000961691600632 0.005454024090723 -0.149046900174482 -0.015964535320379 0.090539378923005 5.586789774668643
-0.499982260044118 -0.400100608289273 0.001350451938827 -0.001041514277234 0.005906720985338 -0.121112951301139 0.006527966465164 -0.037021937526749 5.247641554534388
-0.499987304416343 -0.400072000232784 0.000876078221184 -0.001008874444908 0.005721611297704 -0.094874743528467 0.023886422737540 -0.135466635020620 4.814645795433448
-0.499991751627999 -0.400046778842171 0.000522070648428 -0.000889442331220 0.005044278122601 -0.070801514551300 0.035738201180635 -0.202681410599315 4.283224568617516
-0.499995305384625 -0.400026624486823 0.000275143689887 -0.000710751325317 0.004030871069605 -0.049385391708212 0.041710669431705 -0.236552961256908 3.648799945359382
-0.499997816374516 -0.400012383955507 0.000119436729980 -0.000502197978158 0.002848106263320 -0.031141391981415 0.041431195187958 -0.234967984023005 2.906793996930723
-0.499999291584527 -0.400004017623791 0.000036399619996 -0.000295042002219 0.001673266343205 -0.016607421996762 0.034527146086649 -0.195813175885018 2.052628794606548
-0.499999903615886 -0.400000546621472 0.000004678229877 -0.000122406271785 0.000694200463780 -0.006344278023729 0.020625889809445 -0.116975233883654 1.081726409646322
