-0.500001183456706 -0.399993288283497 0.000029036092104 -0.000236691341260 0.001342343300548 0.005807218420896 -0.274084539606534 1.554410666499972 6.567092282977329
-0.500009219026903 -0.399947716300332 0.000222249491283 -0.001607114039293 0.009114396633048 0.038642679835783 -0.521355742462148 2.956755343799244 12.061945617897310
-0.500030288490661 -0.399828225433572 0.000717011530910 -0.004213892751603 0.023898173352044 0.098952407925269 -0.740458063814842 4.199346355484579 16.451887903849585
-0.500069869406014 -0.399603750907924 0.001623070768132 -0.007916183070678 0.044894905129467 0.181211847444517 -0.932581738073424 5.288933856462119 19.808203724638538
-0.500132764864819 -0.399247053035866 0.003024335098471 -0.012579091761045 0.071339574411777 0.280252866067710 -1.098916999691113 6.232268001591379 22.202177664068557
-0.500223133248617 -0.398734548463767 0.004980653870411 -0.018073676759500 0.102500914419734 0.391263754388053 -1.240654083072279 7.036098945780722 23.705094305943973
-0.500344517984491 -0.398046141418024 0.007529600000000 -0.024276947174862 0.137681409148638 0.509789225917773 -1.358983222670140 7.707176843896324 24.388238234069124
-0.500499877300932 -0.397165054951183 0.010688252085441 -0.031071863288212 0.176217293368119 0.631730417088118 -1.455094652906830 8.252251850835446 24.322894032248431
-0.500691613983696 -0.396077662188072 0.014454976521687 -0.038347336552746 0.217478552622297 0.753344887249360 -1.530178608204480 8.678074121482027 23.580346284286289
-0.500921605131665 -0.394773317571923 0.018811209615041 -0.045998229593769 0.260868923229707 0.871246618670792 -1.585425322998546 8.991393810713344 22.231879573987246
-0.501191231912709 -0.393244188110507 0.023723239697745 -0.053925356208762 0.305825892283274 0.982406016540728 -1.622025031733365 9.198961073411116 20.348778485154728
-0.501501409319546 -0.391485084622255 0.029143989242578 -0.062035481367428 0.351820697650329 1.084149908966502 -1.641167968817747 9.307526064481486 18.002327601594725
-0.501852615925603 -0.389493292982391 0.035014796977450 -0.070241321211517 0.398358327972737 1.174161546974475 -1.644044368682707 9.323838938781748 15.263811507110203
-0.502244923640878 -0.387268405369058 0.041267200000000 -0.078461543054931 0.444977522666645 1.250480604510026 -1.631844465781462 9.254649851213603 12.204514785505438
-0.502678027467797 -0.384812151509445 0.047824715892188 -0.086620765383838 0.491250771922713 1.311503178437553 -1.605758494518383 9.106708956658771 8.895722020587371
-0.503151275257079 -0.382128229925915 0.054604624834890 -0.094649557856430 0.536784316706007 1.355981788540490 -1.566976689337807 8.886766409994529 5.408717796156193
-0.503663697463595 -0.379222139182135 0.061519751722497 -0.102484441303119 0.581218148755980 1.383025377521271 -1.516689284657424 8.601572366124799 1.814786696019999
-0.504214036902227 -0.376101009129202 0.068480248277503 -0.110067887726406 0.624226010586604 1.392099311001371 -1.456086514934896 8.257876979906875 -1.814786696019999
-0.504800778503732 -0.372773432151771 0.075395375165110 -0.117348320301081 0.665515395486138 1.383025377521271 -1.386358614561267 7.862430406244680 -5.408717796157037
-0.505422179070602 -0.369249294414184 0.082175284107812 -0.124280113373887 0.704827547517362 1.355981788540486 -1.308695817998640 7.421982800022153 -8.895722020584307
-0.506076297032921 -0.365539607106597 0.088732800000000 -0.130823592463880 0.741937461517472 1.311503178437565 -1.224288359660264 6.943284316112130 -12.204514785508191
-0.506761022204232 -0.361656337691107 0.094985203022550 -0.136945034262181 0.776653883098033 1.250480604510024 -1.134326473986036 6.433085109418535 -15.263811507110780
-0.507474105537393 -0.357612241147881 0.100856010757423 -0.142616666632112 0.808819308645126 1.174161546974470 -1.040000395389207 5.898135334796439 -18.002327601593926
-0.508213188880438 -0.353420691221285 0.106276760302255 -0.147816668609058 0.838309985319108 1.084149908966500 -0.942500358331877 5.345185147165310 -20.348778485154682
-0.508975834732442 -0.349095511666011 0.111188790384959 -0.152529170400717 0.865035911054934 0.982406016540727 -0.843016597209534 4.780984701384661 -22.231879573985090
-0.509759555999375 -0.344650807493202 0.115545023478313 -0.156744253386765 0.888940834561858 0.871246618670801 -0.742739346466514 4.212284152347312 -23.580346284292062
-0.510561845749971 -0.340100796216584 0.119311747914559 -0.160457950119097 0.910002255323594 0.753344887249341 -0.642858840542715 3.645833654943864 -24.322894032239304
-0.511380206971580 -0.335459639098592 0.122470400000000 -0.163672244321811 0.928231423598314 0.631730417088144 -0.544565313855827 3.088383364053815 -24.388238234077651
-0.512212182326035 -0.330741272396499 0.125019346129589 -0.166395070891090 0.943673340418583 0.509789225917756 -0.449049000832424 2.546683434547781 -23.705094305943586
-0.513055383905512 -0.325959238608542 0.126975664901529 -0.168640315895252 0.956406757591322 0.391263754388038 -0.357500135916844 2.027484021336345 -22.202177664063516
-0.513907522988386 -0.321126517720052 0.128376929231868 -0.170427816574836 0.966544177698003 0.280252866067721 -0.271108953526777 1.537535279294566 -19.808203724638318
-0.514766439795098 -0.316255358449580 0.129282988469090 -0.171783361342470 0.974231854094476 0.181211847444529 -0.191065688111003 1.083587363295280 -16.451887903852214
-0.515630133244013 -0.311357109495025 0.129777750508717 -0.172738689783025 0.979649790910953 0.098952407925268 -0.118560574060567 0.672390428235747 -12.061945617898306
-0.516496790707280 -0.306442050779765 0.129970963907896 -0.173331492653328 0.983011743052131 0.038642679835776 -0.054783845859774 0.310694628995467 -6.567092282971920
-0.517364817766693 -0.301519224698779 0.130000000000000 -0.173605411882627 0.984565216197109 0.005807218420917 -0.028297435679114 0.160482732538547 -5.465236154524877
-0.518233552261998 -0.296592386549480 0.129892405188242 -0.173746899061022 0.985367629859801 -0.021518962351708 -0.112010957025177 0.635245704145859 -8.291710263949037
-0.519105087031229 -0.291649667257577 0.129577517619884 -0.174306953846148 0.988543858380531 -0.062977513671453 -0.206758253455952 1.172584323898551 -7.817898248869692
-0.519981790756796 -0.286677633357577 0.129067182595305 -0.175340745113428 0.994406780000023 -0.102067004915801 -0.283655916506476 1.608692642309784 -7.344086233785907
-0.520865585880276 -0.281665382141519 0.128373245414882 -0.176759024695960 1.002450243211572 -0.138787436084731 -0.343785742127345 1.949705829162873 -6.870274218704342
-0.521757975647309 -0.276604388279733 0.127507551378990 -0.178477953406597 1.012198772357387 -0.173138807178252 -0.388229526278039 2.201759054223373 -6.396462203620557
-0.522660071152499 -0.271488350441590 0.126481945788009 -0.180419101037987 1.023207567628504 -0.205121118196355 -0.418069064926918 2.370987487279042 -5.922650188537881
-0.523572618384312 -0.266313037916266 0.125308273942313 -0.182509446362622 1.035062505064899 -0.234734369139045 -0.434386154042343 2.463526298099872 -5.448838173454651
-0.524496025269976 -0.261076137233489 0.123998381142282 -0.184681377132834 1.047380136555398 -0.261978560006318 -0.438262589574911 2.485510656478063 -4.975026158371421
-0.525430388720380 -0.255777098784300 0.122564112688291 -0.186872690080708 1.059807689837788 -0.286853690798175 -0.430780167497424 2.443075732174727 -4.501214143289300
-0.526375521674971 -0.250416983441806 0.121017313880718 -0.189026590918195 1.072023068498662 -0.309359761514622 -0.413020683769361 2.342356694979841 -4.027402128204960
-0.527330980146656 -0.244998309181938 0.119369830019940 -0.191091694337042 1.083734851973561 -0.329496772155646 -0.386065934350199 2.189488714668952 -3.553590113122840
-0.528296090266700 -0.239524897704204 0.117633506406333 -0.193022024008793 1.094682295546906 -0.347264722721261 -0.350997715212742 1.990606961016494 -3.079778098039054
-0.529269975329624 -0.234001721052444 0.115820188340276 -0.194777012584857 1.104635330351988 -0.362663613211456 -0.308897822316467 1.751846603806895 -2.605966082957489
-0.530251582838106 -0.228434748235589 0.113941721122145 -0.196321501696439 1.113394563371023 -0.375693443626243 -0.260848051616414 1.479342812819029 -2.132154067873149
-0.531239711547879 -0.222830791848413 0.112009950052317 -0.197625741954521 1.120791277435118 -0.386354213965609 -0.207930199085382 1.179230757822891 -1.658342052790474
-0.532233038512629 -0.217197354692292 0.110036720431169 -0.198665392949948 1.126687431224233 -0.394645924229561 -0.151226060682852 0.857645608607349 -1.184530037708353
-0.533230146128895 -0.211542476395956 0.108033877559078 -0.199421523253362 1.130975659267269 -0.400568574418103 -0.091817432372743 0.520722534940177 -0.710718022624013
-0.534229549180972 -0.205874580036246 0.106013266736422 -0.199880610415226 1.133579271941970 -0.404122164531223 -0.030786110118974 0.174596706611352 -0.236906007540783
-0.535229721885801 -0.200202318758871 0.103986733263578 -0.200034540965821 1.134452255475027 -0.405306694568927 0.030786110118974 -0.174596706609131 0.236906007541338
-0.536229124937877 -0.194534422399161 0.101966122440922 -0.199880610415226 1.133579271941981 -0.404122164531220 0.091817432372743 -0.520722534945728 0.710718022624013
-0.537226232554144 -0.188879544102825 0.099963279568831 -0.199421523253362 1.130975659267253 -0.400568574418100 0.151226060682852 -0.857645608604019 1.184530037707243
-0.538219559518893 -0.183246106946703 0.097990049947683 -0.198665392949948 1.126687431224233 -0.394645924229564 0.207930199085382 -1.179230757821781 1.658342052791029
-0.539207688228666 -0.177642150559528 0.096058278877855 -0.197625741954521 1.120791277435124 -0.386354213965609 0.260848051620854 -1.479342812819029 2.132154067873704
-0.540189295737148 -0.172075177742673 0.094179811659724 -0.196321501696417 1.113394563371028 -0.375693443626240 0.308897822307586 -1.751846603806895 2.605966082956379
-0.541163180800072 -0.166552001090913 0.092366493593667 -0.194777012584879 1.104635330351994 -0.362663613211459 0.350997715217183 -1.990606961018715 3.079778098039609
-0.542128290920116 -0.161078589613178 0.090630169980060 -0.193022024008793 1.094682295546900 -0.347264722721261 0.386065934354640 -2.189488714667842 3.553590113122840
-0.543083749391801 -0.155659915353310 0.088982686119282 -0.191091694337020 1.083734851973561 -0.329496772155646 0.413020683764920 -2.342356694976511 4.027402128204960
-0.544028882346392 -0.150299800010817 0.087435887311709 -0.189026590918195 1.072023068498679 -0.309359761514622 0.430780167497424 -2.443075732180278 4.501214143289300
-0.544963245796796 -0.145000761561628 0.086001618857718 -0.186872690080708 1.059807689837777 -0.286853690798175 0.438262589570471 -2.485510656471401 4.975026158371421
-0.545886652682460 -0.139763860878851 0.084691726057687 -0.184681377132856 1.047380136555420 -0.261978560006318 0.434386154046784 -2.463526298102092 5.448838173454651
-0.546799199914273 -0.134588548353527 0.083518054211991 -0.182509446362622 1.035062505064910 -0.234734369139045 0.418069064926918 -2.370987487281262 5.922650188537881
-0.547701295419463 -0.129472510515384 0.082492448621010 -0.180419101037987 1.023207567628504 -0.205121118196355 0.388229526278039 -2.201759054221153 6.396462203620557
-0.548593685186496 -0.124411516653597 0.081626754585118 -0.178477953406597 1.012198772357398 -0.173138807178252 0.343785742127345 -1.949705829162873 6.870274218703787
-0.549477480309976 -0.119399265437539 0.080932817404695 -0.176759024695960 1.002450243211583 -0.138787436084734 0.283655916506476 -1.608692642312004 7.344086233786462
-0.550354184035543 -0.114427231537539 0.080422482380116 -0.175340745113428 0.994406780000023 -0.102067004915801 0.206758253455952 -1.172584323898551 7.817898248869692
-0.551225718804774 -0.109484512245636 0.080107594811758 -0.174306953846148 0.988543858380531 -0.062977513671453 0.112010957020736 -0.635245704139198 8.291710263954032
-0.552094453300079 -0.104557674096337 0.080000000000000 -0.173746899061045 0.985367629859835 -0.021518962351683 0.028297435692437 -0.160482732560752 3.589057895457270
-0.552962480359492 -0.099634848015352 0.079982131635628 -0.173605411882582 0.984565216197031 -0.003573672874396 0.054783845846451 -0.310694628982144 -4.041287558755324
-0.553829137822759 -0.094719789300091 0.079863231082287 -0.173331492653350 0.983011743052120 -0.023780110668173 0.118560574069448 -0.672390428235747 -7.422735764859856
-0.554692831271674 -0.089821540345537 0.079558762134825 -0.172738689783003 0.979649790910941 -0.060893789492472 0.191065688102121 -1.083587363295280 -10.124238710061405
-0.555551748078386 -0.084950381075064 0.079001187219611 -0.171783361342492 0.974231854094465 -0.111514983042779 0.271108953531218 -1.537535279292346 -12.189663830547426
-0.556403887161261 -0.080117660186574 0.078138870708633 -0.170427816574836 0.966544177698003 -0.172463302195516 0.357500135916844 -2.027484021334125 -13.662878562502589
-0.557247088740737 -0.075335626398618 0.076934982233593 -0.168640315895252 0.956406757591333 -0.240777695008029 0.449049000836865 -2.546683434552222 -14.587750342120453
-0.558079064095192 -0.070617259696525 0.075366400000000 -0.166395070891068 0.943673340418572 -0.313716446718632 0.544565313851386 -3.088383364051595 -15.008146605580141
-0.558897425316801 -0.065976102578533 0.073422614101267 -0.163672244321811 0.928231423598314 -0.388757179746532 0.642858840538274 -3.645833654941644 -14.967934789076320
-0.559699715067397 -0.061426091301915 0.071104629832808 -0.160457950119119 0.910002255323605 -0.463596853691914 0.742739346475396 -4.212284152349532 -14.510982328791998
-0.560483436334331 -0.056981387129106 0.068423871006128 -0.156744253386742 0.888940834561858 -0.536151765335874 0.843016597205093 -4.780984701384661 -13.681156660914628
-0.561246082186334 -0.052656207573831 0.065401083262926 -0.152529170400717 0.865035911054934 -0.604557548640447 0.942500358327436 -5.345185147165310 -12.522325221633878
-0.561985165529379 -0.048464657647236 0.062065237389183 -0.147816668609080 0.838309985319108 -0.667169174748616 1.040000395393648 -5.898135334798660 -11.078355447135534
-0.562698248862540 -0.044420561104010 0.058452432629262 -0.142616666632112 0.808819308645115 -0.722560951984294 1.134326473986036 -6.433085109416314 -9.393114773605648
-0.563382974033851 -0.040537291688520 0.054604800000000 -0.136945034262181 0.776653883098033 -0.769526525852322 1.224288359660264 -6.943284316112130 -7.510470637235045
-0.564037091996170 -0.036827604380933 0.050569405604808 -0.130823592463880 0.741937461517472 -0.807078879038498 1.308695817998640 -7.421982800022153 -5.474290474206667
-0.564658492563040 -0.033303466643346 0.046397153947760 -0.124280113373887 0.704827547517362 -0.834450331409531 1.386358614565708 -7.862430406242460 -3.328441720711606
-0.565245234164545 -0.029975889665915 0.042141691247694 -0.117348320301058 0.665515395486149 -0.851092540013089 1.456086514926014 -8.257876979911316 -1.116791812935403
-0.565795573603177 -0.026854759612982 0.037858308752306 -0.110067887726428 0.624226010586593 -0.856676499077766 1.516689284661865 -8.601572366120358 1.116791812935403
-0.566307995809693 -0.023948668869202 0.033602846052240 -0.102484441303119 0.581218148755991 -0.851092540013089 1.566976689342248 -8.886766409996749 3.328441720711184
-0.566781243598975 -0.021264747285672 0.029430594395192 -0.094649557856408 0.536784316706007 -0.834450331409533 1.605758494513942 -9.106708956660992 5.474290474206667
-0.567214347425894 -0.018808493426059 0.025395200000000 -0.086620765383838 0.491250771922702 -0.807078879038500 1.631844465777021 -9.254649851211383 7.510470637234623
-0.567606655141169 -0.016583605812725 0.021547567370738 -0.078461543054953 0.444977522666645 -0.769526525852327 1.644044368691588 -9.323838938781748 9.393114773606491
-0.567957861747226 -0.014591814172862 0.017934762610817 -0.070241321211495 0.398358327972737 -0.722560951984294 1.641167968813306 -9.307526064481486 11.078355447137755
-0.568268039154063 -0.012832710684610 0.014598916737074 -0.062035481367428 0.351820697650329 -0.667169174748605 1.622025031728924 -9.198961073411116 12.522325221630547
-0.568537665935107 -0.011303581223194 0.011576128993872 -0.053925356208784 0.305825892283274 -0.604557548640453 1.585425323002987 -8.991393810713344 13.681156660916294
-0.568767657083076 -0.009999236607045 0.008895370167192 -0.045998229593769 0.260868923229707 -0.536151765335871 1.530178608204480 -8.678074121477586 14.510982328790334
-0.568959393765840 -0.008911843843934 0.006577385898733 -0.038347336552746 0.217478552622319 -0.463596853691919 1.455094652906830 -8.252251850839887 14.967934789077985
-0.569114753082281 -0.008030757377093 0.004633600000000 -0.031071863288212 0.176217293368119 -0.388757179746529 1.358983222670140 -7.707176843898544 15.008146605579586
-0.569236137818155 -0.007342350331350 0.003065017766407 -0.024276947174862 0.137681409148627 -0.313716446718632 1.240654083076720 -7.036098945776281 14.587750342117678
-0.569326506201953 -0.006829845759251 0.001861129291367 -0.018073676759478 0.102500914419745 -0.240777695008043 1.098916999682231 -6.232268001595820 13.662878562508141
-0.569389401660758 -0.006473147887192 0.000998812780389 -0.012579091761067 0.071339574411766 -0.172463302195502 0.932581738077864 -5.288933856455458 12.189663830541875
-0.569428982576111 -0.006248673361545 0.000441237865175 -0.007916183070678 0.044894905129489 -0.111514983042793 0.740458063814842 -4.199346355491240 10.124238710065292
-0.569450052039869 -0.006129182494785 0.000136768917713 -0.004213892751603 0.023898173352033 -0.060893789492467 0.521355742462148 -2.956755343794804 7.422735764861521
-0.569458087610066 -0.006083610511619 0.000017868364372 -0.001607114039293 0.009114396633059 -0.023780110668159 0.274084539606534 -1.554410666502193 4.041287558744777
-0.569459271066772 -0.006076898795117 -0.000000000000000 -0.000236691341260 0.001342343300548 -0.003573672874435 0.047338268251984 -0.268468660109544 0.714734574893683
-0.569459271066772 -0.006076898795117 0.000000000000000 0.000000000000000 0.000000000000000 0.000000000000033 0.047338268251984 -0.268468660109544 1.161443684172550
-0.569458087610066 -0.006083610511619 0.000029036092104 0.000236691341260 -0.001342343300548 0.005807218420896 0.274084539606534 -1.554410666502193 6.567092282977329
-0.569450052039869 -0.006129182494785 0.000222249491283 0.001607114039293 -0.009114396633059 0.038642679835783 0.521355742462148 -2.956755343794804 12.061945617897310
-0.569428982576111 -0.006248673361545 0.000717011530910 0.004213892751603 -0.023898173352033 0.098952407925269 0.740458063814842 -4.199346355491240 16.451887903849585
-0.569389401660758 -0.006473147887192 0.001623070768132 0.007916183070678 -0.044894905129489 0.181211847444517 0.932581738077864 -5.288933856455458 19.808203724638538
-0.569326506201953 -0.006829845759251 0.003024335098471 0.012579091761067 -0.071339574411766 0.280252866067710 1.098916999682231 -6.232268001595820 22.202177664068557
-0.569236137818155 -0.007342350331350 0.004980653870411 0.018073676759478 -0.102500914419745 0.391263754388053 1.240654083076720 -7.036098945776281 23.705094305943973
-0.569114753082281 -0.008030757377093 0.007529600000000 0.024276947174862 -0.137681409148627 0.509789225917773 1.358983222670140 -7.707176843898544 24.388238234069124
-0.568959393765840 -0.008911843843934 0.010688252085441 0.031071863288212 -0.176217293368119 0.631730417088118 1.455094652906830 -8.252251850839887 24.322894032248431
-0.568767657083076 -0.009999236607045 0.014454976521687 0.038347336552746 -0.217478552622319 0.753344887249360 1.530178608204480 -8.678074121477586 23.580346284286289
-0.568537665935107 -0.011303581223194 0.018811209615041 0.045998229593769 -0.260868923229707 0.871246618670792 1.585425323002987 -8.991393810713344 22.231879573987246
-0.568268039154063 -0.012832710684610 0.023723239697745 0.053925356208784 -0.305825892283274 0.982406016540728 1.622025031728924 -9.198961073411116 20.348778485154728
-0.567957861747226 -0.014591814172862 0.029143989242578 0.062035481367428 -0.351820697650329 1.084149908966502 1.641167968813306 -9.307526064481486 18.002327601594725
-0.567606655141169 -0.016583605812725 0.035014796977450 0.070241321211495 -0.398358327972737 1.174161546974475 1.644044368691588 -9.323838938781748 15.263811507110203
-0.567214347425894 -0.018808493426059 0.041267200000000 0.078461543054953 -0.444977522666645 1.250480604510026 1.631844465777021 -9.254649851211383 12.204514785505438
-0.566781243598975 -0.021264747285672 0.047824715892188 0.086620765383838 -0.491250771922702 1.311503178437553 1.605758494513942 -9.106708956660992 8.895722020587371
-0.566307995809693 -0.023948668869202 0.054604624834890 0.094649557856408 -0.536784316706007 1.355981788540490 1.566976689342248 -8.886766409996749 5.408717796156193
-0.565795573603177 -0.026854759612982 0.061519751722497 0.102484441303119 -0.581218148755991 1.383025377521271 1.516689284661865 -8.601572366120358 1.814786696019999
-0.565245234164545 -0.029975889665915 0.068480248277503 0.110067887726428 -0.624226010586593 1.392099311001371 1.456086514926014 -8.257876979911316 -1.814786696019999
-0.564658492563040 -0.033303466643346 0.075395375165110 0.117348320301058 -0.665515395486149 1.383025377521271 1.386358614565708 -7.862430406242460 -5.408717796157037
-0.564037091996170 -0.036827604380933 0.082175284107812 0.124280113373887 -0.704827547517362 1.355981788540486 1.308695817998640 -7.421982800022153 -8.895722020584307
-0.563382974033851 -0.040537291688520 0.088732800000000 0.130823592463880 -0.741937461517472 1.311503178437565 1.224288359660264 -6.943284316112130 -12.204514785508191
-0.562698248862540 -0.044420561104010 0.094985203022550 0.136945034262181 -0.776653883098033 1.250480604510024 1.134326473986036 -6.433085109416314 -15.263811507110780
-0.561985165529379 -0.048464657647236 0.100856010757423 0.142616666632112 -0.808819308645115 1.174161546974470 1.040000395393648 -5.898135334798660 -18.002327601593926
-0.561246082186334 -0.052656207573831 0.106276760302255 0.147816668609080 -0.838309985319108 1.084149908966500 0.942500358327436 -5.345185147165310 -20.348778485154682
-0.560483436334331 -0.056981387129106 0.111188790384959 0.152529170400717 -0.865035911054934 0.982406016540727 0.843016597205093 -4.780984701384661 -22.231879573985090
-0.559699715067397 -0.061426091301915 0.115545023478313 0.156744253386742 -0.888940834561858 0.871246618670801 0.742739346475396 -4.212284152349532 -23.580346284292062
-0.558897425316801 -0.065976102578533 0.119311747914559 0.160457950119119 -0.910002255323605 0.753344887249341 0.642858840538274 -3.645833654941644 -24.322894032239304
-0.558079064095192 -0.070617259696525 0.122470400000000 0.163672244321811 -0.928231423598314 0.631730417088144 0.544565313851386 -3.088383364051595 -24.388238234077651
-0.557247088740737 -0.075335626398618 0.125019346129589 0.166395070891068 -0.943673340418572 0.509789225917756 0.449049000836865 -2.546683434552222 -23.705094305943586
-0.556403887161261 -0.080117660186574 0.126975664901529 0.168640315895252 -0.956406757591333 0.391263754388038 0.357500135916844 -2.027484021334125 -22.202177664063516
-0.555551748078386 -0.084950381075064 0.128376929231868 0.170427816574836 -0.966544177698003 0.280252866067721 0.271108953531218 -1.537535279292346 -19.808203724638318
-0.554692831271674 -0.089821540345537 0.129282988469090 0.171783361342492 -0.974231854094465 0.181211847444529 0.191065688102121 -1.083587363295280 -16.451887903852214
-0.553829137822759 -0.094719789300091 0.129777750508717 0.172738689783003 -0.979649790910941 0.098952407925268 0.118560574069448 -0.672390428235747 -12.061945617898306
-0.552962480359492 -0.099634848015352 0.129970963907896 0.173331492653350 -0.983011743052120 0.038642679835776 0.054783845846451 -0.310694628982144 -6.567092282971920
-0.552094453300079 -0.104557674096337 0.130000000000000 0.173605411882582 -0.984565216197031 0.005807218420917 0.028297435692437 -0.160482732560752 -5.465236154524877
-0.551225718804774 -0.109484512245636 0.129892405188242 0.173746899061045 -0.985367629859835 -0.021518962351708 0.112010957020736 -0.635245704139198 -8.291710263949037
-0.550354184035543 -0.114427231537539 0.129577517619884 0.174306953846148 -0.988543858380531 -0.062977513671453 0.206758253455952 -1.172584323898551 -7.817898248869692
-0.549477480309976 -0.119399265437539 0.129067182595305 0.175340745113428 -0.994406780000023 -0.102067004915801 0.283655916506476 -1.608692642312004 -7.344086233785907
-0.548593685186496 -0.124411516653597 0.128373245414882 0.176759024695960 -1.002450243211583 -0.138787436084731 0.343785742127345 -1.949705829162873 -6.870274218704342
-0.547701295419463 -0.129472510515384 0.127507551378990 0.178477953406597 -1.012198772357398 -0.173138807178252 0.388229526278039 -2.201759054221153 -6.396462203620557
-0.546799199914273 -0.134588548353527 0.126481945788009 0.180419101037987 -1.023207567628504 -0.205121118196355 0.418069064926918 -2.370987487281262 -5.922650188537881
-0.545886652682460 -0.139763860878851 0.125308273942313 0.182509446362622 -1.035062505064910 -0.234734369139045 0.434386154046784 -2.463526298102092 -5.448838173454651
-0.544963245796796 -0.145000761561628 0.123998381142282 0.184681377132856 -1.047380136555420 -0.261978560006318 0.438262589570471 -2.485510656471401 -4.975026158371421
-0.544028882346392 -0.150299800010817 0.122564112688291 0.186872690080708 -1.059807689837777 -0.286853690798175 0.430780167497424 -2.443075732180278 -4.501214143289300
-0.543083749391801 -0.155659915353310 0.121017313880718 0.189026590918195 -1.072023068498679 -0.309359761514622 0.413020683764920 -2.342356694976511 -4.027402128204960
-0.542128290920116 -0.161078589613178 0.119369830019940 0.191091694337020 -1.083734851973561 -0.329496772155646 0.386065934354640 -2.189488714667842 -3.553590113122840
-0.541163180800072 -0.166552001090913 0.117633506406333 0.193022024008793 -1.094682295546900 -0.347264722721261 0.350997715217183 -1.990606961018715 -3.079778098039054
-0.540189295737148 -0.172075177742673 0.115820188340276 0.194777012584879 -1.104635330351994 -0.362663613211456 0.308897822307586 -1.751846603806895 -2.605966082957489
-0.539207688228666 -0.177642150559528 0.113941721122145 0.196321501696417 -1.113394563371028 -0.375693443626243 0.260848051620854 -1.479342812819029 -2.132154067873149
-0.538219559518893 -0.183246106946703 0.112009950052317 0.197625741954521 -1.120791277435124 -0.386354213965609 0.207930199085382 -1.179230757821781 -1.658342052790474
-0.537226232554144 -0.188879544102825 0.110036720431169 0.198665392949948 -1.126687431224233 -0.394645924229561 0.151226060682852 -0.857645608604019 -1.184530037708353
-0.536229124937877 -0.194534422399161 0.108033877559078 0.199421523253362 -1.130975659267253 -0.400568574418103 0.091817432372743 -0.520722534945728 -0.710718022624013
-0.535229721885801 -0.200202318758871 0.106013266736422 0.199880610415226 -1.133579271941981 -0.404122164531223 0.030786110118974 -0.174596706609131 -0.236906007540783
-0.534229549180972 -0.205874580036246 0.103986733263578 0.200034540965821 -1.134452255475027 -0.405306694568927 -0.030786110118974 0.174596706611352 0.236906007541338
-0.533230146128895 -0.211542476395956 0.101966122440922 0.199880610415226 -1.133579271941970 -0.404122164531220 -0.091817432372743 0.520722534940177 0.710718022624013
-0.532233038512629 -0.217197354692292 0.099963279568831 0.199421523253362 -1.130975659267269 -0.400568574418100 -0.151226060682852 0.857645608607349 1.184530037707243
-0.531239711547879 -0.222830791848413 0.097990049947683 0.198665392949948 -1.126687431224233 -0.394645924229564 -0.207930199085382 1.179230757822891 1.658342052791029
-0.530251582838106 -0.228434748235589 0.096058278877855 0.197625741954521 -1.120791277435118 -0.386354213965609 -0.260848051616414 1.479342812819029 2.132154067873704
-0.529269975329624 -0.234001721052444 0.094179811659724 0.196321501696439 -1.113394563371023 -0.375693443626240 -0.308897822316467 1.751846603806895 2.605966082956379
-0.528296090266700 -0.239524897704204 0.092366493593667 0.194777012584857 -1.104635330351988 -0.362663613211459 -0.350997715212742 1.990606961016494 3.079778098039609
-0.527330980146656 -0.244998309181938 0.090630169980060 0.193022024008793 -1.094682295546906 -0.347264722721261 -0.386065934350199 2.189488714668952 3.553590113122840
-0.526375521674971 -0.250416983441806 0.088982686119282 0.191091694337042 -1.083734851973561 -0.329496772155646 -0.413020683769361 2.342356694979841 4.027402128204960
-0.525430388720380 -0.255777098784300 0.087435887311709 0.189026590918195 -1.072023068498662 -0.309359761514622 -0.430780167497424 2.443075732174727 4.501214143289300
-0.524496025269976 -0.261076137233489 0.086001618857718 0.186872690080708 -1.059807689837788 -0.286853690798175 -0.438262589574911 2.485510656478063 4.975026158371421
-0.523572618384312 -0.266313037916266 0.084691726057687 0.184681377132834 -1.047380136555398 -0.261978560006318 -0.434386154042343 2.463526298099872 5.448838173454651
-0.522660071152499 -0.271488350441590 0.083518054211991 0.182509446362622 -1.035062505064899 -0.234734369139045 -0.418069064926918 2.370987487279042 5.922650188537881
-0.521757975647309 -0.276604388279733 0.082492448621010 0.180419101037987 -1.023207567628504 -0.205121118196355 -0.388229526278039 2.201759054223373 6.396462203620557
-0.520865585880276 -0.281665382141519 0.081626754585118 0.178477953406597 -1.012198772357387 -0.173138807178252 -0.343785742127345 1.949705829162873 6.870274218703787
-0.519981790756796 -0.286677633357577 0.080932817404695 0.176759024695960 -1.002450243211572 -0.138787436084734 -0.283655916506476 1.608692642309784 7.344086233786462
-0.519105087031229 -0.291649667257577 0.080422482380116 0.175340745113428 -0.994406780000023 -0.102067004915801 -0.206758253455952 1.172584323898551 7.817898248869692
-0.518233552261998 -0.296592386549480 0.080107594811758 0.174306953846148 -0.988543858380531 -0.062977513671453 -0.112010957025177 0.635245704145859 8.291710263954032
-0.517364817766693 -0.301519224698779 0.080000000000000 0.173746899061022 -0.985367629859801 -0.021518962351683 -0.028297435679114 0.160482732538547 3.589057895457270
-0.516496790707280 -0.306442050779765 0.079982131635628 0.173605411882627 -0.984565216197109 -0.003573672874396 -0.054783845859774 0.310694628995467 -4.041287558755324
-0.515630133244013 -0.311357109495025 0.079863231082287 0.173331492653328 -0.983011743052131 -0.023780110668173 -0.118560574060567 0.672390428235747 -7.422735764859856
-0.514766439795098 -0.316255358449580 0.079558762134825 0.172738689783025 -0.979649790910953 -0.060893789492472 -0.191065688111003 1.083587363295280 -10.124238710061405
-0.513907522988386 -0.321126517720052 0.079001187219611 0.171783361342470 -0.974231854094476 -0.111514983042779 -0.271108953526777 1.537535279294566 -12.189663830547426
-0.513055383905512 -0.325959238608542 0.078138870708633 0.170427816574836 -0.966544177698003 -0.172463302195516 -0.357500135916844 2.027484021336345 -13.662878562502589
-0.512212182326035 -0.330741272396499 0.076934982233593 0.168640315895252 -0.956406757591322 -0.240777695008029 -0.449049000832424 2.546683434547781 -14.587750342120453
-0.511380206971580 -0.335459639098592 0.075366400000000 0.166395070891090 -0.943673340418583 -0.313716446718632 -0.544565313855827 3.088383364053815 -15.008146605580141
-0.510561845749971 -0.340100796216584 0.073422614101267 0.163672244321811 -0.928231423598314 -0.388757179746532 -0.642858840542715 3.645833654943864 -14.967934789076320
-0.509759555999375 -0.344650807493202 0.071104629832808 0.160457950119097 -0.910002255323594 -0.463596853691914 -0.742739346466514 4.212284152347312 -14.510982328791998
-0.508975834732442 -0.349095511666011 0.068423871006128 0.156744253386765 -0.888940834561858 -0.536151765335874 -0.843016597209534 4.780984701384661 -13.681156660914628
-0.508213188880438 -0.353420691221285 0.065401083262926 0.152529170400717 -0.865035911054934 -0.604557548640447 -0.942500358331877 5.345185147165310 -12.522325221633878
-0.507474105537393 -0.357612241147881 0.062065237389183 0.147816668609058 -0.838309985319108 -0.667169174748616 -1.040000395389207 5.898135334796439 -11.078355447135534
-0.506761022204232 -0.361656337691107 0.058452432629262 0.142616666632112 -0.808819308645126 -0.722560951984294 -1.134326473986036 6.433085109418535 -9.393114773605648
-0.506076297032921 -0.365539607106597 0.054604800000000 0.136945034262181 -0.776653883098033 -0.769526525852322 -1.224288359660264 6.943284316112130 -7.510470637235045
-0.505422179070602 -0.369249294414184 0.050569405604808 0.130823592463880 -0.741937461517472 -0.807078879038498 -1.308695817998640 7.421982800022153 -5.474290474206667
-0.504800778503732 -0.372773432151771 0.046397153947760 0.124280113373887 -0.704827547517362 -0.834450331409531 -1.386358614561267 7.862430406244680 -3.328441720711606
-0.504214036902227 -0.376101009129202 0.042141691247694 0.117348320301081 -0.665515395486138 -0.851092540013089 -1.456086514934896 8.257876979906875 -1.116791812935403
-0.503663697463595 -0.379222139182135 0.037858308752306 0.110067887726406 -0.624226010586604 -0.856676499077766 -1.516689284657424 8.601572366124799 1.116791812935403
-0.503151275257079 -0.382128229925915 0.033602846052240 0.102484441303119 -0.581218148755980 -0.851092540013089 -1.566976689337807 8.886766409994529 3.328441720711184
-0.502678027467797 -0.384812151509445 0.029430594395192 0.094649557856430 -0.536784316706007 -0.834450331409533 -1.605758494518383 9.106708956658771 5.474290474206667
-0.502244923640878 -0.387268405369058 0.025395200000000 0.086620765383838 -0.491250771922713 -0.807078879038500 -1.631844465781462 9.254649851213603 7.510470637234623
-0.501852615925603 -0.389493292982391 0.021547567370738 0.078461543054931 -0.444977522666645 -0.769526525852327 -1.644044368682707 9.323838938781748 9.393114773606491
-0.501501409319546 -0.391485084622255 0.017934762610817 0.070241321211517 -0.398358327972737 -0.722560951984294 -1.641167968817747 9.307526064481486 11.078355447137755
-0.501191231912709 -0.393244188110507 0.014598916737074 0.062035481367428 -0.351820697650329 -0.667169174748605 -1.622025031733365 9.198961073411116 12.522325221630547
-0.500921605131665 -0.394773317571923 0.011576128993872 0.053925356208762 -0.305825892283274 -0.604557548640453 -1.585425322998546 8.991393810713344 13.681156660916294
-0.500691613983696 -0.396077662188072 0.008895370167192 0.045998229593769 -0.260868923229707 -0.536151765335871 -1.530178608204480 8.678074121482027 14.510982328790334
-0.500499877300932 -0.397165054951183 0.006577385898733 0.038347336552746 -0.217478552622297 -0.463596853691919 -1.455094652906830 8.252251850835446 14.967934789077985
-0.500344517984491 -0.398046141418024 0.004633600000000 0.031071863288212 -0.176217293368119 -0.388757179746529 -1.358983222670140 7.707176843896324 15.008146605579586
-0.500223133248617 -0.398734548463767 0.003065017766407 0.024276947174862 -0.137681409148638 -0.313716446718632 -1.240654083072279 7.036098945780722 14.587750342117678
-0.500132764864819 -0.399247053035866 0.001861129291367 0.018073676759500 -0.102500914419734 -0.240777695008043 -1.098916999691113 6.232268001591379 13.662878562508141
-0.500069869406014 -0.399603750907924 0.000998812780389 0.012579091761045 -0.071339574411777 -0.172463302195502 -0.932581738073424 5.288933856462119 12.189663830541875
-0.500030288490661 -0.399828225433572 0.000441237865175 0.007916183070678 -0.044894905129467 -0.111514983042793 -0.740458063814842 4.199346355484579 10.124238710065292
-0.500009219026903 -0.399947716300332 0.000136768917713 0.004213892751603 -0.023898173352044 -0.060893789492467 -0.521355742462148 2.956755343799244 7.422735764861521
-0.500001183456706 -0.399993288283497 0.000017868364372 0.001607114039293 -0.009114396633048 -0.023780110668159 -0.274084539606534 1.554410666499972 4.041287558744777
