-0.499999958118440 -0.400000237522129 0.000008980914753 0.000008376311955 -0.000047504425704 0.001796182950527 0.007698534041367 -0.043660556141578 2.072045359056055
-0.499999723773529 -0.400001566558161 0.000069762963482 0.000046868982162 -0.000265807206412 0.012156409745807 0.009103781402064 -0.051630109962897 3.919243023703652
-0.499999261834084 -0.400004186346942 0.000228526087803 0.000092387889172 -0.000523957756227 0.031752624864325 0.004002360791677 -0.022698515989017 5.530104425615350
-0.499998699835618 -0.400007373598623 0.000525541822765 0.000112399693131 -0.000637450336172 0.059403146992402 -0.007211118551176 0.040896285524727 6.914476909071817
-0.499998318115116 -0.400009538443165 0.000995419480454 0.000076344100375 -0.000432968908548 0.093975531537761 -0.024142047372333 0.136916354367411 8.082207818353682
-0.499998539945798 -0.400008280378849 0.001667352333602 -0.000044366136487 0.000251612863289 0.134386570629530 -0.046395816444278 0.263123750305905 9.043144497741679
-0.499999921671892 -0.400000444220775 0.002565363799193 -0.000276345218708 0.001567231614819 0.179602293118238 -0.073577816515069 0.417280533115960 9.807134291516434
-0.500003142843398 -0.399982176049373 0.003708553622072 -0.000644234301284 0.003653634280398 0.228637964575820 -0.105293438332765 0.597148762551125 10.384024543958519
-0.500008996350863 -0.399948979158907 0.005111344058550 -0.001170701492947 0.006639378093154 0.280558087295613 -0.141148072665409 0.800490498396034 10.783662599348775
-0.500018378560145 -0.399895770005981 0.006783726060012 -0.001876441856274 0.010641830585134 0.334476400292357 -0.180747110274382 1.025067800417556 11.015895801967689
-0.500032279447183 -0.399816934158045 0.008731505456523 -0.002780177407646 0.015767169587222 0.389555879302195 -0.223695941889979 1.268642728389224 11.090571496096102
-0.500051772732768 -0.399706382241899 0.010956549140436 -0.003898657117096 0.022110383229168 0.445008736782676 -0.269599958304667 1.528977342082349 11.017537026014468
-0.500078006017311 -0.399557605892202 0.013457031250000 -0.005246656908620 0.029755269939580 0.500096421912748 -0.318064550239860 1.803833701252699 10.806639736003619
-0.500112190915610 -0.399363733699972 0.016227679352964 -0.006836979659819 0.038774438445843 0.554129620592766 -0.368695108479145 2.090973865691570 10.467726970344238
-0.500155593191622 -0.399117587161101 0.019260020630186 -0.008680455202215 0.049229307774301 0.606468255444487 -0.421097023761696 2.388159895159170 10.010646073316808
-0.500209522893227 -0.398811736624850 0.022542628059242 -0.010785940321023 0.061170107250097 0.656521485811071 -0.474875686853338 2.693153849426810 9.445244389201934
-0.500275324487003 -0.398438557242364 0.026061366598027 -0.013160318755290 0.074635876497231 0.703747707757081 -0.529636488502128 3.003717788263582 8.781369262280835
-0.500354366992992 -0.397990284915171 0.029799639368369 -0.015808501197800 0.089654465438549 0.747654554068485 -0.584984819478329 3.317613771440797 8.028868036833291
-0.500448034119468 -0.397459072243693 0.033738633839633 -0.018733425295192 0.106242534295753 0.787798894252652 -0.640526070521119 3.632603858738648 7.197588057141213
-0.500557714397707 -0.396837044475745 0.037857568012325 -0.021936055647798 0.124405553589446 0.823786834538358 -0.695865632391879 3.946450109906241 6.297376667483423
-0.500684791316756 -0.396116355455051 0.042133936601703 -0.025415383809757 0.144137804138977 0.855273717875775 -0.750608895865312 4.256914584734872 5.338081212142032
-0.500830633458201 -0.395289243569737 0.046543757221386 -0.029168428289084 0.165422377062652 0.881964123936485 -0.804361251667274 4.561759342993632 4.329549035398661
-0.500996584630938 -0.394348087700849 0.051061816566953 -0.033190234547420 0.188231173777620 0.903611869113478 -0.856728090572467 4.858746444429407 3.281627481529781
-0.501183954005940 -0.393285463170850 0.055661916599559 -0.037473875000282 0.212524905999767 0.920020006521127 -0.907314803342274 5.145637948846815 2.204163894822253
-0.501394006251025 -0.392094197692130 0.060317120729535 -0.042010449016994 0.238253095744001 0.931040825995239 -0.955726780711430 5.420195915990522 1.107005619551393
-0.501627951665627 -0.390767427315511 0.065000000000000 -0.046789082920551 0.265354075323954 0.936575854092995 -1.001569413463521 5.680182405645162 -0.000000000000822
-0.501886936315567 -0.389298652378750 0.069682879270465 -0.051796929987868 0.293754987352179 0.936575854092991 -1.044448092328842 5.923359477575385 -1.107005619550572
-0.502172032167814 -0.387681793455049 0.074338083400441 -0.057019170449513 0.323371784740056 0.931040825995239 -1.083968208086539 6.147489191550282 -2.204163894821143
-0.502484227225264 -0.385911247301560 0.078938183433047 -0.062439011489945 0.354109230697808 0.920020006521133 -1.119735151475787 6.350333607347824 -3.281627481530602
-0.502824415661501 -0.383981942807888 0.083456242778614 -0.068037687247324 0.385860898734547 0.903611869113480 -1.151354313257968 6.529654784728223 -4.329549035398950
-0.503193387955569 -0.381889396944597 0.087866063398297 -0.073794458813614 0.418509172658188 0.881964123936485 -1.178431084194465 6.683214783473890 -5.338081212142298
-0.503591821026742 -0.379629770711719 0.092142431987676 -0.079686614234586 0.451925246575557 0.855273717875774 -1.200570855042216 6.808775663342814 -6.297376667483978
-0.504020268369291 -0.377199925087258 0.096261366160367 -0.085689468509798 0.485969124892272 0.823786834538354 -1.217379016544839 6.904099484115189 -7.197588057140103
-0.504479150187253 -0.374597476975693 0.100200360631631 -0.091776363592522 0.520489622312847 0.787798894252653 -1.228460959468158 6.966948305562326 -8.028868036831781
-0.504968743529203 -0.371820855156490 0.103938633401973 -0.097918668389863 0.555324363840659 0.747654554068494 -1.233422074573554 6.995084187439993 -8.781369262283455
-0.505489172423016 -0.368869356232601 0.107457371940758 -0.104085778762730 0.590299784777859 0.703747707757077 -1.231867752613525 6.986269189541705 -9.445244389202356
-0.506040398010645 -0.365743200578973 0.110739979369814 -0.110245117525798 0.625231130725568 0.656521485811065 -1.223403384327248 6.938265371621011 -10.010646073315698
-0.506622208682882 -0.362443588291054 0.113772320647036 -0.116362134447434 0.659922457583673 0.606468255444487 -1.207634360498311 6.848834793447001 -10.467726970340152
-0.507234210214132 -0.358972755133300 0.116542968750000 -0.122400306249926 0.694166631550908 0.554129620592786 -1.184166071874770 6.715739514806529 -10.806639736008483
-0.507875815897179 -0.355334028487675 0.119043450859564 -0.128321136609300 0.727745329124940 0.500096421912744 -1.152603909195804 6.536741595462026 -11.017537026013491
-0.508546236677955 -0.351531883302164 0.121268494543477 -0.134084156155279 0.760429037102250 0.445008736782676 -1.112553263240557 6.309603095162597 -11.090571496097379
-0.509244471290312 -0.347571998039274 0.123216273939988 -0.139646922471481 0.791977052578063 0.389555879302189 -1.063619524752646 6.032086073728404 -11.015895801965714
-0.509969296390789 -0.343461310624540 0.124888655941450 -0.144965020095245 0.822137482946705 0.334476400292361 -1.005408084493453 5.701952590868586 -10.783662599351818
-0.510719256693377 -0.339208074395035 0.126291446377928 -0.149992060517712 0.850647245901048 0.280558087295601 -0.937524333211037 5.316964706416627 -10.384024543950154
-0.511492655104296 -0.334821914047869 0.127434636200807 -0.154679682183767 0.877232069433131 0.228637964575851 -0.859573661680102 4.874884480083885 -9.807134291524022
-0.512287542856757 -0.330313881588702 0.128332647666398 -0.158977550492168 0.901606491833551 0.179602293118231 -0.771161460635383 4.373473971686082 -9.043144497744571
-0.513101709645734 -0.325696512280242 0.129004580519546 -0.162833357795344 0.923473861691981 0.134386570629508 -0.671893120842704 3.810495240970102 -8.082207818349563
-0.513932673762731 -0.320983880590757 0.129474458177235 -0.166192823399558 0.942526337896832 0.093975531537760 -0.561374033063444 3.183710347720581 -6.914476909067879
-0.514777672230556 -0.316191656142580 0.129771473912197 -0.168999693564875 0.958444889635435 0.059403146992421 -0.439209588041223 2.490881351684404 -5.530104425623961
-0.515633650938081 -0.311337159660611 0.129930237036518 -0.171195741505081 0.970899296393857 0.031752624864301 -0.305005176559625 1.729770312666190 -3.919243023697838
-0.516497254775021 -0.306439418920825 0.129991019085247 -0.172720767387879 0.979548147957188 0.012156409745812 -0.158366189326742 0.898139290408384 -2.072045359051700
-0.517364817766693 -0.301519224698779 0.130000000000000 -0.173512598334513 0.984038844409230 0.001796182950553 0.002358385016166 -0.013375066085786 -2.468360229092026
-0.518232321798740 -0.296599364853385 0.129947271909026 -0.173500806409432 0.983971969078801 -0.010545618194907 0.170134694466029 -0.964881799594419 -4.110776009722539
-0.519095572463426 -0.291703627052981 0.129791774417808 -0.172650132937102 0.979147560080829 -0.031099498243520 0.322164440476058 -1.827085334220602 -3.949569107383200
-0.519950769017099 -0.286853566385932 0.129537537698906 -0.171039310734722 0.970012133409726 -0.050847343780436 0.455149983120684 -2.581283824452107 -3.788362205041640
-0.520794586821195 -0.282068037814495 0.129188591924878 -0.168763560819118 0.957105714287465 -0.069789154805644 0.569868636794979 -3.231885639456422 -3.627155302698970
-0.521624157909371 -0.277363306384044 0.128748967268282 -0.165914217635144 0.940946286090183 -0.087924931319139 0.667097715956189 -3.783299148387709 -3.465948400358521
-0.522437051554647 -0.272753157432303 0.128222693901677 -0.162578729055363 0.922029790348244 -0.105254673320931 0.747614534994945 -4.239932720402351 -3.304741498014740
-0.523231254836549 -0.268249006798571 0.127613801997622 -0.158840656380388 0.900830126746233 -0.121778380811005 0.812196408359611 -4.606194724678936 -3.143534595673181
-0.524005153208242 -0.263860011032957 0.126926321728675 -0.154779674338590 0.877799153122838 -0.137496053789371 0.861620650454142 -4.886493530340541 -2.982327693330511
-0.524757511063674 -0.259593177605602 0.126164283267395 -0.150471571086319 0.853366685471135 -0.152407692256024 0.896664575722461 -5.085237506579077 -2.821120790987841
-0.525487452304712 -0.255453475115910 0.125331716786340 -0.145988248207707 0.827940497938240 -0.166513296210963 0.918105498568522 -5.206835022546485 -2.659913888647947
-0.526194440908287 -0.251443943501783 0.124432652458069 -0.141397720714864 0.801906322825507 -0.179812865654203 0.926720733436248 -5.255694447380277 -2.498706986303056
-0.526878261493525 -0.247565804248840 0.123471120455141 -0.136764117047683 0.775627850588606 -0.192306400585718 0.923287594729594 -5.236224150271251 -2.337500083961497
-0.527538999888895 -0.243818570599654 0.122451150950113 -0.132147679074035 0.749446729837250 -0.203993901005525 0.908583396883600 -5.152832500344706 -2.176293181620492
-0.528177023699343 -0.240200157762976 0.121376774115545 -0.127604762089617 0.723682567335526 -0.214875366913628 0.883385454315544 -5.009927866789221 -2.015086279277267
-0.528792962873434 -0.236706993122968 0.120252020123995 -0.123187834818039 0.698632928001580 -0.224950798310014 0.848471081460467 -4.811918618743416 -1.853879376935708
-0.529387690270487 -0.233334126448429 0.119080919148022 -0.118945479410737 0.674573334907863 -0.234220195194693 0.804617592726764 -4.563213125376997 -1.692672474592483
-0.529962302227723 -0.230075340102024 0.117867501360183 -0.114922391447103 0.651757269280978 -0.242683557567655 0.752602302545036 -4.268219755839686 -1.531465572251478
-0.530518099127395 -0.226923259249515 0.116615796933039 -0.111159379934378 0.630416170501780 -0.250340885428912 0.693202525345882 -3.931346879300079 -1.370258669908253
-0.531056565963933 -0.223869462068989 0.115329836039146 -0.107693367307649 0.610759436105279 -0.257192178778454 0.627195575542139 -3.557002864905678 -1.209051767566693
-0.531579352911083 -0.220904589960085 0.114013648851065 -0.104557389429938 0.592974421780751 -0.263237437616287 0.555358767555525 -3.149596081826189 -1.047844865224579
-0.532088255889044 -0.218018457753227 0.112671265541353 -0.101780595592160 0.577226441371620 -0.268476661942410 0.478469415829963 -2.713534899214665 -0.886637962881354
-0.532585197131609 -0.215200163918849 0.111306716282569 -0.099388248513010 0.563658766875547 -0.272909851756817 0.397304834756085 -2.253227686227488 -0.725431060540904
-0.533072205753305 -0.212438200776627 0.109924031247271 -0.097401724339230 0.552392628444409 -0.276537007059521 0.312642338795577 -1.773082812029925 -0.564224158197124
-0.533551398316531 -0.209720564704706 0.108527240608019 -0.095838512645252 0.543527214384260 -0.279358127850507 0.225259242339071 -1.277508645775027 -0.403017255855564
-0.534024959398699 -0.207034866348929 0.107120374537370 -0.094712216433557 0.537139671155384 -0.281373214129785 0.135932859821608 -0.770913556623620 -0.241810353513450
-0.534495122159371 -0.204368440832067 0.105707463207883 -0.094032552134449 0.533285103372266 -0.282582265897352 0.045440505682670 -0.257705913734307 -0.080603451170780
-0.534964148907401 -0.201708457963049 0.104292536792117 -0.093805349606035 0.531996573803595 -0.282985283153206 -0.045440505678229 0.257705913733197 0.080603451170780
-0.535434311668073 -0.199042032446188 0.102879625462630 -0.094032552134427 0.533285103372261 -0.282582265897352 -0.135932859826049 0.770913556625841 0.241810353512895
-0.535907872750241 -0.196356334090411 0.101472759391981 -0.094712216433557 0.537139671155390 -0.281373214129788 -0.225259242343512 1.277508645775027 0.403017255856675
-0.536387065313467 -0.193638698018490 0.100075968752729 -0.095838512645274 0.543527214384265 -0.279358127850504 -0.312642338786695 1.773082812025484 0.564224158196569
-0.536874073935164 -0.190876734876268 0.098693283717431 -0.097401724339208 0.552392628444393 -0.276537007059521 -0.397304834764967 2.253227686234149 0.725431060540349
-0.537371015177729 -0.188058441041890 0.097328734458647 -0.099388248513033 0.563658766875563 -0.272909851756820 -0.478469415821081 2.713534899210224 0.886637962881909
-0.537879918155689 -0.185172308835032 0.095986351148935 -0.101780595592138 0.577226441371614 -0.268476661942410 -0.555358767564407 3.149596081829520 1.047844865224579
-0.538402705102839 -0.182207436726128 0.094670163960854 -0.104557389429960 0.592974421780762 -0.263237437616287 -0.627195575537698 3.557002864903458 1.209051767566693
-0.538941171939377 -0.179153639545602 0.093384203066961 -0.107693367307649 0.610759436105279 -0.257192178778454 -0.693202525341441 3.931346879300079 1.370258669908808
-0.539496968839049 -0.176001558693093 0.092132498639817 -0.111159379934356 0.630416170501780 -0.250340885428910 -0.752602302553917 4.268219755840796 1.531465572250368
-0.540071580796285 -0.172742772346688 0.090919080851978 -0.114922391447125 0.651757269280984 -0.242683557567658 -0.804617592722323 4.563213125374777 1.692672474593593
-0.540666308193338 -0.169369905672149 0.089747979876005 -0.118945479410737 0.674573334907858 -0.234220195194690 -0.848471081460467 4.811918618745636 1.853879376935152
-0.541282247367429 -0.165876741032141 0.088623225884455 -0.123187834818039 0.698632928001586 -0.224950798310014 -0.883385454315544 5.009927866788111 2.015086279277822
-0.541920271177877 -0.162258328195463 0.087548849049887 -0.127604762089617 0.723682567335526 -0.214875366913625 -0.908583396883600 5.152832500345816 2.176293181618272
-0.542581009573247 -0.158511094546277 0.086528879544859 -0.132147679074035 0.749446729837255 -0.203993901005534 -0.923287594729594 5.236224150270141 2.337500083963162
-0.543264830158485 -0.154632955293334 0.085567347541931 -0.136764117047683 0.775627850588606 -0.192306400585718 -0.926720733436248 5.255694447381387 2.498706986303612
-0.543971818762060 -0.150623423679206 0.084668283213660 -0.141397720714864 0.801906322825513 -0.179812865654200 -0.918105498568522 5.206835022544265 2.659913888647392
-0.544701760003098 -0.146483721189515 0.083835716732605 -0.145988248207707 0.827940497938234 -0.166513296210963 -0.896664575722461 5.085237506580187 2.821120790987841
-0.545454117858530 -0.142216887762159 0.083073678271325 -0.150471571086319 0.853366685471135 -0.152407692256024 -0.861620650454142 4.886493530347202 2.982327693330511
-0.546228016230223 -0.137827891996545 0.082386198002378 -0.154779674338590 0.877799153122871 -0.137496053789371 -0.812196408359611 4.606194724674495 3.143534595673181
-0.547022219512125 -0.133323741362814 0.081777306098323 -0.158840656380388 0.900830126746244 -0.121778380811005 -0.747614534994945 4.239932720393469 3.304741498015296
-0.547835113157402 -0.128713592411073 0.081251032731718 -0.162578729055363 0.922029790348211 -0.105254673320929 -0.667097715951748 3.783299148398811 3.465948400357410
-0.548664684245577 -0.124008860980622 0.080811408075122 -0.165914217635121 0.940946286090205 -0.087924931319142 -0.569868636803861 3.231885639451981 3.627155302699525
-0.549508502049673 -0.119223332409184 0.080462462301094 -0.168763560819141 0.957105714287465 -0.069789154805644 -0.455149983116243 2.581283824454328 3.788362205041640
-0.550363698603346 -0.114373271742136 0.080208225582192 -0.171039310734722 0.970012133409737 -0.050847343780436 -0.322164440476058 1.827085334222822 3.949569107383755
-0.551226949268032 -0.109477533941731 0.080052728090974 -0.172650132937102 0.979147560080851 -0.031099498243517 -0.170134694470470 0.964881799603301 4.110776009725869
-0.552094453300079 -0.104557674096337 0.080000000000000 -0.173500806409455 0.983971969078867 -0.010545618194888 -0.002358385007284 0.013375066052479 1.888054968143815
-0.552962016291752 -0.099637479874292 0.079994473283229 -0.173512598334491 0.984038844409130 -0.001105343354169 0.158366189326742 -0.898139290390620 -1.275104836341856
-0.553825620128691 -0.094739739134506 0.079957068945550 -0.172720767387857 0.979548147957177 -0.007480867535878 0.305005176550743 -1.729770312661749 -2.411841860742170
-0.554681598836216 -0.089885242652536 0.079859368561352 -0.171195741505104 0.970899296393868 -0.019540076839589 0.439209588045664 -2.490881351688845 -3.403141184993297
-0.555526597304041 -0.085093018204359 0.079676589647529 -0.168999693564875 0.958444889635424 -0.036555782764555 0.561374033063444 -3.183710347720581 -4.255062713274804
-0.556357561421039 -0.080380386514875 0.079387434165874 -0.166192823399558 0.942526337896821 -0.057831096330929 0.671893120842704 -3.810495240967882 -4.973666349756267
-0.557171728210015 -0.075763017206415 0.078973937025476 -0.162833357795344 0.923473861691981 -0.082699428079711 0.771161460639824 -4.373473971683861 -5.565011998610037
-0.557966615962476 -0.071254984747247 0.078421314585112 -0.158977550492145 0.901606491833562 -0.110524488072761 0.859573661671220 -4.874884480090547 -6.035159564011239
-0.558740014373395 -0.066868824400082 0.077717813155648 -0.154679682183789 0.877232069433109 -0.140700285892817 0.937524333215478 -5.316964706407745 -6.390168950126673
-0.559489974675984 -0.062615588170576 0.076854557502431 -0.149992060517712 0.850647245901071 -0.172651130643450 1.005408084493453 -5.701952590877468 -6.636100061138683
-0.560214799776460 -0.058504900755843 0.075825399347685 -0.144965020095245 0.822137482946683 -0.205831630949144 1.063619524752646 -6.032086073721743 -6.779012801210182
-0.560913034388817 -0.054545015492953 0.074626765872909 -0.139646922471481 0.791977052578074 -0.239726694955195 1.112553263240557 -6.309603095169258 -6.824967074521293
-0.561583455169594 -0.050742870307442 0.073257508221270 -0.134084156155279 0.760429037102228 -0.273851530327801 1.152603909200245 -6.536741595457585 -6.780022785239925
-0.562225060852640 -0.047104143661817 0.071718750000000 -0.128321136609277 0.727745329124940 -0.307751644254001 1.184166071865889 -6.715739514804309 -6.650239837540095
-0.562837062383890 -0.043633310504062 0.070013735782791 -0.122400306249948 0.694166631550919 -0.341002843441701 1.207634360502752 -6.848834793451442 -6.441678135596374
-0.563418873056127 -0.040333698216144 0.068147679612193 -0.116362134447434 0.659922457583662 -0.373211234119683 1.223403384331689 -6.938265371618790 -6.160397583580557
-0.563970098643756 -0.037207542562516 0.066127613502005 -0.110245117525776 0.625231130725568 -0.404013222037586 1.231867752604643 -6.986269189539485 -5.812458085662220
-0.564490527537570 -0.034256043638627 0.063962235939676 -0.104085778762752 0.590299784777870 -0.433075512465897 1.233422074577994 -6.995084187446654 -5.403919546018431
-0.564980120879519 -0.031479421819424 0.061661760388696 -0.097918668389863 0.555324363840637 -0.460095110195989 1.228460959468158 -6.966948305555665 -4.940841868820711
-0.565439002697481 -0.028876973707859 0.059237763790995 -0.091776363592522 0.520489622312859 -0.484799319540093 1.217379016549280 -6.904099484117410 -4.429284958240853
-0.565867450040030 -0.026447128083398 0.056703035069339 -0.085689468509775 0.485969124892272 -0.506945744331297 1.200570855033334 -6.808775663345035 -3.875308718451476
-0.566265883111203 -0.024187501850520 0.054071423629721 -0.079686614234609 0.451925246575546 -0.526322287923554 1.178431084198905 -6.683214783471669 -3.284973053625806
-0.566634855405271 -0.022094955987229 0.051357687863763 -0.073794458813614 0.418509172658188 -0.542747153191683 1.151354313262409 -6.529654784728223 -2.664337867937228
-0.566975043841508 -0.020165651493556 0.048577343651106 -0.068037687247302 0.385860898734547 -0.556068842531369 1.119735151471346 -6.350333607347824 -2.019463065557892
-0.567287238898958 -0.018395105340067 0.045746512861810 -0.062439011489945 0.354109230697808 -0.566166157859159 1.083968208082098 -6.147489191550282 -1.356408550658728
-0.567572334751205 -0.016778246416367 0.042881771858748 -0.057019170449535 0.323371784740056 -0.572948200612453 1.044448092337724 -5.923359477575385 -0.681234227416772
-0.567831319401145 -0.015309471479606 0.040000000000000 -0.051796929987846 0.293754987352179 -0.576354371749536 1.001569413454639 -5.680182405642942 0.000000000000822
-0.568065264815747 -0.013982701102986 0.037118228141252 -0.046789082920573 0.265354075323965 -0.576354371749532 0.955726780720312 -5.420195915992743 0.681234227415395
-0.568275317060832 -0.012791435624266 0.034253487138190 -0.042010449016971 0.238253095744001 -0.572948200612455 0.907314803333392 -5.145637948846815 1.356408550659549
-0.568462686435834 -0.011728811094268 0.031422656348894 -0.037473875000305 0.212524905999767 -0.566166157859158 0.856728090576908 -4.858746444433848 2.019463065556648
-0.568628637608571 -0.010787655225380 0.028642312136237 -0.033190234547420 0.188231173777598 -0.556068842531374 0.804361251671715 -4.561759342984750 2.664337867939448
-0.568774479750016 -0.009960543340066 0.025928576370279 -0.029168428289061 0.165422377062674 -0.542747153191677 0.750608895856431 -4.256914584739313 3.284973053624007
-0.568901556669065 -0.009239854319371 0.023296964930661 -0.025415383809779 0.144137804138977 -0.526322287923557 0.695865632396320 -3.946450109908461 3.875308718451476
-0.569011236947304 -0.008617826551424 0.020762236209005 -0.021936055647798 0.124405553589435 -0.506945744331300 0.640526070525560 -3.632603858736427 4.429284958241131
-0.569104904073780 -0.008086613879945 0.018338239611304 -0.018733425295170 0.106242534295753 -0.484799319540094 0.584984819469447 -3.317613771438577 4.940841868820988
-0.569183946579769 -0.007638341552753 0.016037764060324 -0.015808501197823 0.089654465438560 -0.460095110195989 0.529636488506569 -3.003717788268023 5.403919546019542
-0.569249748173546 -0.007265162170267 0.013872386497995 -0.013160318755290 0.074635876497220 -0.433075512465891 0.474875686853338 -2.693153849424590 5.812458085661665
-0.569303677875151 -0.006959311634016 0.011852320387807 -0.010785940321023 0.061170107250097 -0.404013222037583 0.421097023761696 -2.388159895156949 6.160397583580557
-0.569347080151162 -0.006713165095144 0.009986264217209 -0.008680455202215 0.049229307774312 -0.373211234119680 0.368695108479145 -2.090973865691570 6.441678135594708
-0.569381265049461 -0.006519292902915 0.008281250000000 -0.006836979659819 0.038774438445854 -0.341002843441707 0.318064550244301 -1.803833701257140 6.650239837540650
-0.569407498334004 -0.006370516553217 0.006742491778730 -0.005246656908597 0.029755269939569 -0.307751644254003 0.269599958295785 -1.528977342077908 6.780022785241591
-0.569426991619589 -0.006259964637071 0.005373234127091 -0.003898657117118 0.022110383229179 -0.273851530327796 0.223695941898860 -1.268642728389224 6.824967074517962
-0.569440892506628 -0.006181128789135 0.004174600652315 -0.002780177407624 0.015767169587233 -0.239726694955206 0.180747110265500 -1.025067800421997 6.779012801212403
-0.569450274715909 -0.006127919636210 0.003145442497569 -0.001876441856297 0.010641830585123 -0.205831630949144 0.141148072669850 -0.800490498398254 6.636100061138128
-0.569456128223374 -0.006094722745744 0.002282186844352 -0.001170701492947 0.006639378093132 -0.172651130643453 0.105293438337206 -0.597148762546684 6.390168950126673
-0.569459349394880 -0.006076454574342 0.001578685414888 -0.000644234301261 0.003653634280398 -0.140700285892820 0.073577816506187 -0.417280533111519 6.035159564017345
-0.569460731120974 -0.006068618416268 0.001026062974524 -0.000276345218730 0.001567231614841 -0.110524488072733 0.046395816450939 -0.263123750308125 5.565011998601710
-0.569460952951656 -0.006067360351951 0.000612565834126 -0.000044366136476 0.000251612863300 -0.082699428079724 0.024142047370113 -0.136916354371852 4.973666349754602
-0.569460571231154 -0.006069525196494 0.000323410352471 0.000076344100375 -0.000432968908559 -0.057831096330951 0.007211118551176 -0.040896285526948 4.255062713276470
-0.569460009232689 -0.006072712448175 0.000140631438648 0.000112399693131 -0.000637450336194 -0.036555782764569 -0.004002360789457 0.022698516000119 3.403141185003289
-0.569459547293243 -0.006075332236956 0.000042931054450 0.000092387889183 -0.000523957756193 -0.019540076839553 -0.009103781408726 0.051630109956236 2.411841860734398
-0.569459312948332 -0.006076661272988 0.000005526716771 0.000046868982140 -0.000265807206412 -0.007480867535881 -0.007698534036926 0.043660556139358 1.275104836337970
-0.569459271066772 -0.006076898795117 -0.000000000000000 0.000008376311955 -0.000047504425715 -0.001105343354191 -0.001675262391032 0.009500885143066 0.221068670842595
-0.569459271066772 -0.006076898795117 0.000000000000000 0.000000000000000 0.000000000000000 0.000000000000022 -0.001675262391032 0.009500885143066 0.359236590100948
-0.569459312948332 -0.006076661272988 0.000008980914753 -0.000008376311955 0.000047504425715 0.001796182950527 -0.007698534036926 0.043660556139358 2.072045359056055
-0.569459547293243 -0.006075332236956 0.000069762963482 -0.000046868982140 0.000265807206412 0.012156409745807 -0.009103781408726 0.051630109956236 3.919243023703652
-0.569460009232689 -0.006072712448175 0.000228526087803 -0.000092387889183 0.000523957756193 0.031752624864325 -0.004002360789457 0.022698516000119 5.530104425615350
-0.569460571231154 -0.006069525196494 0.000525541822765 -0.000112399693131 0.000637450336194 0.059403146992402 0.007211118551176 -0.040896285526948 6.914476909071817
-0.569460952951656 -0.006067360351951 0.000995419480454 -0.000076344100375 0.000432968908559 0.093975531537761 0.024142047370113 -0.136916354371852 8.082207818353682
-0.569460731120974 -0.006068618416268 0.001667352333602 0.000044366136476 -0.000251612863300 0.134386570629530 0.046395816450939 -0.263123750308125 9.043144497741679
-0.569459349394880 -0.006076454574342 0.002565363799193 0.000276345218730 -0.001567231614841 0.179602293118238 0.073577816506187 -0.417280533111519 9.807134291516434
-0.569456128223374 -0.006094722745744 0.003708553622072 0.000644234301261 -0.003653634280398 0.228637964575820 0.105293438337206 -0.597148762546684 10.384024543958519
-0.569450274715909 -0.006127919636210 0.005111344058550 0.001170701492947 -0.006639378093132 0.280558087295613 0.141148072669850 -0.800490498398254 10.783662599348775
-0.569440892506628 -0.006181128789135 0.006783726060012 0.001876441856297 -0.010641830585123 0.334476400292357 0.180747110265500 -1.025067800421997 11.015895801967689
-0.569426991619589 -0.006259964637071 0.008731505456523 0.002780177407624 -0.015767169587233 0.389555879302195 0.223695941898860 -1.268642728389224 11.090571496096102
-0.569407498334004 -0.006370516553217 0.010956549140436 0.003898657117118 -0.022110383229179 0.445008736782676 0.269599958295785 -1.528977342077908 11.017537026014468
-0.569381265049461 -0.006519292902915 0.013457031250000 0.005246656908597 -0.029755269939569 0.500096421912748 0.318064550244301 -1.803833701257140 10.806639736003619
-0.569347080151162 -0.006713165095144 0.016227679352964 0.006836979659819 -0.038774438445854 0.554129620592766 0.368695108479145 -2.090973865691570 10.467726970344238
-0.569303677875151 -0.006959311634016 0.019260020630186 0.008680455202215 -0.049229307774312 0.606468255444487 0.421097023761696 -2.388159895156949 10.010646073316808
-0.569249748173546 -0.007265162170267 0.022542628059242 0.010785940321023 -0.061170107250097 0.656521485811071 0.474875686853338 -2.693153849424590 9.445244389201934
-0.569183946579769 -0.007638341552753 0.026061366598027 0.013160318755290 -0.074635876497220 0.703747707757081 0.529636488506569 -3.003717788268023 8.781369262280835
-0.569104904073780 -0.008086613879945 0.029799639368369 0.015808501197823 -0.089654465438560 0.747654554068485 0.584984819469447 -3.317613771438577 8.028868036833291
-0.569011236947304 -0.008617826551424 0.033738633839633 0.018733425295170 -0.106242534295753 0.787798894252652 0.640526070525560 -3.632603858736427 7.197588057141213
-0.568901556669065 -0.009239854319371 0.037857568012325 0.021936055647798 -0.124405553589435 0.823786834538358 0.695865632396320 -3.946450109908461 6.297376667483423
-0.568774479750016 -0.009960543340066 0.042133936601703 0.025415383809779 -0.144137804138977 0.855273717875775 0.750608895856431 -4.256914584739313 5.338081212142032
-0.568628637608571 -0.010787655225380 0.046543757221386 0.029168428289061 -0.165422377062674 0.881964123936485 0.804361251671715 -4.561759342984750 4.329549035398661
-0.568462686435834 -0.011728811094268 0.051061816566953 0.033190234547420 -0.188231173777598 0.903611869113478 0.856728090576908 -4.858746444433848 3.281627481529781
-0.568275317060832 -0.012791435624266 0.055661916599559 0.037473875000305 -0.212524905999767 0.920020006521127 0.907314803333392 -5.145637948846815 2.204163894822253
-0.568065264815747 -0.013982701102986 0.060317120729535 0.042010449016971 -0.238253095744001 0.931040825995239 0.955726780720312 -5.420195915992743 1.107005619551393
-0.567831319401145 -0.015309471479606 0.065000000000000 0.046789082920573 -0.265354075323965 0.936575854092995 1.001569413454639 -5.680182405642942 -0.000000000000822
-0.567572334751205 -0.016778246416367 0.069682879270465 0.051796929987846 -0.293754987352179 0.936575854092991 1.044448092337724 -5.923359477575385 -1.107005619550572
-0.567287238898958 -0.018395105340067 0.074338083400441 0.057019170449535 -0.323371784740056 0.931040825995239 1.083968208082098 -6.147489191550282 -2.204163894821143
-0.566975043841508 -0.020165651493556 0.078938183433047 0.062439011489945 -0.354109230697808 0.920020006521133 1.119735151471346 -6.350333607347824 -3.281627481530602
-0.566634855405271 -0.022094955987229 0.083456242778614 0.068037687247302 -0.385860898734547 0.903611869113480 1.151354313262409 -6.529654784728223 -4.329549035398950
-0.566265883111203 -0.024187501850520 0.087866063398297 0.073794458813614 -0.418509172658188 0.881964123936485 1.178431084198905 -6.683214783471669 -5.338081212142298
-0.565867450040030 -0.026447128083398 0.092142431987676 0.079686614234609 -0.451925246575546 0.855273717875774 1.200570855033334 -6.808775663345035 -6.297376667483978
-0.565439002697481 -0.028876973707859 0.096261366160367 0.085689468509775 -0.485969124892272 0.823786834538354 1.217379016549280 -6.904099484117410 -7.197588057140103
-0.564980120879519 -0.031479421819424 0.100200360631631 0.091776363592522 -0.520489622312859 0.787798894252653 1.228460959468158 -6.966948305555665 -8.028868036831781
-0.564490527537570 -0.034256043638627 0.103938633401973 0.097918668389863 -0.555324363840637 0.747654554068494 1.233422074577994 -6.995084187446654 -8.781369262283455
-0.563970098643756 -0.037207542562516 0.107457371940758 0.104085778762752 -0.590299784777870 0.703747707757077 1.231867752604643 -6.986269189539485 -9.445244389202356
-0.563418873056127 -0.040333698216144 0.110739979369814 0.110245117525776 -0.625231130725568 0.656521485811065 1.223403384331689 -6.938265371618790 -10.010646073315698
-0.562837062383890 -0.043633310504062 0.113772320647036 0.116362134447434 -0.659922457583662 0.606468255444487 1.207634360502752 -6.848834793451442 -10.467726970340152
-0.562225060852640 -0.047104143661817 0.116542968750000 0.122400306249948 -0.694166631550919 0.554129620592786 1.184166071865889 -6.715739514804309 -10.806639736008483
-0.561583455169594 -0.050742870307442 0.119043450859564 0.128321136609277 -0.727745329124940 0.500096421912744 1.152603909200245 -6.536741595457585 -11.017537026013491
-0.560913034388817 -0.054545015492953 0.121268494543477 0.134084156155279 -0.760429037102228 0.445008736782676 1.112553263240557 -6.309603095169258 -11.090571496097379
-0.560214799776460 -0.058504900755843 0.123216273939988 0.139646922471481 -0.791977052578074 0.389555879302189 1.063619524752646 -6.032086073721743 -11.015895801965714
-0.559489974675984 -0.062615588170576 0.124888655941450 0.144965020095245 -0.822137482946683 0.334476400292361 1.005408084493453 -5.701952590877468 -10.783662599351818
-0.558740014373395 -0.066868824400082 0.126291446377928 0.149992060517712 -0.850647245901071 0.280558087295601 0.937524333215478 -5.316964706407745 -10.384024543950154
-0.557966615962476 -0.071254984747247 0.127434636200807 0.154679682183789 -0.877232069433109 0.228637964575851 0.859573661671220 -4.874884480090547 -9.807134291524022
-0.557171728210015 -0.075763017206415 0.128332647666398 0.158977550492145 -0.901606491833562 0.179602293118231 0.771161460639824 -4.373473971683861 -9.043144497744571
-0.556357561421039 -0.080380386514875 0.129004580519546 0.162833357795344 -0.923473861691981 0.134386570629508 0.671893120842704 -3.810495240967882 -8.082207818349563
-0.555526597304041 -0.085093018204359 0.129474458177235 0.166192823399558 -0.942526337896821 0.093975531537760 0.561374033063444 -3.183710347720581 -6.914476909067879
-0.554681598836216 -0.089885242652536 0.129771473912197 0.168999693564875 -0.958444889635424 0.059403146992421 0.439209588045664 -2.490881351688845 -5.530104425623961
-0.553825620128691 -0.094739739134506 0.129930237036518 0.171195741505104 -0.970899296393868 0.031752624864301 0.305005176550743 -1.729770312661749 -3.919243023697838
-0.552962016291752 -0.099637479874292 0.129991019085247 0.172720767387857 -0.979548147957177 0.012156409745812 0.158366189326742 -0.898139290390620 -2.072045359051700
-0.552094453300079 -0.104557674096337 0.130000000000000 0.173512598334491 -0.984038844409130 0.001796182950553 -0.002358385007284 0.013375066052479 -2.468360229092026
-0.551226949268032 -0.109477533941731 0.129947271909026 0.173500806409455 -0.983971969078867 -0.010545618194907 -0.170134694470470 0.964881799603301 -4.110776009722539
-0.550363698603346 -0.114373271742136 0.129791774417808 0.172650132937102 -0.979147560080851 -0.031099498243520 -0.322164440476058 1.827085334222822 -3.949569107383200
-0.549508502049673 -0.119223332409184 0.129537537698906 0.171039310734722 -0.970012133409737 -0.050847343780436 -0.455149983116243 2.581283824454328 -3.788362205041640
-0.548664684245577 -0.124008860980622 0.129188591924878 0.168763560819141 -0.957105714287465 -0.069789154805644 -0.569868636803861 3.231885639451981 -3.627155302698970
-0.547835113157402 -0.128713592411073 0.128748967268282 0.165914217635121 -0.940946286090205 -0.087924931319139 -0.667097715951748 3.783299148398811 -3.465948400358521
-0.547022219512125 -0.133323741362814 0.128222693901677 0.162578729055363 -0.922029790348211 -0.105254673320931 -0.747614534994945 4.239932720393469 -3.304741498014740
-0.546228016230223 -0.137827891996545 0.127613801997622 0.158840656380388 -0.900830126746244 -0.121778380811005 -0.812196408359611 4.606194724674495 -3.143534595673181
-0.545454117858530 -0.142216887762159 0.126926321728675 0.154779674338590 -0.877799153122871 -0.137496053789371 -0.861620650454142 4.886493530347202 -2.982327693330511
-0.544701760003098 -0.146483721189515 0.126164283267395 0.150471571086319 -0.853366685471135 -0.152407692256024 -0.896664575722461 5.085237506580187 -2.821120790987841
-0.543971818762060 -0.150623423679206 0.125331716786340 0.145988248207707 -0.827940497938234 -0.166513296210963 -0.918105498568522 5.206835022544265 -2.659913888647947
-0.543264830158485 -0.154632955293334 0.124432652458069 0.141397720714864 -0.801906322825513 -0.179812865654203 -0.926720733436248 5.255694447381387 -2.498706986303056
-0.542581009573247 -0.158511094546277 0.123471120455141 0.136764117047683 -0.775627850588606 -0.192306400585718 -0.923287594729594 5.236224150270141 -2.337500083961497
-0.541920271177877 -0.162258328195463 0.122451150950113 0.132147679074035 -0.749446729837255 -0.203993901005525 -0.908583396883600 5.152832500345816 -2.176293181620492
-0.541282247367429 -0.165876741032141 0.121376774115545 0.127604762089617 -0.723682567335526 -0.214875366913628 -0.883385454315544 5.009927866788111 -2.015086279277267
-0.540666308193338 -0.169369905672149 0.120252020123995 0.123187834818039 -0.698632928001586 -0.224950798310014 -0.848471081460467 4.811918618745636 -1.853879376935708
-0.540071580796285 -0.172742772346688 0.119080919148022 0.118945479410737 -0.674573334907858 -0.234220195194693 -0.804617592722323 4.563213125374777 -1.692672474592483
-0.539496968839049 -0.176001558693093 0.117867501360183 0.114922391447125 -0.651757269280984 -0.242683557567655 -0.752602302553917 4.268219755840796 -1.531465572251478
-0.538941171939377 -0.179153639545602 0.116615796933039 0.111159379934356 -0.630416170501780 -0.250340885428912 -0.693202525341441 3.931346879300079 -1.370258669908253
-0.538402705102839 -0.182207436726128 0.115329836039146 0.107693367307649 -0.610759436105279 -0.257192178778454 -0.627195575537698 3.557002864903458 -1.209051767566693
-0.537879918155689 -0.185172308835032 0.114013648851065 0.104557389429960 -0.592974421780762 -0.263237437616287 -0.555358767564407 3.149596081829520 -1.047844865224579
-0.537371015177729 -0.188058441041890 0.112671265541353 0.101780595592138 -0.577226441371614 -0.268476661942410 -0.478469415821081 2.713534899210224 -0.886637962881354
-0.536874073935164 -0.190876734876268 0.111306716282569 0.099388248513033 -0.563658766875563 -0.272909851756817 -0.397304834764967 2.253227686234149 -0.725431060540904
-0.536387065313467 -0.193638698018490 0.109924031247271 0.097401724339208 -0.552392628444393 -0.276537007059521 -0.312642338786695 1.773082812025484 -0.564224158197124
-0.535907872750241 -0.196356334090411 0.108527240608019 0.095838512645274 -0.543527214384265 -0.279358127850507 -0.225259242343512 1.277508645775027 -0.403017255855564
-0.535434311668073 -0.199042032446188 0.107120374537370 0.094712216433557 -0.537139671155390 -0.281373214129785 -0.135932859826049 0.770913556625841 -0.241810353513450
-0.534964148907401 -0.201708457963049 0.105707463207883 0.094032552134427 -0.533285103372261 -0.282582265897352 -0.045440505678229 0.257705913733197 -0.080603451170780
-0.534495122159371 -0.204368440832067 0.104292536792117 0.093805349606035 -0.531996573803595 -0.282985283153206 0.045440505682670 -0.257705913734307 0.080603451170780
-0.534024959398699 -0.207034866348929 0.102879625462630 0.094032552134449 -0.533285103372266 -0.282582265897352 0.135932859821608 -0.770913556623620 0.241810353512895
-0.533551398316531 -0.209720564704706 0.101472759391981 0.094712216433557 -0.537139671155384 -0.281373214129788 0.225259242339071 -1.277508645775027 0.403017255856675
-0.533072205753305 -0.212438200776627 0.100075968752729 0.095838512645252 -0.543527214384260 -0.279358127850504 0.312642338795577 -1.773082812029925 0.564224158196569
-0.532585197131609 -0.215200163918849 0.098693283717431 0.097401724339230 -0.552392628444409 -0.276537007059521 0.397304834756085 -2.253227686227488 0.725431060540349
-0.532088255889044 -0.218018457753227 0.097328734458647 0.099388248513010 -0.563658766875547 -0.272909851756820 0.478469415829963 -2.713534899214665 0.886637962881909
-0.531579352911083 -0.220904589960085 0.095986351148935 0.101780595592160 -0.577226441371620 -0.268476661942410 0.555358767555525 -3.149596081826189 1.047844865224579
-0.531056565963933 -0.223869462068989 0.094670163960854 0.104557389429938 -0.592974421780751 -0.263237437616287 0.627195575542139 -3.557002864905678 1.209051767566693
-0.530518099127395 -0.226923259249515 0.093384203066961 0.107693367307649 -0.610759436105279 -0.257192178778454 0.693202525345882 -3.931346879300079 1.370258669908808
-0.529962302227723 -0.230075340102024 0.092132498639817 0.111159379934378 -0.630416170501780 -0.250340885428910 0.752602302545036 -4.268219755839686 1.531465572250368
-0.529387690270487 -0.233334126448429 0.090919080851978 0.114922391447103 -0.651757269280978 -0.242683557567658 0.804617592726764 -4.563213125376997 1.692672474593593
-0.528792962873434 -0.236706993122968 0.089747979876005 0.118945479410737 -0.674573334907863 -0.234220195194690 0.848471081460467 -4.811918618743416 1.853879376935152
-0.528177023699343 -0.240200157762976 0.088623225884455 0.123187834818039 -0.698632928001580 -0.224950798310014 0.883385454315544 -5.009927866789221 2.015086279277822
-0.527538999888895 -0.243818570599654 0.087548849049887 0.127604762089617 -0.723682567335526 -0.214875366913625 0.908583396883600 -5.152832500344706 2.176293181618272
-0.526878261493525 -0.247565804248840 0.086528879544859 0.132147679074035 -0.749446729837250 -0.203993901005534 0.923287594729594 -5.236224150271251 2.337500083963162
-0.526194440908287 -0.251443943501783 0.085567347541931 0.136764117047683 -0.775627850588606 -0.192306400585718 0.926720733436248 -5.255694447380277 2.498706986303612
-0.525487452304712 -0.255453475115910 0.084668283213660 0.141397720714864 -0.801906322825507 -0.179812865654200 0.918105498568522 -5.206835022546485 2.659913888647392
-0.524757511063674 -0.259593177605602 0.083835716732605 0.145988248207707 -0.827940497938240 -0.166513296210963 0.896664575722461 -5.085237506579077 2.821120790987841
-0.524005153208242 -0.263860011032957 0.083073678271325 0.150471571086319 -0.853366685471135 -0.152407692256024 0.861620650454142 -4.886493530340541 2.982327693330511
-0.523231254836549 -0.268249006798571 0.082386198002378 0.154779674338590 -0.877799153122838 -0.137496053789371 0.812196408359611 -4.606194724678936 3.143534595673181
-0.522437051554647 -0.272753157432303 0.081777306098323 0.158840656380388 -0.900830126746233 -0.121778380811005 0.747614534994945 -4.239932720402351 3.304741498015296
-0.521624157909371 -0.277363306384044 0.081251032731718 0.162578729055363 -0.922029790348244 -0.105254673320929 0.667097715956189 -3.783299148387709 3.465948400357410
-0.520794586821195 -0.282068037814495 0.080811408075122 0.165914217635144 -0.940946286090183 -0.087924931319142 0.569868636794979 -3.231885639456422 3.627155302699525
-0.519950769017099 -0.286853566385932 0.080462462301094 0.168763560819118 -0.957105714287465 -0.069789154805644 0.455149983120684 -2.581283824452107 3.788362205041640
-0.519095572463426 -0.291703627052981 0.080208225582192 0.171039310734722 -0.970012133409726 -0.050847343780436 0.322164440476058 -1.827085334220602 3.949569107383755
-0.518232321798740 -0.296599364853385 0.080052728090974 0.172650132937102 -0.979147560080829 -0.031099498243517 0.170134694466029 -0.964881799594419 4.110776009725869
-0.517364817766693 -0.301519224698779 0.080000000000000 0.173500806409432 -0.983971969078801 -0.010545618194888 0.002358385016166 -0.013375066085786 1.888054968143815
-0.516497254775021 -0.306439418920825 0.079994473283229 0.173512598334513 -0.984038844409230 -0.001105343354169 -0.158366189326742 0.898139290408384 -1.275104836341856
-0.515633650938081 -0.311337159660611 0.079957068945550 0.172720767387879 -0.979548147957188 -0.007480867535878 -0.305005176559625 1.729770312666190 -2.411841860742170
-0.514777672230556 -0.316191656142580 0.079859368561352 0.171195741505081 -0.970899296393857 -0.019540076839589 -0.439209588041223 2.490881351684404 -3.403141184993297
-0.513932673762731 -0.320983880590757 0.079676589647529 0.168999693564875 -0.958444889635435 -0.036555782764555 -0.561374033063444 3.183710347720581 -4.255062713274804
-0.513101709645734 -0.325696512280242 0.079387434165874 0.166192823399558 -0.942526337896832 -0.057831096330929 -0.671893120842704 3.810495240970102 -4.973666349756267
-0.512287542856757 -0.330313881588702 0.078973937025476 0.162833357795344 -0.923473861691981 -0.082699428079711 -0.771161460635383 4.373473971686082 -5.565011998610037
-0.511492655104296 -0.334821914047869 0.078421314585112 0.158977550492168 -0.901606491833551 -0.110524488072761 -0.859573661680102 4.874884480083885 -6.035159564011239
-0.510719256693377 -0.339208074395035 0.077717813155648 0.154679682183767 -0.877232069433131 -0.140700285892817 -0.937524333211037 5.316964706416627 -6.390168950126673
-0.509969296390789 -0.343461310624540 0.076854557502431 0.149992060517712 -0.850647245901048 -0.172651130643450 -1.005408084493453 5.701952590868586 -6.636100061138683
-0.509244471290312 -0.347571998039274 0.075825399347685 0.144965020095245 -0.822137482946705 -0.205831630949144 -1.063619524752646 6.032086073728404 -6.779012801210182
-0.508546236677955 -0.351531883302164 0.074626765872909 0.139646922471481 -0.791977052578063 -0.239726694955195 -1.112553263240557 6.309603095162597 -6.824967074521293
-0.507875815897179 -0.355334028487675 0.073257508221270 0.134084156155279 -0.760429037102250 -0.273851530327801 -1.152603909195804 6.536741595462026 -6.780022785239925
-0.507234210214132 -0.358972755133300 0.071718750000000 0.128321136609300 -0.727745329124940 -0.307751644254001 -1.184166071874770 6.715739514806529 -6.650239837540095
-0.506622208682882 -0.362443588291054 0.070013735782791 0.122400306249926 -0.694166631550908 -0.341002843441701 -1.207634360498311 6.848834793447001 -6.441678135596374
-0.506040398010645 -0.365743200578973 0.068147679612193 0.116362134447434 -0.659922457583673 -0.373211234119683 -1.223403384327248 6.938265371621011 -6.160397583580557
-0.505489172423016 -0.368869356232601 0.066127613502005 0.110245117525798 -0.625231130725568 -0.404013222037586 -1.231867752613525 6.986269189541705 -5.812458085662220
-0.504968743529203 -0.371820855156490 0.063962235939676 0.104085778762730 -0.590299784777859 -0.433075512465897 -1.233422074573554 6.995084187439993 -5.403919546018431
-0.504479150187253 -0.374597476975693 0.061661760388696 0.097918668389863 -0.555324363840659 -0.460095110195989 -1.228460959468158 6.966948305562326 -4.940841868820711
-0.504020268369291 -0.377199925087258 0.059237763790995 0.091776363592522 -0.520489622312847 -0.484799319540093 -1.217379016544839 6.904099484115189 -4.429284958240853
-0.503591821026742 -0.379629770711719 0.056703035069339 0.085689468509798 -0.485969124892272 -0.506945744331297 -1.200570855042216 6.808775663342814 -3.875308718451476
-0.503193387955569 -0.381889396944597 0.054071423629721 0.079686614234586 -0.451925246575557 -0.526322287923554 -1.178431084194465 6.683214783473890 -3.284973053625806
-0.502824415661501 -0.383981942807888 0.051357687863763 0.073794458813614 -0.418509172658188 -0.542747153191683 -1.151354313257968 6.529654784728223 -2.664337867937228
-0.502484227225264 -0.385911247301560 0.048577343651106 0.068037687247324 -0.385860898734547 -0.556068842531369 -1.119735151475787 6.350333607347824 -2.019463065557892
-0.502172032167814 -0.387681793455049 0.045746512861810 0.062439011489945 -0.354109230697808 -0.566166157859159 -1.083968208086539 6.147489191550282 -1.356408550658728
-0.501886936315567 -0.389298652378750 0.042881771858748 0.057019170449513 -0.323371784740056 -0.572948200612453 -1.044448092328842 5.923359477575385 -0.681234227416772
-0.501627951665627 -0.390767427315511 0.040000000000000 0.051796929987868 -0.293754987352179 -0.576354371749536 -1.001569413463521 5.680182405645162 0.000000000000822
-0.501394006251025 -0.392094197692130 0.037118228141252 0.046789082920551 -0.265354075323954 -0.576354371749532 -0.955726780711430 5.420195915990522 0.681234227415395
-0.501183954005940 -0.393285463170850 0.034253487138190 0.042010449016994 -0.238253095744001 -0.572948200612455 -0.907314803342274 5.145637948846815 1.356408550659549
-0.500996584630938 -0.394348087700849 0.031422656348894 0.037473875000282 -0.212524905999767 -0.566166157859158 -0.856728090572467 4.858746444429407 2.019463065556648
-0.500830633458201 -0.395289243569737 0.028642312136237 0.033190234547420 -0.188231173777620 -0.556068842531374 -0.804361251667274 4.561759342993632 2.664337867939448
-0.500684791316756 -0.396116355455051 0.025928576370279 0.029168428289084 -0.165422377062652 -0.542747153191677 -0.750608895865312 4.256914584734872 3.284973053624007
-0.500557714397707 -0.396837044475745 0.023296964930661 0.025415383809757 -0.144137804138977 -0.526322287923557 -0.695865632391879 3.946450109906241 3.875308718451476
-0.500448034119468 -0.397459072243693 0.020762236209005 0.021936055647798 -0.124405553589446 -0.506945744331300 -0.640526070521119 3.632603858738648 4.429284958241131
-0.500354366992992 -0.397990284915171 0.018338239611304 0.018733425295192 -0.106242534295753 -0.484799319540094 -0.584984819478329 3.317613771440797 4.940841868820988
-0.500275324487003 -0.398438557242364 0.016037764060324 0.015808501197800 -0.089654465438549 -0.460095110195989 -0.529636488502128 3.003717788263582 5.403919546019542
-0.500209522893227 -0.398811736624850 0.013872386497995 0.013160318755290 -0.074635876497231 -0.433075512465891 -0.474875686853338 2.693153849426810 5.812458085661665
-0.500155593191622 -0.399117587161101 0.011852320387807 0.010785940321023 -0.061170107250097 -0.404013222037583 -0.421097023761696 2.388159895159170 6.160397583580557
-0.500112190915610 -0.399363733699972 0.009986264217209 0.008680455202215 -0.049229307774301 -0.373211234119680 -0.368695108479145 2.090973865691570 6.441678135594708
-0.500078006017311 -0.399557605892202 0.008281250000000 0.006836979659819 -0.038774438445843 -0.341002843441707 -0.318064550239860 1.803833701252699 6.650239837540650
-0.500051772732768 -0.399706382241899 0.006742491778730 0.005246656908620 -0.029755269939580 -0.307751644254003 -0.269599958304667 1.528977342082349 6.780022785241591
-0.500032279447183 -0.399816934158045 0.005373234127091 0.003898657117096 -0.022110383229168 -0.273851530327796 -0.223695941889979 1.268642728389224 6.824967074517962
-0.500018378560145 -0.399895770005981 0.004174600652315 0.002780177407646 -0.015767169587222 -0.239726694955206 -0.180747110274382 1.025067800417556 6.779012801212403
-0.500008996350863 -0.399948979158907 0.003145442497569 0.001876441856274 -0.010641830585134 -0.205831630949144 -0.141148072665409 0.800490498396034 6.636100061138128
-0.500003142843398 -0.399982176049373 0.002282186844352 0.001170701492947 -0.006639378093154 -0.172651130643453 -0.105293438332765 0.597148762551125 6.390168950126673
-0.499999921671892 -0.400000444220775 0.001578685414888 0.000644234301284 -0.003653634280398 -0.140700285892820 -0.073577816515069 0.417280533115960 6.035159564017345
-0.499998539945798 -0.400008280378849 0.001026062974524 0.000276345218708 -0.001567231614819 -0.110524488072733 -0.046395816444278 0.263123750305905 5.565011998601710
-0.499998318115116 -0.400009538443165 0.000612565834126 0.000044366136487 -0.000251612863289 -0.082699428079724 -0.024142047372333 0.136916354367411 4.973666349754602
-0.499998699835618 -0.400007373598623 0.000323410352471 -0.000076344100375 0.000432968908548 -0.057831096330951 -0.007211118551176 0.040896285524727 4.255062713276470
-0.499999261834084 -0.400004186346942 0.000140631438648 -0.000112399693131 0.000637450336172 -0.036555782764569 0.004002360791677 -0.022698515989017 3.403141185003289
-0.499999723773529 -0.400001566558161 0.000042931054450 -0.000092387889172 0.000523957756227 -0.019540076839553 0.009103781402064 -0.051630109962897 2.411841860734398
-0.499999958118440 -0.400000237522129 0.000005526716771 -0.000046868982162 0.000265807206412 -0.007480867535881 0.007698534041367 -0.043660556141578 1.275104836337970
