-0.500000035912975 -0.399999796327398 0.000010714319257 -0.000007182594985 0.000040734520379 0.002142863851410 -0.010611847631736 0.060182778545137 2.465844361464745
-0.500000337122141 -0.399998088085333 0.000083074747551 -0.000060241833144 0.000341648413105 0.014472085658733 -0.026524455285504 0.150427661025354 4.647274423678797
-0.500001301442689 -0.399992619151741 0.000271617036436 -0.000192864109572 0.001093786718231 0.037708457777127 -0.047857573850507 0.271413788521802 6.530483667261061
-0.500003462202583 -0.399980364873437 0.000623421417004 -0.000432151978824 0.002450855660840 0.070360876113433 -0.074212853329314 0.420882005860435 8.128726350817372
-0.500007478283810 -0.399957588544987 0.001178443956341 -0.000803216245471 0.004555265690143 0.111004507867519 -0.105191943693406 0.596573157851665 9.455256732953604
-0.500014124163630 -0.399919897887590 0.001969847914003 -0.001329175963938 0.007538131479401 0.158280791532287 -0.140396494945350 0.796228089305906 10.523329072275688
-0.500024279955823 -0.399862301527960 0.003024335098471 -0.002031158438665 0.011519271925930 0.210897436893666 -0.179428157056627 1.017587645035789 11.346197627389243
-0.500038921451943 -0.399779265477204 0.004362477223624 -0.002928299223948 0.016607210151109 0.267628425030612 -0.221888580016483 1.258392669849506 11.937116656900448
-0.500059110162563 -0.399664769609703 0.005999047265200 -0.004037742124030 0.022899173500357 0.327314008315114 -0.267379413831925 1.516384008588556 12.309340419415049
-0.500085983358529 -0.399512364141986 0.007943350817260 -0.005374639193190 0.030481093543300 0.388860710412190 -0.315502308456672 1.789302506014501 12.476123173538500
-0.500120744112206 -0.399315226111619 0.010199557448660 -0.006952150735473 0.039427606073372 0.451241326279882 -0.365858913911055 2.074889006993264 12.450719177877357
-0.500164651338731 -0.399066215856077 0.012767032059506 -0.008781445305028 0.049802051108339 0.513494922169269 -0.418050880153231 2.370884356308611 12.246382691037327
-0.500219009837260 -0.398757933491628 0.015640666237628 -0.010871699705794 0.061656472889882 0.574726835624455 -0.471679857194651 2.675029398773177 11.876367971623679
-0.500285160332219 -0.398382775392209 0.018811209615041 -0.013230098991768 0.075031619883748 0.634108675482574 -0.526347495002355 2.985064979206253 11.353929278242481
-0.500364469514553 -0.397932990668310 0.022265601224410 -0.015861836466780 0.089956944779779 0.690878321873786 -0.581655443574469 3.298731942431576 10.692320869500337
-0.500458320082976 -0.397400737645851 0.025987300855517 -0.018770113684652 0.106450604491937 0.744339926221288 -0.637205352895798 3.613771133246235 9.904797004002397
-0.500568100785222 -0.396778140345060 0.029956620411723 -0.021956140449131 0.124519460158168 0.793863911241300 -0.692598872955585 3.927923396467303 9.004611940354046
-0.500695196459292 -0.396057344959357 0.034151055266439 -0.025419134813909 0.144159077140504 0.838886970943070 -0.747437653734195 4.238929576914074 8.005019937163116
-0.500840978074704 -0.395230576334232 0.038545615619583 -0.029156323082580 0.165353725025075 0.878912070628886 -0.801323345216431 4.544530519388079 6.919275253033108
-0.501006792773748 -0.394290194446122 0.043113157854053 -0.033162939808662 0.188076377622015 0.913508446894051 -0.853857597409302 4.842467068713052 5.760632146570854
-0.501193953912726 -0.393228750881294 0.047824715892188 -0.037432227795708 0.212288712965580 0.942311607626906 -0.904642060275407 5.130480069701626 4.542344876382054
-0.501403731103212 -0.392039045314724 0.052649832552232 -0.041955438097085 0.237941113314089 0.965023332008816 -0.953278383812872 5.406310367161993 3.277667701073450
-0.501637340253292 -0.390714181988974 0.057556890904803 -0.046721830016150 0.264972665149898 0.981411670514183 -0.999368218015384 5.667698805904564 1.979854879249077
-0.501895933608824 -0.389247626193077 0.062513445629355 -0.051718671106227 0.293311159179421 0.991310944910428 -1.042513212845542 5.912386230755295 0.662160669518963
-0.502180589794676 -0.387633260741411 0.067486554370645 -0.056931237170454 0.322873090333198 0.994621748258023 -1.082315018323676 6.138113486509056 -0.662160669517853
-0.502492303855986 -0.385865442452582 0.072443109095197 -0.062342812262073 0.353563657765743 0.991310944910434 -1.118375284412387 6.342621417996241 -1.979854879249343
-0.502831977299407 -0.383939058628304 0.077350167447768 -0.067934688684135 0.385276764855724 0.981411670514187 -1.150295661105361 6.523650870020603 -3.277667701074849
-0.503200408134355 -0.381849583532275 0.082175284107812 -0.073686166989662 0.417895019205827 0.965023332008813 -1.177677798396282 6.678942687392553 -4.542344876381499
-0.503598280914263 -0.379593134869061 0.086886842145947 -0.079574555981643 0.451289732642790 0.942311607626906 -1.200123346256632 6.806237714938046 -5.760632146570299
-0.504026156777828 -0.377166530262973 0.091454384380417 -0.085575172712926 0.485320921217480 0.913508446894054 -1.217233954693420 6.903276797458613 -6.919275253035040
-0.504484463490260 -0.374567343736949 0.095848944733561 -0.091661342486393 0.519837305204773 0.878912070628879 -1.228611273669244 6.967800779762445 -8.005019937161739
-0.504973485484534 -0.371793962191431 0.100043379588277 -0.097804398854739 0.554676309103586 0.838886970943070 -1.233856953199997 6.997550506682160 -9.004611940352513
-0.505493353902637 -0.368845641883246 0.104012699144483 -0.103973683620739 0.589664061636996 0.793863911241308 -1.232572643248275 6.990266823010405 -9.904797004003928
-0.506044036636822 -0.365722564904486 0.107734398775590 -0.110136546836981 0.624615395752048 0.744339926221288 -1.224359993816648 6.943690573582018 -10.692320869500893
-0.506625328370853 -0.362425895661386 0.111188790384959 -0.116258346806064 0.659333848619958 0.690878321873784 -1.208820654872156 6.855562603178544 -11.353929278247188
-0.507236840621255 -0.358957837353207 0.114359333762371 -0.122302450080425 0.693611661635851 0.634108675482548 -1.185556276430688 6.723623756652586 -11.876367971611623
-0.507877991778568 -0.355321688451112 0.117232967940494 -0.128230231462578 0.727229780419114 0.574726835624489 -1.154168508454845 6.545614878779027 -12.246382691047941
-0.508547997148592 -0.351521899177047 0.119800442551340 -0.134001074004853 0.759957854813009 0.513494922169250 -1.114259000947193 6.319276814399366 -12.450719177873326
-0.509245858993640 -0.347564127982621 0.122056649182740 -0.139572369009588 0.791554238885006 0.451241326279883 -1.065429403879214 6.042350408306252 -12.476123173537079
-0.509970356573785 -0.343455298027989 0.124000952734800 -0.144899516028985 0.821765990926537 0.388860710412198 -1.007281367249035 5.712576505334521 -12.309340419422998
-0.510720036188111 -0.339203653660723 0.125637522776376 -0.149935922865230 0.850328873453210 0.327314008315083 -0.939416541045901 5.327695950279043 -11.937116656886015
-0.511493201215963 -0.334818816894700 0.126975664901529 -0.154633005570459 0.876967353204605 0.267628425030653 -0.861436575250174 4.885449587954671 -11.346197627404297
-0.512287902158197 -0.330311843888978 0.128030152085997 -0.158940188446710 0.901394601144379 0.210897436893631 -0.772943119842218 4.383578263185139 -10.523329072262833
-0.513101926678426 -0.325695281426676 0.128821556043659 -0.162804904045921 0.923312492460304 0.158280791532317 -0.673537824829040 3.819822820771979 -9.455256732957551
-0.513932789644277 -0.320983223393855 0.129376578582997 -0.166172593170066 0.942411606564164 0.111004507867529 -0.562822340182123 3.191924105538924 -8.128726350824511
-0.514777723168632 -0.316191367258396 0.129728382963564 -0.168986704870977 0.958371227091859 0.070360876113407 -0.440398315890711 2.497622962291945 -6.530483667255282
-0.515633666650884 -0.311337070548880 0.129916925252449 -0.171188696450431 0.970859341903318 0.037708457777130 -0.305867401939608 1.734660235841456 -4.647274423685843
-0.516497256818184 -0.306439407333467 0.129989285680743 -0.172718033460129 0.979532643082526 0.014472085658701 -0.158831248322500 0.900776771013412 -2.465844361454472
-0.517364817766693 -0.301519224698779 0.130000000000000 -0.173512189701741 0.984036526937593 0.002142863851429 -0.001436518997089 0.008146904062478 -0.428572770281299
-0.518232414628177 -0.296598838391489 0.130000000000000 -0.173519372296727 0.984077261457905 0.000000000000022 0.148219400690763 -0.840593992452732 -0.000000000004441
-0.519096306004643 -0.291699466934011 0.130000000000000 -0.172778275293273 0.979874291495642 0.000000000000000 0.279342946658545 -1.584232574822764 0.000000000000000
-0.519953213807443 -0.286839701290904 0.130000000000000 -0.171381560559980 0.971953128621528 0.000000000000000 0.392540742035763 -2.226209173763483 0.000000000000000
-0.520800308091692 -0.282035590877140 0.130000000000000 -0.169418856849801 0.960822082752710 0.000000000000000 0.488609486852809 -2.771042099676269 0.000000000000000
-0.521635187138770 -0.277300756515868 0.130000000000000 -0.166975809415537 0.946966872254329 0.000000000000000 0.568345881131194 -3.223249662924754 0.000000000000000
-0.522455857538819 -0.272646503396170 0.130000000000000 -0.164134080009881 0.930850623939705 0.000000000000000 0.632546624905750 -3.587350173883674 0.000000000000000
-0.523260714273246 -0.268081934030818 0.130000000000000 -0.160971346885352 0.912913873070287 0.000000000000000 0.682008418189106 -3.867861942921103 0.000000000000000
-0.524048520797218 -0.263614061214040 0.130000000000000 -0.157561304794407 0.893574563355681 0.000000000000000 0.717527961024977 -4.069303280413994 0.000000000000000
-0.524818389122164 -0.259247920979272 0.130000000000000 -0.153973664989282 0.873228046953611 0.000000000000000 0.739901953425992 -4.196192496759288 0.000000000000000
-0.525569759898275 -0.254986685556923 0.130000000000000 -0.150274155222152 0.852247084469815 0.000000000000000 0.749927095418101 -4.253047902282869 0.000000000000000
-0.526302382497000 -0.250831776332131 0.130000000000000 -0.146524519745062 0.830981844958401 0.000000000000000 0.748400087036138 -4.244387807411654 0.000000000000000
-0.527016295093550 -0.246782976802524 0.130000000000000 -0.142782519309881 0.809759905921342 0.000000000000000 0.736117628301614 -4.174730522474857 0.000000000000000
-0.527711804749392 -0.242838545535979 0.130000000000000 -0.139101931168373 0.788886253308968 0.000000000000000 0.713876419231596 -4.048594357873858 0.000000000000000
-0.528389467494753 -0.238995329128381 0.130000000000000 -0.135532549072215 0.768643281519599 0.000000000000000 0.682473159878683 -3.870497623972291 0.000000000000000
-0.529050068411117 -0.235248875161383 0.130000000000000 -0.132120183272821 0.749290793399737 0.000000000000000 0.642704550237738 -3.644958631147110 0.000000000000000
-0.529694601713725 -0.231593545160163 0.130000000000000 -0.128906660521633 0.731066000244002 0.000000000000000 0.595367290348037 -3.376495689767500 0.000000000000000
-0.530324250834074 -0.228022627551187 0.130000000000000 -0.125929824069893 0.714183521795164 0.000000000000000 0.541258080248852 -3.069627110213746 0.000000000000000
-0.530940368502418 -0.224528450619966 0.130000000000000 -0.123223533668648 0.698835386244095 0.000000000000000 0.481173619939490 -2.728871202856142 0.000000000000000
-0.531544456830262 -0.221102495468817 0.130000000000000 -0.120817665568951 0.685191030229815 0.000000000000000 0.415910609472547 -2.358746278063872 0.000000000000000
-0.532138147392870 -0.217735508974620 0.130000000000000 -0.118738112521588 0.673397298839495 0.000000000000000 0.346265748847330 -1.963770646221663 0.000000000000000
-0.532723181311757 -0.214417616746578 0.130000000000000 -0.117006783777351 0.663578445608387 0.000000000000000 0.273035738120875 -1.548462617694257 0.000000000000000
-0.533301389337191 -0.211138436083978 0.130000000000000 -0.115641605086747 0.655836132519916 0.000000000000000 0.197017277288047 -1.117340502857500 0.000000000000000
-0.533874671930692 -0.207887188933950 0.130000000000000 -0.114656518700307 0.650249430005628 0.000000000000000 0.119007066405885 -0.674922612091677 0.000000000000000
-0.534444979347534 -0.204652814849224 0.130000000000000 -0.114061483368277 0.646874816945170 0.000000000000000 0.039801805469253 -0.225727255757091 0.000000000000000
-0.535014291719238 -0.201424083945892 0.130000000000000 -0.113862474340931 0.645746180666384 0.000000000000000 -0.039801805469253 0.225727255758201 0.000000000000000
-0.535584599136080 -0.198189709861167 0.130000000000000 -0.114061483368277 0.646874816945175 0.000000000000000 -0.119007066401444 0.674922612089457 0.000000000000000
-0.536157881729581 -0.194938462711138 0.130000000000000 -0.114656518700285 0.650249430005623 0.000000000000000 -0.197017277296929 1.117340502859721 0.000000000000000
-0.536736089755015 -0.191659282048539 0.130000000000000 -0.115641605086769 0.655836132519921 0.000000000000000 -0.273035738111993 1.548462617692037 0.000000000000000
-0.537321123673902 -0.188341389820497 0.130000000000000 -0.117006783777329 0.663578445608382 0.000000000000000 -0.346265748856212 1.963770646222773 0.000000000000000
-0.537914814236510 -0.184974403326299 0.130000000000000 -0.118738112521610 0.673397298839495 0.000000000000000 -0.415910609468106 2.358746278068313 0.000000000000000
-0.538518902564355 -0.181548448175150 0.130000000000000 -0.120817665568951 0.685191030229837 0.000000000000000 -0.481173619939490 2.728871202849481 0.000000000000000
-0.539135020232698 -0.178054271243930 0.130000000000000 -0.123223533668648 0.698835386244084 0.000000000000000 -0.541258080248852 3.069627110218187 0.000000000000000
-0.539764669353047 -0.174483353634954 0.130000000000000 -0.125929824069893 0.714183521795175 0.000000000000000 -0.595367290348037 3.376495689765280 0.000000000000000
-0.540409202655655 -0.170828023633734 0.130000000000000 -0.128906660521633 0.731066000244002 0.000000000000000 -0.642704550237738 3.644958631147110 0.000000000000000
-0.541069803572020 -0.167081569666735 0.130000000000000 -0.132120183272821 0.749290793399737 0.000000000000000 -0.682473159874242 3.870497623971181 0.000000000000000
-0.541747466317380 -0.163238353259137 0.130000000000000 -0.135532549072193 0.768643281519593 0.000000000000000 -0.713876419240478 4.048594357877189 0.000000000000000
-0.542442975973222 -0.159293921992592 0.130000000000000 -0.139101931168395 0.788886253308979 0.000000000000000 -0.736117628297173 4.174730522478187 0.000000000000000
-0.543156888569772 -0.155245122462986 0.130000000000000 -0.142782519309881 0.809759905921370 0.000000000000000 -0.748400087036138 4.244387807400551 0.000000000000000
-0.543889511168497 -0.151090213238194 0.130000000000000 -0.146524519745062 0.830981844958373 0.000000000000000 -0.749927095418101 4.253047902293972 0.000000000000000
-0.544640881944608 -0.146828977815844 0.130000000000000 -0.150274155222152 0.852247084469843 0.000000000000000 -0.739901953425992 4.196192496751516 0.000000000000000
-0.545410750269554 -0.142462837581076 0.130000000000000 -0.153973664989282 0.873228046953600 0.000000000000000 -0.717527961024977 4.069303280420655 0.000000000000000
-0.546198556793526 -0.137994964764298 0.130000000000000 -0.157561304794407 0.893574563355704 0.000000000000000 -0.682008418189106 3.867861942921103 0.000000000000000
-0.547003413527953 -0.133430395398946 0.130000000000000 -0.160971346885352 0.912913873070309 0.000000000000000 -0.632546624905750 3.587350173881454 0.000000000000000
-0.547824083928003 -0.128776142279248 0.130000000000000 -0.164134080009881 0.930850623939716 0.000000000000000 -0.568345881131194 3.223249662920313 0.000000000000000
-0.548658962975080 -0.124041307917976 0.130000000000000 -0.166975809415537 0.946966872254318 0.000000000000000 -0.488609486852809 2.771042099682930 0.000000000000000
-0.549506057259329 -0.119237197504213 0.130000000000000 -0.169418856849801 0.960822082752733 0.000000000000000 -0.392540742040204 2.226209173763483 0.000000000000000
-0.550362965062129 -0.114377431861105 0.130000000000000 -0.171381560560002 0.971953128621550 0.000000000000000 -0.279342946654104 1.584232574816102 0.000000000000000
-0.551226856438596 -0.109478060403627 0.130000000000000 -0.172778275293273 0.979874291495630 0.000000000000000 -0.148219400690763 0.840593992463834 0.000000000000000
-0.552094453300079 -0.104557674096337 0.130000000000000 -0.173519372296727 0.984077261457950 0.000000000000000 0.001436519001530 -0.008146904100226 -0.428572770282409
-0.552962014248588 -0.099637491461650 0.129989285680743 -0.173512189701719 0.984036526937448 -0.002142863851412 0.158831248318059 -0.900776770986766 -2.465844361464464
-0.553825604415888 -0.094739828246237 0.129916925252449 -0.172718033460129 0.979532643082515 -0.014472085658734 0.305867401944049 -1.734660235839236 -4.647274423678072
-0.554681547898141 -0.089885531536721 0.129728382963564 -0.171188696450408 0.970859341903318 -0.037708457777125 0.440398315886270 -2.497622962291945 -6.530483667260834
-0.555526481422495 -0.085093675401261 0.129376578582997 -0.168986704870977 0.958371227091859 -0.070360876113429 0.562822340177682 -3.191924105538924 -8.128726350817850
-0.556357344388346 -0.080381617368440 0.128821556043659 -0.166172593170089 0.942411606564164 -0.111004507867518 0.673537824833481 -3.819822820769758 -9.455256732955331
-0.557171368908575 -0.075765054906139 0.128030152085997 -0.162804904045921 0.923312492460315 -0.158280791532295 0.772943119842218 -4.383578263189580 -10.523329072273935
-0.557966069850809 -0.071258081900417 0.126975664901529 -0.158940188446710 0.901394601144367 -0.210897436893664 0.861436575250174 -4.885449587952451 -11.346197627388754
-0.558739234878661 -0.066873245134394 0.125637522776376 -0.154633005570459 0.876967353204605 -0.267628425030608 0.939416541045901 -5.327695950281264 -11.937116656901559
-0.559488914492987 -0.062621600767128 0.124000952734800 -0.149935922865230 0.850328873453199 -0.327314008315116 1.007281367249035 -5.712576505327860 -12.309340419414671
-0.560213412073132 -0.058512770812495 0.122056649182740 -0.144899516028985 0.821765990926560 -0.388860710412189 1.065429403883655 -6.042350408315134 -12.476123173538744
-0.560911273918180 -0.054554999618070 0.119800442551340 -0.139572369009566 0.791554238884984 -0.451241326279883 1.114259000942752 -6.319276814394925 -12.450719177877211
-0.561581279288204 -0.050755210344005 0.117232967940494 -0.134001074004853 0.759957854813009 -0.513494922169269 1.154168508450404 -6.545614878781247 -12.246382691036283
-0.562222430445517 -0.047119061441910 0.114359333762372 -0.128230231462600 0.727229780419103 -0.574726835624451 1.185556276435129 -6.723623756645924 -11.876367971625500
-0.562833942695920 -0.043651003133730 0.111188790384959 -0.122302450080425 0.693611661635873 -0.634108675482578 1.208820654876597 -6.855562603187426 -11.353929278241637
-0.563415234429950 -0.040354333890631 0.107734398775590 -0.116258346806042 0.659333848619936 -0.690878321873786 1.224359993812207 -6.943690573573136 -10.692320869499783
-0.563965917164135 -0.037231256911870 0.104012699144483 -0.110136546836981 0.624615395752071 -0.744339926221285 1.232572643248275 -6.990266823017066 -9.904797004003374
-0.564485785582238 -0.034282936603685 0.100043379588277 -0.103973683620739 0.589664061636985 -0.793863911241302 1.233856953195556 -6.997550506679939 -9.004611940353623
-0.564974807576512 -0.031509555058167 0.095848944733561 -0.097804398854762 0.554676309103586 -0.838886970943070 1.228611273678126 -6.967800779764666 -8.005019937163404
-0.565433114288944 -0.028910368532144 0.091454384380417 -0.091661342486371 0.519837305204762 -0.878912070628887 1.217233954688979 -6.903276797456392 -6.919275253032264
-0.565860990152509 -0.026483763926056 0.086886842145947 -0.085575172712926 0.485320921217480 -0.913508446894049 1.200123346256632 -6.806237714938046 -5.760632146571409
-0.566258862932417 -0.024227315262842 0.082175284107812 -0.079574555981643 0.451289732642790 -0.942311607626906 1.177677798391841 -6.678942687390332 -4.542344876382054
-0.566627293767365 -0.022137840166813 0.077350167447768 -0.073686166989684 0.417895019205838 -0.965023332008816 1.150295661109801 -6.523650870025044 -3.277667701073739
-0.566966967210786 -0.020211456342535 0.072443109095197 -0.067934688684135 0.385276764855713 -0.981411670514185 1.118375284416828 -6.342621417994021 -1.979854879248788
-0.567278681272096 -0.018443638053706 0.067486554370645 -0.062342812262051 0.353563657765743 -0.991310944910428 1.082315018314794 -6.138113486509056 -0.662160669518963
-0.567563337457949 -0.016829272602040 0.062513445629355 -0.056931237170477 0.322873090333198 -0.994621748258023 1.042513212854423 -5.912386230753075 0.662160669517853
-0.567821930813480 -0.015362716806143 0.057556890904803 -0.051718671106205 0.293311159179432 -0.991310944910434 0.999368218006502 -5.667698805906785 1.979854879249343
-0.568055539963561 -0.014037853480393 0.052649832552232 -0.046721830016172 0.264972665149898 -0.981411670514187 0.953278383821754 -5.406310367161993 3.277667701074582
-0.568265317154046 -0.012848147913823 0.047824715892188 -0.041955438097063 0.237941113314089 -0.965023332008814 0.904642060270966 -5.130480069701626 4.542344876381765
-0.568452478293024 -0.011786704348995 0.043113157854053 -0.037432227795708 0.212288712965580 -0.942311607626906 0.853857597404861 -4.842467068713052 5.760632146570588
-0.568618292992068 -0.010846322460885 0.038545615619583 -0.033162939808684 0.188076377622015 -0.913508446894053 0.801323345225313 -4.544530519390300 6.919275253034751
-0.568764074607481 -0.010019553835759 0.034151055266439 -0.029156323082558 0.165353725025064 -0.878912070628879 0.747437653729754 -4.238929576911854 8.005019937161739
-0.568891170281550 -0.009298758450057 0.029956620411723 -0.025419134813909 0.144159077140504 -0.838886970943070 0.692598872955585 -3.927923396467303 9.004611940352513
-0.569000950983796 -0.008676161149266 0.025987300855517 -0.021956140449131 0.124519460158168 -0.793863911241308 0.637205352891357 -3.613771133244015 9.904797004003928
-0.569094801552219 -0.008143908126806 0.022265601224410 -0.018770113684674 0.106450604491948 -0.744339926221288 0.581655443578910 -3.298731942431576 10.692320869500893
-0.569174110734553 -0.007694123402907 0.018811209615041 -0.015861836466780 0.089956944779790 -0.690878321873784 0.526347495006796 -2.985064979212915 11.353929278247188
-0.569240261229512 -0.007318965303489 0.015640666237629 -0.013230098991746 0.075031619883725 -0.634108675482548 0.471679857185769 -2.675029398770956 11.876367971611623
-0.569294619728041 -0.007010682939039 0.012767032059506 -0.010871699705817 0.061656472889871 -0.574726835624489 0.418050880157672 -2.370884356304170 12.246382691047941
-0.569338526954566 -0.006761672683498 0.010199557448660 -0.008781445305028 0.049802051108350 -0.513494922169250 0.365858913911055 -2.074889006991043 12.450719177873326
-0.569373287708243 -0.006564534653131 0.007943350817260 -0.006952150735473 0.039427606073394 -0.451241326279883 0.315502308456672 -1.789302506023382 12.476123173537079
-0.569400160904209 -0.006412129185414 0.005999047265200 -0.005374639193190 0.030481093543278 -0.388860710412198 0.267379413831925 -1.516384008577454 12.309340419422998
-0.569420349614829 -0.006297633317912 0.004362477223624 -0.004037742124030 0.022899173500390 -0.327314008315083 0.221888580020924 -1.258392669860608 11.937116656886015
-0.569434991110949 -0.006214597267157 0.003024335098471 -0.002928299223925 0.016607210151087 -0.267628425030653 0.179428157052186 -1.017587645033569 11.346197627404297
-0.569445146903142 -0.006157000907527 0.001969847914003 -0.002031158438665 0.011519271925919 -0.210897436893631 0.140396494940909 -0.796228089299245 10.523329072262833
-0.569451792782962 -0.006119310250130 0.001178443956341 -0.001329175963960 0.007538131479423 -0.158280791532317 0.105191943702287 -0.596573157858327 9.455256732957551
-0.569455808864189 -0.006096533921680 0.000623421417003 -0.000803216245449 0.004555265690132 -0.111004507867529 0.074212853320432 -0.420882005855994 8.128726350824511
-0.569457969624084 -0.006084279643375 0.000271617036436 -0.000432151978846 0.002450855660852 -0.070360876113407 0.047857573859389 -0.271413788526242 6.530483667250842
-0.569458933944631 -0.006078810709784 0.000083074747551 -0.000192864109549 0.001093786718220 -0.037708457777152 0.026524455276622 -0.150427661020913 4.647274423690284
-0.569459235153797 -0.006077102467719 0.000010714319257 -0.000060241833166 0.000341648413116 -0.014472085658701 0.010611847636177 -0.060182778547357 2.465844361463354
-0.569459271066772 -0.006076898795117 0.000000000000000 -0.000007182594985 0.000040734520379 -0.002142863851384 0.001436518997089 -0.008146904075801 0.428572770267976
-0.569459271066772 -0.006076898795117 0.000000000000000 0.000000000000000 0.000000000000000 -0.000000000000044 0.001436518997089 -0.008146904075801 0.285715180196816
-0.569459235153797 -0.006077102467719 0.000007142879505 0.000007182594985 -0.000040734520379 0.001428575900940 0.010611847636177 -0.060182778547357 1.643896240976497
-0.569458933944631 -0.006078810709784 0.000055383165034 0.000060241833166 -0.000341648413116 0.009648057105822 0.026524455276622 -0.150427661020913 3.098182949119199
-0.569457969624084 -0.006084279643375 0.000181078024291 0.000192864109549 -0.001093786718220 0.025138971851418 0.047857573859389 -0.271413788526242 4.353655778174041
-0.569455808864189 -0.006096533921680 0.000415614278002 0.000432151978846 -0.002450855660852 0.046907250742288 0.074212853320432 -0.420882005855994 5.419150900544913
-0.569451792782962 -0.006119310250130 0.000785629304227 0.000803216245449 -0.004555265690132 0.074003005245013 0.105191943702287 -0.596573157858327 6.303504488635736
-0.569445146903142 -0.006157000907527 0.001313231942668 0.001329175963960 -0.007538131479423 0.105520527688192 0.140396494940909 -0.796228089299245 7.015552714850462
-0.569434991110949 -0.006214597267157 0.002016223398981 0.002031158438665 -0.011519271925919 0.140598291262444 0.179428157052186 -1.017587645033569 7.564131751592829
-0.569420349614829 -0.006297633317912 0.002908318149083 0.002928299223925 -0.016607210151087 0.178418950020408 0.221888580020924 -1.258392669860608 7.958077771266953
-0.569400160904209 -0.006412129185414 0.003999364843466 0.004037742124030 -0.022899173500390 0.218209338876743 0.267379413831925 -1.516384008577454 8.206226946276695
-0.569373287708243 -0.006564534653131 0.005295567211507 0.005374639193190 -0.030481093543278 0.259240473608126 0.315502308456672 -1.789302506023382 8.317415449025678
-0.569338526954566 -0.006761672683498 0.006799704965773 0.006952150735473 -0.039427606073394 0.300827550853255 0.365858913911055 -2.074889006991043 8.300479451918251
-0.569294619728041 -0.007010682939039 0.008511354706337 0.008781445305028 -0.049802051108350 0.342329948112846 0.418050880157672 -2.370884356304170 8.164255127358178
-0.569240261229512 -0.007318965303489 0.010427110825086 0.010871699705817 -0.061656472889871 0.383151223749637 0.471679857185769 -2.675029398770956 7.917578647749157
-0.569174110734553 -0.007694123402907 0.012540806410028 0.013230098991746 -0.075031619883725 0.422739116988383 0.526347495006796 -2.985064979212915 7.569286185495005
-0.569094801552219 -0.008143908126806 0.014843734149607 0.015861836466780 -0.089956944779790 0.460585547915858 0.581655443578910 -3.298731942431576 7.128213913000147
-0.569000950983796 -0.008676161149266 0.017324867237011 0.018770113684674 -0.106450604491948 0.496226617480858 0.637205352891357 -3.613771133244015 6.603198002668309
-0.568891170281550 -0.009298758450057 0.019971080274482 0.021956140449131 -0.124519460158168 0.529242607494200 0.692598872955585 -3.927923396467303 6.003074626902705
-0.568764074607481 -0.010019553835759 0.022767370177626 0.025419134813909 -0.144159077140504 0.559257980628713 0.747437653729754 -4.238929576911854 5.336679958108803
-0.568618292992068 -0.010846322460885 0.025697077079722 0.029156323082558 -0.165353725025064 0.585941380419257 0.801323345225313 -4.544530519390300 4.612850168688731
-0.568452478293024 -0.011786704348995 0.028742105236036 0.033162939808684 -0.188076377622015 0.609005631262701 0.853857597404861 -4.842467068713052 3.840421431047236
-0.568265317154046 -0.012848147913823 0.031883143928125 0.037432227795708 -0.212288712965580 0.628207738417937 0.904642060270966 -5.130480069701626 3.028229917587799
-0.568055539963561 -0.014037853480393 0.035099888368155 0.041955438097063 -0.237941113314089 0.643348888005876 0.953278383821754 -5.406310367161993 2.185111800716011
-0.567821930813480 -0.015362716806143 0.038371260603202 0.046721830016172 -0.264972665149898 0.654274447009456 0.999368218006502 -5.667698805906785 1.319903252832422
-0.567563337457949 -0.016829272602040 0.041675630419570 0.051718671106205 -0.293311159179432 0.660873963273618 1.042513212854423 -5.912386230753075 0.441440446345975
-0.567278681272096 -0.018443638053706 0.044991036247097 0.056931237170477 -0.322873090333198 0.663081165505348 1.082315018314794 -6.138113486509056 -0.441440446345132
-0.566966967210786 -0.020211456342535 0.048295406063465 0.062342812262051 -0.353563657765743 0.660873963273623 1.118375284416828 -6.342621417994021 -1.319903252832710
-0.566627293767365 -0.022137840166813 0.051566778298512 0.067934688684135 -0.385276764855713 0.654274447009459 1.150295661109801 -6.523650870025044 -2.185111800716855
-0.566258862932417 -0.024227315262842 0.054783522738541 0.073686166989684 -0.417895019205838 0.643348888005875 1.177677798391841 -6.678942687390332 -3.028229917587666
-0.565860990152509 -0.026483763926056 0.057924561430631 0.079574555981643 -0.451289732642790 0.628207738417937 1.200123346256632 -6.806237714938046 -3.840421431046681
-0.565433114288944 -0.028910368532144 0.060969589586945 0.085575172712926 -0.485320921217480 0.609005631262703 1.217233954688979 -6.903276797456392 -4.612850168690108
-0.564974807576512 -0.031509555058167 0.063899296489041 0.091661342486371 -0.519837305204762 0.585941380419253 1.228611273678126 -6.967800779764666 -5.336679958107826
-0.564485785582238 -0.034282936603685 0.066695586392185 0.097804398854762 -0.554676309103586 0.559257980628713 1.233856953195556 -6.997550506679939 -6.003074626901861
-0.563965917164135 -0.037231256911870 0.069341799429656 0.103973683620739 -0.589664061636985 0.529242607494204 1.232572643248275 -6.990266823017066 -6.603198002668731
-0.563415234429950 -0.040354333890631 0.071822932517060 0.110136546836981 -0.624615395752071 0.496226617480860 1.224359993812207 -6.943690573573136 -7.128213913001336
-0.562833942695920 -0.043651003133730 0.074125860256639 0.116258346806042 -0.659333848619936 0.460585547915854 1.208820654876597 -6.855562603187426 -7.569286185497570
-0.562222430445517 -0.047119061441910 0.076239555841581 0.122302450080425 -0.693611661635873 0.422739116988366 1.185556276435129 -6.723623756645924 -7.917578647741452
-0.561581279288204 -0.050755210344005 0.078155311960329 0.128230231462600 -0.727229780419103 0.383151223749659 1.154168508450404 -6.545614878781247 -8.164255127364738
-0.560911273918180 -0.054554999618070 0.079866961700893 0.134001074004853 -0.759957854813009 0.342329948112835 1.114259000942752 -6.319276814394925 -8.300479451915921
-0.560213412073132 -0.058512770812495 0.081371099455160 0.139572369009566 -0.791554238884984 0.300827550853255 1.065429403883655 -6.042350408315134 -8.317415449025090
-0.559488914492987 -0.062621600767128 0.082667301823200 0.144899516028985 -0.821765990926560 0.259240473608130 1.007281367249035 -5.712576505327860 -8.206226946281259
-0.558739234878661 -0.066873245134394 0.083758348517584 0.149935922865230 -0.850328873453199 0.218209338876724 0.939416541045901 -5.327695950281264 -7.958077771257899
-0.557966069850809 -0.071258081900417 0.084650443267686 0.154633005570459 -0.876967353204605 0.178418950020434 0.861436575250174 -4.885449587952451 -7.564131751602865
-0.557171368908575 -0.075765054906139 0.085353434723998 0.158940188446710 -0.901394601144367 0.140598291262420 0.772943119842218 -4.383578263189580 -7.015552714841333
-0.556357344388346 -0.080381617368440 0.085881037362439 0.162804904045921 -0.923312492460315 0.105520527688213 0.673537824833481 -3.819822820769758 -6.303504488638922
-0.555526481422495 -0.085093675401261 0.086251052388664 0.166172593170089 -0.942411606564164 0.074003005245019 0.562822340177682 -3.191924105538924 -5.419150900549674
-0.554681547898141 -0.089885531536721 0.086485588642376 0.168986704870977 -0.958371227091859 0.046907250742270 0.440398315886270 -2.497622962291945 -4.353655778169818
-0.553825604415888 -0.094739828246237 0.086611283501633 0.171188696450408 -0.970859341903318 0.025138971851421 0.305867401944049 -1.734660235839236 -3.098182949123895
-0.552962014248588 -0.099637491461650 0.086659523787162 0.172718033460129 -0.979532643082515 0.009648057105802 0.158831248318059 -0.900776770986766 -1.643896240969833
-0.552094453300079 -0.104557674096337 0.086666666666667 0.173512189701719 -0.984036526937448 0.001428575900952 0.001436519001530 -0.008146904100226 -0.285715180187718
-0.551226856438596 -0.109478060403627 0.086666666666667 0.173519372296727 -0.984077261457950 0.000000000000014 -0.148219400690763 0.840593992463834 -0.000000000002776
-0.550362965062129 -0.114377431861105 0.086666666666667 0.172778275293273 -0.979874291495630 0.000000000000000 -0.279342946654104 1.584232574816102 0.000000000000000
-0.549506057259329 -0.119237197504213 0.086666666666667 0.171381560560002 -0.971953128621550 0.000000000000000 -0.392540742040204 2.226209173763483 0.000000000000000
-0.548658962975080 -0.124041307917976 0.086666666666667 0.169418856849801 -0.960822082752733 0.000000000000000 -0.488609486852809 2.771042099682930 0.000000000000000
-0.547824083928003 -0.128776142279248 0.086666666666667 0.166975809415537 -0.946966872254318 0.000000000000000 -0.568345881131194 3.223249662920313 0.000000000000000
-0.547003413527953 -0.133430395398946 0.086666666666667 0.164134080009881 -0.930850623939716 0.000000000000000 -0.632546624905750 3.587350173881454 0.000000000000000
-0.546198556793526 -0.137994964764298 0.086666666666667 0.160971346885352 -0.912913873070309 0.000000000000000 -0.682008418189106 3.867861942921103 0.000000000000000
-0.545410750269554 -0.142462837581076 0.086666666666667 0.157561304794407 -0.893574563355704 0.000000000000000 -0.717527961024977 4.069303280420655 0.000000000000000
-0.544640881944608 -0.146828977815844 0.086666666666667 0.153973664989282 -0.873228046953600 0.000000000000000 -0.739901953425992 4.196192496751516 0.000000000000000
-0.543889511168497 -0.151090213238194 0.086666666666667 0.150274155222152 -0.852247084469843 0.000000000000000 -0.749927095418101 4.253047902293972 0.000000000000000
-0.543156888569772 -0.155245122462986 0.086666666666667 0.146524519745062 -0.830981844958373 0.000000000000000 -0.748400087036138 4.244387807400551 0.000000000000000
-0.542442975973222 -0.159293921992592 0.086666666666667 0.142782519309881 -0.809759905921370 0.000000000000000 -0.736117628297173 4.174730522478187 0.000000000000000
-0.541747466317380 -0.163238353259137 0.086666666666667 0.139101931168395 -0.788886253308979 0.000000000000000 -0.713876419240478 4.048594357877189 0.000000000000000
-0.541069803572020 -0.167081569666735 0.086666666666667 0.135532549072193 -0.768643281519593 0.000000000000000 -0.682473159874242 3.870497623971181 0.000000000000000
-0.540409202655655 -0.170828023633734 0.086666666666667 0.132120183272821 -0.749290793399737 0.000000000000000 -0.642704550237738 3.644958631147110 0.000000000000000
-0.539764669353047 -0.174483353634954 0.086666666666667 0.128906660521633 -0.731066000244002 0.000000000000000 -0.595367290348037 3.376495689765280 0.000000000000000
-0.539135020232698 -0.178054271243930 0.086666666666667 0.125929824069893 -0.714183521795175 0.000000000000000 -0.541258080248852 3.069627110218187 0.000000000000000
-0.538518902564355 -0.181548448175150 0.086666666666667 0.123223533668648 -0.698835386244084 0.000000000000000 -0.481173619939490 2.728871202849481 0.000000000000000
-0.537914814236510 -0.184974403326299 0.086666666666667 0.120817665568951 -0.685191030229837 0.000000000000000 -0.415910609468106 2.358746278068313 0.000000000000000
-0.537321123673902 -0.188341389820497 0.086666666666667 0.118738112521610 -0.673397298839495 0.000000000000000 -0.346265748856212 1.963770646222773 0.000000000000000
-0.536736089755015 -0.191659282048539 0.086666666666667 0.117006783777329 -0.663578445608382 0.000000000000000 -0.273035738111993 1.548462617692037 0.000000000000000
-0.536157881729581 -0.194938462711138 0.086666666666667 0.115641605086769 -0.655836132519921 0.000000000000000 -0.197017277296929 1.117340502859721 0.000000000000000
-0.535584599136080 -0.198189709861167 0.086666666666667 0.114656518700285 -0.650249430005623 0.000000000000000 -0.119007066401444 0.674922612089457 0.000000000000000
-0.535014291719238 -0.201424083945892 0.086666666666667 0.114061483368277 -0.646874816945175 0.000000000000000 -0.039801805469253 0.225727255758201 0.000000000000000
-0.534444979347534 -0.204652814849224 0.086666666666667 0.113862474340931 -0.645746180666384 0.000000000000000 0.039801805469253 -0.225727255757091 0.000000000000000
-0.533874671930692 -0.207887188933950 0.086666666666667 0.114061483368277 -0.646874816945170 0.000000000000000 0.119007066405885 -0.674922612091677 0.000000000000000
-0.533301389337191 -0.211138436083978 0.086666666666667 0.114656518700307 -0.650249430005628 0.000000000000000 0.197017277288047 -1.117340502857500 0.000000000000000
-0.532723181311757 -0.214417616746578 0.086666666666667 0.115641605086747 -0.655836132519916 0.000000000000000 0.273035738120875 -1.548462617694257 0.000000000000000
-0.532138147392870 -0.217735508974620 0.086666666666667 0.117006783777351 -0.663578445608387 0.000000000000000 0.346265748847330 -1.963770646221663 0.000000000000000
-0.531544456830262 -0.221102495468817 0.086666666666667 0.118738112521588 -0.673397298839495 0.000000000000000 0.415910609472547 -2.358746278063872 0.000000000000000
-0.530940368502418 -0.224528450619966 0.086666666666667 0.120817665568951 -0.685191030229815 0.000000000000000 0.481173619939490 -2.728871202856142 0.000000000000000
-0.530324250834074 -0.228022627551187 0.086666666666667 0.123223533668648 -0.698835386244095 0.000000000000000 0.541258080248852 -3.069627110213746 0.000000000000000
-0.529694601713725 -0.231593545160163 0.086666666666667 0.125929824069893 -0.714183521795164 0.000000000000000 0.595367290348037 -3.376495689767500 0.000000000000000
-0.529050068411117 -0.235248875161383 0.086666666666667 0.128906660521633 -0.731066000244002 0.000000000000000 0.642704550237738 -3.644958631147110 0.000000000000000
-0.528389467494753 -0.238995329128381 0.086666666666667 0.132120183272821 -0.749290793399737 0.000000000000000 0.682473159878683 -3.870497623972291 0.000000000000000
-0.527711804749392 -0.242838545535979 0.086666666666667 0.135532549072215 -0.768643281519599 0.000000000000000 0.713876419231596 -4.048594357873858 0.000000000000000
-0.527016295093550 -0.246782976802524 0.086666666666667 0.139101931168373 -0.788886253308968 0.000000000000000 0.736117628301614 -4.174730522474857 0.000000000000000
-0.526302382497000 -0.250831776332131 0.086666666666667 0.142782519309881 -0.809759905921342 0.000000000000000 0.748400087036138 -4.244387807411654 0.000000000000000
-0.525569759898275 -0.254986685556923 0.086666666666667 0.146524519745062 -0.830981844958401 0.000000000000000 0.749927095418101 -4.253047902282869 0.000000000000000
-0.524818389122164 -0.259247920979272 0.086666666666667 0.150274155222152 -0.852247084469815 0.000000000000000 0.739901953425992 -4.196192496759288 0.000000000000000
-0.524048520797218 -0.263614061214040 0.086666666666667 0.153973664989282 -0.873228046953611 0.000000000000000 0.717527961024977 -4.069303280413994 0.000000000000000
-0.523260714273246 -0.268081934030818 0.086666666666667 0.157561304794407 -0.893574563355681 0.000000000000000 0.682008418189106 -3.867861942921103 0.000000000000000
-0.522455857538819 -0.272646503396170 0.086666666666667 0.160971346885352 -0.912913873070287 0.000000000000000 0.632546624905750 -3.587350173883674 0.000000000000000
-0.521635187138770 -0.277300756515868 0.086666666666667 0.164134080009881 -0.930850623939705 0.000000000000000 0.568345881131194 -3.223249662924754 0.000000000000000
-0.520800308091692 -0.282035590877140 0.086666666666667 0.166975809415537 -0.946966872254329 0.000000000000000 0.488609486852809 -2.771042099676269 0.000000000000000
-0.519953213807443 -0.286839701290904 0.086666666666667 0.169418856849801 -0.960822082752710 0.000000000000000 0.392540742035763 -2.226209173763483 0.000000000000000
-0.519096306004643 -0.291699466934011 0.086666666666667 0.171381560559980 -0.971953128621528 0.000000000000000 0.279342946658545 -1.584232574822764 0.000000000000000
-0.518232414628177 -0.296598838391489 0.086666666666667 0.172778275293273 -0.979874291495642 0.000000000000000 0.148219400690763 -0.840593992452732 0.000000000000000
-0.517364817766693 -0.301519224698779 0.086666666666667 0.173519372296727 -0.984077261457905 0.000000000000000 -0.001436518997089 0.008146904062478 -0.285715180188273
-0.516497256818184 -0.306439407333467 0.086659523787162 0.173512189701741 -0.984036526937593 -0.001428575900941 -0.158831248322500 0.900776771013412 -1.643896240976495
-0.515633666650884 -0.311337070548880 0.086611283501633 0.172718033460129 -0.979532643082526 -0.009648057105824 -0.305867401939608 1.734660235841456 -3.098182949118344
-0.514777723168632 -0.316191367258396 0.086485588642376 0.171188696450431 -0.970859341903318 -0.025138971851416 -0.440398315890711 2.497622962291945 -4.353655778174259
-0.513932789644277 -0.320983223393855 0.086251052388664 0.168986704870977 -0.958371227091859 -0.046907250742287 -0.562822340182123 3.191924105538924 -5.419150900544678
-0.513101926678426 -0.325695281426676 0.085881037362439 0.166172593170066 -0.942411606564164 -0.074003005245010 -0.673537824829040 3.819822820771979 -6.303504488637257
-0.512287902158197 -0.330311843888978 0.085353434723998 0.162804904045921 -0.923312492460304 -0.105520527688197 -0.772943119842218 4.383578263185139 -7.015552714849660
-0.511493201215963 -0.334818816894700 0.084650443267686 0.158940188446710 -0.901394601144379 -0.140598291262445 -0.861436575250174 4.885449587954671 -7.564131751591763
-0.510720036188111 -0.339203653660723 0.083758348517584 0.154633005570459 -0.876967353204605 -0.178418950020404 -0.939416541045901 5.327695950279043 -7.958077771268446
-0.509970356573785 -0.343455298027989 0.082667301823200 0.149935922865230 -0.850328873453210 -0.218209338876746 -1.007281367249035 5.712576505334521 -8.206226946275708
-0.509245858993640 -0.347564127982621 0.081371099455160 0.144899516028985 -0.821765990926537 -0.259240473608124 -1.065429403879214 6.042350408306252 -8.317415449026200
-0.508547997148592 -0.351521899177047 0.079866961700893 0.139572369009588 -0.791554238885006 -0.300827550853255 -1.114259000947193 6.319276814399366 -8.300479451918141
-0.507877991778568 -0.355321688451112 0.078155311960329 0.134001074004853 -0.759957854813009 -0.342329948112846 -1.154168508454845 6.545614878779027 -8.164255127357523
-0.507236840621255 -0.358957837353207 0.076239555841581 0.128230231462578 -0.727229780419114 -0.383151223749634 -1.185556276430688 6.723623756652586 -7.917578647750334
-0.506625328370853 -0.362425895661386 0.074125860256639 0.122302450080425 -0.693611661635851 -0.422739116988385 -1.208820654872156 6.855562603178544 -7.569286185494795
-0.506044036636822 -0.365722564904486 0.071822932517060 0.116258346806064 -0.659333848619958 -0.460585547915859 -1.224359993816648 6.943690573582018 -7.128213912999115
-0.505493353902637 -0.368845641883246 0.069341799429656 0.110136546836981 -0.624615395752048 -0.496226617480855 -1.232572643248275 6.990266823010405 -6.603198002669286
-0.504973485484534 -0.371793962191431 0.066695586392185 0.103973683620739 -0.589664061636996 -0.529242607494201 -1.233856953199997 6.997550506682160 -6.003074626902416
-0.504484463490260 -0.374567343736949 0.063899296489041 0.097804398854739 -0.554676309103586 -0.559257980628713 -1.228611273669244 6.967800779762445 -5.336679958109203
-0.504026156777828 -0.377166530262973 0.060969589586945 0.091661342486393 -0.519837305204773 -0.585941380419259 -1.217233954693420 6.903276797458613 -4.612850168687910
-0.503598280914263 -0.379593134869061 0.057924561430631 0.085575172712926 -0.485320921217480 -0.609005631262699 -1.200123346256632 6.806237714938046 -3.840421431047503
-0.503200408134355 -0.381849583532275 0.054783522738541 0.079574555981643 -0.451289732642790 -0.628207738417937 -1.177677798396282 6.678942687392553 -3.028229917588221
-0.502831977299407 -0.383939058628304 0.051566778298512 0.073686166989662 -0.417895019205827 -0.643348888005878 -1.150295661105361 6.523650870020603 -2.185111800715744
-0.502492303855986 -0.385865442452582 0.048295406063465 0.067934688684135 -0.385276764855724 -0.654274447009456 -1.118375284412387 6.342621417996241 -1.319903252832422
-0.502180589794676 -0.387633260741411 0.044991036247097 0.062342812262073 -0.353563657765743 -0.660873963273618 -1.082315018323676 6.138113486509056 -0.441440446345975
-0.501895933608824 -0.389247626193077 0.041675630419570 0.056931237170454 -0.322873090333198 -0.663081165505348 -1.042513212845542 5.912386230755295 0.441440446345132
-0.501637340253292 -0.390714181988974 0.038371260603202 0.051718671106227 -0.293311159179421 -0.660873963273623 -0.999368218015384 5.667698805904564 1.319903252832710
-0.501403731103212 -0.392039045314724 0.035099888368155 0.046721830016150 -0.264972665149898 -0.654274447009459 -0.953278383812872 5.406310367161993 2.185111800716566
-0.501193953912726 -0.393228750881294 0.031883143928125 0.041955438097085 -0.237941113314089 -0.643348888005876 -0.904642060275407 5.130480069701626 3.028229917587955
-0.501006792773748 -0.394290194446122 0.028742105236036 0.037432227795708 -0.212288712965580 -0.628207738417937 -0.853857597409302 4.842467068713052 3.840421431046948
-0.500840978074704 -0.395230576334232 0.025697077079722 0.033162939808662 -0.188076377622015 -0.609005631262702 -0.801323345216431 4.544530519388079 4.612850168689842
-0.500695196459292 -0.396057344959357 0.022767370177626 0.029156323082580 -0.165353725025075 -0.585941380419253 -0.747437653734195 4.238929576914074 5.336679958107826
-0.500568100785222 -0.396778140345060 0.019971080274482 0.025419134813909 -0.144159077140504 -0.559257980628713 -0.692598872955585 3.927923396467303 6.003074626901728
-0.500458320082976 -0.397400737645851 0.017324867237011 0.021956140449131 -0.124519460158168 -0.529242607494205 -0.637205352895798 3.613771133246235 6.603198002669208
-0.500364469514553 -0.397932990668310 0.014843734149607 0.018770113684652 -0.106450604491937 -0.496226617480859 -0.581655443574469 3.298731942431576 7.128213913000581
-0.500285160332219 -0.398382775392209 0.012540806410028 0.015861836466780 -0.089956944779779 -0.460585547915856 -0.526347495002355 2.985064979206253 7.569286185498192
-0.500219009837260 -0.398757933491628 0.010427110825086 0.013230098991768 -0.075031619883748 -0.422739116988365 -0.471679857194651 2.675029398773177 7.917578647741030
-0.500164651338731 -0.399066215856077 0.008511354706337 0.010871699705794 -0.061656472889882 -0.383151223749660 -0.418050880153231 2.370884356308611 8.164255127365339
-0.500120744112206 -0.399315226111619 0.006799704965773 0.008781445305028 -0.049802051108339 -0.342329948112833 -0.365858913911055 2.074889006993264 8.300479451915532
-0.500085983358529 -0.399512364141986 0.005295567211507 0.006952150735473 -0.039427606073372 -0.300827550853255 -0.315502308456672 1.789302506014501 8.317415449024745
-0.500059110162563 -0.399664769609703 0.003999364843466 0.005374639193190 -0.030481093543300 -0.259240473608132 -0.267379413831925 1.516384008588556 8.206226946281969
-0.500038921451943 -0.399779265477204 0.002908318149083 0.004037742124030 -0.022899173500357 -0.218209338876722 -0.221888580016483 1.258392669849506 7.958077771257344
-0.500024279955823 -0.399862301527960 0.002016223398981 0.002928299223948 -0.016607210151109 -0.178418950020435 -0.179428157056627 1.017587645035789 7.564131751602870
-0.500014124163630 -0.399919897887590 0.001313231942668 0.002031158438665 -0.011519271925930 -0.140598291262421 -0.140396494945350 0.796228089305906 7.015552714841886
-0.500007478283810 -0.399957588544987 0.000785629304227 0.001329175963938 -0.007538131479401 -0.105520527688211 -0.105191943693406 0.596573157851665 6.303504488638367
-0.500003462202583 -0.399980364873437 0.000415614278002 0.000803216245471 -0.004555265690143 -0.074003005245020 -0.074212853329314 0.420882005860435 5.419150900549675
-0.500001301442689 -0.399992619151741 0.000181078024291 0.000432151978824 -0.002450855660840 -0.046907250742271 -0.047857573850507 0.271413788521802 4.353655778167227
-0.500000337122141 -0.399998088085333 0.000055383165034 0.000192864109572 -0.001093786718231 -0.025138971851435 -0.026524455285504 0.150427661025354 3.098182949126856
-0.500000035912975 -0.399999796327398 0.000007142879505 0.000060241833144 -0.000341648413105 -0.009648057105801 -0.010611847631736 0.060182778545137 1.643896240975569
