-0.499999855837320 -0.400000817587186 0.000006169925971 0.000028832535992 -0.000163517437157 0.001233985194284 0.032074538556248 -0.181903747393797 1.430333255465415
-0.499998909811176 -0.400006182768056 0.000048098183329 0.000189205228773 -0.001073036174126 0.008385651471611 0.057356212666004 -0.325283246136454 2.724288435466928
-0.499996529879716 -0.400019680030080 0.000158133651574 0.000475986292103 -0.002699452404809 0.022007093648946 0.075529556402554 -0.428349400067862 3.874228367778557
-0.499992261709345 -0.400043886027106 0.000365024829013 0.000853634074116 -0.004841199405148 0.041378235487839 0.086926843696489 -0.492986628286562 4.885389970498122
-0.499985820367882 -0.400080416689839 0.000694050755715 0.001288268292599 -0.007306132546581 0.065805185340329 0.091880348480622 -0.521079349924403 5.763010161723428
-0.499977082017707 -0.400129974336320 0.001167151936460 0.001747670035002 -0.009911529296203 0.094620236148946 0.090722344683325 -0.514511984042176 6.512325859552314
-0.499966075608915 -0.400192394782402 0.001803061263693 0.002201281758418 -0.012484089216414 0.127181865446708 0.083785106241852 -0.475168949771732 7.138573982082518
-0.499952974572467 -0.400266694452229 0.002617434940479 0.002620207289628 -0.014859933965272 0.162874735357121 0.071400907077912 -0.404934666218271 7.646991447411949
-0.499938088513342 -0.400351117488710 0.003622983403450 0.002977211825017 -0.016884607296364 0.201109692594180 0.053902021126540 -0.305693552460351 8.042815173638450
-0.499921854903689 -0.400443182864004 0.004829602245762 0.003246721930650 -0.018413075058665 0.241323768462373 0.031620722320547 -0.179330027618718 8.331282078859642
-0.499904830775977 -0.400539731489988 0.006244503140045 0.003404825542253 -0.019309725196759 0.282980178856671 0.004889284590526 -0.027728510803016 8.517629081173549
-0.499887684416151 -0.400636973328741 0.007872344761358 0.003429271965205 -0.019448367750774 0.325568324262539 -0.025960018139592 0.147226578908199 8.607093098677742
-0.499871187056779 -0.400730534503023 0.009715363710137 0.003299471874507 -0.018712234856233 0.368603789755927 -0.060594911930334 0.343650822391961 8.604911049470564
-0.499856204570204 -0.400815504406744 0.011773505435154 0.002996497314856 -0.016993980744273 0.411628345003280 -0.098683122853327 0.559659800547507 8.516319851648991
-0.499843689161701 -0.400886482815452 0.014044555156461 0.002503081700589 -0.014195681741536 0.454209944261525 -0.139892376984641 0.793369094282959 8.346556423311647
-0.499834671062623 -0.400937626996802 0.016524268788352 0.001803619815666 -0.010228836270121 0.495942726378083 -0.183890400380360 1.042894284486451 8.100857682555851
-0.499830250223554 -0.400962698821041 0.019206503862306 0.000884167813764 -0.005014364847689 0.536447014790863 -0.230344919120995 1.306350952055002 7.784460547479455
-0.499831588007464 -0.400955111871478 0.022083350449947 -0.000267556781841 0.001517389912586 0.575369317528260 -0.278923659271513 1.581854677885630 7.402601936180853
-0.499839898882855 -0.400907978554968 0.025145262085993 -0.001662175078199 0.009426663302015 0.612382327209164 -0.329294346903541 1.867521042888676 6.960518766756674
-0.499856442116918 -0.400814157212385 0.028381186691208 -0.003308646812716 0.018764268516458 0.647184921042947 -0.381124708077607 2.161465627943393 6.463447957306268
-0.499882513468684 -0.400666299229104 0.031778697495355 -0.005214270353104 0.029571596656175 0.679502160829479 -0.434082468878660 2.461804013949020 5.916626425925831
-0.499919436882171 -0.400456896145475 0.035324123960151 -0.007384682697498 0.041880616725920 0.709085292959108 -0.487835355356125 2.766651781815899 5.325291090714224
-0.499968556179543 -0.400178326767300 0.039002682702214 -0.009823859474278 0.055713875635000 0.735711748412679 -0.542051093601614 3.074124512432164 4.694678869769930
-0.500031226754254 -0.399822904276314 0.042798608416022 -0.012534114942286 0.071084498197160 0.759185142761529 -0.596397409662330 3.382337786690393 4.030026681188237
-0.500108807264207 -0.399382923340661 0.046695284796859 -0.015516101990598 0.087996187130612 0.779335276167470 -0.650542029623224 3.689407185498705 3.336571443069425
-0.500202651324900 -0.398850707225370 0.050675375463773 -0.018768812138714 0.106443223058106 0.796018133382817 -0.704152679547043 3.993448289745238 2.619550073511001
-0.500314099202583 -0.398218654902836 0.054720954882525 -0.022289575536449 0.126410464506832 0.809115883750372 -0.756897085500974 4.292576680333671 1.884199490609362
-0.500444469507403 -0.397479288163294 0.058813639288542 -0.026074060963954 0.147873347908500 0.818536881203419 -0.808442973561085 4.584907938156579 1.135756612463679
-0.500595050886561 -0.396625298725297 0.062934717609871 -0.030116275831760 0.170797887599283 0.824215664265737 -0.858458069794565 4.868557644113203 0.379458357169793
-0.500767093717465 -0.395649595346198 0.067065282390129 -0.034408566180733 0.195140675819849 0.826112956051586 -0.906610100259719 5.141641379100559 -0.379458357169793
-0.500961801800875 -0.394545350932621 0.071186360711458 -0.038941616682031 0.220848882715352 0.824215664265737 -0.952566791041498 5.402274724011225 -1.135756612464789
-0.501180324054061 -0.393306049650944 0.075279045117475 -0.043704450637239 0.247860256335408 0.818536881203413 -0.995995868207089 5.648573259751100 -1.884199490608252
-0.501423746203953 -0.391925534037774 0.079324624536227 -0.048684429978274 0.276103122634164 0.809115883750372 -1.036565057805916 5.878652567217202 -2.619550073511556
-0.501693082480289 -0.390398052110422 0.083304715203141 -0.053867255267304 0.305496385470250 0.796018133382814 -1.073942085940693 6.090628227293227 -3.336571443068870
-0.501989267308774 -0.388718304477389 0.087201391583978 -0.059236965697007 0.335949526606716 0.779335276167470 -1.107794678647522 6.282615820887294 -4.030026681188237
-0.502313147004225 -0.386881491448833 0.090997317297786 -0.064775939090245 0.367362605711152 0.759185142761529 -1.137790562015795 6.452730928898642 -4.694678869769930
-0.502665471463727 -0.384883360147055 0.094675876039849 -0.070464891900324 0.399626260355646 0.735711748412679 -1.163597462112698 6.599089132222069 -5.325291090713669
-0.503046885859782 -0.382720251616971 0.098221302504645 -0.076282879210887 0.432621706016756 0.709085292959111 -1.184883104992096 6.719806011739049 -5.916626425925831
-0.503457922333461 -0.380389147936594 0.101618813308792 -0.082207294735848 0.466220736075451 0.679502160829482 -1.201315216756704 6.812997148386568 -6.463447957307800
-0.503898991687559 -0.377887719327507 0.104854737914007 -0.088213870819631 0.500285721817384 0.647184921042943 -1.212561523429301 6.876778123008354 -6.960518766755408
-0.504370375079743 -0.375214371265345 0.107916649550053 -0.094276678436778 0.534669612432426 0.612382327209166 -1.218289751117041 6.909264516545832 -7.402601936181696
-0.504872215715705 -0.372368291590269 0.110793496137694 -0.100368127192363 0.569215935015155 0.575369317528257 -1.218167625873789 6.908571909873817 -7.784460547478611
-0.505404510542313 -0.369349497617446 0.113475731211648 -0.106458965321732 0.603758794564524 0.536447014790864 -1.211862873780056 6.872815883902650 -8.100857682558082
-0.505967101940766 -0.366158883247526 0.115955444843539 -0.112518279690632 0.638122873984037 0.495942726378074 -1.199043220876383 6.800112019511584 -8.346556423310947
-0.506559669419742 -0.362798266077118 0.118226494564846 -0.118513495795014 0.672123434081595 0.454209944261519 -1.179376393261045 6.688575897613180 -8.516319851646914
-0.507181721308548 -0.359270434509270 0.120284636289863 -0.124410377761319 0.705566313569661 0.411628345003284 -1.152530117005668 6.536323099102237 -8.604911049466812
-0.507832586450280 -0.355579194863944 0.122127655238642 -0.130173028346348 0.738247929065172 0.368603789755950 -1.118172118150795 6.341469204871331 -8.607093098684793
-0.508511405894965 -0.351729418488496 0.123755496859955 -0.135763888937102 0.769955275089529 0.325568324262526 -1.075970122781378 6.102129795813038 -8.517629081175038
-0.509217124592720 -0.347727088868153 0.125170397754238 -0.141143739551008 0.800465924068594 0.282980178856651 -1.025591856986807 5.816420452844362 -8.331282078850588
-0.509948483086900 -0.343579348736489 0.126377016596550 -0.146271698835942 0.829548026332816 0.241323768462398 -0.966705046794303 5.482456756840115 -8.042815173645579
-0.510704009207250 -0.339294547185904 0.127382565059521 -0.151105224069914 0.856960310117016 0.201109692594170 -0.898977418315461 5.098354288708418 -7.646991447416429
-0.511482009763057 -0.334882286778101 0.128196938736306 -0.155600111161491 0.882452081560559 0.162874735357088 -0.822076697577501 4.662228629341847 -7.138573982072849
-0.512280562236304 -0.330353470654565 0.128832848063540 -0.159710494649379 0.905763224707268 0.127181865446724 -0.735670610696459 4.172195359650743 -6.512325859553414
-0.513097506474818 -0.325720349647037 0.129305949244285 -0.163388847702861 0.926624201505521 0.094620236148957 -0.639426883699556 3.626370060505479 -5.763010161732307
-0.513930436385425 -0.320996569387997 0.129634975170986 -0.166585982121359 0.944756051808049 0.065805185340295 -0.533013242685065 3.022868312838600 -4.885389970485932
-0.514776691627099 -0.316197217421136 0.129841866348426 -0.169251048334784 0.959870393372242 0.041378235487866 -0.416097413697969 2.359805697504935 -3.874228367783950
-0.515633349304115 -0.311338870311837 0.129951901816670 -0.171331535403274 0.971669421859767 0.022007093648946 -0.288347122832100 1.635297795450352 -2.724288435462796
-0.516497215659203 -0.306439640757652 0.129993830074029 -0.172773271017435 0.979845910837018 0.008385651471632 -0.149430096132441 0.847460187529681 -1.430333255472149
-0.517364817766693 -0.301519224698779 0.130000000000000 -0.173520421498097 0.984083211774667 0.001233985194271 0.005766507196192 -0.032703487458097 -0.246797038849778
-0.518232275711504 -0.296599626227092 0.130000000000000 -0.173491588962116 0.983919694337376 0.000000000000022 0.181504634690910 -1.029363934896832 -0.000000000004441
-0.519095196040447 -0.291705761853777 0.130000000000000 -0.172584065788661 0.978772874662892 0.000000000000000 0.345703335500325 -1.960581041584586 0.000000000000000
-0.519949473786003 -0.286860912006502 0.130000000000000 -0.170855549111160 0.968969969454969 0.000000000000000 0.491626970102743 -2.788155097579459 0.000000000000000
-0.520791460857306 -0.282085766036667 0.130000000000000 -0.168397414260646 0.955029193967072 0.000000000000000 0.619940086372672 -3.515854941122942 0.000000000000000
-0.521617949426450 -0.277398516440360 0.130000000000000 -0.165297713828783 0.937449919261457 0.000000000000000 0.731307232184619 -4.147449410427662 0.000000000000000
-0.522426155314789 -0.272814953079313 0.130000000000000 -0.161641177667859 0.916712672209319 0.000000000000000 0.826392955377564 -4.686707343690699 0.000000000000000
-0.523213701379244 -0.268348557401859 0.130000000000000 -0.157509212890972 0.893279135490865 0.000000000000000 0.905861803826014 -5.137397579122460 0.000000000000000
-0.523978600898603 -0.264010596663883 0.130000000000000 -0.152979903871842 0.867592147595253 0.000000000000000 0.970378325386712 -5.503288954922247 0.000000000000000
-0.524719240959828 -0.259810218149779 0.130000000000000 -0.148128012244908 0.840075702820642 0.000000000000000 1.020607067925283 -5.788150309296025 0.000000000000000
-0.525434365844354 -0.255754543393409 0.130000000000000 -0.143024976905282 0.811134951274162 0.000000000000000 1.057212579302913 -5.995750480467521 0.000000000000000
-0.526123060414398 -0.251848762399050 0.130000000000000 -0.137738914008767 0.781156198871824 0.000000000000000 1.080859407376344 -6.129858306611613 0.000000000000000
-0.526784733499257 -0.248096227862356 0.130000000000000 -0.132334616971885 0.750506907338766 0.000000000000000 1.092212100011203 -6.194242625966462 0.000000000000000
-0.527419101281617 -0.244498549391311 0.130000000000000 -0.126873556471829 0.719535694208934 0.000000000000000 1.091935205068673 -6.192672276710276 0.000000000000000
-0.528026170683849 -0.241055687727184 0.130000000000000 -0.121413880446486 0.688572332825382 0.000000000000000 1.080693270409938 -6.128916097063453 0.000000000000000
-0.528606222754321 -0.237766048965484 0.130000000000000 -0.116010414094436 0.657927752340065 0.000000000000000 1.059150843900625 -6.006742925231956 0.000000000000000
-0.529159796053696 -0.234626578776914 0.130000000000000 -0.110714659874933 0.627894037713905 0.000000000000000 1.027972473388594 -5.829921599412868 0.000000000000000
-0.529687670041236 -0.231632856628330 0.130000000000000 -0.105574797507990 0.598744429716841 0.000000000000000 0.987822706757235 -5.602220957822146 0.000000000000000
-0.530190848461107 -0.228779190003691 0.130000000000000 -0.100635683974204 0.570733324927730 0.000000000000000 0.939366091845528 -5.327409838655761 0.000000000000000
-0.530670542728682 -0.226058708625019 0.130000000000000 -0.095938853514976 0.544096275734451 0.000000000000000 0.883267176532421 -5.009257080126339 0.000000000000000
-0.531128155316843 -0.223463458673350 0.130000000000000 -0.091522517632314 0.519049990333820 0.000000000000000 0.820190508665775 -4.651531520436514 0.000000000000000
-0.531565263142288 -0.220984497009692 0.130000000000000 -0.087421565088985 0.495792332731637 0.000000000000000 0.750800636124538 -4.258001997795580 0.000000000000000
-0.531983600951830 -0.218611985395979 0.130000000000000 -0.083667561908363 0.474502322742659 0.000000000000000 0.675762106752131 -3.832437350402840 0.000000000000000
-0.532385044708703 -0.216335284716025 0.130000000000000 -0.080288751374602 0.455340135990645 0.000000000000000 0.595739468414180 -3.378606416466479 0.000000000000000
-0.532771594978866 -0.214143049196484 0.130000000000000 -0.077310054032531 0.438447103908313 0.000000000000000 0.511397268985192 -2.900278034198012 0.000000000000000
-0.533145360317304 -0.212023320627797 0.130000000000000 -0.074753067687605 0.423945713737323 0.000000000000000 0.423400056317469 -2.401221041793411 0.000000000000000
-0.533508540654334 -0.209963622585155 0.130000000000000 -0.072636067406018 0.411939608528356 0.000000000000000 0.332412378258873 -1.885204277469743 0.000000000000000
-0.533863410681907 -0.207951054649450 0.130000000000000 -0.070974005514723 0.402513587141007 0.000000000000000 0.239098782706115 -1.355996579417429 0.000000000000000
-0.534212303239913 -0.205972386628231 0.130000000000000 -0.069778511601193 0.395733604243920 0.000000000000000 0.144123817475972 -0.817366785857976 0.000000000000000
-0.534557592702482 -0.204014152776658 0.130000000000000 -0.069057892513813 0.391646770314630 0.000000000000000 0.048152030474036 -0.273083734986246 0.000000000000000
-0.534901678364290 -0.202062746018459 0.130000000000000 -0.068817132361443 0.390281351639699 0.000000000000000 -0.048152030469595 0.273083734985136 0.000000000000000
-0.535246967826859 -0.200104512166886 0.130000000000000 -0.069057892513791 0.391646770314624 0.000000000000000 -0.144123817484854 0.817366785859086 0.000000000000000
-0.535595860384865 -0.198125844145666 0.130000000000000 -0.069778511601215 0.395733604243920 0.000000000000000 -0.239098782697234 1.355996579415208 0.000000000000000
-0.535950730412438 -0.196113276209961 0.130000000000000 -0.070974005514701 0.402513587140996 0.000000000000000 -0.332412378267755 1.885204277474184 0.000000000000000
-0.536313910749468 -0.194053578167320 0.130000000000000 -0.072636067406040 0.411939608528367 0.000000000000000 -0.423400056313028 2.401221041788970 0.000000000000000
-0.536687676087906 -0.191933849598633 0.130000000000000 -0.074753067687605 0.423945713737311 0.000000000000000 -0.511397268980751 2.900278034199122 0.000000000000000
-0.537074226358069 -0.189741614079091 0.130000000000000 -0.077310054032509 0.438447103908307 0.000000000000000 -0.595739468423062 3.378606416469809 0.000000000000000
-0.537475670114942 -0.187464913399138 0.130000000000000 -0.080288751374624 0.455340135990656 0.000000000000000 -0.675762106747690 3.832437350401730 0.000000000000000
-0.537894007924484 -0.185092401785425 0.130000000000000 -0.083667561908363 0.474502322742665 0.000000000000000 -0.750800636124538 4.258001997794469 0.000000000000000
-0.538331115749929 -0.182613440121767 0.130000000000000 -0.087421565088985 0.495792332731637 0.000000000000000 -0.820190508665775 4.651531520437624 0.000000000000000
-0.538788728338090 -0.180018190170098 0.130000000000000 -0.091522517632314 0.519049990333825 0.000000000000000 -0.883267176532421 5.009257080127449 0.000000000000000
-0.539268422605665 -0.177297708791425 0.130000000000000 -0.095938853514976 0.544096275734463 0.000000000000000 -0.939366091845528 5.327409838655761 0.000000000000000
-0.539771601025536 -0.174444042166787 0.130000000000000 -0.100635683974204 0.570733324927741 0.000000000000000 -0.987822706757235 5.602220957818815 0.000000000000000
-0.540299475013076 -0.171450320018202 0.130000000000000 -0.105574797507990 0.598744429716835 0.000000000000000 -1.027972473388594 5.829921599416199 0.000000000000000
-0.540853048312451 -0.168310849829633 0.130000000000000 -0.110714659874933 0.627894037713916 0.000000000000000 -1.059150843900625 6.006742925226405 0.000000000000000
-0.541433100382923 -0.165021211067933 0.130000000000000 -0.116010414094436 0.657927752340048 0.000000000000000 -1.080693270409938 6.128916097065673 0.000000000000000
-0.542040169785156 -0.161578349403806 0.130000000000000 -0.121413880446486 0.688572332825377 0.000000000000000 -1.091935205068673 6.192672276714717 0.000000000000000
-0.542674537567515 -0.157980670932761 0.130000000000000 -0.126873556471829 0.719535694208950 0.000000000000000 -1.092212100011203 6.194242625960911 0.000000000000000
-0.543336210652374 -0.154228136396067 0.130000000000000 -0.132334616971885 0.750506907338755 0.000000000000000 -1.080859407376344 6.129858306616054 0.000000000000000
-0.544024905222418 -0.150322355401708 0.130000000000000 -0.137738914008767 0.781156198871835 0.000000000000000 -1.057212579302913 5.995750480465301 0.000000000000000
-0.544740030106944 -0.146266680645337 0.130000000000000 -0.143024976905282 0.811134951274162 0.000000000000000 -1.020607067925283 5.788150309302686 0.000000000000000
-0.545480670168169 -0.142066302131234 0.130000000000000 -0.148128012244908 0.840075702820675 0.000000000000000 -0.970378325391152 5.503288954917807 0.000000000000000
-0.546245569687528 -0.137728341393257 0.130000000000000 -0.152979903871864 0.867592147595264 0.000000000000000 -0.905861803817132 5.137397579115799 0.000000000000000
-0.547033115751983 -0.133261945715803 0.130000000000000 -0.157509212890949 0.893279135490843 0.000000000000000 -0.826392955382005 4.686707343695140 0.000000000000000
-0.547841321640322 -0.128678382354757 0.130000000000000 -0.161641177667859 0.916712672209319 0.000000000000000 -0.731307232184619 4.147449410438764 0.000000000000000
-0.548667810209466 -0.123991132758449 0.130000000000000 -0.165297713828783 0.937449919261513 0.000000000000000 -0.619940086372672 3.515854941105179 0.000000000000000
-0.549509797280769 -0.119215986788614 0.130000000000000 -0.168397414260646 0.955029193967039 0.000000000000000 -0.491626970107184 2.788155097586120 0.000000000000000
-0.550364075026325 -0.114371136941339 0.130000000000000 -0.170855549111182 0.968969969454969 0.000000000000000 -0.345703335491443 1.960581041586806 0.000000000000000
-0.551226995355269 -0.109477272568025 0.130000000000000 -0.172584065788639 0.978772874662903 0.000000000000000 -0.181504634699792 1.029363934919036 0.000000000000000
-0.552094453300079 -0.104557674096337 0.130000000000000 -0.173491588962138 0.983919694337498 0.000000000000000 -0.005766507191751 0.032703487409247 -0.246797038857549
-0.552962055407570 -0.099637258037464 0.129993830074029 -0.173520421498097 0.984083211774545 -0.001233985194288 0.149430096136882 -0.847460187507476 -1.430333255464378
-0.553825921762657 -0.094738028483279 0.129951901816671 -0.172773271017412 0.979845910837007 -0.008385651471610 0.288347122827659 -1.635297795443691 -2.724288435467237
-0.554682579439673 -0.089879681373980 0.129841866348426 -0.171331535403274 0.971669421859789 -0.022007093648946 0.416097413697969 -2.359805697516038 -3.874228367778398
-0.555528834681347 -0.085080329407119 0.129634975170987 -0.169251048334784 0.959870393372209 -0.041378235487838 0.533013242685065 -3.022868312831939 -4.885389970498144
-0.556361764591954 -0.080356549148079 0.129305949244285 -0.166585982121359 0.944756051808049 -0.065805185340329 0.639426883699556 -3.626370060509920 -5.763010161723425
-0.557178708830468 -0.075723428140552 0.128832848063540 -0.163388847702861 0.926624201505499 -0.094620236148946 0.735670610696459 -4.172195359646302 -6.512325859553414
-0.557977261303715 -0.071194612017015 0.128196938736307 -0.159710494649379 0.905763224707268 -0.127181865446713 0.822076697577501 -4.662228629341847 -7.138573982080620
-0.558755261859523 -0.066782351609212 0.127382565059521 -0.155600111161491 0.882452081560559 -0.162874735357116 0.898977418315461 -5.098354288710638 -7.646991447413098
-0.559510787979872 -0.062497550058627 0.126377016596550 -0.151105224069914 0.856960310117005 -0.201109692594181 0.966705046798744 -5.482456756840115 -8.042815173638918
-0.560242146474052 -0.058349809926963 0.125170397754238 -0.146271698835920 0.829548026332805 -0.241323768462376 1.025591856977925 -5.816420452839921 -8.331282078858360
-0.560947865171807 -0.054347480306620 0.123755496859955 -0.141143739551031 0.800465924068605 -0.282980178856668 1.075970122785819 -6.102129795817479 -8.517629081173927
-0.561626684616492 -0.050497703931173 0.122127655238642 -0.135763888937102 0.769955275089518 -0.325568324262537 1.118172118155236 -6.341469204869110 -8.607093098678131
-0.562277549758224 -0.046806464285847 0.120284636289863 -0.130173028346325 0.738247929065172 -0.368603789755928 1.152530116996786 -6.536323099102237 -8.604911049470697
-0.562899601647031 -0.043278632717999 0.118226494564846 -0.124410377761341 0.705566313569661 -0.411628345003281 1.179376393265485 -6.688575897613180 -8.516319851648579
-0.563492169126006 -0.039918015547591 0.115955444843539 -0.118513495795014 0.672123434081595 -0.454209944261524 1.199043220880824 -6.800112019513804 -8.346556423311501
-0.564054760524459 -0.036727401177670 0.113475731211648 -0.112518279690610 0.638122873984026 -0.495942726378082 1.211862873771175 -6.872815883900429 -8.100857682556416
-0.564587055351068 -0.033708607204848 0.110793496137694 -0.106458965321754 0.603758794564524 -0.536447014790864 1.218167625878230 -6.908571909873817 -7.784460547478611
-0.565088895987029 -0.030862527529772 0.107916649550053 -0.100368127192363 0.569215935015155 -0.575369317528257 1.218289751117041 -6.909264516543612 -7.402601936181696
-0.565560279379213 -0.028189179467610 0.104854737914007 -0.094276678436778 0.534669612432437 -0.612382327209166 1.212561523433742 -6.876778123017235 -6.960518766756518
-0.566001348733311 -0.025687750858523 0.101618813308792 -0.088213870819609 0.500285721817351 -0.647184921042948 1.201315216747822 -6.812997148377686 -6.463447957306689
-0.566412385206991 -0.023356647178146 0.098221302504645 -0.082207294735870 0.466220736075462 -0.679502160829482 1.184883105000978 -6.719806011741269 -5.916626425924165
-0.566793799603045 -0.021193538648062 0.094675876039849 -0.076282879210865 0.432621706016756 -0.709085292959102 1.163597462103816 -6.599089132222069 -5.325291090715889
-0.567146124062547 -0.019195407346284 0.090997317297786 -0.070464891900346 0.399626260355646 -0.735711748412682 1.137790562024676 -6.452730928898642 -4.694678869769375
-0.567470003757998 -0.017358594317728 0.087201391583978 -0.064775939090223 0.367362605711152 -0.759185142761529 1.107794678643081 -6.282615820889514 -4.030026681188237
-0.567766188586483 -0.015678846684695 0.083304715203141 -0.059236965697007 0.335949526606705 -0.779335276167470 1.073942085936253 -6.090628227291006 -3.336571443069425
-0.568035524862819 -0.014151364757343 0.079324624536227 -0.053867255267326 0.305496385470250 -0.796018133382817 1.036565057814798 -5.878652567214981 -2.619550073511001
-0.568278947012711 -0.012770849144172 0.075279045117475 -0.048684429978252 0.276103122634175 -0.809115883750372 0.995995868198207 -5.648573259751100 -1.884199490609362
-0.568497469265897 -0.011531547862495 0.071186360711458 -0.043704450637261 0.247860256335419 -0.818536881203419 0.952566791045939 -5.402274724015665 -1.135756612463679
-0.568692177349307 -0.010427303448919 0.067065282390129 -0.038941616682031 0.220848882715341 -0.824215664265737 0.906610100264160 -5.141641379100559 -0.379458357169793
-0.568864220180211 -0.009451600069819 0.062934717609871 -0.034408566180710 0.195140675819838 -0.826112956051586 0.858458069785684 -4.868557644108762 0.379458357169793
-0.569014801559370 -0.008597610631823 0.058813639288542 -0.030116275831782 0.170797887599294 -0.824215664265737 0.808442973565526 -4.584907938158800 1.135756612464522
-0.569145171864189 -0.007858243892280 0.054720954882525 -0.026074060963954 0.147873347908500 -0.818536881203415 0.756897085500974 -4.292576680333671 1.884199490608518
-0.569256619741872 -0.007226191569746 0.050675375463773 -0.022289575536449 0.126410464506832 -0.809115883750372 0.704152679547043 -3.993448289745238 2.619550073511845
-0.569350463802565 -0.006693975454456 0.046695284796859 -0.018768812138714 0.106443223058106 -0.796018133382813 0.650542029623224 -3.689407185498705 3.336571443068581
-0.569428044312518 -0.006253994518803 0.042798608416022 -0.015516101990598 0.087996187130612 -0.779335276167470 0.596397409666771 -3.382337786694833 4.030026681188237
-0.569490714887230 -0.005898572027817 0.039002682702214 -0.012534114942264 0.071084498197138 -0.759185142761529 0.542051093592733 -3.074124512425502 4.694678869769930
-0.569539834184601 -0.005620002649642 0.035324123960151 -0.009823859474301 0.055713875635011 -0.735711748412679 0.487835355365007 -2.766651781818119 5.325291090713669
-0.569576757598088 -0.005410599566012 0.031778697495355 -0.007384682697475 0.041880616725920 -0.709085292959111 0.434082468871999 -2.461804013951241 5.916626425925831
-0.569602828949854 -0.005262741582732 0.028381186691208 -0.005214270353116 0.029571596656164 -0.679502160829482 0.381124708082048 -2.161465627938952 6.463447957307800
-0.569619372183918 -0.005168920240149 0.025145262085993 -0.003308646812705 0.018764268516469 -0.647184921042943 0.329294346901321 -1.867521042888676 6.960518766755408
-0.569627683059309 -0.005121786923639 0.022083350449947 -0.001662175078199 0.009426663302026 -0.612382327209166 0.278923659271513 -1.581854677890071 7.402601936181696
-0.569629020843218 -0.005114199974076 0.019206503862306 -0.000267556781841 0.001517389912575 -0.575369317528257 0.230344919120995 -1.306350952055002 7.784460547478611
-0.569624600004149 -0.005139271798315 0.016524268788352 0.000884167813764 -0.005014364847700 -0.536447014790864 0.183890400378139 -1.042894284482010 8.100857682558082
-0.569615581905071 -0.005190415979665 0.014044555156461 0.001803619815655 -0.010228836270110 -0.495942726378074 0.139892376984641 -0.793369094285179 8.346556423310947
-0.569603066496568 -0.005261394388373 0.011773505435154 0.002503081700578 -0.014195681741536 -0.454209944261519 0.098683122859988 -0.559659800547507 8.516319851646914
-0.569588084009993 -0.005346364292094 0.009715363710137 0.002996497314878 -0.016993980744273 -0.411628345003284 0.060594911923673 -0.343650822394181 8.604911049466812
-0.569571586650621 -0.005439925466376 0.007872344761358 0.003299471874496 -0.018712234856244 -0.368603789755950 0.025960018139592 -0.147226578903759 8.607093098684793
-0.569554440290795 -0.005537167305129 0.006244503140045 0.003429271965194 -0.019448367750763 -0.325568324262526 -0.004889284586085 0.027728510798575 8.517629081175038
-0.569537416163084 -0.005633715931113 0.004829602245762 0.003404825542264 -0.019309725196770 -0.282980178856651 -0.031620722320547 0.179330027620939 8.331282078850588
-0.569521182553430 -0.005725781306406 0.003622983403450 0.003246721930661 -0.018413075058665 -0.241323768462398 -0.053902021130980 0.305693552460351 8.042815173645579
-0.569506296494305 -0.005810204342888 0.002617434940479 0.002977211825006 -0.016884607296364 -0.201109692594170 -0.071400907075692 0.404934666216050 7.646991447416429
-0.569493195457857 -0.005884504012715 0.001803061263694 0.002620207289628 -0.014859933965283 -0.162874735357088 -0.083785106239631 0.475168949776172 7.138573982072849
-0.569482189049065 -0.005946924458797 0.001167151936460 0.002201281758429 -0.012484089216402 -0.127181865446724 -0.090722344685545 0.514511984042176 6.512325859553414
-0.569473450698890 -0.005996482105278 0.000694050755715 0.001747670035002 -0.009911529296192 -0.094620236148957 -0.091880348480622 0.521079349922182 5.763010161732307
-0.569467009357427 -0.006033012768011 0.000365024829014 0.001288268292599 -0.007306132546581 -0.065805185340295 -0.086926843700930 0.492986628286562 4.885389970485932
-0.569462741187057 -0.006057218765036 0.000158133651574 0.000853634074094 -0.004841199405148 -0.041378235487866 -0.075529556395892 0.428349400070083 3.874228367779509
-0.569460361255596 -0.006070716027060 0.000048098183330 0.000475986292114 -0.002699452404797 -0.022007093648968 -0.057356212668225 0.325283246125352 2.724288435476119
-0.569459415229452 -0.006076081207931 0.000006169925972 0.000189205228773 -0.001073036174171 -0.008385651471587 -0.032074538554028 0.181903747404899 1.430333255463268
-0.569459271066772 -0.006076898795117 0.000000000000000 0.000028832536003 -0.000163517437146 -0.001233985194271 -0.005766507200633 0.032703487429231 0.246797038845337
-0.569459271066772 -0.006076898795117 0.000000000000000 0.000000000000000 0.000000000000000 -0.000000000000044 -0.005766507200633 0.032703487429231 0.164531359246773
-0.569459415229452 -0.006076081207931 0.000004113283981 -0.000028832536003 0.000163517437146 0.000822656796189 -0.032074538554028 0.181903747404899 0.953555503643610
-0.569460361255596 -0.006070716027060 0.000032065455553 -0.000189205228773 0.001073036174171 0.005590434314408 -0.057356212668225 0.325283246125352 1.816192290311285
-0.569462741187057 -0.006057218765036 0.000105422434383 -0.000475986292114 0.002699452404797 0.014671395765964 -0.075529556395892 0.428349400070083 2.582818911852371
-0.569467009357427 -0.006033012768011 0.000243349886009 -0.000853634074094 0.004841199405148 0.027585490325226 -0.086926843700930 0.492986628286562 3.256926646998748
-0.569473450698890 -0.005996482105278 0.000462700503810 -0.001288268292599 0.007306132546581 0.043870123560220 -0.091880348480622 0.521079349922182 3.842006774482286
-0.569482189049065 -0.005946924458797 0.000778101290973 -0.001747670035002 0.009911529296192 0.063080157432631 -0.090722344685545 0.514511984042176 4.341550573034874
-0.569493195457857 -0.005884504012715 0.001202040842462 -0.002201281758429 0.012484089216402 0.084787910297805 -0.083785106239631 0.475168949776172 4.759049321388351
-0.569506296494305 -0.005810204342888 0.001744956626986 -0.002620207289628 0.014859933965283 0.108583156904747 -0.071400907075692 0.404934666216050 5.097994298274636
-0.569521182553430 -0.005725781306406 0.002415322268967 -0.002977211825006 0.016884607296364 0.134073128396120 -0.053902021130980 0.305693552460351 5.361876782425623
-0.569537416163084 -0.005633715931113 0.003219734830508 -0.003246721930661 0.018413075058665 0.160882512308248 -0.031620722320547 0.179330027620939 5.554188052573089
-0.569554440290795 -0.005537167305129 0.004163002093363 -0.003404825542264 0.019309725196770 0.188653452571114 -0.004889284586085 0.027728510798575 5.678419387449041
-0.569571586650621 -0.005439925466376 0.005248229840905 -0.003429271965194 0.019448367750763 0.217045549508359 0.025960018139592 -0.147226578903759 5.738062065785182
-0.569588084009993 -0.005346364292094 0.006476909140092 -0.003299471874496 0.018712234856244 0.245735859837285 0.060594911923673 -0.343650822394181 5.736607366313668
-0.569603066496568 -0.005261394388373 0.007849003623436 -0.002996497314878 0.016993980744273 0.274418896668853 0.098683122859988 -0.559659800547507 5.677546567766023
-0.569615581905071 -0.005190415979665 0.009363036770974 -0.002503081700578 0.014195681741536 0.302806629507683 0.139892376984641 -0.793369094285179 5.564370948874453
-0.569624600004149 -0.005139271798315 0.011016179192235 -0.001803619815655 0.010228836270110 0.330628484252056 0.183890400378139 -1.042894284482010 5.400571788370523
-0.569629020843218 -0.005114199974076 0.012804335908204 -0.000884167813764 0.005014364847700 0.357631343193908 0.230344919120995 -1.306350952055002 5.189640364986348
-0.569627683059309 -0.005121786923639 0.014722233633298 0.000267556781841 -0.001517389912575 0.383579545018840 0.278923659271513 -1.581854677890071 4.935067957453831
-0.569619372183918 -0.005168920240149 0.016763508057329 0.001662175078199 -0.009426663302026 0.408254884806109 0.329294346901321 -1.867521042888676 4.640345844504489
-0.569602828949854 -0.005262741582732 0.018920791127472 0.003308646812705 -0.018764268516469 0.431456614028632 0.381124708082048 -2.161465627938952 4.308965304870848
-0.569576757598088 -0.005410599566012 0.021185798330237 0.005214270353116 -0.029571596656164 0.453001440552986 0.434082468871999 -2.461804013951241 3.944417617283980
-0.569539834184601 -0.005620002649642 0.023549415973434 0.007384682697475 -0.041880616725920 0.472723528639406 0.487835355365007 -2.766651781818119 3.550194060475964
-0.569490714887230 -0.005898572027817 0.026001788468143 0.009823859474301 -0.055713875635011 0.490474498941786 0.542051093592733 -3.074124512425502 3.129785913180128
-0.569428044312518 -0.006253994518803 0.028532405610681 0.012534114942264 -0.071084498197138 0.506123428507686 0.596397409666771 -3.382337786694833 2.686684454125410
-0.569350463802565 -0.006693975454456 0.031130189864573 0.015516101990598 -0.087996187130612 0.519556850778313 0.650542029623224 -3.689407185498705 2.224380962046335
-0.569256619741872 -0.007226191569746 0.033783583642516 0.018768812138714 -0.106443223058106 0.530678755588545 0.704152679547043 -3.993448289745238 1.746366715673764
-0.569145171864189 -0.007858243892280 0.036480636588350 0.022289575536449 -0.126410464506832 0.539410589166914 0.756897085500974 -4.292576680333671 1.256132993739945
-0.569014801559370 -0.008597610631823 0.039209092859028 0.026074060963954 -0.147873347908500 0.545691254135613 0.808442973565526 -4.584907938158800 0.757171074975416
-0.568864220180211 -0.009451600069819 0.041956478406581 0.030116275831782 -0.170797887599294 0.549477109510491 0.858458069785684 -4.868557644108762 0.252972238113380
-0.568692177349307 -0.010427303448919 0.044710188260086 0.034408566180710 -0.195140675819838 0.550741970701057 0.906610100264160 -5.141641379100559 -0.252972238113114
-0.568497469265897 -0.011531547862495 0.047457573807638 0.038941616682031 -0.220848882715341 0.549477109510492 0.952566791045939 -5.402274724015665 -0.757171074976526
-0.568278947012711 -0.012770849144172 0.050186030078316 0.043704450637261 -0.247860256335419 0.545691254135609 0.995995868198207 -5.648573259751100 -1.256132993739101
-0.568035524862819 -0.014151364757343 0.052883083024151 0.048684429978252 -0.276103122634175 0.539410589166914 1.036565057814798 -5.878652567214981 -1.746366715674186
-0.567766188586483 -0.015678846684695 0.055536476802094 0.053867255267326 -0.305496385470250 0.530678755588543 1.073942085936253 -6.090628227291006 -2.224380962045913
-0.567470003757998 -0.017358594317728 0.058134261055985 0.059236965697007 -0.335949526606705 0.519556850778313 1.107794678643081 -6.282615820889514 -2.686684454125410
-0.567146124062547 -0.019195407346284 0.060664878198524 0.064775939090223 -0.367362605711152 0.506123428507686 1.137790562024676 -6.452730928898642 -3.129785913179850
-0.566793799603045 -0.021193538648062 0.063117250693233 0.070464891900346 -0.399626260355646 0.490474498941787 1.163597462103816 -6.599089132222069 -3.550194060475964
-0.566412385206991 -0.023356647178146 0.065480868336430 0.076282879210865 -0.432621706016756 0.472723528639407 1.184883105000978 -6.719806011741269 -3.944417617284257
-0.566001348733311 -0.025687750858523 0.067745875539195 0.082207294735870 -0.466220736075462 0.453001440552986 1.201315216747822 -6.812997148377686 -4.308965304871126
-0.565560279379213 -0.028189179467610 0.069903158609338 0.088213870819609 -0.500285721817351 0.431456614028630 1.212561523433742 -6.876778123017235 -4.640345844504346
-0.565088895987029 -0.030862527529772 0.071944433033368 0.094276678436778 -0.534669612432437 0.408254884806108 1.218289751117041 -6.909264516543612 -4.935067957453909
-0.564587055351068 -0.033708607204848 0.073862330758463 0.100368127192363 -0.569215935015155 0.383579545018839 1.218167625878230 -6.908571909873817 -5.189640364985926
-0.564054760524459 -0.036727401177670 0.075650487474432 0.106458965321754 -0.603758794564524 0.357631343193909 1.211862873771175 -6.872815883900429 -5.400571788372055
-0.563492169126006 -0.039918015547591 0.077303629895692 0.112518279690610 -0.638122873984026 0.330628484252049 1.199043220880824 -6.800112019513804 -5.564370948873965
-0.562899601647031 -0.043278632717999 0.078817663043231 0.118513495795014 -0.672123434081595 0.302806629507679 1.179376393265485 -6.688575897613180 -5.677546567764424
-0.562277549758224 -0.046806464285847 0.080189757526575 0.124410377761341 -0.705566313569661 0.274418896668857 1.152530116996786 -6.536323099102237 -5.736607366311763
-0.561626684616492 -0.050497703931173 0.081418436825762 0.130173028346325 -0.738247929065172 0.245735859837298 1.118172118155236 -6.341469204869110 -5.738062065789307
-0.560947865171807 -0.054347480306620 0.082503664573303 0.135763888937102 -0.769955275089518 0.217045549508352 1.075970122785819 -6.102129795817479 -5.678419387450395
-0.560242146474052 -0.058349809926963 0.083446931836159 0.141143739551031 -0.800465924068605 0.188653452571100 1.025591856977925 -5.816420452839921 -5.554188052566689
-0.559510787979872 -0.062497550058627 0.084251344397700 0.146271698835920 -0.829548026332805 0.160882512308266 0.966705046798744 -5.482456756840115 -5.361876782430386
-0.558755261859523 -0.066782351609212 0.084921710039681 0.151105224069914 -0.856960310117005 0.134073128396114 0.898977418315461 -5.098354288710638 -5.097994298278175
-0.557977261303715 -0.071194612017015 0.085464625824204 0.155600111161491 -0.882452081560559 0.108583156904724 0.822076697577501 -4.662228629341847 -4.759049321381159
-0.557178708830468 -0.075723428140552 0.085888565375693 0.159710494649379 -0.905763224707268 0.084787910297818 0.735670610696459 -4.172195359646302 -4.341550573035979
-0.556361764591954 -0.080356549148079 0.086203966162857 0.163388847702861 -0.926624201505499 0.063080157432638 0.639426883699556 -3.626370060509920 -3.842006774488205
-0.555528834681347 -0.085080329407119 0.086423316780658 0.166585982121359 -0.944756051808049 0.043870123560197 0.533013242685065 -3.022868312831939 -3.256926646990621
-0.554682579439673 -0.089879681373980 0.086561244232284 0.169251048334784 -0.959870393372209 0.027585490325244 0.416097413697969 -2.359805697516038 -2.582818911855966
-0.553825921762657 -0.094738028483279 0.086634601211114 0.171331535403274 -0.971669421859789 0.014671395765964 0.288347122827659 -1.635297795443691 -1.816192290308716
-0.552962055407570 -0.099637258037464 0.086662553382686 0.172773271017412 -0.979845910837007 0.005590434314420 0.149430096136882 -0.847460187507476 -0.953555503647729
-0.552094453300079 -0.104557674096337 0.086666666666667 0.173520421498097 -0.984083211774545 0.000822656796182 -0.005766507191751 0.032703487409247 -0.164531359233555
-0.551226995355269 -0.109477272568025 0.086666666666667 0.173491588962138 -0.983919694337498 0.000000000000014 -0.181504634699792 1.029363934919036 -0.000000000002776
-0.550364075026325 -0.114371136941339 0.086666666666667 0.172584065788639 -0.978772874662903 0.000000000000000 -0.345703335491443 1.960581041586806 0.000000000000000
-0.549509797280769 -0.119215986788614 0.086666666666667 0.170855549111182 -0.968969969454969 0.000000000000000 -0.491626970107184 2.788155097586120 0.000000000000000
-0.548667810209466 -0.123991132758449 0.086666666666667 0.168397414260646 -0.955029193967039 0.000000000000000 -0.619940086372672 3.515854941105179 0.000000000000000
-0.547841321640322 -0.128678382354757 0.086666666666667 0.165297713828783 -0.937449919261513 0.000000000000000 -0.731307232184619 4.147449410438764 0.000000000000000
-0.547033115751983 -0.133261945715803 0.086666666666667 0.161641177667859 -0.916712672209319 0.000000000000000 -0.826392955382005 4.686707343695140 0.000000000000000
-0.546245569687528 -0.137728341393257 0.086666666666667 0.157509212890949 -0.893279135490843 0.000000000000000 -0.905861803817132 5.137397579115799 0.000000000000000
-0.545480670168169 -0.142066302131234 0.086666666666667 0.152979903871864 -0.867592147595264 0.000000000000000 -0.970378325391152 5.503288954917807 0.000000000000000
-0.544740030106944 -0.146266680645337 0.086666666666667 0.148128012244908 -0.840075702820675 0.000000000000000 -1.020607067925283 5.788150309302686 0.000000000000000
-0.544024905222418 -0.150322355401708 0.086666666666667 0.143024976905282 -0.811134951274162 0.000000000000000 -1.057212579302913 5.995750480465301 0.000000000000000
-0.543336210652374 -0.154228136396067 0.086666666666667 0.137738914008767 -0.781156198871835 0.000000000000000 -1.080859407376344 6.129858306616054 0.000000000000000
-0.542674537567515 -0.157980670932761 0.086666666666667 0.132334616971885 -0.750506907338755 0.000000000000000 -1.092212100011203 6.194242625960911 0.000000000000000
-0.542040169785156 -0.161578349403806 0.086666666666667 0.126873556471829 -0.719535694208950 0.000000000000000 -1.091935205068673 6.192672276714717 0.000000000000000
-0.541433100382923 -0.165021211067933 0.086666666666667 0.121413880446486 -0.688572332825377 0.000000000000000 -1.080693270409938 6.128916097065673 0.000000000000000
-0.540853048312451 -0.168310849829633 0.086666666666667 0.116010414094436 -0.657927752340048 0.000000000000000 -1.059150843900625 6.006742925226405 0.000000000000000
-0.540299475013076 -0.171450320018202 0.086666666666667 0.110714659874933 -0.627894037713916 0.000000000000000 -1.027972473388594 5.829921599416199 0.000000000000000
-0.539771601025536 -0.174444042166787 0.086666666666667 0.105574797507990 -0.598744429716835 0.000000000000000 -0.987822706757235 5.602220957818815 0.000000000000000
-0.539268422605665 -0.177297708791425 0.086666666666667 0.100635683974204 -0.570733324927741 0.000000000000000 -0.939366091845528 5.327409838655761 0.000000000000000
-0.538788728338090 -0.180018190170098 0.086666666666667 0.095938853514976 -0.544096275734463 0.000000000000000 -0.883267176532421 5.009257080127449 0.000000000000000
-0.538331115749929 -0.182613440121767 0.086666666666667 0.091522517632314 -0.519049990333825 0.000000000000000 -0.820190508665775 4.651531520437624 0.000000000000000
-0.537894007924484 -0.185092401785425 0.086666666666667 0.087421565088985 -0.495792332731637 0.000000000000000 -0.750800636124538 4.258001997794469 0.000000000000000
-0.537475670114942 -0.187464913399138 0.086666666666667 0.083667561908363 -0.474502322742665 0.000000000000000 -0.675762106747690 3.832437350401730 0.000000000000000
-0.537074226358069 -0.189741614079091 0.086666666666667 0.080288751374624 -0.455340135990656 0.000000000000000 -0.595739468423062 3.378606416469809 0.000000000000000
-0.536687676087906 -0.191933849598633 0.086666666666667 0.077310054032509 -0.438447103908307 0.000000000000000 -0.511397268980751 2.900278034199122 0.000000000000000
-0.536313910749468 -0.194053578167320 0.086666666666667 0.074753067687605 -0.423945713737311 0.000000000000000 -0.423400056313028 2.401221041788970 0.000000000000000
-0.535950730412438 -0.196113276209961 0.086666666666667 0.072636067406040 -0.411939608528367 0.000000000000000 -0.332412378267755 1.885204277474184 0.000000000000000
-0.535595860384865 -0.198125844145666 0.086666666666667 0.070974005514701 -0.402513587140996 0.000000000000000 -0.239098782697234 1.355996579415208 0.000000000000000
-0.535246967826859 -0.200104512166886 0.086666666666667 0.069778511601215 -0.395733604243920 0.000000000000000 -0.144123817484854 0.817366785859086 0.000000000000000
-0.534901678364290 -0.202062746018459 0.086666666666667 0.069057892513791 -0.391646770314624 0.000000000000000 -0.048152030469595 0.273083734985136 0.000000000000000
-0.534557592702482 -0.204014152776658 0.086666666666667 0.068817132361443 -0.390281351639699 0.000000000000000 0.048152030474036 -0.273083734986246 0.000000000000000
-0.534212303239913 -0.205972386628231 0.086666666666667 0.069057892513813 -0.391646770314630 0.000000000000000 0.144123817475972 -0.817366785857976 0.000000000000000
-0.533863410681907 -0.207951054649450 0.086666666666667 0.069778511601193 -0.395733604243920 0.000000000000000 0.239098782706115 -1.355996579417429 0.000000000000000
-0.533508540654334 -0.209963622585155 0.086666666666667 0.070974005514723 -0.402513587141007 0.000000000000000 0.332412378258873 -1.885204277469743 0.000000000000000
-0.533145360317304 -0.212023320627797 0.086666666666667 0.072636067406018 -0.411939608528356 0.000000000000000 0.423400056317469 -2.401221041793411 0.000000000000000
-0.532771594978866 -0.214143049196484 0.086666666666667 0.074753067687605 -0.423945713737323 0.000000000000000 0.511397268985192 -2.900278034198012 0.000000000000000
-0.532385044708703 -0.216335284716025 0.086666666666667 0.077310054032531 -0.438447103908313 0.000000000000000 0.595739468414180 -3.378606416466479 0.000000000000000
-0.531983600951830 -0.218611985395979 0.086666666666667 0.080288751374602 -0.455340135990645 0.000000000000000 0.675762106752131 -3.832437350402840 0.000000000000000
-0.531565263142288 -0.220984497009692 0.086666666666667 0.083667561908363 -0.474502322742659 0.000000000000000 0.750800636124538 -4.258001997795580 0.000000000000000
-0.531128155316843 -0.223463458673350 0.086666666666667 0.087421565088985 -0.495792332731637 0.000000000000000 0.820190508665775 -4.651531520436514 0.000000000000000
-0.530670542728682 -0.226058708625019 0.086666666666667 0.091522517632314 -0.519049990333820 0.000000000000000 0.883267176532421 -5.009257080126339 0.000000000000000
-0.530190848461107 -0.228779190003691 0.086666666666667 0.095938853514976 -0.544096275734451 0.000000000000000 0.939366091845528 -5.327409838655761 0.000000000000000
-0.529687670041236 -0.231632856628330 0.086666666666667 0.100635683974204 -0.570733324927730 0.000000000000000 0.987822706757235 -5.602220957822146 0.000000000000000
-0.529159796053696 -0.234626578776914 0.086666666666667 0.105574797507990 -0.598744429716841 0.000000000000000 1.027972473388594 -5.829921599412868 0.000000000000000
-0.528606222754321 -0.237766048965484 0.086666666666667 0.110714659874933 -0.627894037713905 0.000000000000000 1.059150843900625 -6.006742925231956 0.000000000000000
-0.528026170683849 -0.241055687727184 0.086666666666667 0.116010414094436 -0.657927752340065 0.000000000000000 1.080693270409938 -6.128916097063453 0.000000000000000
-0.527419101281617 -0.244498549391311 0.086666666666667 0.121413880446486 -0.688572332825382 0.000000000000000 1.091935205068673 -6.192672276710276 0.000000000000000
-0.526784733499257 -0.248096227862356 0.086666666666667 0.126873556471829 -0.719535694208934 0.000000000000000 1.092212100011203 -6.194242625966462 0.000000000000000
-0.526123060414398 -0.251848762399050 0.086666666666667 0.132334616971885 -0.750506907338766 0.000000000000000 1.080859407376344 -6.129858306611613 0.000000000000000
-0.525434365844354 -0.255754543393409 0.086666666666667 0.137738914008767 -0.781156198871824 0.000000000000000 1.057212579302913 -5.995750480467521 0.000000000000000
-0.524719240959828 -0.259810218149779 0.086666666666667 0.143024976905282 -0.811134951274162 0.000000000000000 1.020607067925283 -5.788150309296025 0.000000000000000
-0.523978600898603 -0.264010596663883 0.086666666666667 0.148128012244908 -0.840075702820642 0.000000000000000 0.970378325386712 -5.503288954922247 0.000000000000000
-0.523213701379244 -0.268348557401859 0.086666666666667 0.152979903871842 -0.867592147595253 0.000000000000000 0.905861803826014 -5.137397579122460 0.000000000000000
-0.522426155314789 -0.272814953079313 0.086666666666667 0.157509212890972 -0.893279135490865 0.000000000000000 0.826392955377564 -4.686707343690699 0.000000000000000
-0.521617949426450 -0.277398516440360 0.086666666666667 0.161641177667859 -0.916712672209319 0.000000000000000 0.731307232184619 -4.147449410427662 0.000000000000000
-0.520791460857306 -0.282085766036667 0.086666666666667 0.165297713828783 -0.937449919261457 0.000000000000000 0.619940086372672 -3.515854941122942 0.000000000000000
-0.519949473786003 -0.286860912006502 0.086666666666667 0.168397414260646 -0.955029193967072 0.000000000000000 0.491626970102743 -2.788155097579459 0.000000000000000
-0.519095196040447 -0.291705761853777 0.086666666666667 0.170855549111160 -0.968969969454969 0.000000000000000 0.345703335500325 -1.960581041584586 0.000000000000000
-0.518232275711504 -0.296599626227092 0.086666666666667 0.172584065788661 -0.978772874662892 0.000000000000000 0.181504634690910 -1.029363934896832 0.000000000000000
-0.517364817766693 -0.301519224698779 0.086666666666667 0.173491588962116 -0.983919694337376 0.000000000000000 0.005766507196192 -0.032703487458097 -0.164531359238551
-0.516497215659203 -0.306439640757652 0.086662553382686 0.173520421498097 -0.984083211774667 -0.000822656796193 -0.149430096132441 0.847460187529681 -0.953555503642733
-0.515633349304115 -0.311338870311837 0.086634601211114 0.172773271017435 -0.979845910837018 -0.005590434314406 -0.288347122832100 1.635297795450352 -1.816192290311491
-0.514776691627099 -0.316197217421136 0.086561244232284 0.171331535403274 -0.971669421859767 -0.014671395765964 -0.416097413697969 2.359805697504935 -2.582818911852081
-0.513930436385425 -0.320996569387997 0.086423316780658 0.169251048334784 -0.959870393372242 -0.027585490325224 -0.533013242685065 3.022868312838600 -3.256926646998948
-0.513097506474818 -0.325720349647037 0.086203966162857 0.166585982121359 -0.944756051808049 -0.043870123560219 -0.639426883699556 3.626370060505479 -3.842006774482098
-0.512280562236304 -0.330353470654565 0.085888565375693 0.163388847702861 -0.926624201505521 -0.063080157432630 -0.735670610696459 4.172195359650743 -4.341550573035979
-0.511482009763057 -0.334882286778101 0.085464625824204 0.159710494649379 -0.905763224707268 -0.084787910297809 -0.822076697577501 4.662228629341847 -4.759049321386710
-0.510704009207250 -0.339294547185904 0.084921710039681 0.155600111161491 -0.882452081560559 -0.108583156904743 -0.898977418315461 5.098354288708418 -5.097994298275954
-0.509948483086900 -0.343579348736489 0.084251344397700 0.151105224069914 -0.856960310117016 -0.134073128396123 -0.966705046794303 5.482456756840115 -5.361876782425390
-0.509217124592720 -0.347727088868153 0.083446931836159 0.146271698835942 -0.829548026332816 -0.160882512308250 -1.025591856986807 5.816420452844362 -5.554188052572240
-0.508511405894965 -0.351729418488496 0.082503664573303 0.141143739551008 -0.800465924068594 -0.188653452571111 -1.075970122781378 6.102129795813038 -5.678419387449840
-0.507832586450280 -0.355579194863944 0.081418436825762 0.135763888937102 -0.769955275089529 -0.217045549508360 -1.118172118150795 6.341469204871331 -5.738062065784866
-0.507181721308548 -0.359270434509270 0.080189757526575 0.130173028346348 -0.738247929065172 -0.245735859837284 -1.152530117005668 6.536323099102237 -5.736607366313984
-0.506559669419742 -0.362798266077118 0.078817663043231 0.124410377761319 -0.705566313569661 -0.274418896668854 -1.179376393261045 6.688575897613180 -5.677546567765535
-0.505967101940766 -0.366158883247526 0.077303629895692 0.118513495795014 -0.672123434081595 -0.302806629507682 -1.199043220876383 6.800112019511584 -5.564370948874520
-0.505404510542313 -0.369349497617446 0.075650487474432 0.112518279690632 -0.638122873984037 -0.330628484252055 -1.211862873780056 6.872815883902650 -5.400571788370945
-0.504872215715705 -0.372368291590269 0.073862330758463 0.106458965321732 -0.603758794564524 -0.357631343193909 -1.218167625873789 6.908571909873817 -5.189640364985926
-0.504370375079743 -0.375214371265345 0.071944433033368 0.100368127192363 -0.569215935015155 -0.383579545018839 -1.218289751117041 6.909264516545832 -4.935067957454464
-0.503898991687559 -0.377887719327507 0.069903158609338 0.094276678436778 -0.534669612432426 -0.408254884806111 -1.212561523429301 6.876778123008354 -4.640345844503790
-0.503457922333461 -0.380389147936594 0.067745875539195 0.088213870819631 -0.500285721817384 -0.431456614028630 -1.201315216756704 6.812997148386568 -4.308965304871681
-0.503046885859782 -0.382720251616971 0.065480868336430 0.082207294735848 -0.466220736075451 -0.453001440552989 -1.184883104992096 6.719806011739049 -3.944417617282592
-0.502665471463727 -0.384883360147055 0.063117250693233 0.076282879210887 -0.432621706016756 -0.472723528639402 -1.163597462112698 6.599089132222069 -3.550194060477352
-0.502313147004225 -0.386881491448833 0.060664878198524 0.070464891900324 -0.399626260355646 -0.490474498941788 -1.137790562015795 6.452730928898642 -3.129785913179306
-0.501989267308774 -0.388718304477389 0.058134261055985 0.064775939090245 -0.367362605711152 -0.506123428507685 -1.107794678647522 6.282615820887294 -2.686684454125676
-0.501693082480289 -0.390398052110422 0.055536476802094 0.059236965697007 -0.335949526606716 -0.519556850778313 -1.073942085940693 6.090628227293227 -2.224380962046468
-0.501423746203953 -0.391925534037774 0.052883083024151 0.053867255267304 -0.305496385470250 -0.530678755588546 -1.036565057805916 5.878652567217202 -1.746366715673631
-0.501180324054061 -0.393306049650944 0.050186030078317 0.048684429978274 -0.276103122634164 -0.539410589166914 -0.995995868207089 5.648573259751100 -1.256132993739945
-0.500961801800875 -0.394545350932621 0.047457573807638 0.043704450637239 -0.247860256335408 -0.545691254135613 -0.952566791041498 5.402274724011225 -0.757171074975416
-0.500767093717465 -0.395649595346198 0.044710188260086 0.038941616682031 -0.220848882715352 -0.549477109510491 -0.906610100259719 5.141641379100559 -0.252972238113380
-0.500595050886561 -0.396625298725297 0.041956478406581 0.034408566180733 -0.195140675819849 -0.550741970701057 -0.858458069794565 4.868557644113203 0.252972238113114
-0.500444469507403 -0.397479288163294 0.039209092859028 0.030116275831760 -0.170797887599283 -0.549477109510492 -0.808442973561085 4.584907938156579 0.757171074976526
-0.500314099202583 -0.398218654902836 0.036480636588350 0.026074060963954 -0.147873347908500 -0.545691254135609 -0.756897085500974 4.292576680333671 1.256132993738834
-0.500202651324900 -0.398850707225370 0.033783583642516 0.022289575536449 -0.126410464506832 -0.539410589166915 -0.704152679547043 3.993448289745238 1.746366715674585
-0.500108807264207 -0.399382923340661 0.031130189864573 0.018768812138714 -0.106443223058106 -0.530678755588542 -0.650542029623224 3.689407185498705 2.224380962045780
-0.500031226754254 -0.399822904276314 0.028532405610681 0.015516101990598 -0.087996187130612 -0.519556850778313 -0.596397409662330 3.382337786690393 2.686684454125543
-0.499968556179543 -0.400178326767300 0.026001788468143 0.012534114942286 -0.071084498197160 -0.506123428507686 -0.542051093601614 3.074124512432164 3.129785913179861
-0.499919436882171 -0.400456896145475 0.023549415973434 0.009823859474278 -0.055713875635000 -0.490474498941786 -0.487835355356125 2.766651781815899 3.550194060475820
-0.499882513468684 -0.400666299229104 0.021185798330237 0.007384682697498 -0.041880616725920 -0.472723528639407 -0.434082468878660 2.461804013949020 3.944417617283980
-0.499856442116918 -0.400814157212385 0.018920791127472 0.005214270353104 -0.029571596656175 -0.453001440552987 -0.381124708077607 2.161465627943393 4.308965304871681
-0.499839898882855 -0.400907978554968 0.016763508057329 0.003308646812716 -0.018764268516458 -0.431456614028629 -0.329294346903541 1.867521042888676 4.640345844503724
-0.499831588007464 -0.400955111871478 0.014722233633298 0.001662175078199 -0.009426663302015 -0.408254884806110 -0.278923659271513 1.581854677885630 4.935067957454464
-0.499830250223554 -0.400962698821041 0.012804335908204 0.000267556781841 -0.001517389912586 -0.383579545018838 -0.230344919120995 1.306350952055002 5.189640364985714
-0.499834671062623 -0.400937626996802 0.011016179192235 -0.000884167813764 0.005014364847689 -0.357631343193909 -0.183890400380360 1.042894284486451 5.400571788372055
-0.499843689161701 -0.400886482815452 0.009363036770974 -0.001803619815666 0.010228836270121 -0.330628484252049 -0.139892376984641 0.793369094282959 5.564370948873965
-0.499856204570204 -0.400815504406744 0.007849003623436 -0.002503081700589 0.014195681741536 -0.302806629507679 -0.098683122853327 0.559659800547507 5.677546567764602
-0.499871187056779 -0.400730534503023 0.006476909140092 -0.002996497314856 0.016993980744273 -0.274418896668856 -0.060594911930334 0.343650822391961 5.736607366311241
-0.499887684416151 -0.400636973328741 0.005248229840905 -0.003299471874507 0.018712234856233 -0.245735859837300 -0.025960018139592 0.147226578908199 5.738062065789823
-0.499904830775977 -0.400539731489988 0.004163002093363 -0.003429271965205 0.019448367750774 -0.217045549508351 0.004889284590526 -0.027728510803016 5.678419387450035
-0.499921854903689 -0.400443182864004 0.003219734830508 -0.003404825542253 0.019309725196759 -0.188653452571101 0.031620722320547 -0.179330027618718 5.554188052567066
-0.499938088513342 -0.400351117488710 0.002415322268967 -0.003246721930650 0.018413075058665 -0.160882512308265 0.053902021126540 -0.305693552460351 5.361876782430381
-0.499952974572467 -0.400266694452229 0.001744956626986 -0.002977211825017 0.016884607296364 -0.134073128396113 0.071400907077912 -0.404934666218271 5.097994298277627
-0.499966075608915 -0.400192394782402 0.001202040842462 -0.002620207289628 0.014859933965272 -0.108583156904725 0.083785106241852 -0.475168949771732 4.759049321381892
-0.499977082017707 -0.400129974336320 0.000778101290973 -0.002201281758418 0.012484089216414 -0.084787910297816 0.090722344683325 -0.514511984042176 4.341550573035607
-0.499985820367882 -0.400080416689839 0.000462700503810 -0.001747670035002 0.009911529296203 -0.063080157432638 0.091880348480622 -0.521079349924403 3.842006774488209
-0.499992261709345 -0.400043886027106 0.000243349886009 -0.001288268292599 0.007306132546581 -0.043870123560197 0.086926843696489 -0.492986628286562 3.256926646990620
-0.499996529879716 -0.400019680030080 0.000105422434383 -0.000853634074116 0.004841199405148 -0.027585490325244 0.075529556402554 -0.428349400067862 2.582818911853006
-0.499998909811176 -0.400006182768056 0.000032065455553 -0.000475986292103 0.002699452404809 -0.014671395765979 0.057356212666004 -0.325283246136454 1.816192290317412
-0.499999855837320 -0.400000817587186 0.000004113283981 -0.000189205228773 0.001073036174126 -0.005590434314392 0.032074538556248 -0.181903747393797 0.953555503642178
