-0.550000131204516 -0.450453653181453 0.000000613024343 -0.000181934022003 0.001031799111317 0.000844567488144 -0.061318774124963 0.347756048904024 0.281334728771587
-0.550001040874626 -0.450448494185897 0.000004835861784 -0.000488527892628 0.002770579355837 0.002251241132002 -0.090464008493107 0.513046886689850 0.410283266277226
-0.550003483514090 -0.450434641289117 0.000016092067444 -0.000940847935094 0.005335813789287 0.004302657463388 -0.118586087243244 0.672535120662676 0.531385485117328
-0.550008187753765 -0.450407962220171 0.000037605354761 -0.001533778371310 0.008698489392600 0.006959584888975 -0.145696770808001 0.826287447426299 0.644788733999242
-0.550015856645622 -0.450364469773208 0.000072403279206 -0.002262262225350 0.012829926629732 0.010183528558971 -0.171807819562275 0.974370563571192 0.750640361630270
-0.550027167956748 -0.450300320140059 0.000123320922001 -0.003121301323161 0.017701779447588 0.013936730367122 -0.196930993947575 1.116851165696708 0.849087716717783
-0.550042774463364 -0.450211811242821 0.000193004573836 -0.004105956292899 0.023286035276071 0.018182168950711 -0.221078054356560 1.253795950388881 0.940278147969090
-0.550063304244829 -0.450095381066441 0.000283915418590 -0.005211346564682 0.029555015028015 0.022883559690556 -0.244260761204096 1.385271614262606 1.024359004091512
-0.550089360977652 -0.449947605991301 0.000398333217043 -0.006432650370702 0.036481373099329 0.028005354711014 -0.266490874896164 1.511344853895036 1.101477633792482
-0.550121524229506 -0.449765199125804 0.000538359990598 -0.007765104745183 0.044038097368804 0.033512742879976 -0.287780155843187 1.632082365883303 1.171781385779208
-0.550160349753231 -0.449545008638960 0.000705923704998 -0.009204005524399 0.052198509198220 0.039371649808872 -0.308140364460030 1.747550846833423 1.235417608758896
-0.550206369780853 -0.449284016092969 0.000902781954042 -0.010744707346699 0.060936263432387 0.045548737852667 -0.327583261139353 1.857816993340311 1.292533651439530
-0.550260093317587 -0.448979334775807 0.001130525643305 -0.012382623652396 0.070225348399089 0.052011406109865 -0.346120606318223 1.962947501976675 1.343276862527440
-0.550322006435849 -0.448628208033812 0.001390582673855 -0.014113226683987 0.080040085908972 0.058727790422502 -0.363764160375979 2.063009069375177 1.387794590730662
-0.550392572569269 -0.448228007604267 0.001684221625967 -0.015932047485867 0.090355131255848 0.065666763376155 -0.380525683736366 2.158068392101864 1.426234184756489
-0.550472232806698 -0.447776231947988 0.002012555442848 -0.017834675904549 0.101145473216357 0.072797934299938 -0.396416936823130 2.248192166758312 1.458742993312306
-0.550561406186221 -0.447270504581906 0.002376545114348 -0.019816760588665 0.112386434050149 0.080091649266499 -0.411449680011167 2.333447089952756 1.485468365104559
-0.550660489989164 -0.446708572411655 0.002777003360680 -0.021874008988720 0.124053669499913 0.087518991092022 -0.425635673741986 2.413899858266788 1.506557648841989
-0.550769860034108 -0.446088304064156 0.003214598316140 -0.024002187357430 0.136123168791247 0.095051779336232 -0.438986678408249 2.489617168297542 1.522158193230874
-0.550889870970895 -0.445407688220199 0.003689857212821 -0.026197120749472 0.148571254632734 0.102662570302386 -0.451514454415936 2.560665716653254 1.532417346979345
-0.551020856574642 -0.444664831947036 0.004203170064333 -0.028454693021551 0.161374583216001 0.110324657037283 -0.463230762197675 2.627112199908854 1.537482458793435
-0.551163130039750 -0.443857959030956 0.004754793349520 -0.030770846832540 0.174510144215545 0.118012069331250 -0.474147362128363 2.689023314681460 1.537500877382067
-0.551316984273913 -0.442985408309878 0.005344853696176 -0.033141583643181 0.187955260788952 0.125699573718160 -0.484276014649510 2.746465757546002 1.532619951452008
-0.551482692192129 -0.442045632005933 0.005973351564767 -0.035562963716429 0.201687589576682 0.133362673475420 -0.493628480149333 2.799506225115156 1.522987029708811
-0.551660507010711 -0.441037194058050 0.006640164932144 -0.038031106117176 0.215685120702258 0.140977608623965 -0.502216519047138 2.848211413972734 1.508749460864306
-0.551850662541297 -0.439958768454539 0.007345052975264 -0.040542188712411 0.229926177772122 0.148521355928286 -0.510051891740027 2.892648020720312 1.490054593621010
-0.552053373484859 -0.438809137565678 0.008087659754905 -0.043092448171111 0.244389417875723 0.155971628896391 -0.517146358665066 2.932882741955023 1.467049776686241
-0.552268835725714 -0.437587190476299 0.008867517899387 -0.045678179964437 0.259053831585498 0.163306877779822 -0.523511680197153 2.968982274265120 1.439882358775235
-0.552497226625537 -0.436291921318372 0.009684052288286 -0.048295738365423 0.273898742956824 0.170506289573698 -0.529159616768915 3.001013314249956 1.408699688582382
-0.552738705317364 -0.434922427603588 0.010536583736155 -0.050941536449267 0.288903809528074 0.177549788016610 -0.534101928777453 3.029042558506667 1.373649114827791
-0.552993412999610 -0.433477908555947 0.011424332676238 -0.053612046093154 0.304049022320607 0.184418033590749 -0.538350376637631 3.053136703627946 1.334877986208310
-0.553261473230076 -0.431957663444344 0.012346422844192 -0.056303797976343 0.319314705838747 0.191092423521791 -0.541916720768754 3.073362446213146 1.292533651439942
-0.553542992219958 -0.430361089915151 0.013301884961801 -0.059013381580186 0.334681518069813 0.197555091778991 -0.544812721550159 3.089786482852741 1.246763459226069
-0.553838059127858 -0.428687682324801 0.014289660420695 -0.061737445187937 0.350130450484076 0.203788909075121 -0.547050139432237 3.102475510146085 1.197714758267371
-0.554146746353798 -0.426937030072381 0.015308604966071 -0.064472695885098 0.365642828034807 0.209777482866458 -0.548640734781003 3.111496224685872 1.145534897284833
-0.554469109833224 -0.425108815932207 0.016357492380403 -0.067215899559003 0.381200309158236 0.215505157352882 -0.549596268042407 3.116915323069236 1.090371224977543
-0.554805189331019 -0.423202814386416 0.017435018167168 -0.069963880899215 0.396784885773582 0.220957013477770 -0.549928499604668 3.118799501893310 1.032371090053108
-0.555155008735515 -0.421218889957548 0.018539803234557 -0.072713523397239 0.412378883283049 0.226118868928035 -0.549649189882651 3.117215457746347 0.971681841219485
-0.555518576352501 -0.419156995541133 0.019670397579197 -0.075461769346652 0.427964960571781 0.230977278134133 -0.548770099282336 3.112229887243245 0.908450827184076
-0.555895885199234 -0.417017170738274 0.020825283969867 -0.078205619843064 0.443526110007997 0.235519532270053 -0.547302988231912 3.103909486945611 0.842825396657476
-0.556286913298449 -0.414799540188234 0.022002881631218 -0.080942134784223 0.459045657442725 0.239733659253340 -0.545259617101834 3.092320953481664 0.774952898342784
-0.556691623972371 -0.412504311901020 0.023201549927484 -0.083668432869732 0.474507262210133 0.243608423745054 -0.542651746351375 3.077530983428556 0.704980680939216
-0.557109966136719 -0.410131775589970 0.024419592046210 -0.086381691601489 0.489894917127276 0.247133327149750 -0.539491136342107 3.059606273394522 0.633056093182899
-0.557541874594727 -0.407682301004333 0.025655258681958 -0.089079147283200 0.505192948494249 0.250298607615665 -0.535789547511101 3.038613519958933 0.559326483740985
-0.557987270331143 -0.405156336261862 0.026906751720037 -0.091758095020755 0.520386016094043 0.253095240034370 -0.531558740273219 3.014619419730025 0.483939201361283
-0.558446060806246 -0.402554406181392 0.028172227920209 -0.094415888722121 0.535459113192693 0.255514936041176 -0.526810475007800 2.987690669302712 0.407041594715352
-0.558918140249857 -0.399877110615428 0.029449802600414 -0.097049941097160 0.550397566539207 0.257550144014753 -0.521556512147470 2.957893965263025 0.328781012530477
-0.559403389955343 -0.397125122782732 0.030737553320488 -0.099657723657898 0.565187036365522 0.259194049077405 -0.515808612102653 2.925296004214761 0.249304803515571
-0.559901678573632 -0.394299187600905 0.032033523565875 -0.102236766718411 0.579813516386596 0.260440573094983 -0.509578535270450 2.889963482755054 0.168760316364702
-0.560412862407224 -0.391400120018972 0.033335726431350 -0.104784659394763 0.594263333800371 0.261284374676807 -0.502878042065724 2.851963097467713 0.087294899802359
-0.560936785704198 -0.388428803349970 0.034642148304734 -0.107299049605092 0.608523149287710 0.261720849175819 -0.495718892912222 2.811361544963198 0.005055902524420
-0.561473280952224 -0.385386187603531 0.035950752550613 -0.109777644069653 0.622579957012526 0.261746128688441 -0.488112848180400 2.768225521829759 -0.077809326770040
-0.562022169172572 -0.382273287818469 0.037259483194056 -0.112218208310555 0.636421084621674 0.261357082054590 -0.480071668316207 2.722621724657870 -0.161153439347805
-0.562583260214125 -0.379091182395360 0.038566268604328 -0.114618566652136 0.650034193244964 0.260551314857851 -0.471607113725625 2.674616850053546 -0.244829086531728
-0.563156353047385 -0.375841011429135 0.039869025178618 -0.116976602220764 0.663407277495232 0.259327169425193 -0.462730944796874 2.624277594600599 -0.328688919594700
-0.563741236058489 -0.372523975041659 0.041165661025744 -0.119290256944748 0.676528665468235 0.257683724827219 -0.453454921953700 2.571670654907265 -0.412585589823489
-0.564337687343213 -0.369141331714318 0.042454079649880 -0.121557531554517 0.689387018742771 0.255620796878102 -0.443790805610966 2.516862727557356 -0.496371748537339
-0.564945475000986 -0.365694396620604 0.043732183634270 -0.123776485582572 0.701971332380558 0.253138938135415 -0.433750356161333 2.459920509161329 -0.579900047010529
-0.565564357428898 -0.362184539958701 0.044997878324947 -0.125945237363378 0.714270934926364 0.250239437900363 -0.423345334028546 2.400910696291891 -0.663023136526497
-0.566194083615715 -0.358613185284070 0.046249075514449 -0.128061964033521 0.726275488407824 0.246924322217730 -0.412587499614148 2.339899985566163 -0.745593668419753
-0.566834393435883 -0.354981807842030 0.047483697125538 -0.130124901531592 0.737974988335655 0.243196353875631 -0.401488613333001 2.276955073565734 -0.827464293903235
-0.567485017943541 -0.351291932900352 0.048699678894916 -0.132132344598257 0.749359763703483 0.239059032406115 -0.390060435586648 2.212142656898841 -0.908487664359747
-0.568145679666532 -0.347545134081835 0.049894974056947 -0.134082646776190 0.760420476987977 0.234516594084316 -0.378314726789952 2.145529432144855 -0.988516431037201
-0.568816092900413 -0.343743031696895 0.051067557027368 -0.135974220410140 0.771148124148702 0.229574011929130 -0.366263247353338 2.077182095916452 -1.067403245221810
-0.569495964002464 -0.339887291076151 0.052215427087014 -0.137805536646907 0.781534034628284 0.224236995703021 -0.353917757687228 2.007167344797445 -1.145000758218939
-0.570184991685698 -0.335979620903010 0.053336612065529 -0.139575125435343 0.791569871352271 0.218511991911927 -0.341290018188722 1.935551875378305 -1.221161621335065
-0.570882867312875 -0.332021771546249 0.054429172025089 -0.141281575526286 0.801247630729163 0.212406183805251 -0.328391789286009 1.862402384278372 -1.295738485796727
-0.571589275190507 -0.328015533392603 0.055491202944115 -0.142923534472716 0.810559642650555 0.205927491376268 -0.315234831371747 1.787785568065914 -1.368584003031692
-0.572303892862870 -0.323962735179350 0.056520840400996 -0.144499708629575 0.819498570490884 0.199084571361109 -0.301830904860800 1.711768123349167 -1.439550824179348
-0.573026391406018 -0.319865242326896 0.057516263257802 -0.146008863153879 0.828057411107630 0.191886817240212 -0.288191770168034 1.634416746734146 -1.508491600639705
-0.573756435721787 -0.315724955271357 0.058475697344003 -0.147449822004719 0.836229494841301 0.184344359237014 -0.274329187699429 1.555798134784681 -1.575258983608496
-0.574493684831811 -0.311543807797151 0.059397419140188 -0.148821467943216 0.844008485515224 0.176468064318971 -0.260254917869851 1.475978984135651 -1.639705624536247
-0.575237792171527 -0.307323765369575 0.060279759461783 -0.150122742532566 0.851388380435902 0.168269536196290 -0.245980721058636 1.395025991350884 -1.701684174513496
-0.575988405884190 -0.303066823467395 0.061121107142764 -0.151352646137859 0.858363510392657 0.159761115323723 -0.231518357716176 1.313005853043059 -1.761047284999373
-0.576745169114879 -0.298775005915432 0.061919912719383 -0.152510237926440 0.864928539657872 0.150955878898726 -0.216879588239571 1.229985265798206 -1.817647607191275
-0.577507720304511 -0.294450363217143 0.062674692113876 -0.153594635867638 0.871078465986863 0.141867640862769 -0.202076173021482 1.146030926226782 -1.871337792439531
-0.578275693483850 -0.290094970887208 0.063384030318190 -0.154605016732745 0.876808620617997 0.132510951900572 -0.187119872481212 1.061209530908158 -1.921970491999270
-0.579048718567513 -0.285710927784118 0.064046585077693 -0.155540616095151 0.882114668272538 0.122901099440575 -0.172022447033626 0.975587776430586 -1.969398357160590
-0.579826421647989 -0.281300354442756 0.064661090574896 -0.156400728330319 0.886992607154691 0.113054107654773 -0.156795657084707 0.889232359431169 -2.013474039239127
-0.580608425289641 -0.276865391406982 0.065226361113170 -0.157184706615743 0.891438768951847 0.102986737458577 -0.141451263040437 0.802209976449308 -2.054050189559398
-0.581394348822719 -0.272408197562223 0.065741294800463 -0.157891962930945 0.895449818834093 0.092716486510780 -0.126001025324562 0.714587324119886 -2.090979459283271
-0.582183808637374 -0.267930948468053 0.066204877233017 -0.158521968057568 0.899022755454693 0.082261589214364 -0.110456704307538 0.626431099026714 -2.124114499877372
-0.582976418477662 -0.263435834690779 0.066616185179088 -0.159074251579105 0.902154910949826 0.071641016714977 -0.094830060444195 0.537807997769146 -2.153307962479700
-0.583771789735557 -0.258925060136030 0.066974390262663 -0.159548401881326 0.904843950938672 0.060874476902578 -0.079132854127195 0.448784716929884 -2.178412498534676
-0.584569531744964 -0.254400840381337 0.067278762647176 -0.159944066151962 0.907087874523321 0.049982414409905 -0.063376845758079 0.359427953113833 -2.199280759220268
-0.585369252075724 -0.249865401008720 0.067528674719226 -0.160260950380753 0.908885014288890 0.038986010613803 -0.047573795742828 0.269804402930340 -2.215765395826019
-0.586170556827628 -0.245320975937276 0.067723604772295 -0.160498819359467 0.910234036303542 0.027907183634673 -0.031735464518512 0.179980762931020 -2.227719059672006
-0.586973050924425 -0.240769805755758 0.067863140690468 -0.160657496682060 0.911133940118197 0.016768588336313 -0.015873612460027 0.090023729771849 -2.234994402164903
-0.587776338407835 -0.236214136055167 0.067946983632150 -0.160736864744360 0.911584058767057 0.005593616325489 0.000000000097700 0.000000000002220 -2.237446530236609
-0.588580022731557 -0.231656215761332 0.067974951713777 -0.160736864743871 0.911584058767068 -0.005593616325694 0.015873612366768 -0.090023729778510 -2.234994402049995
-0.589383707055276 -0.227098295467496 0.067946983632149 -0.160657496682037 0.911133940118175 -0.016768588335944 0.031735464509630 -0.179980762922138 -2.227719059804678
-0.590186994538687 -0.222542625766905 0.067863140690469 -0.160498819359489 0.910234036303564 -0.027907183634968 0.047573795747269 -0.269804402940332 -2.215765395711111
-0.590989488635484 -0.217991455585388 0.067723604772294 -0.160260950380753 0.908885014288863 -0.038986010613523 0.063376845762519 -0.359427953108282 -2.199280759295763
-0.591790793387388 -0.213447030513943 0.067528674719226 -0.159944066151940 0.907087874523321 -0.049982414410002 0.079132854118313 -0.448784716932105 -2.178412498508586
-0.592590513718148 -0.208911591141327 0.067278762647176 -0.159548401881349 0.904843950938661 -0.060874476902545 0.094830060453077 -0.537807997765816 -2.153307962492468
-0.593388255727554 -0.204387371386633 0.066974390262664 -0.159074251579083 0.902154910949832 -0.071641016715007 0.110456704303097 -0.626431099023383 -2.124114499882368
-0.594183626985450 -0.199876596831884 0.066616185179089 -0.158521968057568 0.899022755454715 -0.082261589214419 0.126001025320122 -0.714587324124327 -2.090979459283271
-0.594976236825738 -0.195381483054611 0.066204877233017 -0.157891962930967 0.895449818834093 -0.092716486510835 0.141451263044878 -0.802209976451529 -2.054050189561063
-0.595765696640392 -0.190904233960440 0.065741294800462 -0.157184706615743 0.891438768951835 -0.102986737458641 0.156795657084707 -0.889232359422287 -2.013474039213037
-0.596551620173471 -0.186447040115681 0.065226361113169 -0.156400728330319 0.886992607154724 -0.113054107654706 0.172022447038067 -0.975587776450570 -1.969398357147822
-0.597333623815123 -0.182012077079907 0.064661090574896 -0.155540616095129 0.882114668272471 -0.122901099440445 0.187119872476771 -1.061209530894835 -1.921970492029801
-0.598111326895598 -0.177601503738545 0.064046585077693 -0.154605016732745 0.876808620617997 -0.132510951900594 0.202076173021482 -1.146030926217900 -1.871337792465622
-0.598884351979262 -0.173217460635455 0.063384030318191 -0.153594635867638 0.871078465986908 -0.141867640862922 0.216879588235130 -1.229985265804867 -1.817647607121886
-0.599652325158600 -0.168862068305520 0.062674692113876 -0.152510237926462 0.864928539657883 -0.150955878898532 0.231518357720617 -1.313005853043059 -1.761047285070705
-0.600414876348233 -0.164537425607231 0.061919912719383 -0.151352646137859 0.858363510392668 -0.159761115323885 0.245980721063077 -1.395025991361987 -1.701684174489626
-0.601171639578922 -0.160245608055268 0.061121107142764 -0.150122742532544 0.851388380435858 -0.168269536196333 0.260254917865410 -1.475978984131210 -1.639705624495169
-0.601922253291585 -0.155988666153088 0.060279759461782 -0.148821467943216 0.844008485515202 -0.176468064318809 0.274329187694988 -1.555798134775799 -1.575258983654015
-0.602666360631301 -0.151768623725512 0.059397419140188 -0.147449822004742 0.836229494841323 -0.184344359237079 0.288191770172475 -1.634416746736367 -1.508491600624440
-0.603403609741324 -0.147587476251306 0.058475697344003 -0.146008863153879 0.828057411107641 -0.191886817240201 0.301830904865241 -1.711768123349167 -1.439550824193503
-0.604133654057094 -0.143447189195768 0.057516263257802 -0.144499708629553 0.819498570490895 -0.199084571361169 0.315234831362865 -1.787785568068134 -1.368584002981732
-0.604856152600242 -0.139349696343313 0.056520840400996 -0.142923534472739 0.810559642650555 -0.205927491376078 0.328391789294891 -1.862402384278372 -1.295738485854458
-0.605570770272605 -0.135296898130060 0.055491202944115 -0.141281575526264 0.801247630729163 -0.212406183805350 0.341290018184282 -1.935551875382746 -1.221161621302036
-0.606277178150237 -0.131290659976414 0.054429172025089 -0.139575125435343 0.791569871352249 -0.218511991911860 0.353917757687228 -2.007167344786343 -1.145000758271675
-0.606975053777413 -0.127332810619653 0.053336612065529 -0.137805536646907 0.781534034628317 -0.224236995703218 0.366263247353338 -2.077182095931995 -1.067403245134380
-0.607664081460648 -0.123425140446512 0.052215427087013 -0.135974220410140 0.771148124148657 -0.229574011928890 0.378314726789952 -2.145529432140414 -0.988516431064679
-0.608343952562698 -0.119569399825768 0.051067557027369 -0.134082646776190 0.760420476987955 -0.234516594084214 0.390060435586648 -2.212142656883298 -0.908487664413871
-0.609014365796579 -0.115767297440829 0.049894974056948 -0.132132344598257 0.749359763703539 -0.239059032406283 0.401488613333001 -2.276955073574616 -0.827464293878533
-0.609675027519571 -0.112020498622311 0.048699678894916 -0.130124901531592 0.737974988335666 -0.243196353875676 0.412587499614148 -2.339899985575045 -0.745593668406430
-0.610325652027229 -0.108330623680633 0.047483697125538 -0.128061964033521 0.726275488407790 -0.246924322217708 0.423345334028546 -2.400910696276348 -0.663023136544816
-0.610965961847396 -0.104699246238594 0.046249075514449 -0.125945237363378 0.714270934926409 -0.250239437900432 0.433750356161333 -2.459920509183533 -0.579900046993598
-0.611595688034213 -0.101127891563962 0.044997878324947 -0.123776485582572 0.701971332380491 -0.253138938135400 0.443790805606525 -2.516862727537372 -0.496371748558988
-0.612214570462126 -0.097618034902059 0.043732183634270 -0.121557531554539 0.689387018742804 -0.255620796878195 0.453454921962582 -2.571670654911706 -0.412585589819880
-0.612822358119899 -0.094171099808345 0.042454079649879 -0.119290256944726 0.676528665468246 -0.257683724827294 0.462730944792433 -2.624277594605040 -0.328688919578879
-0.613418809404622 -0.090788456481004 0.041165661025743 -0.116976602220764 0.663407277495220 -0.259327169425189 0.471607113721184 -2.674616850049105 -0.244829086508969
-0.614003692415726 -0.087471420093528 0.039869025178617 -0.114618566652158 0.650034193244975 -0.260551314857733 0.480071668320647 -2.722621724653429 -0.161153439376394
-0.614576785248987 -0.084221249127303 0.038566268604328 -0.112218208310555 0.636421084621708 -0.261357082054615 0.488112848184841 -2.768225521836420 -0.077809326811118
-0.615137876290540 -0.081039143704194 0.037259483194055 -0.109777644069631 0.622579957012526 -0.261746128688671 0.495718892903341 -2.811361544967639 0.005055902609075
-0.615686764510888 -0.077926243919132 0.035950752550612 -0.107299049605114 0.608523149287687 -0.261720849175626 0.502878042070165 -2.851963097469934 0.087294899805412
-0.616223259758913 -0.074883628172693 0.034642148304734 -0.104784659394763 0.594263333800338 -0.261284374676599 0.509578535270450 -2.889963482739510 0.168760316270333
-0.616747183055887 -0.071912311503692 0.033335726431351 -0.102236766718411 0.579813516386640 -0.260440573095247 0.515808612107094 -2.925296004234745 0.249304803565253
-0.617258366889479 -0.069013243921758 0.032033523565874 -0.099657723657876 0.565187036365467 -0.259194049077421 0.521556512143029 -2.957893965236380 0.328781012553092
-0.617756655507769 -0.066187308739931 0.030737553320487 -0.097049941097160 0.550397566539285 -0.257550144014655 0.526810475007800 -2.987690669316034 0.407041594670254
-0.618241905213255 -0.063435320907235 0.029449802600414 -0.094415888722121 0.535459113192704 -0.255514936041304 0.531558740268778 -3.014619419743347 0.483939201428585
-0.618713984656865 -0.060758025341271 0.028172227920208 -0.091758095020777 0.520386016093988 -0.253095240034161 0.535789547515542 -3.038613519947830 0.559326483657452
-0.619172775131969 -0.058156095260801 0.026906751720037 -0.089079147283200 0.505192948494249 -0.250298607615874 0.539491136346548 -3.059606273383420 0.633056093198020
-0.619618170868385 -0.055630130518330 0.025655258681957 -0.086381691601467 0.489894917127331 -0.247133327149884 0.542651746342493 -3.077530983452981 0.704980681100476
-0.620050079326392 -0.053180655932693 0.024419592046208 -0.083668432869755 0.474507262210067 -0.243608423744381 0.545259617110716 -3.092320953472782 0.774952898153075
-0.620468421490741 -0.050808119621643 0.023201549927486 -0.080942134784201 0.459045657442703 -0.239733659253616 0.547302988223031 -3.103909486934509 0.842825396716040
-0.620873132164662 -0.048512891334429 0.022002881631218 -0.078205619843086 0.443526110008030 -0.235519532270036 0.548770099291218 -3.112229887249907 0.908450827118018
-0.621264160263878 -0.046295260784389 0.020825283969868 -0.075461769346630 0.427964960571781 -0.230977278134446 0.549649189878210 -3.117215457750788 0.971681841330091
-0.621641469110611 -0.044155435981530 0.019670397579196 -0.072713523397239 0.412378883283027 -0.226118868927795 0.549928499604668 -3.118799501899971 1.032371090049083
-0.622005036727597 -0.042093541565115 0.018539803234557 -0.069963880899215 0.396784885773527 -0.220957013477550 0.549596268037966 -3.116915323033709 1.090371224890113
-0.622354856132093 -0.040109617136248 0.017435018167169 -0.067215899559026 0.381200309158358 -0.215505157353099 0.548640734789885 -3.111496224716959 1.145534897334793
-0.622690935629888 -0.038203615590456 0.016357492380403 -0.064472695885076 0.365642828034773 -0.209777482866425 0.547050139427796 -3.102475510159408 1.197714758322466
-0.623013299109313 -0.036375401450282 0.015308604966071 -0.061737445187937 0.350130450483976 -0.203788909074813 0.544812721550159 -3.089786482812773 1.246763459085976
-0.623321986335253 -0.034624749197862 0.014289660420697 -0.059013381580186 0.334681518069913 -0.197555091779383 0.541916720764313 -3.073362446237571 1.292533651499683
-0.623617053243154 -0.032951341607513 0.013301884961800 -0.056303797976365 0.319314705838725 -0.191092423521885 0.538350376642072 -3.053136703623505 1.334877986272909
-0.623898572233036 -0.031354768078319 0.012346422844191 -0.053612046093154 0.304049022320607 -0.184418033590520 0.534101928781894 -3.029042558517769 1.373649114842224
-0.624166632463502 -0.029834522966716 0.011424332676238 -0.050941536449245 0.288903809528018 -0.177549788016309 0.529159616764474 -3.001013314234413 1.408699688475318
-0.624421340145748 -0.028390003919076 0.010536583736157 -0.048295738365423 0.273898742956846 -0.170506289573932 0.523511680197153 -2.968982274265120 1.439882358796402
-0.624662818837575 -0.027020510204292 0.009684052288287 -0.045678179964437 0.259053831585521 -0.163306877779950 0.517146358660625 -2.932882741946141 1.467049776662993
-0.624891209737397 -0.025725241046364 0.008867517899387 -0.043092448171134 0.244389417875790 -0.155971628896635 0.510051891748908 -2.892648020753619 1.490054593835421
-0.625106671978253 -0.024503293956985 0.008087659754904 -0.040542188712389 0.229926177772022 -0.148521355927458 0.502216519033816 -2.848211413923885 1.508749460518538
-0.625309382921815 -0.023353663068125 0.007345052975267 -0.038031106117220 0.215685120702402 -0.140977608624866 0.493628480167096 -2.799506225175108 1.522987029992895
-0.625499538452401 -0.022275237464613 0.006640164932142 -0.035562963716385 0.201687589576527 -0.133362673474901 0.484276014636187 -2.746465757490490 1.532619951235514
-0.625677353270983 -0.021266799516730 0.005973351564768 -0.033141583643204 0.187955260789074 -0.125699573718724 0.474147362137245 -2.689023314719208 1.537500877664338
-0.625843061189199 -0.020327023212785 0.005344853696174 -0.030770846832517 0.174510144215478 -0.118012069330402 0.463230762193234 -2.627112199922177 1.537482458582423
-0.625996915423361 -0.019454472491707 0.004754793349522 -0.028454693021551 0.161374583215868 -0.110324657037490 0.451514454420376 -2.560665716619948 1.532417347089915
-0.626139188888469 -0.018647599575628 0.004203170064335 -0.026197120749449 0.148571254632768 -0.102662570302040 0.438986678394926 -2.489617168273117 1.522158192962722
-0.626270174492216 -0.017904743302464 0.003689857212825 -0.024002187357475 0.136123168791402 -0.095051779337227 0.425635673755309 -2.413899858311197 1.506557649137222
-0.626390185429004 -0.017224127458507 0.003214598316139 -0.021874008988698 0.124053669499846 -0.087518991091540 0.411449680002285 -2.333447089912788 1.485468364951747
-0.626499555473947 -0.016603859111008 0.002777003360681 -0.019816760588687 0.112386434050282 -0.080091649266782 0.396416936827571 -2.248192166816043 1.458742993462844
-0.626598639276891 -0.016041926940757 0.002376545114347 -0.017834675904549 0.101145473216202 -0.072797934299467 0.380525683740807 -2.158068392066337 1.426234184489591
-0.626687812656413 -0.015536199574676 0.002012555442850 -0.015932047485845 0.090355131255870 -0.065666763377019 0.363764160375979 -2.063009069388499 1.387794591157268
-0.626767472893843 -0.015084423918396 0.001684221625965 -0.014113226683965 0.080040085908928 -0.058727790421233 0.346120606309341 -1.962947501978896 1.343276862185898
-0.626838039027263 -0.014684223488852 0.001390582673858 -0.012382623652418 0.070225348399033 -0.052011406110304 0.327583261148234 -1.857816993331429 1.292533651619560
-0.626899952145525 -0.014333096746856 0.001130525643307 -0.010744707346677 0.060936263432376 -0.045548737852206 0.308140364451148 -1.747550846826762 1.235417608616146
-0.626953675682258 -0.014028415429695 0.000902781954046 -0.009204005524421 0.052198509198242 -0.039371649809125 0.287780155847628 -1.632082365894405 1.171781385914515
-0.626999695709880 -0.013767422883703 0.000705923705000 -0.007765104745183 0.044038097368770 -0.033512742879553 0.266490874900605 -1.511344853888374 1.101477633651577
-0.627038521233606 -0.013547232396860 0.000538359990602 -0.006432650370680 0.036481373099329 -0.028005354711295 0.244260761195214 -1.385271614247063 1.024359004050839
-0.627070684485459 -0.013364825531363 0.000398333217046 -0.005211346564704 0.029555015028093 -0.022883559691040 0.221078054352120 -1.253795950364456 0.940278147876129
-0.627096741218283 -0.013217050456222 0.000283915418591 -0.004105956292944 0.023286035276271 -0.018182168951660 0.196930993965339 -1.116851165774424 0.849087717067579
-0.627117270999748 -0.013100620279841 0.000193004573832 -0.003121301323117 0.017701779447399 -0.013936730366322 0.171807819548953 -0.974370563500138 0.750640361401547
-0.627132877506363 -0.013012111382604 0.000123320922001 -0.002262262225372 0.012829926629898 -0.010183528559314 0.145696770803561 -0.826287447432961 0.644788733951602
-0.627144188817490 -0.012947961749455 0.000072403279204 -0.001533778371354 0.008698489392733 -0.006959584889556 0.118586087256567 -0.672535120702644 0.531385485378507
-0.627151857709347 -0.012904469302491 0.000037605354756 -0.000940847935071 0.005335813789220 -0.004302657462664 0.090464008493107 -0.513046886692070 0.410283266119771
-0.627156561949022 -0.012877790233545 0.000016092067443 -0.000488527892606 0.002770579355760 -0.002251241132065 0.061318774120522 -0.347756048890702 0.281334728750950
-0.627159004588485 -0.012863937336766 0.000004835861783 -0.000181934022003 0.001031799111306 -0.000844567488310 0.031138623750593 -0.176595910734711 0.144392524010083
-0.627159914258595 -0.012858778341209 0.000000613024341 -0.000026240903250 0.000148819557633 -0.000122604868260 0.005248180650064 -0.029763911526537 0.024520973651928
-0.627160045463112 -0.012858034243421 0.000000000000000 0.000000000000000 0.000000000000000 0.000000000000000 0.005248180650064 -0.029763911526537 0.024520973651928
-0.627160045463112 -0.012858034243421 0.000000000000000 0.000026240903250 -0.000148819557633 0.000122604868260 0.031138623750593 -0.176595910734711 0.144392524010083
-0.627159914258595 -0.012858778341209 0.000000613024341 0.000181934022003 -0.001031799111306 0.000844567488310 0.061318774120522 -0.347756048890702 0.281334728750950
-0.627159004588485 -0.012863937336766 0.000004835861783 0.000488527892606 -0.002770579355760 0.002251241132065 0.090464008493107 -0.513046886692070 0.410283266119771
-0.627156561949022 -0.012877790233545 0.000016092067443 0.000940847935071 -0.005335813789220 0.004302657462664 0.118586087256567 -0.672535120702644 0.531385485378507
-0.627151857709347 -0.012904469302491 0.000037605354756 0.001533778371354 -0.008698489392733 0.006959584889556 0.145696770803561 -0.826287447432961 0.644788733951602
-0.627144188817490 -0.012947961749455 0.000072403279204 0.002262262225372 -0.012829926629898 0.010183528559314 0.171807819548953 -0.974370563500138 0.750640361401547
-0.627132877506363 -0.013012111382604 0.000123320922001 0.003121301323117 -0.017701779447399 0.013936730366322 0.196930993965339 -1.116851165774424 0.849087717067579
-0.627117270999748 -0.013100620279841 0.000193004573832 0.004105956292944 -0.023286035276271 0.018182168951660 0.221078054352120 -1.253795950364456 0.940278147876129
-0.627096741218283 -0.013217050456222 0.000283915418591 0.005211346564704 -0.029555015028093 0.022883559691040 0.244260761195214 -1.385271614247063 1.024359004050839
-0.627070684485459 -0.013364825531363 0.000398333217046 0.006432650370680 -0.036481373099329 0.028005354711295 0.266490874900605 -1.511344853888374 1.101477633651577
-0.627038521233606 -0.013547232396860 0.000538359990602 0.007765104745183 -0.044038097368770 0.033512742879553 0.287780155847628 -1.632082365894405 1.171781385914515
-0.626999695709880 -0.013767422883703 0.000705923705000 0.009204005524421 -0.052198509198242 0.039371649809125 0.308140364451148 -1.747550846826762 1.235417608616146
-0.626953675682258 -0.014028415429695 0.000902781954046 0.010744707346677 -0.060936263432376 0.045548737852206 0.327583261148234 -1.857816993331429 1.292533651619560
-0.626899952145525 -0.014333096746856 0.001130525643307 0.012382623652418 -0.070225348399033 0.052011406110304 0.346120606309341 -1.962947501978896 1.343276862185898
-0.626838039027263 -0.014684223488852 0.001390582673858 0.014113226683965 -0.080040085908928 0.058727790421233 0.363764160375979 -2.063009069388499 1.387794591157268
-0.626767472893843 -0.015084423918396 0.001684221625965 0.015932047485845 -0.090355131255870 0.065666763377019 0.380525683740807 -2.158068392066337 1.426234184489591
-0.626687812656413 -0.015536199574676 0.002012555442850 0.017834675904549 -0.101145473216202 0.072797934299467 0.396416936827571 -2.248192166816043 1.458742993462844
-0.626598639276891 -0.016041926940757 0.002376545114347 0.019816760588687 -0.112386434050282 0.080091649266782 0.411449680002285 -2.333447089912788 1.485468364951747
-0.626499555473947 -0.016603859111008 0.002777003360681 0.021874008988698 -0.124053669499846 0.087518991091540 0.425635673755309 -2.413899858311197 1.506557649137222
-0.626390185429004 -0.017224127458507 0.003214598316139 0.024002187357475 -0.136123168791402 0.095051779337227 0.438986678394926 -2.489617168273117 1.522158192962722
-0.626270174492216 -0.017904743302464 0.003689857212825 0.026197120749449 -0.148571254632768 0.102662570302040 0.451514454420376 -2.560665716619948 1.532417347089915
-0.626139188888469 -0.018647599575628 0.004203170064335 0.028454693021551 -0.161374583215868 0.110324657037490 0.463230762193234 -2.627112199922177 1.537482458582423
-0.625996915423361 -0.019454472491707 0.004754793349522 0.030770846832517 -0.174510144215478 0.118012069330402 0.474147362137245 -2.689023314719208 1.537500877664338
-0.625843061189199 -0.020327023212785 0.005344853696174 0.033141583643204 -0.187955260789074 0.125699573718724 0.484276014636187 -2.746465757490490 1.532619951235514
-0.625677353270983 -0.021266799516730 0.005973351564768 0.035562963716385 -0.201687589576527 0.133362673474901 0.493628480167096 -2.799506225175108 1.522987029992895
-0.625499538452401 -0.022275237464613 0.006640164932142 0.038031106117220 -0.215685120702402 0.140977608624866 0.502216519033816 -2.848211413923885 1.508749460518538
-0.625309382921815 -0.023353663068125 0.007345052975267 0.040542188712389 -0.229926177772022 0.148521355927458 0.510051891748908 -2.892648020753619 1.490054593835421
-0.625106671978253 -0.024503293956985 0.008087659754904 0.043092448171134 -0.244389417875790 0.155971628896635 0.517146358660625 -2.932882741946141 1.467049776662993
-0.624891209737397 -0.025725241046364 0.008867517899387 0.045678179964437 -0.259053831585521 0.163306877779950 0.523511680197153 -2.968982274265120 1.439882358796402
-0.624662818837575 -0.027020510204292 0.009684052288287 0.048295738365423 -0.273898742956846 0.170506289573932 0.529159616764474 -3.001013314234413 1.408699688475318
-0.624421340145748 -0.028390003919076 0.010536583736157 0.050941536449245 -0.288903809528018 0.177549788016309 0.534101928781894 -3.029042558517769 1.373649114842224
-0.624166632463502 -0.029834522966716 0.011424332676238 0.053612046093154 -0.304049022320607 0.184418033590520 0.538350376642072 -3.053136703623505 1.334877986272909
-0.623898572233036 -0.031354768078319 0.012346422844191 0.056303797976365 -0.319314705838725 0.191092423521885 0.541916720764313 -3.073362446237571 1.292533651499683
-0.623617053243154 -0.032951341607513 0.013301884961800 0.059013381580186 -0.334681518069913 0.197555091779383 0.544812721550159 -3.089786482812773 1.246763459085976
-0.623321986335253 -0.034624749197862 0.014289660420697 0.061737445187937 -0.350130450483976 0.203788909074813 0.547050139427796 -3.102475510159408 1.197714758322466
-0.623013299109313 -0.036375401450282 0.015308604966071 0.064472695885076 -0.365642828034773 0.209777482866425 0.548640734789885 -3.111496224716959 1.145534897334793
-0.622690935629888 -0.038203615590456 0.016357492380403 0.067215899559026 -0.381200309158358 0.215505157353099 0.549596268037966 -3.116915323033709 1.090371224890113
-0.622354856132093 -0.040109617136248 0.017435018167169 0.069963880899215 -0.396784885773527 0.220957013477550 0.549928499604668 -3.118799501899971 1.032371090049083
-0.622005036727597 -0.042093541565115 0.018539803234557 0.072713523397239 -0.412378883283027 0.226118868927795 0.549649189878210 -3.117215457750788 0.971681841330091
-0.621641469110611 -0.044155435981530 0.019670397579196 0.075461769346630 -0.427964960571781 0.230977278134446 0.548770099291218 -3.112229887249907 0.908450827118018
-0.621264160263878 -0.046295260784389 0.020825283969868 0.078205619843086 -0.443526110008030 0.235519532270036 0.547302988223031 -3.103909486934509 0.842825396716040
-0.620873132164662 -0.048512891334429 0.022002881631218 0.080942134784201 -0.459045657442703 0.239733659253616 0.545259617110716 -3.092320953472782 0.774952898153075
-0.620468421490741 -0.050808119621643 0.023201549927486 0.083668432869755 -0.474507262210067 0.243608423744381 0.542651746342493 -3.077530983452981 0.704980681100476
-0.620050079326392 -0.053180655932693 0.024419592046208 0.086381691601467 -0.489894917127331 0.247133327149884 0.539491136346548 -3.059606273383420 0.633056093198020
-0.619618170868385 -0.055630130518330 0.025655258681957 0.089079147283200 -0.505192948494249 0.250298607615874 0.535789547515542 -3.038613519947830 0.559326483657452
-0.619172775131969 -0.058156095260801 0.026906751720037 0.091758095020777 -0.520386016093988 0.253095240034161 0.531558740268778 -3.014619419743347 0.483939201428585
-0.618713984656865 -0.060758025341271 0.028172227920208 0.094415888722121 -0.535459113192704 0.255514936041304 0.526810475007800 -2.987690669316034 0.407041594670254
-0.618241905213255 -0.063435320907235 0.029449802600414 0.097049941097160 -0.550397566539285 0.257550144014655 0.521556512143029 -2.957893965236380 0.328781012553092
-0.617756655507769 -0.066187308739931 0.030737553320487 0.099657723657876 -0.565187036365467 0.259194049077421 0.515808612107094 -2.925296004234745 0.249304803565253
-0.617258366889479 -0.069013243921758 0.032033523565874 0.102236766718411 -0.579813516386640 0.260440573095247 0.509578535270450 -2.889963482739510 0.168760316270333
-0.616747183055887 -0.071912311503692 0.033335726431351 0.104784659394763 -0.594263333800338 0.261284374676599 0.502878042070165 -2.851963097469934 0.087294899805412
-0.616223259758913 -0.074883628172693 0.034642148304734 0.107299049605114 -0.608523149287687 0.261720849175626 0.495718892903341 -2.811361544967639 0.005055902609075
-0.615686764510888 -0.077926243919132 0.035950752550612 0.109777644069631 -0.622579957012526 0.261746128688671 0.488112848184841 -2.768225521836420 -0.077809326811118
-0.615137876290540 -0.081039143704194 0.037259483194055 0.112218208310555 -0.636421084621708 0.261357082054615 0.480071668320647 -2.722621724653429 -0.161153439376394
-0.614576785248987 -0.084221249127303 0.038566268604328 0.114618566652158 -0.650034193244975 0.260551314857733 0.471607113721184 -2.674616850049105 -0.244829086508969
-0.614003692415726 -0.087471420093528 0.039869025178617 0.116976602220764 -0.663407277495220 0.259327169425189 0.462730944792433 -2.624277594605040 -0.328688919578879
-0.613418809404622 -0.090788456481004 0.041165661025743 0.119290256944726 -0.676528665468246 0.257683724827294 0.453454921962582 -2.571670654911706 -0.412585589819880
-0.612822358119899 -0.094171099808345 0.042454079649879 0.121557531554539 -0.689387018742804 0.255620796878195 0.443790805606525 -2.516862727537372 -0.496371748558988
-0.612214570462126 -0.097618034902059 0.043732183634270 0.123776485582572 -0.701971332380491 0.253138938135400 0.433750356161333 -2.459920509183533 -0.579900046993598
-0.611595688034213 -0.101127891563962 0.044997878324947 0.125945237363378 -0.714270934926409 0.250239437900432 0.423345334028546 -2.400910696276348 -0.663023136544816
-0.610965961847396 -0.104699246238594 0.046249075514449 0.128061964033521 -0.726275488407790 0.246924322217708 0.412587499614148 -2.339899985575045 -0.745593668406430
-0.610325652027229 -0.108330623680633 0.047483697125538 0.130124901531592 -0.737974988335666 0.243196353875676 0.401488613333001 -2.276955073574616 -0.827464293878533
-0.609675027519571 -0.112020498622311 0.048699678894916 0.132132344598257 -0.749359763703539 0.239059032406283 0.390060435586648 -2.212142656883298 -0.908487664413871
-0.609014365796579 -0.115767297440829 0.049894974056948 0.134082646776190 -0.760420476987955 0.234516594084214 0.378314726789952 -2.145529432140414 -0.988516431064679
-0.608343952562698 -0.119569399825768 0.051067557027369 0.135974220410140 -0.771148124148657 0.229574011928890 0.366263247353338 -2.077182095931995 -1.067403245134380
-0.607664081460648 -0.123425140446512 0.052215427087013 0.137805536646907 -0.781534034628317 0.224236995703218 0.353917757687228 -2.007167344786343 -1.145000758271675
-0.606975053777413 -0.127332810619653 0.053336612065529 0.139575125435343 -0.791569871352249 0.218511991911860 0.341290018184282 -1.935551875382746 -1.221161621302036
-0.606277178150237 -0.131290659976414 0.054429172025089 0.141281575526264 -0.801247630729163 0.212406183805350 0.328391789294891 -1.862402384278372 -1.295738485854458
-0.605570770272605 -0.135296898130060 0.055491202944115 0.142923534472739 -0.810559642650555 0.205927491376078 0.315234831362865 -1.787785568068134 -1.368584002981732
-0.604856152600242 -0.139349696343313 0.056520840400996 0.144499708629553 -0.819498570490895 0.199084571361169 0.301830904865241 -1.711768123349167 -1.439550824193503
-0.604133654057094 -0.143447189195768 0.057516263257802 0.146008863153879 -0.828057411107641 0.191886817240201 0.288191770172475 -1.634416746736367 -1.508491600624440
-0.603403609741324 -0.147587476251306 0.058475697344003 0.147449822004742 -0.836229494841323 0.184344359237079 0.274329187694988 -1.555798134775799 -1.575258983654015
-0.602666360631301 -0.151768623725512 0.059397419140188 0.148821467943216 -0.844008485515202 0.176468064318809 0.260254917865410 -1.475978984131210 -1.639705624495169
-0.601922253291585 -0.155988666153088 0.060279759461782 0.150122742532544 -0.851388380435858 0.168269536196333 0.245980721063077 -1.395025991361987 -1.701684174489626
-0.601171639578922 -0.160245608055268 0.061121107142764 0.151352646137859 -0.858363510392668 0.159761115323885 0.231518357720617 -1.313005853043059 -1.761047285070705
-0.600414876348233 -0.164537425607231 0.061919912719383 0.152510237926462 -0.864928539657883 0.150955878898532 0.216879588235130 -1.229985265804867 -1.817647607121886
-0.599652325158600 -0.168862068305520 0.062674692113876 0.153594635867638 -0.871078465986908 0.141867640862922 0.202076173021482 -1.146030926217900 -1.871337792465622
-0.598884351979262 -0.173217460635455 0.063384030318191 0.154605016732745 -0.876808620617997 0.132510951900594 0.187119872476771 -1.061209530894835 -1.921970492029801
-0.598111326895598 -0.177601503738545 0.064046585077693 0.155540616095129 -0.882114668272471 0.122901099440445 0.172022447038067 -0.975587776450570 -1.969398357147822
-0.597333623815123 -0.182012077079907 0.064661090574896 0.156400728330319 -0.886992607154724 0.113054107654706 0.156795657084707 -0.889232359422287 -2.013474039213037
-0.596551620173471 -0.186447040115681 0.065226361113169 0.157184706615743 -0.891438768951835 0.102986737458641 0.141451263044878 -0.802209976451529 -2.054050189561063
-0.595765696640392 -0.190904233960440 0.065741294800462 0.157891962930967 -0.895449818834093 0.092716486510835 0.126001025320122 -0.714587324124327 -2.090979459283271
-0.594976236825738 -0.195381483054611 0.066204877233017 0.158521968057568 -0.899022755454715 0.082261589214419 0.110456704303097 -0.626431099023383 -2.124114499882368
-0.594183626985450 -0.199876596831884 0.066616185179089 0.159074251579083 -0.902154910949832 0.071641016715007 0.094830060453077 -0.537807997765816 -2.153307962492468
-0.593388255727554 -0.204387371386633 0.066974390262664 0.159548401881349 -0.904843950938661 0.060874476902545 0.079132854118313 -0.448784716932105 -2.178412498508586
-0.592590513718148 -0.208911591141327 0.067278762647176 0.159944066151940 -0.907087874523321 0.049982414410002 0.063376845762519 -0.359427953108282 -2.199280759295763
-0.591790793387388 -0.213447030513943 0.067528674719226 0.160260950380753 -0.908885014288863 0.038986010613523 0.047573795747269 -0.269804402940332 -2.215765395711111
-0.590989488635484 -0.217991455585388 0.067723604772294 0.160498819359489 -0.910234036303564 0.027907183634968 0.031735464509630 -0.179980762922138 -2.227719059804678
-0.590186994538687 -0.222542625766905 0.067863140690469 0.160657496682037 -0.911133940118175 0.016768588335944 0.015873612366768 -0.090023729778510 -2.234994402049995
-0.589383707055276 -0.227098295467496 0.067946983632149 0.160736864743871 -0.911584058767068 0.005593616325694 0.000000000097700 0.000000000002220 -2.237446530236609
-0.588580022731557 -0.231656215761332 0.067974951713777 0.160736864744360 -0.911584058767057 -0.005593616325489 -0.015873612460027 0.090023729771849 -2.234994402164903
-0.587776338407835 -0.236214136055167 0.067946983632150 0.160657496682060 -0.911133940118197 -0.016768588336313 -0.031735464518512 0.179980762931020 -2.227719059672006
-0.586973050924425 -0.240769805755758 0.067863140690468 0.160498819359467 -0.910234036303542 -0.027907183634673 -0.047573795742828 0.269804402930340 -2.215765395826019
-0.586170556827628 -0.245320975937276 0.067723604772295 0.160260950380753 -0.908885014288890 -0.038986010613803 -0.063376845758079 0.359427953113833 -2.199280759220268
-0.585369252075724 -0.249865401008720 0.067528674719226 0.159944066151962 -0.907087874523321 -0.049982414409905 -0.079132854127195 0.448784716929884 -2.178412498534676
-0.584569531744964 -0.254400840381337 0.067278762647176 0.159548401881326 -0.904843950938672 -0.060874476902578 -0.094830060444195 0.537807997769146 -2.153307962479700
-0.583771789735557 -0.258925060136030 0.066974390262663 0.159074251579105 -0.902154910949826 -0.071641016714977 -0.110456704307538 0.626431099026714 -2.124114499877372
-0.582976418477662 -0.263435834690779 0.066616185179088 0.158521968057568 -0.899022755454693 -0.082261589214364 -0.126001025324562 0.714587324119886 -2.090979459283271
-0.582183808637374 -0.267930948468053 0.066204877233017 0.157891962930945 -0.895449818834093 -0.092716486510780 -0.141451263040437 0.802209976449308 -2.054050189559398
-0.581394348822719 -0.272408197562223 0.065741294800463 0.157184706615743 -0.891438768951847 -0.102986737458577 -0.156795657084707 0.889232359431169 -2.013474039239127
-0.580608425289641 -0.276865391406982 0.065226361113170 0.156400728330319 -0.886992607154691 -0.113054107654773 -0.172022447033626 0.975587776430586 -1.969398357160590
-0.579826421647989 -0.281300354442756 0.064661090574896 0.155540616095151 -0.882114668272538 -0.122901099440575 -0.187119872481212 1.061209530908158 -1.921970491999270
-0.579048718567513 -0.285710927784118 0.064046585077693 0.154605016732745 -0.876808620617997 -0.132510951900572 -0.202076173021482 1.146030926226782 -1.871337792439531
-0.578275693483850 -0.290094970887208 0.063384030318190 0.153594635867638 -0.871078465986863 -0.141867640862769 -0.216879588239571 1.229985265798206 -1.817647607191275
-0.577507720304511 -0.294450363217143 0.062674692113876 0.152510237926440 -0.864928539657872 -0.150955878898726 -0.231518357716176 1.313005853043059 -1.761047284999373
-0.576745169114879 -0.298775005915432 0.061919912719383 0.151352646137859 -0.858363510392657 -0.159761115323723 -0.245980721058636 1.395025991350884 -1.701684174513496
-0.575988405884190 -0.303066823467395 0.061121107142764 0.150122742532566 -0.851388380435902 -0.168269536196290 -0.260254917869851 1.475978984135651 -1.639705624536247
-0.575237792171527 -0.307323765369575 0.060279759461783 0.148821467943216 -0.844008485515224 -0.176468064318971 -0.274329187699429 1.555798134784681 -1.575258983608496
-0.574493684831811 -0.311543807797151 0.059397419140188 0.147449822004719 -0.836229494841301 -0.184344359237014 -0.288191770168034 1.634416746734146 -1.508491600639705
-0.573756435721787 -0.315724955271357 0.058475697344003 0.146008863153879 -0.828057411107630 -0.191886817240212 -0.301830904860800 1.711768123349167 -1.439550824179348
-0.573026391406018 -0.319865242326896 0.057516263257802 0.144499708629575 -0.819498570490884 -0.199084571361109 -0.315234831371747 1.787785568065914 -1.368584003031692
-0.572303892862870 -0.323962735179350 0.056520840400996 0.142923534472716 -0.810559642650555 -0.205927491376268 -0.328391789286009 1.862402384278372 -1.295738485796727
-0.571589275190507 -0.328015533392603 0.055491202944115 0.141281575526286 -0.801247630729163 -0.212406183805251 -0.341290018188722 1.935551875378305 -1.221161621335065
-0.570882867312875 -0.332021771546249 0.054429172025089 0.139575125435343 -0.791569871352271 -0.218511991911927 -0.353917757687228 2.007167344797445 -1.145000758218939
-0.570184991685698 -0.335979620903010 0.053336612065529 0.137805536646907 -0.781534034628284 -0.224236995703021 -0.366263247353338 2.077182095916452 -1.067403245221810
-0.569495964002464 -0.339887291076151 0.052215427087014 0.135974220410140 -0.771148124148702 -0.229574011929130 -0.378314726789952 2.145529432144855 -0.988516431037201
-0.568816092900413 -0.343743031696895 0.051067557027368 0.134082646776190 -0.760420476987977 -0.234516594084316 -0.390060435586648 2.212142656898841 -0.908487664359747
-0.568145679666532 -0.347545134081835 0.049894974056947 0.132132344598257 -0.749359763703483 -0.239059032406115 -0.401488613333001 2.276955073565734 -0.827464293903235
-0.567485017943541 -0.351291932900352 0.048699678894916 0.130124901531592 -0.737974988335655 -0.243196353875631 -0.412587499614148 2.339899985566163 -0.745593668419753
-0.566834393435883 -0.354981807842030 0.047483697125538 0.128061964033521 -0.726275488407824 -0.246924322217730 -0.423345334028546 2.400910696291891 -0.663023136526497
-0.566194083615715 -0.358613185284070 0.046249075514449 0.125945237363378 -0.714270934926364 -0.250239437900363 -0.433750356161333 2.459920509161329 -0.579900047010529
-0.565564357428898 -0.362184539958701 0.044997878324947 0.123776485582572 -0.701971332380558 -0.253138938135415 -0.443790805610966 2.516862727557356 -0.496371748537339
-0.564945475000986 -0.365694396620604 0.043732183634270 0.121557531554517 -0.689387018742771 -0.255620796878102 -0.453454921953700 2.571670654907265 -0.412585589823489
-0.564337687343213 -0.369141331714318 0.042454079649880 0.119290256944748 -0.676528665468235 -0.257683724827219 -0.462730944796874 2.624277594600599 -0.328688919594700
-0.563741236058489 -0.372523975041659 0.041165661025744 0.116976602220764 -0.663407277495232 -0.259327169425193 -0.471607113725625 2.674616850053546 -0.244829086531728
-0.563156353047385 -0.375841011429135 0.039869025178618 0.114618566652136 -0.650034193244964 -0.260551314857851 -0.480071668316207 2.722621724657870 -0.161153439347805
-0.562583260214125 -0.379091182395360 0.038566268604328 0.112218208310555 -0.636421084621674 -0.261357082054590 -0.488112848180400 2.768225521829759 -0.077809326770040
-0.562022169172572 -0.382273287818469 0.037259483194056 0.109777644069653 -0.622579957012526 -0.261746128688441 -0.495718892912222 2.811361544963198 0.005055902524420
-0.561473280952224 -0.385386187603531 0.035950752550613 0.107299049605092 -0.608523149287710 -0.261720849175819 -0.502878042065724 2.851963097467713 0.087294899802359
-0.560936785704198 -0.388428803349970 0.034642148304734 0.104784659394763 -0.594263333800371 -0.261284374676807 -0.509578535270450 2.889963482755054 0.168760316364702
-0.560412862407224 -0.391400120018972 0.033335726431350 0.102236766718411 -0.579813516386596 -0.260440573094983 -0.515808612102653 2.925296004214761 0.249304803515571
-0.559901678573632 -0.394299187600905 0.032033523565875 0.099657723657898 -0.565187036365522 -0.259194049077405 -0.521556512147470 2.957893965263025 0.328781012530477
-0.559403389955343 -0.397125122782732 0.030737553320488 0.097049941097160 -0.550397566539207 -0.257550144014753 -0.526810475007800 2.987690669302712 0.407041594715352
-0.558918140249857 -0.399877110615428 0.029449802600414 0.094415888722121 -0.535459113192693 -0.255514936041176 -0.531558740273219 3.014619419730025 0.483939201361283
-0.558446060806246 -0.402554406181392 0.028172227920209 0.091758095020755 -0.520386016094043 -0.253095240034370 -0.535789547511101 3.038613519958933 0.559326483740985
-0.557987270331143 -0.405156336261862 0.026906751720037 0.089079147283200 -0.505192948494249 -0.250298607615665 -0.539491136342107 3.059606273394522 0.633056093182899
-0.557541874594727 -0.407682301004333 0.025655258681958 0.086381691601489 -0.489894917127276 -0.247133327149750 -0.542651746351375 3.077530983428556 0.704980680939216
-0.557109966136719 -0.410131775589970 0.024419592046210 0.083668432869732 -0.474507262210133 -0.243608423745054 -0.545259617101834 3.092320953481664 0.774952898342784
-0.556691623972371 -0.412504311901020 0.023201549927484 0.080942134784223 -0.459045657442725 -0.239733659253340 -0.547302988231912 3.103909486945611 0.842825396657476
-0.556286913298449 -0.414799540188234 0.022002881631218 0.078205619843064 -0.443526110007997 -0.235519532270053 -0.548770099282336 3.112229887243245 0.908450827184076
-0.555895885199234 -0.417017170738274 0.020825283969867 0.075461769346652 -0.427964960571781 -0.230977278134133 -0.549649189882651 3.117215457746347 0.971681841219485
-0.555518576352501 -0.419156995541133 0.019670397579197 0.072713523397239 -0.412378883283049 -0.226118868928035 -0.549928499604668 3.118799501893310 1.032371090053108
-0.555155008735515 -0.421218889957548 0.018539803234557 0.069963880899215 -0.396784885773582 -0.220957013477770 -0.549596268042407 3.116915323069236 1.090371224977543
-0.554805189331019 -0.423202814386416 0.017435018167168 0.067215899559003 -0.381200309158236 -0.215505157352882 -0.548640734781003 3.111496224685872 1.145534897284833
-0.554469109833224 -0.425108815932207 0.016357492380403 0.064472695885098 -0.365642828034807 -0.209777482866458 -0.547050139432237 3.102475510146085 1.197714758267371
-0.554146746353798 -0.426937030072381 0.015308604966071 0.061737445187937 -0.350130450484076 -0.203788909075121 -0.544812721550159 3.089786482852741 1.246763459226069
-0.553838059127858 -0.428687682324801 0.014289660420695 0.059013381580186 -0.334681518069813 -0.197555091778991 -0.541916720768754 3.073362446213146 1.292533651439942
-0.553542992219958 -0.430361089915151 0.013301884961801 0.056303797976343 -0.319314705838747 -0.191092423521791 -0.538350376637631 3.053136703627946 1.334877986208310
-0.553261473230076 -0.431957663444344 0.012346422844192 0.053612046093154 -0.304049022320607 -0.184418033590749 -0.534101928777453 3.029042558506667 1.373649114827791
-0.552993412999610 -0.433477908555947 0.011424332676238 0.050941536449267 -0.288903809528074 -0.177549788016610 -0.529159616768915 3.001013314249956 1.408699688582382
-0.552738705317364 -0.434922427603588 0.010536583736155 0.048295738365423 -0.273898742956824 -0.170506289573698 -0.523511680197153 2.968982274265120 1.439882358775235
-0.552497226625537 -0.436291921318372 0.009684052288286 0.045678179964437 -0.259053831585498 -0.163306877779822 -0.517146358665066 2.932882741955023 1.467049776686241
-0.552268835725714 -0.437587190476299 0.008867517899387 0.043092448171111 -0.244389417875723 -0.155971628896391 -0.510051891740027 2.892648020720312 1.490054593621010
-0.552053373484859 -0.438809137565678 0.008087659754905 0.040542188712411 -0.229926177772122 -0.148521355928286 -0.502216519047138 2.848211413972734 1.508749460864306
-0.551850662541297 -0.439958768454539 0.007345052975264 0.038031106117176 -0.215685120702258 -0.140977608623965 -0.493628480149333 2.799506225115156 1.522987029708811
-0.551660507010711 -0.441037194058050 0.006640164932144 0.035562963716429 -0.201687589576682 -0.133362673475420 -0.484276014649510 2.746465757546002 1.532619951452008
-0.551482692192129 -0.442045632005933 0.005973351564767 0.033141583643181 -0.187955260788952 -0.125699573718160 -0.474147362128363 2.689023314681460 1.537500877382067
-0.551316984273913 -0.442985408309878 0.005344853696176 0.030770846832540 -0.174510144215545 -0.118012069331250 -0.463230762197675 2.627112199908854 1.537482458793435
-0.551163130039750 -0.443857959030956 0.004754793349520 0.028454693021551 -0.161374583216001 -0.110324657037283 -0.451514454415936 2.560665716653254 1.532417346979345
-0.551020856574642 -0.444664831947036 0.004203170064333 0.026197120749472 -0.148571254632734 -0.102662570302386 -0.438986678408249 2.489617168297542 1.522158193230874
-0.550889870970895 -0.445407688220199 0.003689857212821 0.024002187357430 -0.136123168791247 -0.095051779336232 -0.425635673741986 2.413899858266788 1.506557648841989
-0.550769860034108 -0.446088304064156 0.003214598316140 0.021874008988720 -0.124053669499913 -0.087518991092022 -0.411449680011167 2.333447089952756 1.485468365104559
-0.550660489989164 -0.446708572411655 0.002777003360680 0.019816760588665 -0.112386434050149 -0.080091649266499 -0.396416936823130 2.248192166758312 1.458742993312306
-0.550561406186221 -0.447270504581906 0.002376545114348 0.017834675904549 -0.101145473216357 -0.072797934299938 -0.380525683736366 2.158068392101864 1.426234184756489
-0.550472232806698 -0.447776231947988 0.002012555442848 0.015932047485867 -0.090355131255848 -0.065666763376155 -0.363764160375979 2.063009069375177 1.387794590730662
-0.550392572569269 -0.448228007604267 0.001684221625967 0.014113226683987 -0.080040085908972 -0.058727790422502 -0.346120606318223 1.962947501976675 1.343276862527440
-0.550322006435849 -0.448628208033812 0.001390582673855 0.012382623652396 -0.070225348399089 -0.052011406109865 -0.327583261139353 1.857816993340311 1.292533651439530
-0.550260093317587 -0.448979334775807 0.001130525643305 0.010744707346699 -0.060936263432387 -0.045548737852667 -0.308140364460030 1.747550846833423 1.235417608758896
-0.550206369780853 -0.449284016092969 0.000902781954042 0.009204005524399 -0.052198509198220 -0.039371649808872 -0.287780155843187 1.632082365883303 1.171781385779208
-0.550160349753231 -0.449545008638960 0.000705923704998 0.007765104745183 -0.044038097368804 -0.033512742879976 -0.266490874896164 1.511344853895036 1.101477633792482
-0.550121524229506 -0.449765199125804 0.000538359990598 0.006432650370702 -0.036481373099329 -0.028005354711014 -0.244260761204096 1.385271614262606 1.024359004091512
-0.550089360977652 -0.449947605991301 0.000398333217043 0.005211346564682 -0.029555015028015 -0.022883559690556 -0.221078054356560 1.253795950388881 0.940278147969090
-0.550063304244829 -0.450095381066441 0.000283915418590 0.004105956292899 -0.023286035276071 -0.018182168950711 -0.196930993947575 1.116851165696708 0.849087716717783
-0.550042774463364 -0.450211811242821 0.000193004573836 0.003121301323161 -0.017701779447588 -0.013936730367122 -0.171807819562275 0.974370563571192 0.750640361630270
-0.550027167956748 -0.450300320140059 0.000123320922001 0.002262262225350 -0.012829926629732 -0.010183528558971 -0.145696770808001 0.826287447426299 0.644788733999242
-0.550015856645622 -0.450364469773208 0.000072403279206 0.001533778371310 -0.008698489392600 -0.006959584888975 -0.118586087243244 0.672535120662676 0.531385485117328
-0.550008187753765 -0.450407962220171 0.000037605354761 0.000940847935094 -0.005335813789287 -0.004302657463388 -0.090464008493107 0.513046886689850 0.410283266277226
-0.550003483514090 -0.450434641289117 0.000016092067444 0.000488527892628 -0.002770579355837 -0.002251241132002 -0.061318774124963 0.347756048904024 0.281334728771587
