-0.550000432724455 -0.441542031125229 0.000002115886566 -0.000597138204306 0.003386539041883 0.002891371535801 -0.199504943592110 1.131448759517095 0.948817936663352
-0.550003418415477 -0.441525098430020 0.000016572744245 -0.001594662922266 0.009043782839468 0.007635461219118 -0.291808296037921 1.654927084120406 1.363088528107687
-0.550011391730088 -0.441479879515823 0.000054750050340 -0.003053704402456 0.017318418260071 0.014450903859656 -0.379116356676867 2.150075701148335 1.737602970998937
-0.550026660252100 -0.441393287424522 0.000127004569639 -0.004949286185840 0.028068796765812 0.023138918714651 -0.461516762215730 2.617391623020993 2.073513617469097
-0.550051406683030 -0.441252943440693 0.000242699163212 -0.007256869996919 0.041155754880917 0.033506486801996 -0.539097149356849 3.057371862136282 2.371972819650081
-0.550087691033014 -0.441047164666289 0.000410231597222 -0.009952355743703 0.056442614191599 0.045366350900247 -0.611945154784799 3.470513430934297 2.634132929674132
-0.550137452811733 -0.440764951595331 0.000637063351723 -0.013012081517627 0.073795181346270 0.058537015548617 -0.680148415201920 3.857313341795177 2.861146299672565
-0.550202513219321 -0.440395975688599 0.000929748429466 -0.016412823593637 0.093081748055246 0.072842747046980 -0.743794567319433 4.218268607165676 3.054165281778356
-0.550284577337289 -0.439930566948323 0.001293962164701 -0.020131796430234 0.114173091091074 0.088113573455872 -0.802971247821915 4.553876239430377 3.214342228122363
-0.550385236319440 -0.439359701492868 0.001734530031980 -0.024146652669343 0.136942472288226 0.104185284596484 -0.857766093407264 4.864633251022710 3.342829490837501
-0.550505969582787 -0.438674989131426 0.002255456454963 -0.028435483136380 0.161265638543340 0.120899432050671 -0.908266740777819 5.151036654349461 3.440779422055182
-0.550648146998469 -0.437868660938710 0.002859953615216 -0.032976816840269 0.187020821815087 0.138103329160947 -0.954560826635920 5.413583461824079 3.509344373907441
-0.550813031082670 -0.436933556829634 0.003550470261021 -0.037749620973448 0.214088739124207 0.155650051030484 -0.996735987675024 5.652770685855568 3.549676698526988
-0.551001779187537 -0.435863113134013 0.004328720516173 -0.042733300911824 0.242352592553485 0.173398434523119 -1.034879860593030 5.869095338875141 3.562928748044142
-0.551215445692097 -0.434651350171246 0.005195712688789 -0.047907700214789 0.271698069247861 0.191213078263340 -1.069080082096718 6.063054433265158 3.550252874592458
-0.551454984193171 -0.433292859825007 0.006151778080106 -0.053253100625272 0.302013341414187 0.208964342636302 -1.099424288852902 6.235144981472374 3.512801430303575
-0.551721249696297 -0.431782793117936 0.007196599793287 -0.058750222069537 0.333189066321549 0.226528349787820 -1.126000117617210 6.385863995892471 3.451726767308877
-0.552015000806645 -0.430116847786328 0.008329241542226 -0.064380222657623 0.365118386301011 0.243786983624365 -1.148895205025369 6.515708488934457 3.368181237741602
-0.552336901919933 -0.428291255854823 0.009548176460348 -0.070124698682750 0.397696928745683 0.260627889813073 -1.168197187824127 6.625175473031764 3.263317193730397
-0.552687525413346 -0.426302771211094 0.010851315909413 -0.075965684621870 0.430822806110842 0.276944475781725 -1.183993702684738 6.714761960575633 3.138286987412475
-0.553067353836456 -0.424148657180540 0.012236038288322 -0.081885653135294 0.464396615913720 0.292635910718787 -1.196372386313982 6.784964963997275 2.994242970917249
-0.553476782102132 -0.421826674100972 0.013699217841916 -0.087867515066864 0.498321440733707 0.307607125573373 -1.205420875409757 6.836281495696817 2.832337496371662
-0.553916119677467 -0.419335066897303 0.015237253469783 -0.093894619443913 0.532502848212191 0.321768813055232 -1.211226806669963 6.869208568096585 2.653722915915424
-0.554385592774686 -0.416672552656242 0.016846097535059 -0.099950753477263 0.566848891052674 0.335037427634809 -1.213877816796938 6.884243193607809 2.459551581683728
-0.554885346542072 -0.413838308200979 0.018521284673233 -0.106020142561247 0.601270107020713 0.347335185543227 -1.213461542466376 6.881882384643934 2.250975845792813
-0.555415447254879 -0.410831957665875 0.020257960600949 -0.112087450273579 0.635679518943932 0.358590064772191 -1.210065620420586 6.862623153616187 2.029148060384156
-0.555975884506247 -0.407653560071155 0.022050910924810 -0.118137778375682 0.669992634712013 0.368735805074112 -1.203777687317498 6.826962512944679 1.795220577602008
-0.556566573398125 -0.404303596897595 0.023894589950181 -0.124156666812270 0.704127447276737 0.377711907962122 -1.194685379872773 6.775397475033973 1.550345749551651
-0.557187356732186 -0.400782959661212 0.025783149489991 -0.130130093711633 0.738004434651907 0.385463636709880 -1.182876334784311 6.708425052304179 1.295675928387752
-0.557838007200745 -0.397092937487952 0.027710467673541 -0.136044475385555 0.771546559913427 0.391942016351819 -1.168438188741128 6.626542257164303 1.032363466232777
-0.558518229577672 -0.393235204688385 0.029670177755300 -0.141886666329261 0.804679271199249 0.397103833682983 -1.151458578450004 6.530246102036674 0.761560715214082
-0.559227662909319 -0.389211808332389 0.031655696923715 -0.147643959221511 0.837330501709432 0.400911637259053 -1.132025140622162 6.420033599323638 0.484420027478394
-0.559965882705426 -0.385025155823842 0.033660255110010 -0.153304084924621 0.869430669706051 0.403333737396445 -1.110225511919971 6.296401761445303 0.202093755146682
-0.560732403130049 -0.380678002475311 0.035676923796992 -0.158855212484221 0.900912678513277 0.404344206172179 -1.086147329081300 6.159847600815116 -0.084265749652479
-0.561526679192470 -0.376173439082745 0.037698644827853 -0.164285949129628 0.931711916517353 0.403922877423916 -1.059878228764077 6.010868129842084 -0.373506134772050
-0.562348108938118 -0.371514879500158 0.039718259214973 -0.169585340273448 0.961766257166563 0.402055346750056 -1.031505847715053 5.849960360946316 -0.664475048104685
-0.563196035639486 -0.366706048214325 0.041728535948723 -0.174742869512023 0.991016058971295 0.398732971509533 -1.001117822583275 5.677621306541258 -0.956020137484193
-0.564069749987046 -0.361750967919469 0.043722200806271 -0.179748458624940 1.019404165504001 0.393952870822112 -0.968801790111051 5.494347979027037 -1.246989050806835
-0.564968492280171 -0.356653947091949 0.045691965160381 -0.184592467575495 1.046875905399136 0.387717925568078 -0.934645386951871 5.300637390837082 -1.536229435939729
-0.565891454618048 -0.351419567564953 0.047630554788222 -0.189265694510254 1.073379092353322 0.380036778388379 -0.898736249843601 5.096986554375960 -1.822588940741388
-0.566837783090599 -0.346052672103187 0.049530738680163 -0.193759375759472 1.098864025125201 0.370923833684672 -0.861162015470818 4.883892482046015 -2.104915213052838
-0.567806579969397 -0.340558351977561 0.051385357848587 -0.198065185836827 1.123283487535431 0.360399257619408 -0.822010320509214 4.661852186282900 -2.382055900813085
-0.568796905898581 -0.334941934539884 0.053187354136684 -0.202175237439373 1.146592748466846 0.348488978115342 -0.781368801701099 4.431362679484518 -2.652858651813195
-0.569807782085778 -0.329208970797549 0.054929799027261 -0.206082081447878 1.168749561864268 0.335224684856276 -0.739325095708843 4.192920974068759 -2.916171113968580
-0.570838192493017 -0.323365222988228 0.056605922451542 -0.209778706926422 1.189714166734612 0.320643829286434 -0.695966839239226 3.947024082453510 -3.170840935160790
-0.571887086027649 -0.317416652154555 0.058209141597974 -0.213258541122618 1.209449287146880 0.304789624610630 -0.651381668999029 3.694169017036675 -3.415715763170346
-0.572953378733262 -0.311369405718820 0.059733089721027 -0.216515449467614 1.227920132232063 0.287711045794778 -0.605657221690592 3.434852790256127 -3.649643245975109
-0.574035955980600 -0.305229805057660 0.061171644950001 -0.219543735576067 1.245094396183344 0.269462829564902 -0.558881133980726 3.169572414507549 -3.871471031387241
-0.575133674658481 -0.299004333076743 0.062518959097826 -0.222338141245970 1.260942258255882 0.250105474407966 -0.511141042607299 2.898824902208830 -4.080046767260259
-0.576245365364710 -0.292699621785464 0.063769486469865 -0.224893846459007 1.275436382766926 0.229705240571665 -0.462524584254886 2.623107265775637 -4.274218101500971
-0.577369834597006 -0.286322439871629 0.064918012672724 -0.227206469380281 1.288551919095804 0.208334150064160 -0.413119395603623 2.342916517616978 -4.452832681991481
-0.578505866943907 -0.279879680276150 0.065959683423045 -0.229272066358299 1.300266501683889 0.186069986654203 -0.363013113369171 2.058749670157400 -4.614738156443199
-0.579652227275698 -0.273378347767731 0.066890033356316 -0.231087131925145 1.310560250034676 0.162996295871987 -0.312293374258310 1.771103735792590 -4.758782173055476
-0.580807662935324 -0.266825546517558 0.067705014835676 -0.232648598796437 1.319415768713639 0.139202385006709 -0.261047814937854 1.480475726951536 -4.883812379298247
-0.581970905929306 -0.260228467673989 0.068401026760709 -0.233953837871126 1.326818147348396 0.114783323110218 -0.209364072150109 1.187362656044355 -4.988676423305360
-0.583140675118662 -0.253594376937247 0.068974943376260 -0.235000658231876 1.332754960628618 0.089839940993691 -0.157329782557447 0.892261535482275 -5.072221952931444
-0.584315678409821 -0.246930602134104 0.069424143081229 -0.235787307144664 1.337216268306030 0.064478831229034 -0.105032582862208 0.595669377678743 -5.133296615869032
-0.585494614945545 -0.240244520792574 0.069746537237374 -0.236312470058975 1.340194615194423 0.038812348149689 -0.052560109784494 0.298083195040544 -5.170748060192021
-0.586676177295840 -0.233543547716602 0.069940598978122 -0.236575270607897 1.341685031169626 0.012958607848729 0.000000000097700 0.000000000044409 -5.183443139452626
-0.587859053648879 -0.226835122560754 0.070005392017366 -0.236575270607409 1.341685031169848 -0.012958607848534 0.052560109682354 -0.298083195077181 -5.170748060295272
-0.589041930001916 -0.220126697404905 0.069940598978123 -0.236312470058997 1.340194615194462 -0.038812348150011 0.105032582866649 -0.595669377688735 -5.133296615787986
-0.590223492352211 -0.213425724328932 0.069746537237373 -0.235787307144664 1.337216268306018 -0.064478831228951 0.157329782557447 -0.892261535483385 -5.072221952918121
-0.591402428887934 -0.206739642987402 0.069424143081228 -0.235000658231876 1.332754960628602 -0.089839940993541 0.209364072150109 -1.187362656039914 -4.988676423335892
-0.592577432179094 -0.200075868184259 0.068974943376261 -0.233953837871126 1.326818147348402 -0.114783323110221 0.261047814937854 -1.480475726951536 -4.883812379329888
-0.593747201368449 -0.193441777447517 0.068401026760710 -0.232648598796437 1.319415768713644 -0.139202385006870 0.312293374258310 -1.771103735793700 -4.758782173018838
-0.594910444362432 -0.186844698603949 0.067705014835675 -0.231087131925145 1.310560250034676 -0.162996295871964 0.363013113373611 -2.058749670161841 -4.614738156424325
-0.596065880022057 -0.180291897353776 0.066890033356315 -0.229272066358277 1.300266501683867 -0.186069986654086 0.413119395594741 -2.342916517603655 -4.452832682051433
-0.597212240353849 -0.173790564845356 0.065959683423045 -0.227206469380303 1.288551919095848 -0.208334150064343 0.462524584259327 -2.623107265786739 -4.274218101421035
-0.598348272700750 -0.167347805249877 0.064918012672723 -0.224893846459007 1.275436382766915 -0.229705240571448 0.511141042607299 -2.898824902211050 -4.080046767321321
-0.599472741933045 -0.160970623336043 0.063769486469866 -0.222338141245970 1.260942258255859 -0.250105474408055 0.558881133980726 -3.169572414509769 -3.871471031365314
-0.600584432639275 -0.154665912044763 0.062518959097826 -0.219543735576067 1.245094396183311 -0.269462829564882 0.605657221690592 -3.434852790240583 -3.649643246007861
-0.601682151317155 -0.148440440063847 0.061171644950001 -0.216515449467614 1.227920132232108 -0.287711045794921 0.651381668999029 -3.694169017043336 -3.415715763130378
-0.602764728564493 -0.142300839402686 0.059733089721027 -0.213258541122618 1.209449287146891 -0.304789624610573 0.695966839239226 -3.947024082457951 -3.170840935162733
-0.603831021270107 -0.136253592966952 0.058209141597974 -0.209778706926422 1.189714166734601 -0.320643829286386 0.739325095713284 -4.192920974070979 -2.916171113956367
-0.604879914804739 -0.130305022133279 0.056605922451542 -0.206082081447856 1.168749561864246 -0.335224684856168 0.781368801692217 -4.431362679477857 -2.652858651802925
-0.605910325211978 -0.124461274323957 0.054929799027261 -0.202175237439395 1.146592748466857 -0.348488978115183 0.822010320518096 -4.661852186291782 -2.382055900848612
-0.606921201399175 -0.118728310581623 0.053187354136685 -0.198065185836804 1.123283487535398 -0.360399257619426 0.861162015461936 -4.883892482026031 -2.104915213142766
-0.607911527328359 -0.113111893143946 0.051385357848588 -0.193759375759495 1.098864025125268 -0.370923833685140 0.898736249848042 -5.096986554398164 -1.822588940594283
-0.608880324207156 -0.107617573018320 0.049530738680162 -0.189265694510254 1.073379092353277 -0.380036778388111 0.934645386951871 -5.300637390828200 -1.536229436005787
-0.609826652679708 -0.102250677556553 0.047630554788222 -0.184592467575495 1.046875905399136 -0.387717925568140 0.968801790111051 -5.494347979029257 -1.246989050811553
-0.610749615017585 -0.097016298029558 0.045691965160381 -0.179748458624940 1.019404165503990 -0.393952870822198 1.001117822587716 -5.677621306539038 -0.956020137414249
-0.611648357310710 -0.091919277202038 0.043722200806270 -0.174742869512001 0.991016058971295 -0.398732971509269 1.031505847706171 -5.849960360937434 -0.664475048203494
-0.612522071658270 -0.086964196907181 0.041728535948724 -0.169585340273470 0.961766257166607 -0.402055346750287 1.059878228768518 -6.010868129855407 -0.373506134714874
-0.613369998359637 -0.082155365621348 0.039718259214972 -0.164285949129628 0.931711916517330 -0.403922877423861 1.086147329081300 -6.159847600806234 -0.084265749684953
-0.614191428105285 -0.077496806038762 0.037698644827853 -0.158855212484221 0.900912678513299 -0.404344206172286 1.110225511924412 -6.296401761460846 0.202093755261867
-0.614985704167706 -0.072992242646195 0.035676923796992 -0.153304084924599 0.869430669705995 -0.403333737395976 1.132025140613280 -6.420033599310315 0.484420027275501
-0.615752224592329 -0.068645089297665 0.033660255110012 -0.147643959221533 0.837330501709443 -0.400911637259599 1.151458578450004 -6.530246102012249 0.761560715280829
-0.616490444388437 -0.064458436789118 0.031655696923714 -0.141886666329283 0.804679271199382 -0.397103833683195 1.168438188750009 -6.626542257210932 1.032363466354635
-0.617199877720084 -0.060435040433121 0.029670177755298 -0.136044475385533 0.771546559913328 -0.391942016351422 1.182876334779870 -6.708425052275313 1.295675928259654
-0.617880100097011 -0.056577307633554 0.027710467673541 -0.130130093711633 0.738004434651951 -0.385463636710123 1.194685379872773 -6.775397475056177 1.550345749717352
-0.618530750565569 -0.052887285460295 0.025783149489990 -0.124156666812270 0.704127447276670 -0.377711907961537 1.203777687317498 -6.826962512922474 1.795220577399392
-0.619151533899631 -0.049366648223911 0.023894589950182 -0.118137778375682 0.669992634712058 -0.368735805074540 1.210065620420586 -6.862623153627290 2.029148060437169
-0.619742222791509 -0.046016685050351 0.022050910924810 -0.112087450273579 0.635679518943921 -0.358590064772354 1.213461542466376 -6.881882384646154 2.250975845871495
-0.620302660042877 -0.042838287455631 0.020257960600948 -0.106020142561247 0.601270107020691 -0.347335185542996 1.213877816796938 -6.884243193592265 2.459551581641273
-0.620832760755683 -0.039831936920528 0.018521284673233 -0.099950753477263 0.566848891052729 -0.335037427634790 1.211226806669963 -6.869208568098806 2.653722915814460
-0.621332514523070 -0.036997692465264 0.016846097535059 -0.093894619443913 0.532502848212235 -0.321768813055718 1.205420875409757 -6.836281495721241 2.832337496555049
-0.621801987620289 -0.034335178224203 0.015237253469780 -0.087867515066864 0.498321440733629 -0.307607125572942 1.196372386309541 -6.784964963957307 2.994242970725192
-0.622241325195623 -0.031843571020535 0.013699217841916 -0.081885653135316 0.464396615913842 -0.292635910719316 1.183993702693620 -6.714761960640026 3.138286987714456
-0.622650753461300 -0.029521587940966 0.012236038288319 -0.075965684621848 0.430822806110642 -0.276944475780744 1.168197187815245 -6.625175472971812 3.263317193449300
-0.623030581884409 -0.027367473910413 0.010851315909415 -0.070124698682772 0.397696928745783 -0.260627889813498 1.148895205034250 -6.515708488952221 3.368181237787188
-0.623381205377823 -0.025378989266684 0.009548176460348 -0.064380222657601 0.365118386301022 -0.243786983624562 1.126000117608328 -6.385863995890251 3.451726767379032
-0.623703106491111 -0.023553397335179 0.008329241542225 -0.058750222069559 0.333189066321571 -0.226528349787667 1.099424288866224 -6.235144981501239 3.512801430333651
-0.623996857601459 -0.021887452003571 0.007196599793287 -0.053253100625228 0.302013341414065 -0.208964342635998 1.069080082083396 -6.063054433231851 3.550252874484699
-0.624263123104585 -0.020377385296500 0.006151778080107 -0.047907700214811 0.271698069247905 -0.191213078263575 1.034879860601912 -5.869095338908448 3.562928748154259
-0.624502661605659 -0.019018894950261 0.005195712688789 -0.042733300911801 0.242352592553363 -0.173398434522803 0.996735987666142 -5.652770685800057 3.549676698441900
-0.624716328110218 -0.017807131987494 0.004328720516175 -0.037749620973471 0.214088739124363 -0.155650051030594 0.954560826640360 -5.413583461861826 3.509344373916912
-0.624905076215086 -0.016736688291872 0.003550470261022 -0.032976816840269 0.187020821815054 -0.138103329161009 0.908266740782260 -5.151036654347241 3.440779421988951
-0.625069960299287 -0.015801584182797 0.002859953615217 -0.028435483136358 0.161265638543318 -0.120899432051065 0.857766093402823 -4.864633251016048 3.342829490855464
-0.625212137714969 -0.014995255990080 0.002255456454962 -0.024146652669343 0.136942472288237 -0.104185284596787 0.802971247817474 -4.553876239425936 3.214342228244782
-0.625332870978315 -0.014310543628639 0.001734530031978 -0.020131796430256 0.114173091091108 -0.088113573455563 0.743794567328315 -4.218268607198983 3.054165281920723
-0.625433529960467 -0.013739678173184 0.001293962164700 -0.016412823593615 0.093081748055113 -0.072842747045960 0.680148415193038 -3.857313341752988 2.861146299426141
-0.625515594078435 -0.013274269432908 0.000929748429470 -0.013012081517649 0.073795181346348 -0.058537015548829 0.611945154793681 -3.470513430967603 2.634132929736292
-0.625580654486023 -0.012905293526176 0.000637063351726 -0.009952355743681 0.056442614191510 -0.045366350900148 0.539097149347967 -3.057371862111857 2.371972819598052
-0.625630416264741 -0.012623080455219 0.000410231597225 -0.007256869996941 0.041155754880950 -0.033506486802157 0.461516762220171 -2.617391623014331 2.073513617403207
-0.625666700614726 -0.012417301680814 0.000242699163214 -0.004949286185840 0.028068796765879 -0.023138918715141 0.379116356681308 -2.150075701168319 1.737602971154261
-0.625691447045655 -0.012276957696985 0.000127004569639 -0.003053704402434 0.017318418260037 -0.014450903859370 0.291808296024598 -1.654927084064894 1.363088527951877
-0.625706715567667 -0.012190365605684 0.000054750050342 -0.001594662922311 0.009043782839713 -0.007635461219611 0.199504943605433 -1.131448759594811 0.948817936797896
-0.625714688882279 -0.012145146691486 0.000016572744244 -0.000597138204284 0.003386539041739 -0.002891371535621 0.102118662645978 -0.579143714902752 0.493638844501114
-0.625717674573300 -0.012128213996277 0.000002115886566 -0.000086544891054 0.000490820467225 -0.000423177313116 0.017308978210728 -0.098164093444986 0.084635462623118
-0.625718107297756 -0.012125759893941 0.000000000000000 0.000000000000000 0.000000000000000 0.000000000000000 0.017308978210728 -0.098164093444986 0.084635462623118
-0.625718107297756 -0.012125759893941 0.000000000000000 0.000086544891054 -0.000490820467225 0.000423177313116 0.102118662645978 -0.579143714902752 0.493638844501114
-0.625717674573300 -0.012128213996277 0.000002115886566 0.000597138204284 -0.003386539041739 0.002891371535621 0.199504943605433 -1.131448759594811 0.948817936797896
-0.625714688882279 -0.012145146691486 0.000016572744244 0.001594662922311 -0.009043782839713 0.007635461219611 0.291808296024598 -1.654927084064894 1.363088527951877
-0.625706715567667 -0.012190365605684 0.000054750050342 0.003053704402434 -0.017318418260037 0.014450903859370 0.379116356681308 -2.150075701168319 1.737602971154261
-0.625691447045655 -0.012276957696985 0.000127004569639 0.004949286185840 -0.028068796765879 0.023138918715141 0.461516762220171 -2.617391623014331 2.073513617403207
-0.625666700614726 -0.012417301680814 0.000242699163214 0.007256869996941 -0.041155754880950 0.033506486802157 0.539097149347967 -3.057371862111857 2.371972819598052
-0.625630416264741 -0.012623080455219 0.000410231597225 0.009952355743681 -0.056442614191510 0.045366350900148 0.611945154793681 -3.470513430967603 2.634132929736292
-0.625580654486023 -0.012905293526176 0.000637063351726 0.013012081517649 -0.073795181346348 0.058537015548829 0.680148415193038 -3.857313341752988 2.861146299426141
-0.625515594078435 -0.013274269432908 0.000929748429470 0.016412823593615 -0.093081748055113 0.072842747045960 0.743794567328315 -4.218268607198983 3.054165281920723
-0.625433529960467 -0.013739678173184 0.001293962164700 0.020131796430256 -0.114173091091108 0.088113573455563 0.802971247817474 -4.553876239425936 3.214342228244782
-0.625332870978315 -0.014310543628639 0.001734530031978 0.024146652669343 -0.136942472288237 0.104185284596787 0.857766093402823 -4.864633251016048 3.342829490855464
-0.625212137714969 -0.014995255990080 0.002255456454962 0.028435483136358 -0.161265638543318 0.120899432051065 0.908266740782260 -5.151036654347241 3.440779421988951
-0.625069960299287 -0.015801584182797 0.002859953615217 0.032976816840269 -0.187020821815054 0.138103329161009 0.954560826640360 -5.413583461861826 3.509344373916912
-0.624905076215086 -0.016736688291872 0.003550470261022 0.037749620973471 -0.214088739124363 0.155650051030594 0.996735987666142 -5.652770685800057 3.549676698441900
-0.624716328110218 -0.017807131987494 0.004328720516175 0.042733300911801 -0.242352592553363 0.173398434522803 1.034879860601912 -5.869095338908448 3.562928748154259
-0.624502661605659 -0.019018894950261 0.005195712688789 0.047907700214811 -0.271698069247905 0.191213078263575 1.069080082083396 -6.063054433231851 3.550252874484699
-0.624263123104585 -0.020377385296500 0.006151778080107 0.053253100625228 -0.302013341414065 0.208964342635998 1.099424288866224 -6.235144981501239 3.512801430333651
-0.623996857601459 -0.021887452003571 0.007196599793287 0.058750222069559 -0.333189066321571 0.226528349787667 1.126000117608328 -6.385863995890251 3.451726767379032
-0.623703106491111 -0.023553397335179 0.008329241542225 0.064380222657601 -0.365118386301022 0.243786983624562 1.148895205034250 -6.515708488952221 3.368181237787188
-0.623381205377823 -0.025378989266684 0.009548176460348 0.070124698682772 -0.397696928745783 0.260627889813498 1.168197187815245 -6.625175472971812 3.263317193449300
-0.623030581884409 -0.027367473910413 0.010851315909415 0.075965684621848 -0.430822806110642 0.276944475780744 1.183993702693620 -6.714761960640026 3.138286987714456
-0.622650753461300 -0.029521587940966 0.012236038288319 0.081885653135316 -0.464396615913842 0.292635910719316 1.196372386309541 -6.784964963957307 2.994242970725192
-0.622241325195623 -0.031843571020535 0.013699217841916 0.087867515066864 -0.498321440733629 0.307607125572942 1.205420875409757 -6.836281495721241 2.832337496555049
-0.621801987620289 -0.034335178224203 0.015237253469780 0.093894619443913 -0.532502848212235 0.321768813055718 1.211226806669963 -6.869208568098806 2.653722915814460
-0.621332514523070 -0.036997692465264 0.016846097535059 0.099950753477263 -0.566848891052729 0.335037427634790 1.213877816796938 -6.884243193592265 2.459551581641273
-0.620832760755683 -0.039831936920528 0.018521284673233 0.106020142561247 -0.601270107020691 0.347335185542996 1.213461542466376 -6.881882384646154 2.250975845871495
-0.620302660042877 -0.042838287455631 0.020257960600948 0.112087450273579 -0.635679518943921 0.358590064772354 1.210065620420586 -6.862623153627290 2.029148060437169
-0.619742222791509 -0.046016685050351 0.022050910924810 0.118137778375682 -0.669992634712058 0.368735805074540 1.203777687317498 -6.826962512922474 1.795220577399392
-0.619151533899631 -0.049366648223911 0.023894589950182 0.124156666812270 -0.704127447276670 0.377711907961537 1.194685379872773 -6.775397475056177 1.550345749717352
-0.618530750565569 -0.052887285460295 0.025783149489990 0.130130093711633 -0.738004434651951 0.385463636710123 1.182876334779870 -6.708425052275313 1.295675928259654
-0.617880100097011 -0.056577307633554 0.027710467673541 0.136044475385533 -0.771546559913328 0.391942016351422 1.168438188750009 -6.626542257210932 1.032363466354635
-0.617199877720084 -0.060435040433121 0.029670177755298 0.141886666329283 -0.804679271199382 0.397103833683195 1.151458578450004 -6.530246102012249 0.761560715280829
-0.616490444388437 -0.064458436789118 0.031655696923714 0.147643959221533 -0.837330501709443 0.400911637259599 1.132025140613280 -6.420033599310315 0.484420027275501
-0.615752224592329 -0.068645089297665 0.033660255110012 0.153304084924599 -0.869430669705995 0.403333737395976 1.110225511924412 -6.296401761460846 0.202093755261867
-0.614985704167706 -0.072992242646195 0.035676923796992 0.158855212484221 -0.900912678513299 0.404344206172286 1.086147329081300 -6.159847600806234 -0.084265749684953
-0.614191428105285 -0.077496806038762 0.037698644827853 0.164285949129628 -0.931711916517330 0.403922877423861 1.059878228768518 -6.010868129855407 -0.373506134714874
-0.613369998359637 -0.082155365621348 0.039718259214972 0.169585340273470 -0.961766257166607 0.402055346750287 1.031505847706171 -5.849960360937434 -0.664475048203494
-0.612522071658270 -0.086964196907181 0.041728535948724 0.174742869512001 -0.991016058971295 0.398732971509269 1.001117822587716 -5.677621306539038 -0.956020137414249
-0.611648357310710 -0.091919277202038 0.043722200806270 0.179748458624940 -1.019404165503990 0.393952870822198 0.968801790111051 -5.494347979029257 -1.246989050811553
-0.610749615017585 -0.097016298029558 0.045691965160381 0.184592467575495 -1.046875905399136 0.387717925568140 0.934645386951871 -5.300637390828200 -1.536229436005787
-0.609826652679708 -0.102250677556553 0.047630554788222 0.189265694510254 -1.073379092353277 0.380036778388111 0.898736249848042 -5.096986554398164 -1.822588940594283
-0.608880324207156 -0.107617573018320 0.049530738680162 0.193759375759495 -1.098864025125268 0.370923833685140 0.861162015461936 -4.883892482026031 -2.104915213142766
-0.607911527328359 -0.113111893143946 0.051385357848588 0.198065185836804 -1.123283487535398 0.360399257619426 0.822010320518096 -4.661852186291782 -2.382055900848612
-0.606921201399175 -0.118728310581623 0.053187354136685 0.202175237439395 -1.146592748466857 0.348488978115183 0.781368801692217 -4.431362679477857 -2.652858651802925
-0.605910325211978 -0.124461274323957 0.054929799027261 0.206082081447856 -1.168749561864246 0.335224684856168 0.739325095713284 -4.192920974070979 -2.916171113956367
-0.604879914804739 -0.130305022133279 0.056605922451542 0.209778706926422 -1.189714166734601 0.320643829286386 0.695966839239226 -3.947024082457951 -3.170840935162733
-0.603831021270107 -0.136253592966952 0.058209141597974 0.213258541122618 -1.209449287146891 0.304789624610573 0.651381668999029 -3.694169017043336 -3.415715763130378
-0.602764728564493 -0.142300839402686 0.059733089721027 0.216515449467614 -1.227920132232108 0.287711045794921 0.605657221690592 -3.434852790240583 -3.649643246007861
-0.601682151317155 -0.148440440063847 0.061171644950001 0.219543735576067 -1.245094396183311 0.269462829564882 0.558881133980726 -3.169572414509769 -3.871471031365314
-0.600584432639275 -0.154665912044763 0.062518959097826 0.222338141245970 -1.260942258255859 0.250105474408055 0.511141042607299 -2.898824902211050 -4.080046767321321
-0.599472741933045 -0.160970623336043 0.063769486469866 0.224893846459007 -1.275436382766915 0.229705240571448 0.462524584259327 -2.623107265786739 -4.274218101421035
-0.598348272700750 -0.167347805249877 0.064918012672723 0.227206469380303 -1.288551919095848 0.208334150064343 0.413119395594741 -2.342916517603655 -4.452832682051433
-0.597212240353849 -0.173790564845356 0.065959683423045 0.229272066358277 -1.300266501683867 0.186069986654086 0.363013113373611 -2.058749670161841 -4.614738156424325
-0.596065880022057 -0.180291897353776 0.066890033356315 0.231087131925145 -1.310560250034676 0.162996295871964 0.312293374258310 -1.771103735793700 -4.758782173018838
-0.594910444362432 -0.186844698603949 0.067705014835675 0.232648598796437 -1.319415768713644 0.139202385006870 0.261047814937854 -1.480475726951536 -4.883812379329888
-0.593747201368449 -0.193441777447517 0.068401026760710 0.233953837871126 -1.326818147348402 0.114783323110221 0.209364072150109 -1.187362656039914 -4.988676423335892
-0.592577432179094 -0.200075868184259 0.068974943376261 0.235000658231876 -1.332754960628602 0.089839940993541 0.157329782557447 -0.892261535483385 -5.072221952918121
-0.591402428887934 -0.206739642987402 0.069424143081228 0.235787307144664 -1.337216268306018 0.064478831228951 0.105032582866649 -0.595669377688735 -5.133296615787986
-0.590223492352211 -0.213425724328932 0.069746537237373 0.236312470058997 -1.340194615194462 0.038812348150011 0.052560109682354 -0.298083195077181 -5.170748060295272
-0.589041930001916 -0.220126697404905 0.069940598978123 0.236575270607409 -1.341685031169848 0.012958607848534 0.000000000097700 0.000000000044409 -5.183443139452626
-0.587859053648879 -0.226835122560754 0.070005392017366 0.236575270607897 -1.341685031169626 -0.012958607848729 -0.052560109784494 0.298083195040544 -5.170748060192021
-0.586676177295840 -0.233543547716602 0.069940598978122 0.236312470058975 -1.340194615194423 -0.038812348149689 -0.105032582862208 0.595669377678743 -5.133296615869032
-0.585494614945545 -0.240244520792574 0.069746537237374 0.235787307144664 -1.337216268306030 -0.064478831229034 -0.157329782557447 0.892261535482275 -5.072221952931444
-0.584315678409821 -0.246930602134104 0.069424143081229 0.235000658231876 -1.332754960628618 -0.089839940993691 -0.209364072150109 1.187362656044355 -4.988676423305360
-0.583140675118662 -0.253594376937247 0.068974943376260 0.233953837871126 -1.326818147348396 -0.114783323110218 -0.261047814937854 1.480475726951536 -4.883812379298247
-0.581970905929306 -0.260228467673989 0.068401026760709 0.232648598796437 -1.319415768713639 -0.139202385006709 -0.312293374258310 1.771103735792590 -4.758782173055476
-0.580807662935324 -0.266825546517558 0.067705014835676 0.231087131925145 -1.310560250034676 -0.162996295871987 -0.363013113369171 2.058749670157400 -4.614738156443199
-0.579652227275698 -0.273378347767731 0.066890033356316 0.229272066358299 -1.300266501683889 -0.186069986654203 -0.413119395603623 2.342916517616978 -4.452832681991481
-0.578505866943907 -0.279879680276150 0.065959683423045 0.227206469380281 -1.288551919095804 -0.208334150064160 -0.462524584254886 2.623107265775637 -4.274218101500971
-0.577369834597006 -0.286322439871629 0.064918012672724 0.224893846459007 -1.275436382766926 -0.229705240571665 -0.511141042607299 2.898824902208830 -4.080046767260259
-0.576245365364710 -0.292699621785464 0.063769486469865 0.222338141245970 -1.260942258255882 -0.250105474407966 -0.558881133980726 3.169572414507549 -3.871471031387241
-0.575133674658481 -0.299004333076743 0.062518959097826 0.219543735576067 -1.245094396183344 -0.269462829564902 -0.605657221690592 3.434852790256127 -3.649643245975109
-0.574035955980600 -0.305229805057660 0.061171644950001 0.216515449467614 -1.227920132232063 -0.287711045794778 -0.651381668999029 3.694169017036675 -3.415715763170346
-0.572953378733262 -0.311369405718820 0.059733089721027 0.213258541122618 -1.209449287146880 -0.304789624610630 -0.695966839239226 3.947024082453510 -3.170840935160790
-0.571887086027649 -0.317416652154555 0.058209141597974 0.209778706926422 -1.189714166734612 -0.320643829286434 -0.739325095708843 4.192920974068759 -2.916171113968580
-0.570838192493017 -0.323365222988228 0.056605922451542 0.206082081447878 -1.168749561864268 -0.335224684856276 -0.781368801701099 4.431362679484518 -2.652858651813195
-0.569807782085778 -0.329208970797549 0.054929799027261 0.202175237439373 -1.146592748466846 -0.348488978115342 -0.822010320509214 4.661852186282900 -2.382055900813085
-0.568796905898581 -0.334941934539884 0.053187354136684 0.198065185836827 -1.123283487535431 -0.360399257619408 -0.861162015470818 4.883892482046015 -2.104915213052838
-0.567806579969397 -0.340558351977561 0.051385357848587 0.193759375759472 -1.098864025125201 -0.370923833684672 -0.898736249843601 5.096986554375960 -1.822588940741388
-0.566837783090599 -0.346052672103187 0.049530738680163 0.189265694510254 -1.073379092353322 -0.380036778388379 -0.934645386951871 5.300637390837082 -1.536229435939729
-0.565891454618048 -0.351419567564953 0.047630554788222 0.184592467575495 -1.046875905399136 -0.387717925568078 -0.968801790111051 5.494347979027037 -1.246989050806835
-0.564968492280171 -0.356653947091949 0.045691965160381 0.179748458624940 -1.019404165504001 -0.393952870822112 -1.001117822583275 5.677621306541258 -0.956020137484193
-0.564069749987046 -0.361750967919469 0.043722200806271 0.174742869512023 -0.991016058971295 -0.398732971509533 -1.031505847715053 5.849960360946316 -0.664475048104685
-0.563196035639486 -0.366706048214325 0.041728535948723 0.169585340273448 -0.961766257166563 -0.402055346750056 -1.059878228764077 6.010868129842084 -0.373506134772050
-0.562348108938118 -0.371514879500158 0.039718259214973 0.164285949129628 -0.931711916517353 -0.403922877423916 -1.086147329081300 6.159847600815116 -0.084265749652479
-0.561526679192470 -0.376173439082745 0.037698644827853 0.158855212484221 -0.900912678513277 -0.404344206172179 -1.110225511919971 6.296401761445303 0.202093755146682
-0.560732403130049 -0.380678002475311 0.035676923796992 0.153304084924621 -0.869430669706051 -0.403333737396445 -1.132025140622162 6.420033599323638 0.484420027478394
-0.559965882705426 -0.385025155823842 0.033660255110010 0.147643959221511 -0.837330501709432 -0.400911637259053 -1.151458578450004 6.530246102036674 0.761560715214082
-0.559227662909319 -0.389211808332389 0.031655696923715 0.141886666329261 -0.804679271199249 -0.397103833682983 -1.168438188741128 6.626542257164303 1.032363466232777
-0.558518229577672 -0.393235204688385 0.029670177755300 0.136044475385555 -0.771546559913427 -0.391942016351819 -1.182876334784311 6.708425052304179 1.295675928387752
-0.557838007200745 -0.397092937487952 0.027710467673541 0.130130093711633 -0.738004434651907 -0.385463636709880 -1.194685379872773 6.775397475033973 1.550345749551651
-0.557187356732186 -0.400782959661212 0.025783149489991 0.124156666812270 -0.704127447276737 -0.377711907962122 -1.203777687317498 6.826962512944679 1.795220577602008
-0.556566573398125 -0.404303596897595 0.023894589950181 0.118137778375682 -0.669992634712013 -0.368735805074112 -1.210065620420586 6.862623153616187 2.029148060384156
-0.555975884506247 -0.407653560071155 0.022050910924810 0.112087450273579 -0.635679518943932 -0.358590064772191 -1.213461542466376 6.881882384643934 2.250975845792813
-0.555415447254879 -0.410831957665875 0.020257960600949 0.106020142561247 -0.601270107020713 -0.347335185543227 -1.213877816796938 6.884243193607809 2.459551581683728
-0.554885346542072 -0.413838308200979 0.018521284673233 0.099950753477263 -0.566848891052674 -0.335037427634809 -1.211226806669963 6.869208568096585 2.653722915915424
-0.554385592774686 -0.416672552656242 0.016846097535059 0.093894619443913 -0.532502848212191 -0.321768813055232 -1.205420875409757 6.836281495696817 2.832337496371662
-0.553916119677467 -0.419335066897303 0.015237253469783 0.087867515066864 -0.498321440733707 -0.307607125573373 -1.196372386313982 6.784964963997275 2.994242970917249
-0.553476782102132 -0.421826674100972 0.013699217841916 0.081885653135294 -0.464396615913720 -0.292635910718787 -1.183993702684738 6.714761960575633 3.138286987412475
-0.553067353836456 -0.424148657180540 0.012236038288322 0.075965684621870 -0.430822806110842 -0.276944475781725 -1.168197187824127 6.625175473031764 3.263317193730397
-0.552687525413346 -0.426302771211094 0.010851315909413 0.070124698682750 -0.397696928745683 -0.260627889813073 -1.148895205025369 6.515708488934457 3.368181237741602
-0.552336901919933 -0.428291255854823 0.009548176460348 0.064380222657623 -0.365118386301011 -0.243786983624365 -1.126000117617210 6.385863995892471 3.451726767308877
-0.552015000806645 -0.430116847786328 0.008329241542226 0.058750222069537 -0.333189066321549 -0.226528349787820 -1.099424288852902 6.235144981472374 3.512801430303575
-0.551721249696297 -0.431782793117936 0.007196599793287 0.053253100625272 -0.302013341414187 -0.208964342636302 -1.069080082096718 6.063054433265158 3.550252874592458
-0.551454984193171 -0.433292859825007 0.006151778080106 0.047907700214789 -0.271698069247861 -0.191213078263340 -1.034879860593030 5.869095338875141 3.562928748044142
-0.551215445692097 -0.434651350171246 0.005195712688789 0.042733300911824 -0.242352592553485 -0.173398434523119 -0.996735987675024 5.652770685855568 3.549676698526988
-0.551001779187537 -0.435863113134013 0.004328720516173 0.037749620973448 -0.214088739124207 -0.155650051030484 -0.954560826635920 5.413583461824079 3.509344373907441
-0.550813031082670 -0.436933556829634 0.003550470261021 0.032976816840269 -0.187020821815087 -0.138103329160947 -0.908266740777819 5.151036654349461 3.440779422055182
-0.550648146998469 -0.437868660938710 0.002859953615216 0.028435483136380 -0.161265638543340 -0.120899432050671 -0.857766093407264 4.864633251022710 3.342829490837501
-0.550505969582787 -0.438674989131426 0.002255456454963 0.024146652669343 -0.136942472288226 -0.104185284596484 -0.802971247821915 4.553876239430377 3.214342228122363
-0.550385236319440 -0.439359701492868 0.001734530031980 0.020131796430234 -0.114173091091074 -0.088113573455872 -0.743794567319433 4.218268607165676 3.054165281778356
-0.550284577337289 -0.439930566948323 0.001293962164701 0.016412823593637 -0.093081748055246 -0.072842747046980 -0.680148415201920 3.857313341795177 2.861146299672565
-0.550202513219321 -0.440395975688599 0.000929748429466 0.013012081517627 -0.073795181346270 -0.058537015548617 -0.611945154784799 3.470513430934297 2.634132929674132
-0.550137452811733 -0.440764951595331 0.000637063351723 0.009952355743703 -0.056442614191599 -0.045366350900247 -0.539097149356849 3.057371862136282 2.371972819650081
-0.550087691033014 -0.441047164666289 0.000410231597222 0.007256869996919 -0.041155754880917 -0.033506486801996 -0.461516762215730 2.617391623020993 2.073513617469097
-0.550051406683030 -0.441252943440693 0.000242699163212 0.004949286185840 -0.028068796765812 -0.023138918714651 -0.379116356676867 2.150075701148335 1.737602970998937
-0.550026660252100 -0.441393287424522 0.000127004569639 0.003053704402456 -0.017318418260071 -0.014450903859656 -0.291808296037921 1.654927084120406 1.363088528107687
-0.550011391730088 -0.441479879515823 0.000054750050340 0.001594662922266 -0.009043782839468 -0.007635461219118 -0.199504943592110 1.131448759517095 0.948817936663352
