-0.550000746021173 -0.443649933935472 0.000003574102423 -0.001026471696775 0.005821410272333 0.004859952438765 -0.341128265399782 1.934634529694446 1.580234431186993
-0.550005878379657 -0.443620826884110 0.000027873864617 -0.002732113023773 0.015494582920805 0.012761124594700 -0.496333628681178 2.814847884826666 2.249108662905488
-0.550019538944776 -0.443543353969506 0.000091679487590 -0.005213781167179 0.029568822344939 0.024006667909228 -0.641287695000159 3.636923245780022 2.838463917049937
-0.550045607850612 -0.443395509857781 0.000211712827137 -0.008420219642180 0.047753438573839 0.038198987494477 -0.776208577026871 4.402097591149623 3.351115024684775
-0.550087708948823 -0.443156742664912 0.000402707764609 -0.012301262527314 0.069763926529587 0.054954562617901 -0.901314387498076 5.111607899541681 3.789876816874627
-0.550149215261459 -0.442807923032264 0.000677480577698 -0.016807834464805 0.095321966027295 0.073903946702274 -1.016823239075038 5.766691149551306 4.157564124684105
-0.550233254433783 -0.442331313202128 0.001047000311210 -0.021891950660180 0.124155421775052 0.094691767325695 -1.122953244494518 6.368584319789150 4.456991779177863
-0.550342714187084 -0.441710536093252 0.001520459147838 -0.027506716882653 0.155998343373998 0.116976726221584 -1.219922516439986 6.918524388832559 4.690974611420323
-0.550480247771498 -0.440930544376382 0.002105342778946 -0.033606329464853 0.190590965318160 0.140431599278686 -1.307949167621558 7.417748335303287 4.862327452475995
-0.550648279418822 -0.439977589549792 0.002807500775340 -0.040146075302960 0.227679706994677 0.164743236541066 -1.387251310731585 7.867493137792003 4.973865133409172
-0.550849009795337 -0.438839191014818 0.003631216958045 -0.047082331856618 0.267017172683637 0.189612562208112 -1.458047058480183 8.268995774891597 5.028402485285982
-0.551084421454620 -0.437504105151400 0.004579279769086 -0.054372567149019 0.308362151558095 0.214754574634542 -1.520554523564144 8.623493225217160 5.028754339168362
-0.551356284290365 -0.435962294393610 0.005653052642258 -0.061975339766840 0.351479617684181 0.239898346330383 -1.574991818680260 8.932222467354922 4.977735526123650
-0.551666160989199 -0.434204896305189 0.006852544373910 -0.069850298860241 0.396140730020955 0.264787023961002 -1.621577056547530 9.196420479904432 4.878160877212911
-0.552015412483500 -0.432224192655084 0.008176479493715 -0.077958184142979 0.442122832420477 0.289177828347066 -1.660528349849422 9.417324241478564 4.732845223508264
-0.552405203404215 -0.430013578492981 0.009622368635450 -0.086260825892226 0.489209453627870 0.312842054464607 -1.692063811304934 9.596170730661324 4.544603396059721
-0.552836507533676 -0.427567531224842 0.011186578907774 -0.094721144948751 0.537190307281177 0.335565071444906 -1.716401553593094 9.734196926061145 4.316250225950213
-0.553310113258420 -0.424881579688436 0.012864404264998 -0.103303152716716 0.585861291911483 0.357146322574657 -1.733759689432901 9.832639806277577 4.050600544233252
-0.553826629022004 -0.421952273228879 0.014650135877871 -0.111971951163881 0.635024490942870 0.377399325295823 -1.744356331525587 9.892736349901288 3.750469181967864
-0.554386488777823 -0.418777150774164 0.016537132504350 -0.120693732821509 0.684488172692377 0.396151671205663 -1.748409592563505 9.915723535547372 3.418670970234827
-0.554989957441931 -0.415354709910703 0.018517890860379 -0.129435780784326 0.734066790370114 0.413245026056837 -1.746137585252328 9.902838341799836 3.058020740085288
-0.555637136345852 -0.411684375958852 0.020584115990663 -0.138166468710588 0.783580982079113 0.428535129757263 -1.737758422297730 9.855317747269332 2.671333322593339
-0.556327968689405 -0.407766471048456 0.022726791639449 -0.146855260822076 0.832857570815460 0.441891796370230 -1.723490216396506 9.774398730544309 2.261423548811092
-0.557062244993516 -0.403602183194379 0.024936250621300 -0.155472711904059 0.881729564468181 0.453198914114285 -1.703551080263210 9.661318270242081 1.831106249817616
-0.557839608553036 -0.399193535372038 0.027202245191872 -0.163990467305375 0.930036155819391 0.462354445363374 -1.678159126559109 9.517313344935552 1.383196256667663
-0.558659560889563 -0.394543354592941 0.029514017418689 -0.172381262938170 0.977622722544069 0.469270426646712 -1.647532468052049 9.343620933257579 0.920508400426567
-0.559521467204254 -0.389655240980221 0.031860369551922 -0.180618925278431 1.024340827210357 0.473872968648845 -1.611889217376650 9.141478013774407 0.445857512167136
-0.560424561830646 -0.384533536844169 0.034229734395166 -0.188678371365314 1.070048217279229 0.476102256209680 -1.571447487287436 8.912121565110009 -0.037941577061829
-0.561367953687472 -0.379183295757773 0.036610245676215 -0.196535608801751 1.114608825104779 0.475912548324371 -1.526425390445674 8.656788565855056 -0.528074036177661
-0.562350631731481 -0.373610251632249 0.038989808417837 -0.204167735753980 1.157892767934054 0.473272178143483 -1.477041039583682 8.376715994609096 -1.021725034118237
-0.563371470410251 -0.367820787792579 0.041356169308554 -0.211552940951898 1.199776347907100 0.468163552972892 -1.423512547380490 8.073140829956138 -1.516079739832255
-0.564429235115010 -0.361821906053043 0.043696987073419 -0.218670503688800 1.240142052056881 0.460583154273730 -1.366058026555095 7.747300050542361 -2.008323322274519
-0.565522587633454 -0.355621195792759 0.045999902844787 -0.225500793821576 1.278878552309592 0.450541537662358 -1.304895589790966 7.400430634905142 -2.495640950305189
-0.566650091602562 -0.349226803031211 0.048252610533099 -0.232025271770531 1.315880705484118 0.438063332910832 -1.240243349820425 7.033769561697323 -2.975217792934581
-0.567810217961415 -0.342647399503790 0.050442927197653 -0.238226488519633 1.351049553292605 0.423187243946159 -1.172319419295853 6.648553809478486 -3.444239019062267
-0.569001350404013 -0.335892151737327 0.052558863417384 -0.244088085616112 1.384292322339997 0.405966048850848 -1.101341910976217 6.246020356883708 -3.899889797670808
-0.570221790832094 -0.328970690125627 0.054588693661638 -0.249594795170993 1.415522424124416 0.386466599862494 -1.027528937522781 5.827406182477013 -4.339355297582337
-0.571469764807949 -0.321893078005005 0.056521026660951 -0.254732439858607 1.444659455036801 0.364769823374582 -0.951098611641221 5.393948264895698 -4.759820687888771
-0.572743427007242 -0.314669780729821 0.058344875777824 -0.259487932916813 1.471629196361279 0.340970719935138 -0.872269046054974 4.946883582697126 -5.158471137392817
-0.574040866671826 -0.307311634748015 0.060049729377499 -0.263849278147088 1.496363614274765 0.315178364248174 -0.791258353443069 4.487449114520814 -5.532491815084250
-0.575360113062561 -0.299829816676641 0.061625621198740 -0.267805569914303 1.518800859847369 0.287515905172753 -0.708284646524504 4.016881838939668 -5.879067889938416
-0.576699140912133 -0.292235812377404 0.063063200724604 -0.271346993146926 1.538885269042067 0.258120565723061 -0.623566037991630 3.536418734566560 -6.195384530793269
-0.578055875877867 -0.284541386032194 0.064353803553219 -0.274464823336884 1.556567362714900 0.227143643069094 -0.537320640532357 3.047296779987718 -6.478626906682439
-0.579428199994552 -0.276758549218619 0.065489521768565 -0.277151426539546 1.571803846614839 0.194750508535682 -0.449766566883447 2.550752953822677 -6.725980186502722
-0.580813957127249 -0.268899529985545 0.066463274311243 -0.279400259373963 1.584557611383952 0.161120607603168 -0.361121929710606 2.048024234659884 -6.934629539103732
-0.582210958424119 -0.260976741928625 0.067268877349259 -0.281205869022516 1.594797732557252 0.126447459907650 -0.271604841750595 1.540347601085568 -7.101760133613744
-0.583616987769232 -0.253002753265839 0.067901114648797 -0.282563893231269 1.602499470562679 0.090938659239581 -0.181433415655796 1.028960031728143 -7.224557138767462
-0.585029807235388 -0.244990255913026 0.068355807944995 -0.283471060309548 1.607644270721320 0.054815873545744 -0.090825764185176 0.515098505166067 -7.300205723682618
-0.586447162536936 -0.236952034559419 0.068629887312724 -0.283925189130474 1.610219763247150 0.018314844927331 0.000000000106581 -0.000000000035527 -7.325937970989460
-0.587866788482588 -0.228900935743183 0.068721461537361 -0.283925189129941 1.610219763246973 -0.018314844927617 0.090825764078595 -0.515098505133871 -7.300205723582698
-0.589286414428238 -0.220849836926949 0.068629887312722 -0.283471060309548 1.607644270721303 -0.054815873545530 0.181433415660237 -1.028960031720372 -7.224557138799104
-0.590703769729786 -0.212811615573342 0.068355807944995 -0.282563893231247 1.602499470562702 -0.090938659239526 0.271604841741713 -1.540347601086678 -7.101760133654822
-0.592116589195942 -0.204799118220529 0.067901114648797 -0.281205869022538 1.594797732557268 -0.126447459907800 0.361121929715047 -2.048024234667656 -6.934629539053216
-0.593522618541055 -0.196825129557742 0.067268877349258 -0.279400259373963 1.584557611383930 -0.161120607603066 0.449766566883447 -2.550752953820457 -6.725980186517710
-0.594919619837925 -0.188902341500823 0.066463274311243 -0.277151426539546 1.571803846614828 -0.194750508535654 0.537320640532357 -3.047296779989939 -6.478626906636364
-0.596305376970622 -0.181043322267748 0.065489521768565 -0.274464823336884 1.556567362714878 -0.227143643068836 0.623566037991630 -3.536418734559899 -6.195384530887638
-0.597677701087307 -0.173260485454174 0.064353803553220 -0.271346993146926 1.538885269042078 -0.258120565723274 0.708284646524504 -4.016881838935227 -5.879067889895395
-0.599034436053041 -0.165566059108964 0.063063200724604 -0.267805569914303 1.518800859847402 -0.287515905172751 0.791258353443069 -4.487449114540798 -5.532491815077312
-0.600373463902613 -0.157972054809727 0.061625621198740 -0.263849278147088 1.496363614274698 -0.315178364248138 0.872269046054974 -4.946883582674921 -5.158471137392817
-0.601692710293348 -0.150490236738353 0.060049729377500 -0.259487932916813 1.471629196361324 -0.340970719935102 0.951098611641221 -5.393948264909021 -4.759820687914306
-0.602990149957932 -0.143132090756547 0.058344875777824 -0.254732439858607 1.444659455036779 -0.364769823374674 1.027528937527222 -5.827406182470352 -4.339355297536540
-0.604263812157225 -0.135908793481363 0.056521026660951 -0.249594795170971 1.415522424124427 -0.386466599862356 1.101341910967335 -6.246020356868165 -3.899889797789879
-0.605511786133080 -0.128831181360741 0.054588693661639 -0.244088085616134 1.384292322340086 -0.405966048851306 1.172319419304735 -6.648553809525115 -3.444239018854101
-0.606732226561161 -0.121909719749040 0.052558863417382 -0.238226488519611 1.351049553292460 -0.423187243945576 1.240243349811543 -7.033769561652914 -2.975217793080576
-0.607923359003759 -0.115154471982578 0.050442927197654 -0.232025271770553 1.315880705484196 -0.438063332910979 1.304895589799848 -7.400430634922905 -2.495640950292977
-0.609083485362612 -0.108575068455157 0.048252610533100 -0.225500793821554 1.278878552309581 -0.450541537662444 1.366058026546213 -7.747300050551242 -2.008323322194028
-0.610210989331719 -0.102180675693609 0.045999902844787 -0.218670503688823 1.240142052056825 -0.460583154273414 1.423512547384931 -8.073140829931713 -1.516079739986576
-0.611304341850164 -0.095979965433325 0.043696987073420 -0.211552940951898 1.199776347907167 -0.468163552973347 1.477041039588123 -8.376715994626860 -1.021725034012488
-0.612362106554923 -0.089981083693789 0.041356169308554 -0.204167735753957 1.157892767934032 -0.473272178143409 1.526425390436792 -8.656788565841733 -0.528074036196258
-0.613382945233693 -0.084191619854119 0.038989808417837 -0.196535608801773 1.114608825104824 -0.475912548324391 1.571447487291877 -8.912121565118891 -0.037941577080147
-0.614365623277702 -0.078618575728595 0.036610245676215 -0.188678371365314 1.070048217279229 -0.476102256209791 1.611889217381091 -9.141478013778848 0.445857512195724
-0.615309015134528 -0.073268334642199 0.034229734395166 -0.180618925278409 1.024340827210335 -0.473872968648813 1.647532468043167 -9.343620933255359 0.920508400496789
-0.616212109760920 -0.068146630506147 0.031860369551922 -0.172381262938193 0.977622722544058 -0.469270426646329 1.678159126567991 -9.517313344933331 1.383196256543739
-0.617074016075611 -0.063258516893427 0.029514017418690 -0.163990467305353 0.930036155819391 -0.462354445363610 1.703551080254329 -9.661318270228758 1.831106249764869
-0.617893968412138 -0.058608336114330 0.027202245191872 -0.155472711904081 0.881729564468248 -0.453198914114786 1.723490216400947 -9.774398730573175 2.261423548974162
-0.618671331971658 -0.054199688291988 0.024936250621298 -0.146855260822076 0.832857570815382 -0.441891796369915 1.737758422302171 -9.855317747251569 2.671333322604719
-0.619405608275769 -0.050035400437911 0.022726791639448 -0.138166468710565 0.783580982079124 -0.428535129756891 1.746137585243446 -9.902838341799836 3.058020739941658
-0.620096440619322 -0.046117495527516 0.020584115990664 -0.129435780784348 0.734066790370125 -0.413245026057183 1.748409592567945 -9.915723535542931 3.418670970336402
-0.620743619523243 -0.042447161575665 0.018517890860378 -0.120693732821509 0.684488172692410 -0.396151671205501 1.744356331530028 -9.892736349927933 3.750469182016303
-0.621347088187351 -0.039024720712203 0.016537132504350 -0.111971951163858 0.635024490942770 -0.377399325295420 1.733759689424019 -9.832639806250931 4.050600544056448
-0.621906947943170 -0.035849598257489 0.014650135877873 -0.103303152716738 0.585861291911516 -0.357146322575137 1.716401553601976 -9.734196926070027 4.316250226036189
-0.622423463706754 -0.032920291797932 0.012864404264998 -0.094721144948728 0.537190307281166 -0.335565071444956 1.692063811300493 -9.596170730667986 4.544603396092750
-0.622897069431498 -0.030234340261526 0.011186578907773 -0.086260825892226 0.489209453627826 -0.312842054464493 1.660528349844981 -9.417324241445257 4.732845223442550
-0.623328373560959 -0.027788292993387 0.009622368635450 -0.077958184143001 0.442122832420599 -0.289177828347280 1.621577056551970 -9.196420479935519 4.878160877307725
-0.623718164481674 -0.025577678831284 0.008176479493714 -0.069850298860241 0.396140730020922 -0.264787023960741 1.574991818680260 -8.932222467346040 4.977735526061311
-0.624067415975975 -0.023596975181179 0.006852544373910 -0.061975339766840 0.351479617684192 -0.239898346330435 1.520554523564144 -8.623493225210499 5.028754339065911
-0.624377292674809 -0.021839577092758 0.005653052642258 -0.054372567149019 0.308362151558139 -0.214754574635105 1.458047058484624 -8.268995774929344 5.028402485518018
-0.624649155510554 -0.020297766334967 0.004579279769083 -0.047082331856596 0.267017172683492 -0.189612562207515 1.387251310727144 -7.867493137749815 4.973865133313899
-0.624884567169837 -0.018962680471550 0.003631216958045 -0.040146075302960 0.227679706994743 -0.164743236540946 1.307949167617117 -7.417748335312169 4.862327452457415
-0.625085297546352 -0.017824281936576 0.002807500775340 -0.033606329464875 0.190590965318183 -0.140431599278658 1.219922516444427 -6.918524388845881 4.690974611460363
-0.625253329193676 -0.016871327109985 0.002105342778947 -0.027506716882653 0.155998343373953 -0.116976726221357 1.122953244490077 -6.368584319751402 4.456991779060118
-0.625390862778090 -0.016091335393116 0.001520459147840 -0.021891950660202 0.124155421775196 -0.094691767326056 1.016823239088360 -5.766691149613479 4.157564124809785
-0.625500322531391 -0.015470558284240 0.001047000311210 -0.016807834464760 0.095321966027129 -0.073903946702007 0.901314387489194 -5.111607899526138 3.789876816891061
-0.625584361703714 -0.014993948454104 0.000677480577700 -0.012301262527314 0.069763926529498 -0.054954562617552 0.776208577022430 -4.402097591098553 3.351115024544746
-0.625645868016351 -0.014645128821457 0.000402707764612 -0.008420219642202 0.047753438574005 -0.038198987494828 0.641287695004600 -3.636923245819990 2.838463917054936
-0.625687969114562 -0.014406361628586 0.000211712827138 -0.005213781167179 0.029568822344905 -0.024006667909553 0.496333628690060 -2.814847884859972 2.249108663184927
-0.625714038020398 -0.014258517516862 0.000091679487590 -0.002732113023729 0.015494582920605 -0.012761124593629 0.341128265382018 -1.934634529607848 1.580234430734467
-0.625727698585517 -0.014181044602259 0.000027873864622 -0.001026471696819 0.005821410272566 -0.004859952439956 0.175453492432531 -0.995046201841543 0.829026391097119
-0.625732830944001 -0.014151937550896 0.000003574102422 -0.000149204234656 0.000846179263359 -0.000714820484471 0.029840846931251 -0.169235852671701 0.142964096894169
-0.625733576965174 -0.014147706654579 0.000000000000000 0.000000000000000 0.000000000000000 0.000000000000000 0.029840846931251 -0.169235852671701 0.142964096894169
-0.625733576965174 -0.014147706654579 0.000000000000000 0.000149204234656 -0.000846179263359 0.000714820484471 0.175453492432531 -0.995046201841543 0.829026391097119
-0.625732830944001 -0.014151937550896 0.000003574102422 0.001026471696819 -0.005821410272566 0.004859952439956 0.341128265382018 -1.934634529607848 1.580234430734467
-0.625727698585517 -0.014181044602259 0.000027873864622 0.002732113023729 -0.015494582920605 0.012761124593629 0.496333628690060 -2.814847884859972 2.249108663184927
-0.625714038020398 -0.014258517516862 0.000091679487590 0.005213781167179 -0.029568822344905 0.024006667909553 0.641287695004600 -3.636923245819990 2.838463917054936
-0.625687969114562 -0.014406361628586 0.000211712827138 0.008420219642202 -0.047753438574005 0.038198987494828 0.776208577022430 -4.402097591098553 3.351115024544746
-0.625645868016351 -0.014645128821457 0.000402707764612 0.012301262527314 -0.069763926529498 0.054954562617552 0.901314387489194 -5.111607899526138 3.789876816891061
-0.625584361703714 -0.014993948454104 0.000677480577700 0.016807834464760 -0.095321966027129 0.073903946702007 1.016823239088360 -5.766691149613479 4.157564124809785
-0.625500322531391 -0.015470558284240 0.001047000311210 0.021891950660202 -0.124155421775196 0.094691767326056 1.122953244490077 -6.368584319751402 4.456991779060118
-0.625390862778090 -0.016091335393116 0.001520459147840 0.027506716882653 -0.155998343373953 0.116976726221357 1.219922516444427 -6.918524388845881 4.690974611460363
-0.625253329193676 -0.016871327109985 0.002105342778947 0.033606329464875 -0.190590965318183 0.140431599278658 1.307949167617117 -7.417748335312169 4.862327452457415
-0.625085297546352 -0.017824281936576 0.002807500775340 0.040146075302960 -0.227679706994743 0.164743236540946 1.387251310727144 -7.867493137749815 4.973865133313899
-0.624884567169837 -0.018962680471550 0.003631216958045 0.047082331856596 -0.267017172683492 0.189612562207515 1.458047058484624 -8.268995774929344 5.028402485518018
-0.624649155510554 -0.020297766334967 0.004579279769083 0.054372567149019 -0.308362151558139 0.214754574635105 1.520554523564144 -8.623493225210499 5.028754339065911
-0.624377292674809 -0.021839577092758 0.005653052642258 0.061975339766840 -0.351479617684192 0.239898346330435 1.574991818680260 -8.932222467346040 4.977735526061311
-0.624067415975975 -0.023596975181179 0.006852544373910 0.069850298860241 -0.396140730020922 0.264787023960741 1.621577056551970 -9.196420479935519 4.878160877307725
-0.623718164481674 -0.025577678831284 0.008176479493714 0.077958184143001 -0.442122832420599 0.289177828347280 1.660528349844981 -9.417324241445257 4.732845223442550
-0.623328373560959 -0.027788292993387 0.009622368635450 0.086260825892226 -0.489209453627826 0.312842054464493 1.692063811300493 -9.596170730667986 4.544603396092750
-0.622897069431498 -0.030234340261526 0.011186578907773 0.094721144948728 -0.537190307281166 0.335565071444956 1.716401553601976 -9.734196926070027 4.316250226036189
-0.622423463706754 -0.032920291797932 0.012864404264998 0.103303152716738 -0.585861291911516 0.357146322575137 1.733759689424019 -9.832639806250931 4.050600544056448
-0.621906947943170 -0.035849598257489 0.014650135877873 0.111971951163858 -0.635024490942770 0.377399325295420 1.744356331530028 -9.892736349927933 3.750469182016303
-0.621347088187351 -0.039024720712203 0.016537132504350 0.120693732821509 -0.684488172692410 0.396151671205501 1.748409592567945 -9.915723535542931 3.418670970336402
-0.620743619523243 -0.042447161575665 0.018517890860378 0.129435780784348 -0.734066790370125 0.413245026057183 1.746137585243446 -9.902838341799836 3.058020739941658
-0.620096440619322 -0.046117495527516 0.020584115990664 0.138166468710565 -0.783580982079124 0.428535129756891 1.737758422302171 -9.855317747251569 2.671333322604719
-0.619405608275769 -0.050035400437911 0.022726791639448 0.146855260822076 -0.832857570815382 0.441891796369915 1.723490216400947 -9.774398730573175 2.261423548974162
-0.618671331971658 -0.054199688291988 0.024936250621298 0.155472711904081 -0.881729564468248 0.453198914114786 1.703551080254329 -9.661318270228758 1.831106249764869
-0.617893968412138 -0.058608336114330 0.027202245191872 0.163990467305353 -0.930036155819391 0.462354445363610 1.678159126567991 -9.517313344933331 1.383196256543739
-0.617074016075611 -0.063258516893427 0.029514017418690 0.172381262938193 -0.977622722544058 0.469270426646329 1.647532468043167 -9.343620933255359 0.920508400496789
-0.616212109760920 -0.068146630506147 0.031860369551922 0.180618925278409 -1.024340827210335 0.473872968648813 1.611889217381091 -9.141478013778848 0.445857512195724
-0.615309015134528 -0.073268334642199 0.034229734395166 0.188678371365314 -1.070048217279229 0.476102256209791 1.571447487291877 -8.912121565118891 -0.037941577080147
-0.614365623277702 -0.078618575728595 0.036610245676215 0.196535608801773 -1.114608825104824 0.475912548324391 1.526425390436792 -8.656788565841733 -0.528074036196258
-0.613382945233693 -0.084191619854119 0.038989808417837 0.204167735753957 -1.157892767934032 0.473272178143409 1.477041039588123 -8.376715994626860 -1.021725034012488
-0.612362106554923 -0.089981083693789 0.041356169308554 0.211552940951898 -1.199776347907167 0.468163552973347 1.423512547384931 -8.073140829931713 -1.516079739986576
-0.611304341850164 -0.095979965433325 0.043696987073420 0.218670503688823 -1.240142052056825 0.460583154273414 1.366058026546213 -7.747300050551242 -2.008323322194028
-0.610210989331719 -0.102180675693609 0.045999902844787 0.225500793821554 -1.278878552309581 0.450541537662444 1.304895589799848 -7.400430634922905 -2.495640950292977
-0.609083485362612 -0.108575068455157 0.048252610533100 0.232025271770553 -1.315880705484196 0.438063332910979 1.240243349811543 -7.033769561652914 -2.975217793080576
-0.607923359003759 -0.115154471982578 0.050442927197654 0.238226488519611 -1.351049553292460 0.423187243945576 1.172319419304735 -6.648553809525115 -3.444239018854101
-0.606732226561161 -0.121909719749040 0.052558863417382 0.244088085616134 -1.384292322340086 0.405966048851306 1.101341910967335 -6.246020356868165 -3.899889797789879
-0.605511786133080 -0.128831181360741 0.054588693661639 0.249594795170971 -1.415522424124427 0.386466599862356 1.027528937527222 -5.827406182470352 -4.339355297536540
-0.604263812157225 -0.135908793481363 0.056521026660951 0.254732439858607 -1.444659455036779 0.364769823374674 0.951098611641221 -5.393948264909021 -4.759820687914306
-0.602990149957932 -0.143132090756547 0.058344875777824 0.259487932916813 -1.471629196361324 0.340970719935102 0.872269046054974 -4.946883582674921 -5.158471137392817
-0.601692710293348 -0.150490236738353 0.060049729377500 0.263849278147088 -1.496363614274698 0.315178364248138 0.791258353443069 -4.487449114540798 -5.532491815077312
-0.600373463902613 -0.157972054809727 0.061625621198740 0.267805569914303 -1.518800859847402 0.287515905172751 0.708284646524504 -4.016881838935227 -5.879067889895395
-0.599034436053041 -0.165566059108964 0.063063200724604 0.271346993146926 -1.538885269042078 0.258120565723274 0.623566037991630 -3.536418734559899 -6.195384530887638
-0.597677701087307 -0.173260485454174 0.064353803553220 0.274464823336884 -1.556567362714878 0.227143643068836 0.537320640532357 -3.047296779989939 -6.478626906636364
-0.596305376970622 -0.181043322267748 0.065489521768565 0.277151426539546 -1.571803846614828 0.194750508535654 0.449766566883447 -2.550752953820457 -6.725980186517710
-0.594919619837925 -0.188902341500823 0.066463274311243 0.279400259373963 -1.584557611383930 0.161120607603066 0.361121929715047 -2.048024234667656 -6.934629539053216
-0.593522618541055 -0.196825129557742 0.067268877349258 0.281205869022538 -1.594797732557268 0.126447459907800 0.271604841741713 -1.540347601086678 -7.101760133654822
-0.592116589195942 -0.204799118220529 0.067901114648797 0.282563893231247 -1.602499470562702 0.090938659239526 0.181433415660237 -1.028960031720372 -7.224557138799104
-0.590703769729786 -0.212811615573342 0.068355807944995 0.283471060309548 -1.607644270721303 0.054815873545530 0.090825764078595 -0.515098505133871 -7.300205723582698
-0.589286414428238 -0.220849836926949 0.068629887312722 0.283925189129941 -1.610219763246973 0.018314844927617 0.000000000106581 -0.000000000035527 -7.325937970989460
-0.587866788482588 -0.228900935743183 0.068721461537361 0.283925189130474 -1.610219763247150 -0.018314844927331 -0.090825764185176 0.515098505166067 -7.300205723682618
-0.586447162536936 -0.236952034559419 0.068629887312724 0.283471060309548 -1.607644270721320 -0.054815873545744 -0.181433415655796 1.028960031728143 -7.224557138767462
-0.585029807235388 -0.244990255913026 0.068355807944995 0.282563893231269 -1.602499470562679 -0.090938659239581 -0.271604841750595 1.540347601085568 -7.101760133613744
-0.583616987769232 -0.253002753265839 0.067901114648797 0.281205869022516 -1.594797732557252 -0.126447459907650 -0.361121929710606 2.048024234659884 -6.934629539103732
-0.582210958424119 -0.260976741928625 0.067268877349259 0.279400259373963 -1.584557611383952 -0.161120607603168 -0.449766566883447 2.550752953822677 -6.725980186502722
-0.580813957127249 -0.268899529985545 0.066463274311243 0.277151426539546 -1.571803846614839 -0.194750508535682 -0.537320640532357 3.047296779987718 -6.478626906682439
-0.579428199994552 -0.276758549218619 0.065489521768565 0.274464823336884 -1.556567362714900 -0.227143643069094 -0.623566037991630 3.536418734566560 -6.195384530793269
-0.578055875877867 -0.284541386032194 0.064353803553219 0.271346993146926 -1.538885269042067 -0.258120565723061 -0.708284646524504 4.016881838939668 -5.879067889938416
-0.576699140912133 -0.292235812377404 0.063063200724604 0.267805569914303 -1.518800859847369 -0.287515905172753 -0.791258353443069 4.487449114520814 -5.532491815084250
-0.575360113062561 -0.299829816676641 0.061625621198740 0.263849278147088 -1.496363614274765 -0.315178364248174 -0.872269046054974 4.946883582697126 -5.158471137392817
-0.574040866671826 -0.307311634748015 0.060049729377499 0.259487932916813 -1.471629196361279 -0.340970719935138 -0.951098611641221 5.393948264895698 -4.759820687888771
-0.572743427007242 -0.314669780729821 0.058344875777824 0.254732439858607 -1.444659455036801 -0.364769823374582 -1.027528937522781 5.827406182477013 -4.339355297582337
-0.571469764807949 -0.321893078005005 0.056521026660951 0.249594795170993 -1.415522424124416 -0.386466599862494 -1.101341910976217 6.246020356883708 -3.899889797670808
-0.570221790832094 -0.328970690125627 0.054588693661638 0.244088085616112 -1.384292322339997 -0.405966048850848 -1.172319419295853 6.648553809478486 -3.444239019062267
-0.569001350404013 -0.335892151737327 0.052558863417384 0.238226488519633 -1.351049553292605 -0.423187243946159 -1.240243349820425 7.033769561697323 -2.975217792934581
-0.567810217961415 -0.342647399503790 0.050442927197653 0.232025271770531 -1.315880705484118 -0.438063332910832 -1.304895589790966 7.400430634905142 -2.495640950305189
-0.566650091602562 -0.349226803031211 0.048252610533099 0.225500793821576 -1.278878552309592 -0.450541537662358 -1.366058026555095 7.747300050542361 -2.008323322274519
-0.565522587633454 -0.355621195792759 0.045999902844787 0.218670503688800 -1.240142052056881 -0.460583154273730 -1.423512547380490 8.073140829956138 -1.516079739832255
-0.564429235115010 -0.361821906053043 0.043696987073419 0.211552940951898 -1.199776347907100 -0.468163552972892 -1.477041039583682 8.376715994609096 -1.021725034118237
-0.563371470410251 -0.367820787792579 0.041356169308554 0.204167735753980 -1.157892767934054 -0.473272178143483 -1.526425390445674 8.656788565855056 -0.528074036177661
-0.562350631731481 -0.373610251632249 0.038989808417837 0.196535608801751 -1.114608825104779 -0.475912548324371 -1.571447487287436 8.912121565110009 -0.037941577061829
-0.561367953687472 -0.379183295757773 0.036610245676215 0.188678371365314 -1.070048217279229 -0.476102256209680 -1.611889217376650 9.141478013774407 0.445857512167136
-0.560424561830646 -0.384533536844169 0.034229734395166 0.180618925278431 -1.024340827210357 -0.473872968648845 -1.647532468052049 9.343620933257579 0.920508400426567
-0.559521467204254 -0.389655240980221 0.031860369551922 0.172381262938170 -0.977622722544069 -0.469270426646712 -1.678159126559109 9.517313344935552 1.383196256667663
-0.558659560889563 -0.394543354592941 0.029514017418689 0.163990467305375 -0.930036155819391 -0.462354445363374 -1.703551080263210 9.661318270242081 1.831106249817616
-0.557839608553036 -0.399193535372038 0.027202245191872 0.155472711904059 -0.881729564468181 -0.453198914114285 -1.723490216396506 9.774398730544309 2.261423548811092
-0.557062244993516 -0.403602183194379 0.024936250621300 0.146855260822076 -0.832857570815460 -0.441891796370230 -1.737758422297730 9.855317747269332 2.671333322593339
-0.556327968689405 -0.407766471048456 0.022726791639449 0.138166468710588 -0.783580982079113 -0.428535129757263 -1.746137585252328 9.902838341799836 3.058020740085288
-0.555637136345852 -0.411684375958852 0.020584115990663 0.129435780784326 -0.734066790370114 -0.413245026056837 -1.748409592563505 9.915723535547372 3.418670970234827
-0.554989957441931 -0.415354709910703 0.018517890860379 0.120693732821509 -0.684488172692377 -0.396151671205663 -1.744356331525587 9.892736349901288 3.750469181967864
-0.554386488777823 -0.418777150774164 0.016537132504350 0.111971951163881 -0.635024490942870 -0.377399325295823 -1.733759689432901 9.832639806277577 4.050600544233252
-0.553826629022004 -0.421952273228879 0.014650135877871 0.103303152716716 -0.585861291911483 -0.357146322574657 -1.716401553593094 9.734196926061145 4.316250225950213
-0.553310113258420 -0.424881579688436 0.012864404264998 0.094721144948751 -0.537190307281177 -0.335565071444906 -1.692063811304934 9.596170730661324 4.544603396059721
-0.552836507533676 -0.427567531224842 0.011186578907774 0.086260825892226 -0.489209453627870 -0.312842054464607 -1.660528349849422 9.417324241478564 4.732845223508264
-0.552405203404215 -0.430013578492981 0.009622368635450 0.077958184142979 -0.442122832420477 -0.289177828347066 -1.621577056547530 9.196420479904432 4.878160877212911
-0.552015412483500 -0.432224192655084 0.008176479493715 0.069850298860241 -0.396140730020955 -0.264787023961002 -1.574991818680260 8.932222467354922 4.977735526123650
-0.551666160989199 -0.434204896305189 0.006852544373910 0.061975339766840 -0.351479617684181 -0.239898346330383 -1.520554523564144 8.623493225217160 5.028754339168362
-0.551356284290365 -0.435962294393610 0.005653052642258 0.054372567149019 -0.308362151558095 -0.214754574634542 -1.458047058480183 8.268995774891597 5.028402485285982
-0.551084421454620 -0.437504105151400 0.004579279769086 0.047082331856618 -0.267017172683637 -0.189612562208112 -1.387251310731585 7.867493137792003 4.973865133409172
-0.550849009795337 -0.438839191014818 0.003631216958045 0.040146075302960 -0.227679706994677 -0.164743236541066 -1.307949167621558 7.417748335303287 4.862327452475995
-0.550648279418822 -0.439977589549792 0.002807500775340 0.033606329464853 -0.190590965318160 -0.140431599278686 -1.219922516439986 6.918524388832559 4.690974611420323
-0.550480247771498 -0.440930544376382 0.002105342778946 0.027506716882653 -0.155998343373998 -0.116976726221584 -1.122953244494518 6.368584319789150 4.456991779177863
-0.550342714187084 -0.441710536093252 0.001520459147838 0.021891950660180 -0.124155421775052 -0.094691767325695 -1.016823239075038 5.766691149551306 4.157564124684105
-0.550233254433783 -0.442331313202128 0.001047000311210 0.016807834464805 -0.095321966027295 -0.073903946702274 -0.901314387498076 5.111607899541681 3.789876816874627
-0.550149215261459 -0.442807923032264 0.000677480577698 0.012301262527314 -0.069763926529587 -0.054954562617901 -0.776208577026871 4.402097591149623 3.351115024684775
-0.550087708948823 -0.443156742664912 0.000402707764609 0.008420219642180 -0.047753438573839 -0.038198987494477 -0.641287695000159 3.636923245780022 2.838463917049937
-0.550045607850612 -0.443395509857781 0.000211712827137 0.005213781167179 -0.029568822344939 -0.024006667909228 -0.496333628681178 2.814847884826666 2.249108662905488
-0.550019538944776 -0.443543353969506 0.000091679487590 0.002732113023773 -0.015494582920805 -0.012761124594700 -0.341128265399782 1.934634529694446 1.580234431186993
