-0.550001021840515 -0.445758049290475 0.000004799163617 -0.001403237330644 0.007958154361976 0.006504162669351 -0.464677279210512 2.635315805548100 2.101771180597253
-0.550008038027169 -0.445718258518665 0.000037319976964 -0.003726623726696 0.021134733389716 0.017013018572338 -0.673694310178163 3.820710293314100 2.972427662144310
-0.550026671145802 -0.445612584851716 0.000122385069826 -0.007095095277587 0.040238284856287 0.031875156883059 -0.867194389679860 4.918103776252458 3.725514810274535
-0.550062146622190 -0.445411393427435 0.000281760854241 -0.011431067225987 0.064828803737549 0.050502730934432 -1.045546968914124 5.929591516355970 4.365712001442399
-0.550119301958320 -0.445087249408747 0.000534274508913 -0.016658802070557 0.094476761319329 0.072331290941644 -1.209121499119448 6.857268775677383 4.897698612102083
-0.550202595968673 -0.444614865602151 0.000895930963621 -0.022704409566154 0.128763105197716 0.096819784002154 -1.358287431525440 7.703230816225037 5.326154018708270
-0.550316118016503 -0.443971050076162 0.001380029883632 -0.029495846723782 0.167279259278841 0.123450554095696 -1.493414217348388 8.469572899998390 5.655757597715041
-0.550463597250122 -0.443134653779768 0.001997282654111 -0.036962917810524 0.209627123778833 0.151729342084271 -1.614871307817900 9.158390289052409 5.891188725577162
-0.550648411839175 -0.442086518160874 0.002755929364532 -0.045037274349613 0.255419075224095 0.181185285712157 -1.723028154163586 9.771778245379892 6.037126778749030
-0.550873598210923 -0.440809422784753 0.003661855793093 -0.053652415120431 0.304277966450994 0.211370919605902 -1.818254207597292 10.311832031013601 6.098251133684640
-0.551141860286525 -0.439288032952498 0.004718710391122 -0.062743686158417 0.355837126606062 0.241862175274325 -1.900918919370831 10.780646907970759 6.079241166837834
-0.551455578717317 -0.437508847319468 0.005928021267494 -0.072248280755272 0.409740361145916 0.272258381108514 -1.971391740678285 11.180318138270806 5.984776254666301
-0.551816820121094 -0.435460145513738 0.007289313173036 -0.082105239458663 0.465641951837270 0.302182262381846 -2.030042122771469 11.512940983926523 5.819535773618589
-0.552227346318387 -0.433131935754552 0.008800224484946 -0.092255450072520 0.523206656756903 0.331279941249939 -2.077239516862228 11.780610706977335 5.588199100154678
-0.552688623568750 -0.430515902470767 0.010456624191195 -0.102641647656831 0.582109710291789 0.359220936750712 -2.113353374180171 11.985422569424919 5.295445610725769
-0.553201831807034 -0.427605353919308 0.012252728874949 -0.113208414527732 0.642036823138914 0.385698164804341 -2.138753145954908 12.129471833286498 4.945954681790099
-0.553767873879672 -0.424395169803614 0.014181219698971 -0.123902180257507 0.702684182305346 0.410427938213291 -2.153808283402725 12.214853760601496 4.544405689792185
-0.554387384780960 -0.420881748892087 0.016233359390037 -0.134671221674521 0.763758451108354 0.433149966662252 -2.158888237753231 12.243663613376032 4.095478011201658
-0.555060740889333 -0.417062956636545 0.018399109223348 -0.145465662863287 0.824976769175234 0.453627356718261 -2.154362460244919 12.217996653636209 3.603851022459248
-0.555788069203649 -0.412938072790669 0.020667246006940 -0.156237475164511 0.886066752443415 0.471646611830557 -2.140600402080750 12.139948143388146 3.074204100028399
-0.556569256579472 -0.408507739028452 0.023025479066092 -0.166940477174915 0.946766493160356 0.487017632330699 -2.117971514499217 12.011613344669048 2.511216620355583
-0.557403958965346 -0.403773906562650 0.025460567227746 -0.177530334747411 1.006824559883701 0.499573715432477 -2.086845248738811 11.835087519493914 1.919567959911139
-0.558291610639083 -0.398739783763232 0.027958435804908 -0.187964560991105 1.065999997481171 0.509171555232033 -2.047591055993614 11.612465929875526 1.303937495116525
-0.559231433444039 -0.393409783775826 0.030504293581069 -0.198202516271073 1.124062327130548 0.515691242707615 -2.000578387510998 11.345843837842207 0.669004602460177
-0.560222446025394 -0.387789472140173 0.033082749794607 -0.208205408208628 1.180791546319759 0.519036265719916 -1.946176694533897 11.037316505408956 0.019448658394028
-0.561263473066437 -0.381885514408574 0.035677931123206 -0.217936291681298 1.235978128846804 0.519133509011886 -1.884755428229745 10.688979194601878 -0.640050960650496
-0.562353154524844 -0.375705623764340 0.038273598668266 -0.227360068822446 1.289423024819814 0.515933254208634 -1.816684039890326 10.302927167427089 -1.304814878211058
-0.563489954868956 -0.369258508640241 0.040853264939309 -0.236443489021898 1.340937660656949 0.509409179817578 -1.742331980714162 9.881255685919577 -1.970163717814877
-0.564672172314065 -0.362553820336957 0.043400310838397 -0.245155148925469 1.390343939086547 0.499558361228504 -1.662068701908659 9.426060012098780 -2.631418103036798
-0.565897948058693 -0.355602100641524 0.045898102644539 -0.253465492435012 1.437474239147041 0.486401270713320 -1.576263654725629 8.939435407968599 -3.283898657377993
-0.567165275520868 -0.348414729445789 0.048330108998106 -0.261346810708640 1.482171416186884 0.469981777426430 -1.485286290376919 8.423477135564017 -3.922926004455429
-0.568472009574411 -0.341003872364854 0.050680017885238 -0.268773242160525 1.524288801864704 0.450367147404153 -1.389506060101020 7.880280456902256 -4.543820767738960
-0.569815875785214 -0.333382428355531 0.052931853622259 -0.275720772461030 1.563690204149215 0.427648043565458 -1.289292415118659 7.311940634000536 -5.141903570799466
-0.571194479647519 -0.325563977334785 0.055070093840086 -0.282167234536623 1.600249907319218 0.401938525711461 -1.185014806637241 6.720552928878298 -5.712495037248910
-0.572605315820202 -0.317562727798189 0.057079786468643 -0.288092308569809 1.633852671963609 0.373376050525216 -1.077042685913021 6.108212603554986 -6.250915790494971
-0.574045777363051 -0.309393464438371 0.058946666721269 -0.293477521999375 1.664393734981384 0.342121471572741 -0.965745504144522 5.477014920065582 -6.752486454222328
-0.575513164973048 -0.301071495763464 0.060657274079133 -0.298306249520097 1.691778809581712 0.308359039301630 -0.851492712587998 4.829055140400662 -7.212527651871414
-0.577004696220648 -0.292612601715555 0.062199069275641 -0.302563713083037 1.715924085283715 0.272296401042273 -0.734653762428650 4.166428526595212 -7.626360007091104
-0.578517514786064 -0.284032981289136 0.063560551280853 -0.306236981895180 1.736756227916691 0.234164601006817 -0.615598104927173 3.491230340688656 -7.989304143325437
-0.580048699695539 -0.275349200149553 0.064731374285887 -0.309314972419816 1.754212379620135 0.194218080290190 -0.494695191308736 2.805555844664909 -8.296680684159451
-0.581595274557638 -0.266578138251452 0.065702464687338 -0.311788448376360 1.768240158843459 0.152734676869393 -0.372314472754098 2.111500300571167 -8.543810253139327
-0.583154216799520 -0.257736937457235 0.066466138071685 -0.313650020740130 1.778797660346315 0.110015625603696 -0.248825400563923 1.411158970416881 -8.726013473917549
-0.584722466903221 -0.248842949155503 0.067016216199703 -0.314894147742950 1.785853455198400 0.066385558234108 -0.124597425879003 0.706627116208169 -8.838610969745252
-0.586296937641936 -0.239913681879511 0.067348143990874 -0.315517134872345 1.789386590779440 0.022192503385382 0.000000000102141 -0.000000000029976 -8.877001354122838
-0.587874523316297 -0.230966748925614 0.067459106507801 -0.315517134871834 1.789386590779291 -0.022192503385232 0.124597425781303 -0.706627116179304 -8.838610969775228
-0.589452108990657 -0.222019815971718 0.067348143990874 -0.314894147742928 1.785853455198394 -0.066385558234108 0.248825400555042 -1.411158970414661 -8.726013473930315
-0.591026579729371 -0.213090548695726 0.067016216199704 -0.313650020740153 1.778797660346321 -0.110015625603760 0.372314472762980 -2.111500300571167 -8.543810253141547
-0.592594829833072 -0.204196560393994 0.066466138071685 -0.311788448376338 1.768240158843465 -0.152734676869468 0.494695191299854 -2.805555844666019 -8.296680684170553
-0.594153772074954 -0.195355359599777 0.065702464687338 -0.309314972419839 1.754212379620135 -0.194218080290320 0.615598104931614 -3.491230340690876 -7.989304143262710
-0.595700346937053 -0.186584297701676 0.064731374285886 -0.306236981895180 1.736756227916680 -0.234164601006634 0.734653762428650 -4.166428526588550 -7.626360007157995
-0.597231531846529 -0.177900516562093 0.063560551280853 -0.302563713083037 1.715924085283738 -0.272296401042424 0.851492712587998 -4.829055140407323 -7.212527651840883
-0.598744350411944 -0.169320896135674 0.062199069275641 -0.298306249520097 1.691778809581701 -0.308359039301628 0.965745504144522 -5.477014920070022 -6.752486454192352
-0.600235881659544 -0.160862002087766 0.060657274079133 -0.293477521999375 1.664393734981351 -0.342121471572590 1.077042685913021 -6.108212603541663 -6.250915790538270
-0.601703269269541 -0.152540033412859 0.058946666721270 -0.288092308569809 1.633852671963643 -0.373376050525281 1.185014806641682 -6.720552928882739 -5.712495037214215
-0.603143730812390 -0.144370770053041 0.057079786468643 -0.282167234536601 1.600249907319229 -0.401938525711353 1.289292415114218 -7.311940634007197 -5.141903570823058
-0.604554566985073 -0.136369520516445 0.055070093840087 -0.275720772461030 1.563690204149193 -0.427648043565468 1.389506060101020 -7.880280456902256 -4.543820767729800
-0.605933170847379 -0.128551069495699 0.052931853622259 -0.268773242160525 1.524288801864682 -0.450367147404117 1.485286290372478 -8.423477135552915 -3.922926004475691
-0.607277037058181 -0.120929625486375 0.050680017885239 -0.261346810708663 1.482171416186917 -0.469981777426495 1.576263654734511 -8.939435407981922 -3.283898657368001
-0.608583771111724 -0.113518768405441 0.048330108998106 -0.253465492434990 1.437474239147007 -0.486401270713335 1.662068701904218 -9.426060012092119 -2.631418103043737
-0.609851098573899 -0.106331397209706 0.045898102644539 -0.245155148925469 1.390343939086547 -0.499558361228554 1.742331980709722 -9.881255685912915 -1.970163717839302
-0.611076874318527 -0.099379677514273 0.043400310838397 -0.236443489021920 1.340937660656982 -0.509409179817750 1.816684039894767 -10.302927167433751 -1.304814878152216
-0.612259091763636 -0.092674989210988 0.040853264939308 -0.227360068822446 1.289423024819814 -0.515933254208512 1.884755428234186 -10.688979194592996 -0.640050960725991
-0.613395892107749 -0.086227874086889 0.038273598668265 -0.217936291681275 1.235978128846849 -0.519133509012142 1.946176694525015 -11.037316505428940 0.019448658524768
-0.614485573566155 -0.080047983442655 0.035677931123205 -0.208205408208650 1.180791546319704 -0.519036265719518 2.000578387519880 -11.345843837833325 0.669004602325818
-0.615526600607198 -0.074144025711056 0.033082749794607 -0.198202516271051 1.124062327130537 -0.515691242707889 2.047591055984732 -11.612465929857763 1.303937495165242
-0.616517613188553 -0.068523714075403 0.030504293581068 -0.187964560991127 1.065999997481248 -0.509171555232062 2.086845248743252 -11.835087519518339 1.919567959916557
-0.617457435993509 -0.063193714087997 0.027958435804907 -0.177530334747411 1.006824559883657 -0.499573715432480 2.117971514503658 -12.011613344662386 2.511216620463830
-0.618345087667246 -0.058159591288579 0.025460567227745 -0.166940477174893 0.946766493160345 -0.487017632330160 2.140600402076309 -12.139948143383705 3.074204099869493
-0.619179790053121 -0.053425758822777 0.023025479066094 -0.156237475164511 0.886066752443426 -0.471646611830813 2.154362460244919 -12.217996653645091 3.603851022496030
-0.619960977428943 -0.048995425060560 0.020667246006940 -0.145465662863287 0.824976769175201 -0.453627356718333 2.158888237748791 -12.243663613356048 4.095478011216369
-0.620688305743260 -0.044870541214684 0.018399109223348 -0.134671221674543 0.763758451108421 -0.433149966662251 2.153808283411607 -12.214853760637023 4.544405689859210
-0.621361661851632 -0.041051748959142 0.016233359390037 -0.123902180257485 0.702684182305235 -0.410427938212955 2.138753145946026 -12.129471833255412 4.945954681626485
-0.621981172752920 -0.037538328047616 0.014181219698972 -0.113208414527755 0.642036823138958 -0.385698164804822 2.113353374189053 -11.985422569442683 5.295445610927485
-0.622547214825559 -0.034328143931921 0.012252728874948 -0.102641647656809 0.582109710291745 -0.359220936750185 2.077239516853346 -11.780610706957351 5.588199099977730
-0.623060423063843 -0.031417595380462 0.010456624191197 -0.092255450072543 0.523206656756958 -0.331279941250296 2.030042122780351 -11.512940983948727 5.819535773805873
-0.623521700314205 -0.028801562096677 0.008800224484946 -0.082105239458641 0.465641951837215 -0.302182262381267 1.971391740669404 -11.180318138257483 5.984776254474511
-0.623932226511498 -0.026473352337491 0.007289313173040 -0.072248280755294 0.409740361145927 -0.272258381108894 1.900918919375272 -10.780646907964098 6.079241166970784
-0.624293467915275 -0.024424650531762 0.005928021267495 -0.062743686158417 0.355837126606107 -0.241862175274041 1.818254207601733 -10.311832031040247 6.098251133655336
-0.624607186346067 -0.022645464898731 0.004718710391125 -0.053652415120409 0.304277966450905 -0.211370919605764 1.723028154159145 -9.771778245344365 6.037126778619556
-0.624875448421669 -0.021124075066477 0.003661855793096 -0.045037274349613 0.255419075224184 -0.181185285712666 1.614871307817900 -9.158390289072393 5.891188725716168
-0.625100634793417 -0.019846979690356 0.002755929364533 -0.036962917810524 0.209627123778822 -0.151729342084085 1.493414217348388 -8.469572900005051 5.655757597758251
-0.625285449382470 -0.018798844071462 0.001997282654112 -0.029495846723782 0.167279259278796 -0.123450554095294 1.358287431525440 -7.703230816227258 5.326154018632306
-0.625432928616089 -0.017962447775068 0.001380029883636 -0.022704409566154 0.128763105197660 -0.096819784002132 1.209121499119448 -6.857268775668501 4.897698612131690
-0.625546450663919 -0.017318632249079 0.000895930963625 -0.016658802070557 0.094476761319318 -0.072331290941474 1.045546968914124 -5.929591516340427 4.365712001256646
-0.625629744674272 -0.016846248442483 0.000534274508918 -0.011431067225987 0.064828803737615 -0.050502730935191 0.867194389675419 -4.918103776259120 3.725514810396797
-0.625686900010402 -0.016522104423795 0.000281760854242 -0.007095095277609 0.040238284856320 -0.031875156883207 0.673694310178163 -3.820710293260809 2.972427661990211
-0.625722375486790 -0.016320912999513 0.000122385069826 -0.003726623726719 0.021134733390016 -0.017013018573256 0.464677279214953 -2.635315805639138 2.101771180912105
-0.625741008605424 -0.016215239332563 0.000037319976960 -0.001403237330644 0.007958154361820 -0.006504162668695 0.239773845520652 -1.359825050915031 1.108865989097837
-0.625748024792077 -0.016175448560754 0.000004799163616 -0.000204368103041 0.001159029107245 -0.000959832723206 0.040873620608117 -0.231805821448994 0.191966544641212
-0.625749046632592 -0.016169653415218 0.000000000000000 0.000000000000000 0.000000000000000 0.000000000000000 0.040873620608117 -0.231805821448994 0.191966544641212
-0.625749046632592 -0.016169653415218 0.000000000000000 0.000204368103041 -0.001159029107245 0.000959832723206 0.239773845520652 -1.359825050915031 1.108865989097837
-0.625748024792077 -0.016175448560754 0.000004799163616 0.001403237330644 -0.007958154361820 0.006504162668695 0.464677279214953 -2.635315805639138 2.101771180912105
-0.625741008605424 -0.016215239332563 0.000037319976960 0.003726623726719 -0.021134733390016 0.017013018573256 0.673694310178163 -3.820710293260809 2.972427661990211
-0.625722375486790 -0.016320912999513 0.000122385069826 0.007095095277609 -0.040238284856320 0.031875156883207 0.867194389675419 -4.918103776259120 3.725514810396797
-0.625686900010402 -0.016522104423795 0.000281760854242 0.011431067225987 -0.064828803737615 0.050502730935191 1.045546968914124 -5.929591516340427 4.365712001256646
-0.625629744674272 -0.016846248442483 0.000534274508918 0.016658802070557 -0.094476761319318 0.072331290941474 1.209121499119448 -6.857268775668501 4.897698612131690
-0.625546450663919 -0.017318632249079 0.000895930963625 0.022704409566154 -0.128763105197660 0.096819784002132 1.358287431525440 -7.703230816227258 5.326154018632306
-0.625432928616089 -0.017962447775068 0.001380029883636 0.029495846723782 -0.167279259278796 0.123450554095294 1.493414217348388 -8.469572900005051 5.655757597758251
-0.625285449382470 -0.018798844071462 0.001997282654112 0.036962917810524 -0.209627123778822 0.151729342084085 1.614871307817900 -9.158390289072393 5.891188725716168
-0.625100634793417 -0.019846979690356 0.002755929364533 0.045037274349613 -0.255419075224184 0.181185285712666 1.723028154159145 -9.771778245344365 6.037126778619556
-0.624875448421669 -0.021124075066477 0.003661855793096 0.053652415120409 -0.304277966450905 0.211370919605764 1.818254207601733 -10.311832031040247 6.098251133655336
-0.624607186346067 -0.022645464898731 0.004718710391125 0.062743686158417 -0.355837126606107 0.241862175274041 1.900918919375272 -10.780646907964098 6.079241166970784
-0.624293467915275 -0.024424650531762 0.005928021267495 0.072248280755294 -0.409740361145927 0.272258381108894 1.971391740669404 -11.180318138257483 5.984776254474511
-0.623932226511498 -0.026473352337491 0.007289313173040 0.082105239458641 -0.465641951837215 0.302182262381267 2.030042122780351 -11.512940983948727 5.819535773805873
-0.623521700314205 -0.028801562096677 0.008800224484946 0.092255450072543 -0.523206656756958 0.331279941250296 2.077239516853346 -11.780610706957351 5.588199099977730
-0.623060423063843 -0.031417595380462 0.010456624191197 0.102641647656809 -0.582109710291745 0.359220936750185 2.113353374189053 -11.985422569442683 5.295445610927485
-0.622547214825559 -0.034328143931921 0.012252728874948 0.113208414527755 -0.642036823138958 0.385698164804822 2.138753145946026 -12.129471833255412 4.945954681626485
-0.621981172752920 -0.037538328047616 0.014181219698972 0.123902180257485 -0.702684182305235 0.410427938212955 2.153808283411607 -12.214853760637023 4.544405689859210
-0.621361661851632 -0.041051748959142 0.016233359390037 0.134671221674543 -0.763758451108421 0.433149966662251 2.158888237748791 -12.243663613356048 4.095478011216369
-0.620688305743260 -0.044870541214684 0.018399109223348 0.145465662863287 -0.824976769175201 0.453627356718333 2.154362460244919 -12.217996653645091 3.603851022496030
-0.619960977428943 -0.048995425060560 0.020667246006940 0.156237475164511 -0.886066752443426 0.471646611830813 2.140600402076309 -12.139948143383705 3.074204099869493
-0.619179790053121 -0.053425758822777 0.023025479066094 0.166940477174893 -0.946766493160345 0.487017632330160 2.117971514503658 -12.011613344662386 2.511216620463830
-0.618345087667246 -0.058159591288579 0.025460567227745 0.177530334747411 -1.006824559883657 0.499573715432480 2.086845248743252 -11.835087519518339 1.919567959916557
-0.617457435993509 -0.063193714087997 0.027958435804907 0.187964560991127 -1.065999997481248 0.509171555232062 2.047591055984732 -11.612465929857763 1.303937495165242
-0.616517613188553 -0.068523714075403 0.030504293581068 0.198202516271051 -1.124062327130537 0.515691242707889 2.000578387519880 -11.345843837833325 0.669004602325818
-0.615526600607198 -0.074144025711056 0.033082749794607 0.208205408208650 -1.180791546319704 0.519036265719518 1.946176694525015 -11.037316505428940 0.019448658524768
-0.614485573566155 -0.080047983442655 0.035677931123205 0.217936291681275 -1.235978128846849 0.519133509012142 1.884755428234186 -10.688979194592996 -0.640050960725991
-0.613395892107749 -0.086227874086889 0.038273598668265 0.227360068822446 -1.289423024819814 0.515933254208512 1.816684039894767 -10.302927167433751 -1.304814878152216
-0.612259091763636 -0.092674989210988 0.040853264939308 0.236443489021920 -1.340937660656982 0.509409179817750 1.742331980709722 -9.881255685912915 -1.970163717839302
-0.611076874318527 -0.099379677514273 0.043400310838397 0.245155148925469 -1.390343939086547 0.499558361228554 1.662068701904218 -9.426060012092119 -2.631418103043737
-0.609851098573899 -0.106331397209706 0.045898102644539 0.253465492434990 -1.437474239147007 0.486401270713335 1.576263654734511 -8.939435407981922 -3.283898657368001
-0.608583771111724 -0.113518768405441 0.048330108998106 0.261346810708663 -1.482171416186917 0.469981777426495 1.485286290372478 -8.423477135552915 -3.922926004475691
-0.607277037058181 -0.120929625486375 0.050680017885239 0.268773242160525 -1.524288801864682 0.450367147404117 1.389506060101020 -7.880280456902256 -4.543820767729800
-0.605933170847379 -0.128551069495699 0.052931853622259 0.275720772461030 -1.563690204149193 0.427648043565468 1.289292415114218 -7.311940634007197 -5.141903570823058
-0.604554566985073 -0.136369520516445 0.055070093840087 0.282167234536601 -1.600249907319229 0.401938525711353 1.185014806641682 -6.720552928882739 -5.712495037214215
-0.603143730812390 -0.144370770053041 0.057079786468643 0.288092308569809 -1.633852671963643 0.373376050525281 1.077042685913021 -6.108212603541663 -6.250915790538270
-0.601703269269541 -0.152540033412859 0.058946666721270 0.293477521999375 -1.664393734981351 0.342121471572590 0.965745504144522 -5.477014920070022 -6.752486454192352
-0.600235881659544 -0.160862002087766 0.060657274079133 0.298306249520097 -1.691778809581701 0.308359039301628 0.851492712587998 -4.829055140407323 -7.212527651840883
-0.598744350411944 -0.169320896135674 0.062199069275641 0.302563713083037 -1.715924085283738 0.272296401042424 0.734653762428650 -4.166428526588550 -7.626360007157995
-0.597231531846529 -0.177900516562093 0.063560551280853 0.306236981895180 -1.736756227916680 0.234164601006634 0.615598104931614 -3.491230340690876 -7.989304143262710
-0.595700346937053 -0.186584297701676 0.064731374285886 0.309314972419839 -1.754212379620135 0.194218080290320 0.494695191299854 -2.805555844666019 -8.296680684170553
-0.594153772074954 -0.195355359599777 0.065702464687338 0.311788448376338 -1.768240158843465 0.152734676869468 0.372314472762980 -2.111500300571167 -8.543810253141547
-0.592594829833072 -0.204196560393994 0.066466138071685 0.313650020740153 -1.778797660346321 0.110015625603760 0.248825400555042 -1.411158970414661 -8.726013473930315
-0.591026579729371 -0.213090548695726 0.067016216199704 0.314894147742928 -1.785853455198394 0.066385558234108 0.124597425781303 -0.706627116179304 -8.838610969775228
-0.589452108990657 -0.222019815971718 0.067348143990874 0.315517134871834 -1.789386590779291 0.022192503385232 0.000000000102141 -0.000000000029976 -8.877001354122838
-0.587874523316297 -0.230966748925614 0.067459106507801 0.315517134872345 -1.789386590779440 -0.022192503385382 -0.124597425879003 0.706627116208169 -8.838610969745252
-0.586296937641936 -0.239913681879511 0.067348143990874 0.314894147742950 -1.785853455198400 -0.066385558234108 -0.248825400563923 1.411158970416881 -8.726013473917549
-0.584722466903221 -0.248842949155503 0.067016216199703 0.313650020740130 -1.778797660346315 -0.110015625603696 -0.372314472754098 2.111500300571167 -8.543810253139327
-0.583154216799520 -0.257736937457235 0.066466138071685 0.311788448376360 -1.768240158843459 -0.152734676869393 -0.494695191308736 2.805555844664909 -8.296680684159451
-0.581595274557638 -0.266578138251452 0.065702464687338 0.309314972419816 -1.754212379620135 -0.194218080290190 -0.615598104927173 3.491230340688656 -7.989304143325437
-0.580048699695539 -0.275349200149553 0.064731374285887 0.306236981895180 -1.736756227916691 -0.234164601006817 -0.734653762428650 4.166428526595212 -7.626360007091104
-0.578517514786064 -0.284032981289136 0.063560551280853 0.302563713083037 -1.715924085283715 -0.272296401042273 -0.851492712587998 4.829055140400662 -7.212527651871414
-0.577004696220648 -0.292612601715555 0.062199069275641 0.298306249520097 -1.691778809581712 -0.308359039301630 -0.965745504144522 5.477014920065582 -6.752486454222328
-0.575513164973048 -0.301071495763464 0.060657274079133 0.293477521999375 -1.664393734981384 -0.342121471572741 -1.077042685913021 6.108212603554986 -6.250915790494971
-0.574045777363051 -0.309393464438371 0.058946666721269 0.288092308569809 -1.633852671963609 -0.373376050525216 -1.185014806637241 6.720552928878298 -5.712495037248910
-0.572605315820202 -0.317562727798189 0.057079786468643 0.282167234536623 -1.600249907319218 -0.401938525711461 -1.289292415118659 7.311940634000536 -5.141903570799466
-0.571194479647519 -0.325563977334785 0.055070093840086 0.275720772461030 -1.563690204149215 -0.427648043565458 -1.389506060101020 7.880280456902256 -4.543820767738960
-0.569815875785214 -0.333382428355531 0.052931853622259 0.268773242160525 -1.524288801864704 -0.450367147404153 -1.485286290376919 8.423477135564017 -3.922926004455429
-0.568472009574411 -0.341003872364854 0.050680017885238 0.261346810708640 -1.482171416186884 -0.469981777426430 -1.576263654725629 8.939435407968599 -3.283898657377993
-0.567165275520868 -0.348414729445789 0.048330108998106 0.253465492435012 -1.437474239147041 -0.486401270713320 -1.662068701908659 9.426060012098780 -2.631418103036798
-0.565897948058693 -0.355602100641524 0.045898102644539 0.245155148925469 -1.390343939086547 -0.499558361228504 -1.742331980714162 9.881255685919577 -1.970163717814877
-0.564672172314065 -0.362553820336957 0.043400310838397 0.236443489021898 -1.340937660656949 -0.509409179817578 -1.816684039890326 10.302927167427089 -1.304814878211058
-0.563489954868956 -0.369258508640241 0.040853264939309 0.227360068822446 -1.289423024819814 -0.515933254208634 -1.884755428229745 10.688979194601878 -0.640050960650496
-0.562353154524844 -0.375705623764340 0.038273598668266 0.217936291681298 -1.235978128846804 -0.519133509011886 -1.946176694533897 11.037316505408956 0.019448658394028
-0.561263473066437 -0.381885514408574 0.035677931123206 0.208205408208628 -1.180791546319759 -0.519036265719916 -2.000578387510998 11.345843837842207 0.669004602460177
-0.560222446025394 -0.387789472140173 0.033082749794607 0.198202516271073 -1.124062327130548 -0.515691242707615 -2.047591055993614 11.612465929875526 1.303937495116525
-0.559231433444039 -0.393409783775826 0.030504293581069 0.187964560991105 -1.065999997481171 -0.509171555232033 -2.086845248738811 11.835087519493914 1.919567959911139
-0.558291610639083 -0.398739783763232 0.027958435804908 0.177530334747411 -1.006824559883701 -0.499573715432477 -2.117971514499217 12.011613344669048 2.511216620355583
-0.557403958965346 -0.403773906562650 0.025460567227746 0.166940477174915 -0.946766493160356 -0.487017632330699 -2.140600402080750 12.139948143388146 3.074204100028399
-0.556569256579472 -0.408507739028452 0.023025479066092 0.156237475164511 -0.886066752443415 -0.471646611830557 -2.154362460244919 12.217996653636209 3.603851022459248
-0.555788069203649 -0.412938072790669 0.020667246006940 0.145465662863287 -0.824976769175234 -0.453627356718261 -2.158888237753231 12.243663613376032 4.095478011201658
-0.555060740889333 -0.417062956636545 0.018399109223348 0.134671221674521 -0.763758451108354 -0.433149966662252 -2.153808283402725 12.214853760601496 4.544405689792185
-0.554387384780960 -0.420881748892087 0.016233359390037 0.123902180257507 -0.702684182305346 -0.410427938213291 -2.138753145954908 12.129471833286498 4.945954681790099
-0.553767873879672 -0.424395169803614 0.014181219698971 0.113208414527732 -0.642036823138914 -0.385698164804341 -2.113353374180171 11.985422569424919 5.295445610725769
-0.553201831807034 -0.427605353919308 0.012252728874949 0.102641647656831 -0.582109710291789 -0.359220936750712 -2.077239516862228 11.780610706977335 5.588199100154678
-0.552688623568750 -0.430515902470767 0.010456624191195 0.092255450072520 -0.523206656756903 -0.331279941249939 -2.030042122771469 11.512940983926523 5.819535773618589
-0.552227346318387 -0.433131935754552 0.008800224484946 0.082105239458663 -0.465641951837270 -0.302182262381846 -1.971391740678285 11.180318138270806 5.984776254666301
-0.551816820121094 -0.435460145513738 0.007289313173036 0.072248280755272 -0.409740361145916 -0.272258381108514 -1.900918919370831 10.780646907970759 6.079241166837834
-0.551455578717317 -0.437508847319468 0.005928021267494 0.062743686158417 -0.355837126606062 -0.241862175274325 -1.818254207597292 10.311832031013601 6.098251133684640
-0.551141860286525 -0.439288032952498 0.004718710391122 0.053652415120431 -0.304277966450994 -0.211370919605902 -1.723028154163586 9.771778245379892 6.037126778749030
-0.550873598210923 -0.440809422784753 0.003661855793093 0.045037274349613 -0.255419075224095 -0.181185285712157 -1.614871307817900 9.158390289052409 5.891188725577162
-0.550648411839175 -0.442086518160874 0.002755929364532 0.036962917810524 -0.209627123778833 -0.151729342084271 -1.493414217348388 8.469572899998390 5.655757597715041
-0.550463597250122 -0.443134653779768 0.001997282654111 0.029495846723782 -0.167279259278841 -0.123450554095696 -1.358287431525440 7.703230816225037 5.326154018708270
-0.550316118016503 -0.443971050076162 0.001380029883632 0.022704409566154 -0.128763105197716 -0.096819784002154 -1.209121499119448 6.857268775677383 4.897698612102083
-0.550202595968673 -0.444614865602151 0.000895930963621 0.016658802070557 -0.094476761319329 -0.072331290941644 -1.045546968914124 5.929591516355970 4.365712001442399
-0.550119301958320 -0.445087249408747 0.000534274508913 0.011431067225987 -0.064828803737549 -0.050502730934432 -0.867194389679860 4.918103776252458 3.725514810274535
-0.550062146622190 -0.445411393427435 0.000281760854241 0.007095095277587 -0.040238284856287 -0.031875156883059 -0.673694310178163 3.820710293314100 2.972427662144310
-0.550026671145802 -0.445612584851716 0.000122385069826 0.003726623726696 -0.021134733389716 -0.017013018572338 -0.464677279210512 2.635315805548100 2.101771180597253
