-0.550000224524371 -0.446884003961325 0.000001247266615 -0.000310734569253 0.001762263313354 0.001712784445246 -0.104365188215993 0.591884394507414 0.567163413677947
-0.550001778197217 -0.446875192644759 0.000009811188841 -0.000832560510333 0.004721685285891 0.004548601513636 -0.153445347299552 0.870231808458577 0.822233399162865
-0.550005940999769 -0.446851584218329 0.000032554196409 -0.001599787246831 0.009072844328184 0.008659768509450 -0.200435444903668 1.136725894719248 1.058309099105149
-0.550013939936003 -0.446806219996688 0.000075853038956 -0.002601964471349 0.014756473801780 0.013951314004976 -0.245364509670054 1.391531282823877 1.275823431693769
-0.550026949758360 -0.446732437627679 0.000145609608981 -0.003828787019700 0.021714130215900 0.020330431163445 -0.288261570191573 1.634812602340219 1.475209315117848
-0.550046093693458 -0.446623866976600 0.000247261764798 -0.005270094870657 0.029888193227601 0.027706477739034 -0.329155655136582 1.866734482809385 1.656899667566254
-0.550072444167812 -0.446474426010462 0.000385794153494 -0.006915873146340 0.039221865641648 0.035990976076865 -0.368075793124589 2.087461553790249 1.821327407228049
-0.550107023533543 -0.446278316682254 0.000565749033878 -0.008756252111963 0.049659173410599 0.045097613113005 -0.405051012788427 2.297158444828362 1.968925452292204
-0.550150804794103 -0.446030020815201 0.000791237099443 -0.010781507175905 0.061144965634741 0.054942240374466 -0.440110342747602 2.495989785478159 2.100126720947883
-0.550204712329983 -0.445724295987027 0.001065948301315 -0.012982058889643 0.073624914562131 0.065442873979206 -0.473282811661591 2.684120205282969 2.215364131383737
-0.550269622624431 -0.445356171414216 0.001393162671211 -0.015348472947951 0.087045515588546 0.076519694636125 -0.504597448127697 2.861714333814991 2.315070601789501
-0.550346364989171 -0.444920943836274 0.001775761144392 -0.017871460188590 0.101354087257621 0.088095047645072 -0.534083280809838 3.028936800595350 2.399679050352921
-0.550435722290114 -0.444414173399986 0.002216236382617 -0.020541876592639 0.116498771260598 0.100093442896837 -0.561769338309759 3.185952235205125 2.469622395264315
-0.550538431673077 -0.443831679543683 0.002716703597102 -0.023350723284188 0.132428532436624 0.112441554873158 -0.587684649291376 3.332925267176545 2.525333554712231
-0.550655185289498 -0.443169536881499 0.003278911371467 -0.026289146530645 0.149093158772506 0.125068222646719 -0.611858242360874 3.470020526066264 2.567245446885302
-0.550786631022151 -0.442424071087637 0.003904252484701 -0.029348437742449 0.166443261402838 0.137904449881146 -0.634319146151086 3.597402641426495 2.595790989972329
-0.550933373210863 -0.441591854780623 0.004593774734107 -0.032520033473205 0.184430274609970 0.150883404831008 -0.655096389312604 3.715236242807229 2.611403102164844
-0.551095973378229 -0.440669703407573 0.005348191758262 -0.035795515419768 0.203006455824006 0.163940420341832 -0.674219000464937 3.823685959765122 2.614514701646153
-0.551274950955328 -0.439654671128453 0.006167893859971 -0.039166610422092 0.222124885622832 0.177012993850062 -0.691716008236476 3.922916421845724 2.605558706612293
-0.551470784007439 -0.438544046700339 0.007052958829221 -0.042625190463275 0.241739467732061 0.190040787383124 -0.707616441264491 4.013092258594586 2.584968035248758
-0.551683909959755 -0.437335349361678 0.008003162766137 -0.046163272669597 0.261804929025033 0.202965627559368 -0.721949328172933 4.094378099579465 2.553175605741059
-0.551914726323103 -0.436026324716553 0.009017990903934 -0.049773019310462 0.282276819522931 0.215731505588073 -0.734743697612394 4.166938574341472 2.510614336285533
-0.552163591419655 -0.434614940618939 0.010096648431874 -0.053446737798524 0.303111512394638 0.228284577269501 -0.746028578193503 4.230938312423937 2.457717145069038
-0.552430825108648 -0.433099383056965 0.011238071318221 -0.057176880689491 0.324266203956758 0.240573162994846 -0.755832998557970 4.286541943399058 2.394916950272868
-0.552716709512095 -0.431478052037182 0.012440937133196 -0.060956045682281 0.345698913673753 0.252547747746210 -0.764185987338628 4.333914096801283 2.322646670095829
-0.553021489740507 -0.429749557468813 0.013703675871927 -0.064776975618974 0.367368484157760 0.264160981096689 -0.771116573168307 4.373219402185047 2.241339222726002
-0.553345374618602 -0.427912715048024 0.015024480777410 -0.068632558484816 0.389234581168685 0.275367677210319 -0.776653784657633 4.404622489107002 2.151427526343519
-0.553688537411026 -0.425966542142181 0.016401319163462 -0.072515827408104 0.411257693614220 0.286124814842037 -0.780826650479405 4.428287987112700 2.053344499150789
-0.554051116548066 -0.423910253674109 0.017831943237672 -0.076419960660501 0.433399133549783 0.296391537337791 -0.783664199226486 4.444380525761016 1.947523059319944
-0.554433216351369 -0.421743258006361 0.019313900924361 -0.080338281656633 0.455621036178588 0.306129152634391 -0.785195459553911 4.453064734590839 1.834396125060389
-0.554834907759652 -0.419465152825468 0.020844546687533 -0.084264258954403 0.477886359851543 0.315301133259693 -0.785449460076748 4.454505243167706 1.714396614544844
-0.555256229054424 -0.417075721026210 0.022421052353831 -0.088191506254787 0.500158886067381 0.323873116332417 -0.784455229436709 4.448866681034946 1.587957445964294
-0.555697186585698 -0.414574926595873 0.024040417935493 -0.092113782401970 0.522403219472556 0.331812903562238 -0.782241796271066 4.436313677740333 1.455511537518384
-0.556157755497708 -0.411962910498510 0.025699482453305 -0.096024991383326 0.544584787861258 0.339090461249830 -0.778838189208209 4.417010862849402 1.317491807387716
-0.556637880454624 -0.409239986559204 0.027394934759554 -0.099919182329367 0.566669842175505 0.345677920286769 -0.774273436858763 4.391122865894381 1.174331173757759
-0.557137476366271 -0.406406637348326 0.029123324360988 -0.103790549513660 0.588625456504976 0.351549576155558 -0.768576567886647 4.358814316443027 1.026462554829377
-0.557656429113840 -0.403463510065802 0.030881072241765 -0.107633432353094 0.610419528087192 0.356681888929704 -0.761776610911369 4.320249844038671 0.874318868771407
-0.558194596275605 -0.400411412425366 0.032664481686414 -0.111442315407650 0.632020777307385 0.361053483273562 -0.753902594543554 4.275594078229084 0.718333033807028
-0.558751807852643 -0.397251308538829 0.034469749102782 -0.115211828380368 0.653398747698530 0.364645148442597 -0.744983547456002 4.225011648582022 0.558937968082873
-0.559327866994545 -0.393984314800336 0.036292974844995 -0.118936746117648 0.674523805941440 0.367439838283011 -0.735048498241575 4.168667184627495 0.396566589821457
-0.559922550725133 -0.390611695770629 0.038130174036410 -0.122611988608856 0.695367141864578 0.369422671232118 -0.724126475555309 4.106725315928816 0.231651817199918
-0.560535610668178 -0.387134860061306 0.039977287392570 -0.126232620986633 0.715900768444222 0.370580930318118 -0.712246508030034 4.039350672038200 0.064626568410386
-0.561166773773111 -0.383555356219085 0.041830192044161 -0.129793853526783 0.736097521804413 0.370904063160170 -0.699437624267496 3.966707882505638 -0.104076238388595
-0.561815743040745 -0.379874868610063 0.043684712359962 -0.133291041648120 0.755931061216941 0.370383681968227 -0.685728852944933 3.888961576872241 -0.274023684944391
-0.562482198248985 -0.376095213303978 0.045536630769803 -0.136719685912845 0.775375869101302 0.369013563543505 -0.671149222655210 3.806276384714646 -0.444782853116499
-0.563165796678549 -0.372218333958471 0.047381698587520 -0.140075432026121 0.794407251024876 0.366789649277922 -0.655727762053360 3.718816935549540 -0.615920824720007
-0.563866173838680 -0.368246297703347 0.049215646833910 -0.143354070836388 0.813001335702623 0.363710045154322 -0.639493499767774 3.626747858951340 -0.787004681527259
-0.564582944192862 -0.364181291024834 0.051034197059682 -0.146551538335227 0.831135074997380 0.359775021746686 -0.622475464404637 3.530233784476700 -0.957601505386929
-0.565315701884538 -0.360025615649847 0.052833072168415 -0.149663915657250 0.848786243919764 0.354987014219751 -0.604702684636749 3.429439341660068 -1.127278378100227
-0.566064021462824 -0.355781684430248 0.054608007239514 -0.152687429080434 0.865933440628064 0.349350622329250 -0.586204189070294 3.324529160053658 -1.295602381442551
-0.566827458608227 -0.351452017227108 0.056354760351160 -0.155618450025785 0.882556086428332 0.342872610422038 -0.567009006342545 3.215667869223005 -1.462140597296435
-0.567605550858356 -0.347039236794966 0.058069123403270 -0.158453495057498 0.898634425774447 0.335561907435555 -0.547146165086332 3.103020098709219 -1.626460107404526
-0.568397818333643 -0.342546064666094 0.059746932940448 -0.161189225882929 0.914149526267993 0.327429606898533 -0.526644693921163 2.986750478064515 -1.788127993601063
-0.569203764463058 -0.337975317034754 0.061384080974941 -0.163822449352535 0.929083278658316 0.318488966930527 -0.505533621506515 2.867023636845545 -1.946711337720841
-0.570022876709820 -0.333329900641463 0.062976525809593 -0.166350117460068 0.943418396842544 0.308755410241923 -0.483841976448574 2.744004204591199 -2.101777221548140
-0.570854627297121 -0.328612808657250 0.064520302860803 -0.168769327342311 0.957138417865500 0.298246524134183 -0.461598787389050 2.617856810862573 -2.252892726882783
-0.571698473933832 -0.323827116567922 0.066011535481474 -0.171077321279256 0.970227701919812 0.286982060499769 -0.438833082951895 2.488746085216320 -2.399624935590650
-0.572553860540228 -0.318975978058323 0.067446445783973 -0.173271486694015 0.982671432345894 0.274983935821815 -0.415573891783261 2.356836657195771 -2.541540929407171
-0.573420217973699 -0.314062620896594 0.068821365463082 -0.175349356152932 0.994455615631873 0.262276231174779 -0.391850242511538 2.222293156353139 -2.678207790197118
-0.574296964754463 -0.309090342818434 0.070132746618956 -0.177308607365489 1.005567081413639 0.248885192223794 -0.367691163760675 2.085280212229534 -2.809192599775856
-0.575183507791291 -0.304062507411366 0.071377172580075 -0.179147063184293 1.015993482474786 0.234839229224915 -0.343125684150181 1.945962454397154 -2.934062439901575
-0.576079243107212 -0.298982539998992 0.072551368726199 -0.180862691605044 1.025723294746772 0.220168917025407 -0.318182832343972 1.804504512405991 -3.052384392442375
-0.576983556565237 -0.293853923525258 0.073652213311326 -0.182453605766764 1.034745817308802 0.204906995063195 -0.292891636961556 1.661071015777171 -3.163725539176987
-0.577895824594071 -0.288680194438714 0.074676748286642 -0.183918063951571 1.043051172387688 0.189088367367310 -0.267281126609120 1.515826594102876 -3.267652961915224
-0.578815414913829 -0.283464938576776 0.075622190123479 -0.185254469584617 1.050630305358202 0.172750102557734 -0.241380329959462 1.368935876893129 -3.363733742529074
-0.579741687261752 -0.278211787049985 0.076485940636267 -0.186461371234414 1.057474984742668 0.155931433845088 -0.215218275614326 1.220563493751214 -3.451534962661262
-0.580673994117924 -0.272924412126272 0.077265597805493 -0.187537462612486 1.063577802211424 0.138673759031782 -0.188823992219866 1.070874074169392 -3.530623704386393
-0.581611681430987 -0.267606523115214 0.077958966600652 -0.188481582573585 1.068932172582271 0.121020640509850 -0.162226508395591 0.920032247746505 -3.600567049253933
-0.582554089343855 -0.262261862252303 0.078564069803201 -0.189292715115563 1.073532333821003 0.103017805263581 -0.135454852796535 0.768202644014782 -3.660932079249668
-0.583500552919432 -0.256894200583198 0.079079158829519 -0.189969989379546 1.077373347041077 0.084713144867332 -0.108538054020002 0.615549892507561 -3.711285876095705
-0.584450402866330 -0.251507333847993 0.079502724553856 -0.190512679649646 1.080451096503615 0.066156715486854 -0.081505140725469 0.462238622820355 -3.751195521665140
-0.585402966264578 -0.246105078365475 0.079833508131290 -0.190920205353273 1.082762289617717 0.047400737878528 -0.054385141536883 0.308433464462077 -3.780228097706728
-0.586357567291345 -0.240691266917386 0.080070511820683 -0.191192131060958 1.084304456940027 0.028499597389994 -0.027207085091518 0.154299047009365 -3.797950686076357
-0.587313527946649 -0.235269744632686 0.080213009807633 -0.191328166486415 1.085075952175074 0.009509843959613 0.000000000106581 0.000000000002220 -3.803937583813921
-0.588270168779082 -0.229844364871811 0.080260559027431 -0.191328166485882 1.085075952175085 -0.009509843959457 0.027207084980496 -0.154299047008255 -3.797950686166285
-0.589226809611511 -0.224418985110935 0.080213009807633 -0.191192131060980 1.084304456940044 -0.028499597390289 0.054385141541324 -0.308433464464297 -3.780228097647886
-0.590182770266816 -0.218997462826235 0.080070511820682 -0.190920205353273 1.082762289617722 -0.047400737878528 0.081505140725469 -0.462238622822575 -3.751195521644046
-0.591137371293582 -0.213583651378146 0.079833508131289 -0.190512679649646 1.080451096503610 -0.066156715486748 0.108538054024443 -0.615549892510892 -3.711285876096260
-0.592089934691830 -0.208181395895628 0.079502724553855 -0.189969989379524 1.077373347041055 -0.084713144867229 0.135454852787653 -0.768202644000349 -3.660932079325718
-0.593039784638728 -0.202794529160423 0.079079158829519 -0.189292715115585 1.073532333821053 -0.103017805263858 0.162226508400032 -0.920032247765379 -3.600567049146797
-0.593986248214306 -0.197426867491318 0.078564069803200 -0.188481582573585 1.068932172582227 -0.121020640509592 0.188823992219866 -1.070874074156070 -3.530623704496860
-0.594928656127174 -0.192082206628407 0.077958966600652 -0.187537462612486 1.063577802211446 -0.138673759032076 0.215218275614326 -1.220563493755655 -3.451534962571334
-0.595866343440236 -0.186764317617349 0.077265597805492 -0.186461371234414 1.057474984742668 -0.155931433844933 0.241380329959462 -1.368935876897570 -3.363733742531849
-0.596798650296408 -0.181476942693636 0.076485940636267 -0.185254469584617 1.050630305358180 -0.172750102557592 0.267281126609120 -1.515826594087333 -3.267652961984058
-0.597724922644332 -0.176223791166845 0.075622190123479 -0.183918063951571 1.043051172387743 -0.189088367367513 0.292891636961556 -1.661071015801596 -3.163725539106488
-0.598644512964089 -0.171008535304906 0.074676748286642 -0.182453605766764 1.034745817308735 -0.204906995063045 0.318182832343972 -1.804504512386007 -3.052384392447927
-0.599556780992923 -0.165834806218363 0.073652213311326 -0.180862691605044 1.025723294746805 -0.220168917025285 0.343125684150181 -1.945962454406036 -2.934062439936547
-0.600461094450948 -0.160706189744629 0.072551368726200 -0.179147063184293 1.015993482474775 -0.234839229224967 0.367691163765116 -2.085280212233975 -2.809192599770305
-0.601356829766870 -0.155626222332255 0.071377172580075 -0.177308607365467 1.005567081413605 -0.248885192223819 0.391850242502656 -2.222293156339816 -2.678207790179910
-0.602243372803697 -0.150598386925187 0.070132746618956 -0.175349356152954 0.994455615631906 -0.262276231174718 0.415573891787702 -2.356836657204653 -2.541540929437147
-0.603120119584462 -0.145626108847027 0.068821365463082 -0.173271486694015 0.982671432345883 -0.274983935821904 0.438833082951895 -2.488746085211879 -2.399624935582878
-0.603986477017932 -0.140712751685298 0.067446445783973 -0.171077321279256 0.970227701919824 -0.286982060499819 0.461598787389050 -2.617856810855912 -2.252892726880007
-0.604841863624328 -0.135861613175699 0.066011535481474 -0.168769327342311 0.957138417865544 -0.298246524134219 0.483841976453014 -2.744004204613404 -2.101777221504286
-0.605685710261040 -0.131075921086371 0.064520302860803 -0.166350117460046 0.943418396842477 -0.308755410241740 0.505533621493193 -2.867023636812238 -1.946711337858786
-0.606517460848340 -0.126358829102159 0.062976525809594 -0.163822449352580 0.929083278658416 -0.318488966931034 0.526644693934486 -2.986750478097822 -1.788127993407052
-0.607336573095103 -0.121713412708867 0.061384080974939 -0.161189225882907 0.914149526267927 -0.327429606898069 0.547146165081891 -3.103020098700338 -1.626460107516658
-0.608142519224518 -0.117142665077527 0.059746932940448 -0.158453495057498 0.898634425774425 -0.335561907435653 0.567009006342545 -3.215667869211902 -1.462140597250916
-0.608934786699805 -0.112649492948655 0.058069123403270 -0.155618450025785 0.882556086428365 -0.342872610421907 0.586204189070294 -3.324529160066980 -1.295602381479743
-0.609712878949934 -0.108236712516513 0.056354760351161 -0.152687429080434 0.865933440628031 -0.349350622329306 0.604702684636749 -3.429439341644525 -1.127278378110219
-0.610476316095336 -0.103907045313373 0.054608007239514 -0.149663915657250 0.848786243919808 -0.354987014219857 0.622475464409078 -3.530233784501124 -0.957601505280348
-0.611224635673622 -0.099663114093774 0.052833072168415 -0.146551538335205 0.831135074997302 -0.359775021746259 0.639493499758892 -3.626747858929136 -0.787004681633563
-0.611957393365298 -0.095507438718787 0.051034197059684 -0.143354070836410 0.813001335702657 -0.363710045154426 0.655727762057801 -3.718816935558422 -0.615920824724725
-0.612674163719480 -0.091442432040274 0.049215646833911 -0.140075432026121 0.794407251024865 -0.366789649278050 0.671149222655210 -3.806276384705765 -0.444782853132597
-0.613374540879611 -0.087470395785150 0.047381698587521 -0.136719685912845 0.775375869101336 -0.369013563543713 0.685728852944933 -3.888961576885563 -0.274023684901092
-0.614058139309175 -0.083593516439643 0.045536630769803 -0.133291041648120 0.755931061216908 -0.370383681968219 0.699437624267496 -3.966707882492315 -0.104076238367501
-0.614724594517416 -0.079813861133558 0.043684712359961 -0.129793853526783 0.736097521804446 -0.370904063160056 0.712246508030034 -4.039350672038200 0.064626568335169
-0.615373563785050 -0.076133373524536 0.041830192044161 -0.126232620986633 0.715900768444255 -0.370580930318380 0.724126475555309 -4.106725315935478 0.231651817222955
-0.616004726889983 -0.072553869682315 0.039977287392569 -0.122611988608856 0.695367141864578 -0.369422671232265 0.735048498246016 -4.168667184640817 0.396566589877800
-0.616617786833027 -0.069077033972992 0.038130174036408 -0.118936746117626 0.674523805941374 -0.367439838282876 0.744983547447120 -4.225011648562038 0.558937968154205
-0.617212470563615 -0.065704414943285 0.036292974844994 -0.115211828380390 0.653398747698564 -0.364645148442105 0.753902594552436 -4.275594078246847 0.718333033683793
-0.617788529705517 -0.062437421204792 0.034469749102783 -0.111442315407628 0.632020777307329 -0.361053483273686 0.761776610902487 -4.320249844020907 0.874318868790280
-0.618345741282555 -0.059277317318256 0.032664481686415 -0.107633432353116 0.610419528087225 -0.356681888929735 0.768576567886647 -4.358814316434145 1.026462554695740
-0.618883908444321 -0.056225219677820 0.030881072241766 -0.103790549513683 0.588625456505054 -0.351549576156256 0.774273436872086 -4.391122865925468 1.174331174091381
-0.619402861191889 -0.053282092395294 0.029123324360985 -0.099919182329322 0.566669842175427 -0.345677920285799 0.778838189190445 -4.417010862811654 1.317491807022309
-0.619902457103536 -0.050448743184417 0.027394934759556 -0.096024991383370 0.544584787861369 -0.339090461250688 0.782241796284389 -4.436313677780301 1.455511537827725
-0.620382582060453 -0.047725819245110 0.025699482453302 -0.092113782401948 0.522403219472467 -0.331812903561549 0.784455229436709 -4.448866681026065 1.587957445819543
-0.620843150972463 -0.045113803147748 0.024040417935495 -0.088191506254764 0.500158886067337 -0.323873116332452 0.785449460063425 -4.454505243127738 1.714396614414804
-0.621284108503736 -0.042613008717411 0.022421052353832 -0.084264258954447 0.477886359851698 -0.315301133260378 0.785195459567234 -4.453064734637469 1.834396125298265
-0.621705429798509 -0.040223576918153 0.020844546687530 -0.080338281656611 0.455621036178511 -0.306129152633886 0.783664199222045 -4.444380525741032 1.947523059200595
-0.622107121206792 -0.037945471737260 0.019313900924361 -0.076419960660501 0.433399133549806 -0.296391537337883 0.780826650479405 -4.428287987130464 2.053344499214627
-0.622489221010094 -0.035778476069511 0.017831943237672 -0.072515827408104 0.411257693614153 -0.286124814841810 0.776653784662074 -4.404622489095900 2.151427526253591
-0.622851800147135 -0.033722187601440 0.016401319163462 -0.068632558484794 0.389234581168674 -0.275367677210542 0.771116573159425 -4.373219402171724 2.241339222640371
-0.623194962939559 -0.031776014695597 0.015024480777410 -0.064776975618996 0.367368484157815 -0.264160981097340 0.764185987343069 -4.333914096832370 2.322646670465045
-0.623518847817654 -0.029939172274808 0.013703675871923 -0.060956045682281 0.345698913673653 -0.252547747745015 0.755832998557970 -4.286541943379074 2.394916949940429
-0.623823628046065 -0.028210677706440 0.012440937133198 -0.057176880689491 0.324266203956758 -0.240573162995313 0.746028578189062 -4.230938312395072 2.457717145184501
-0.624109512449513 -0.026589346686656 0.011238071318221 -0.053446737798546 0.303111512394783 -0.228284577269390 0.734743697616835 -4.166938574383661 2.510614336238698
-0.624376746138505 -0.025073789124682 0.010096648431874 -0.049773019310462 0.282276819522864 -0.215731505588197 0.721949328177374 -4.094378099566143 2.553175605779501
-0.624625611235058 -0.023662405027068 0.009017990903933 -0.046163272669575 0.261804929025033 -0.202965627559299 0.707616441260051 -4.013092258612350 2.584968035279456
-0.624856427598406 -0.022353380381943 0.008003162766137 -0.042625190463275 0.241739467731972 -0.190040787382902 0.691716008240917 -3.922916421827960 2.605558706512623
-0.625069553550722 -0.021144683043283 0.007052958829222 -0.039166610422070 0.222124885622832 -0.177012993850339 0.674219000451615 -3.823685959736256 2.614514701568782
-0.625265386602832 -0.020034058615169 0.006167893859971 -0.035795515419812 0.203006455824151 -0.163940420342495 0.655096389325927 -3.715236242849418 2.611403102456516
-0.625444364179931 -0.019019026336048 0.005348191758258 -0.032520033473182 0.184430274609904 -0.150883404830213 0.634319146151086 -3.597402641428715 2.595790989855656
-0.625606964347297 -0.018096874962998 0.004593774734107 -0.029348437742427 0.166443261402760 -0.137904449880934 0.611858242351992 -3.470020526037398 2.567245446809113
-0.625753706536009 -0.017264658655984 0.003904252484703 -0.026289146530667 0.149093158772573 -0.125068222646889 0.587684649295817 -3.332925267189868 2.525333554726888
-0.625885152268663 -0.016519192862122 0.003278911371468 -0.023350723284188 0.132428532436624 -0.112441554873254 0.561769338314200 -3.185952235238432 2.469622395404031
-0.626001905885084 -0.015857050199938 0.002716703597102 -0.020541876592617 0.116498771260432 -0.100093442896234 0.534083280800957 -3.028936800533177 2.399679050190620
-0.626104615268047 -0.015274556343636 0.002216236382621 -0.017871460188612 0.101354087257766 -0.088095047645281 0.504597448132138 -2.861714333823873 2.315070601743410
-0.626193972568990 -0.014767785907348 0.001775761144394 -0.015348472947951 0.087045515588646 -0.076519694636564 0.473282811666031 -2.684120205342921 2.215364131645039
-0.626270714933730 -0.014332558329404 0.001393162671211 -0.012982058889621 0.073624914561932 -0.065442873978339 0.440110342743161 -2.495989785424868 2.100126720667020
-0.626335625228178 -0.013964433756595 0.001065948301320 -0.010781507175905 0.061144965634807 -0.054942240375004 0.405051012779545 -2.297158444821701 1.968925452216774
-0.626389532764057 -0.013658708928421 0.000791237099445 -0.008756252112008 0.049659173410699 -0.045097613113920 0.368075793133471 -2.087461553814673 1.821327407440919
-0.626433314024617 -0.013410413061367 0.000565749033875 -0.006915873146340 0.039221865641625 -0.035990976076715 0.329155655141022 -1.866734482802723 1.656899667688815
-0.626467893390349 -0.013214303733159 0.000385794153492 -0.005270094870635 0.029888193227612 -0.027706477738271 0.288261570191573 -1.634812602355762 1.475209314897820
-0.626494243864702 -0.013064862767021 0.000247261764800 -0.003828787019677 0.021714130215833 -0.020330431163782 0.245364509661172 -1.391531282806113 1.275823431765746
-0.626513387799800 -0.012956292115942 0.000145609608981 -0.002601964471372 0.014756473801802 -0.013951314004953 0.200435444912550 -1.136725894761437 1.058309099337761
-0.626526397622157 -0.012882509746933 0.000075853038957 -0.001599787246809 0.009072844327995 -0.008659768508264 0.153445347295111 -0.870231808398625 0.822233398801044
-0.626534396558391 -0.012837145525293 0.000032554196415 -0.000832560510333 0.004721685286002 -0.004548601514259 0.104365188215993 -0.591884394529618 0.567163413715113
-0.626538559360943 -0.012813537098863 0.000009811188844 -0.000310734569253 0.001762263313354 -0.001712784445684 0.053165939002398 -0.301519023289121 0.292666224516875
-0.626540113033789 -0.012804725782296 0.000001247266615 -0.000044904874241 0.000254668196908 -0.000249453323099 0.008980974848249 -0.050933639381689 0.049890664619856
-0.626540337558161 -0.012803452441311 0.000000000000000 0.000000000000000 0.000000000000000 0.000000000000000 0.008980974848249 -0.050933639381689 0.049890664619856
-0.626540337558161 -0.012803452441311 0.000000000000000 0.000044904874241 -0.000254668196908 0.000249453323099 0.053165939002398 -0.301519023289121 0.292666224516875
-0.626540113033789 -0.012804725782296 0.000001247266615 0.000310734569253 -0.001762263313354 0.001712784445684 0.104365188215993 -0.591884394529618 0.567163413715113
-0.626538559360943 -0.012813537098863 0.000009811188844 0.000832560510333 -0.004721685286002 0.004548601514259 0.153445347295111 -0.870231808398625 0.822233398801044
-0.626534396558391 -0.012837145525293 0.000032554196415 0.001599787246809 -0.009072844327995 0.008659768508264 0.200435444912550 -1.136725894761437 1.058309099337761
-0.626526397622157 -0.012882509746933 0.000075853038957 0.002601964471372 -0.014756473801802 0.013951314004953 0.245364509661172 -1.391531282806113 1.275823431765746
-0.626513387799800 -0.012956292115942 0.000145609608981 0.003828787019677 -0.021714130215833 0.020330431163782 0.288261570191573 -1.634812602355762 1.475209314897820
-0.626494243864702 -0.013064862767021 0.000247261764800 0.005270094870635 -0.029888193227612 0.027706477738271 0.329155655141022 -1.866734482802723 1.656899667688815
-0.626467893390349 -0.013214303733159 0.000385794153492 0.006915873146340 -0.039221865641625 0.035990976076715 0.368075793133471 -2.087461553814673 1.821327407440919
-0.626433314024617 -0.013410413061367 0.000565749033875 0.008756252112008 -0.049659173410699 0.045097613113920 0.405051012779545 -2.297158444821701 1.968925452216774
-0.626389532764057 -0.013658708928421 0.000791237099445 0.010781507175905 -0.061144965634807 0.054942240375004 0.440110342743161 -2.495989785424868 2.100126720667020
-0.626335625228178 -0.013964433756595 0.001065948301320 0.012982058889621 -0.073624914561932 0.065442873978339 0.473282811666031 -2.684120205342921 2.215364131645039
-0.626270714933730 -0.014332558329404 0.001393162671211 0.015348472947951 -0.087045515588646 0.076519694636564 0.504597448132138 -2.861714333823873 2.315070601743410
-0.626193972568990 -0.014767785907348 0.001775761144394 0.017871460188612 -0.101354087257766 0.088095047645281 0.534083280800957 -3.028936800533177 2.399679050190620
-0.626104615268047 -0.015274556343636 0.002216236382621 0.020541876592617 -0.116498771260432 0.100093442896234 0.561769338314200 -3.185952235238432 2.469622395404031
-0.626001905885084 -0.015857050199938 0.002716703597102 0.023350723284188 -0.132428532436624 0.112441554873254 0.587684649295817 -3.332925267189868 2.525333554726888
-0.625885152268663 -0.016519192862122 0.003278911371468 0.026289146530667 -0.149093158772573 0.125068222646889 0.611858242351992 -3.470020526037398 2.567245446809113
-0.625753706536009 -0.017264658655984 0.003904252484703 0.029348437742427 -0.166443261402760 0.137904449880934 0.634319146151086 -3.597402641428715 2.595790989855656
-0.625606964347297 -0.018096874962998 0.004593774734107 0.032520033473182 -0.184430274609904 0.150883404830213 0.655096389325927 -3.715236242849418 2.611403102456516
-0.625444364179931 -0.019019026336048 0.005348191758258 0.035795515419812 -0.203006455824151 0.163940420342495 0.674219000451615 -3.823685959736256 2.614514701568782
-0.625265386602832 -0.020034058615169 0.006167893859971 0.039166610422070 -0.222124885622832 0.177012993850339 0.691716008240917 -3.922916421827960 2.605558706512623
-0.625069553550722 -0.021144683043283 0.007052958829222 0.042625190463275 -0.241739467731972 0.190040787382902 0.707616441260051 -4.013092258612350 2.584968035279456
-0.624856427598406 -0.022353380381943 0.008003162766137 0.046163272669575 -0.261804929025033 0.202965627559299 0.721949328177374 -4.094378099566143 2.553175605779501
-0.624625611235058 -0.023662405027068 0.009017990903933 0.049773019310462 -0.282276819522864 0.215731505588197 0.734743697616835 -4.166938574383661 2.510614336238698
-0.624376746138505 -0.025073789124682 0.010096648431874 0.053446737798546 -0.303111512394783 0.228284577269390 0.746028578189062 -4.230938312395072 2.457717145184501
-0.624109512449513 -0.026589346686656 0.011238071318221 0.057176880689491 -0.324266203956758 0.240573162995313 0.755832998557970 -4.286541943379074 2.394916949940429
-0.623823628046065 -0.028210677706440 0.012440937133198 0.060956045682281 -0.345698913673653 0.252547747745015 0.764185987343069 -4.333914096832370 2.322646670465045
-0.623518847817654 -0.029939172274808 0.013703675871923 0.064776975618996 -0.367368484157815 0.264160981097340 0.771116573159425 -4.373219402171724 2.241339222640371
-0.623194962939559 -0.031776014695597 0.015024480777410 0.068632558484794 -0.389234581168674 0.275367677210542 0.776653784662074 -4.404622489095900 2.151427526253591
-0.622851800147135 -0.033722187601440 0.016401319163462 0.072515827408104 -0.411257693614153 0.286124814841810 0.780826650479405 -4.428287987130464 2.053344499214627
-0.622489221010094 -0.035778476069511 0.017831943237672 0.076419960660501 -0.433399133549806 0.296391537337883 0.783664199222045 -4.444380525741032 1.947523059200595
-0.622107121206792 -0.037945471737260 0.019313900924361 0.080338281656611 -0.455621036178511 0.306129152633886 0.785195459567234 -4.453064734637469 1.834396125298265
-0.621705429798509 -0.040223576918153 0.020844546687530 0.084264258954447 -0.477886359851698 0.315301133260378 0.785449460063425 -4.454505243127738 1.714396614414804
-0.621284108503736 -0.042613008717411 0.022421052353832 0.088191506254764 -0.500158886067337 0.323873116332452 0.784455229436709 -4.448866681026065 1.587957445819543
-0.620843150972463 -0.045113803147748 0.024040417935495 0.092113782401948 -0.522403219472467 0.331812903561549 0.782241796284389 -4.436313677780301 1.455511537827725
-0.620382582060453 -0.047725819245110 0.025699482453302 0.096024991383370 -0.544584787861369 0.339090461250688 0.778838189190445 -4.417010862811654 1.317491807022309
-0.619902457103536 -0.050448743184417 0.027394934759556 0.099919182329322 -0.566669842175427 0.345677920285799 0.774273436872086 -4.391122865925468 1.174331174091381
-0.619402861191889 -0.053282092395294 0.029123324360985 0.103790549513683 -0.588625456505054 0.351549576156256 0.768576567886647 -4.358814316434145 1.026462554695740
-0.618883908444321 -0.056225219677820 0.030881072241766 0.107633432353116 -0.610419528087225 0.356681888929735 0.761776610902487 -4.320249844020907 0.874318868790280
-0.618345741282555 -0.059277317318256 0.032664481686415 0.111442315407628 -0.632020777307329 0.361053483273686 0.753902594552436 -4.275594078246847 0.718333033683793
-0.617788529705517 -0.062437421204792 0.034469749102783 0.115211828380390 -0.653398747698564 0.364645148442105 0.744983547447120 -4.225011648562038 0.558937968154205
-0.617212470563615 -0.065704414943285 0.036292974844994 0.118936746117626 -0.674523805941374 0.367439838282876 0.735048498246016 -4.168667184640817 0.396566589877800
-0.616617786833027 -0.069077033972992 0.038130174036408 0.122611988608856 -0.695367141864578 0.369422671232265 0.724126475555309 -4.106725315935478 0.231651817222955
-0.616004726889983 -0.072553869682315 0.039977287392569 0.126232620986633 -0.715900768444255 0.370580930318380 0.712246508030034 -4.039350672038200 0.064626568335169
-0.615373563785050 -0.076133373524536 0.041830192044161 0.129793853526783 -0.736097521804446 0.370904063160056 0.699437624267496 -3.966707882492315 -0.104076238367501
-0.614724594517416 -0.079813861133558 0.043684712359961 0.133291041648120 -0.755931061216908 0.370383681968219 0.685728852944933 -3.888961576885563 -0.274023684901092
-0.614058139309175 -0.083593516439643 0.045536630769803 0.136719685912845 -0.775375869101336 0.369013563543713 0.671149222655210 -3.806276384705765 -0.444782853132597
-0.613374540879611 -0.087470395785150 0.047381698587521 0.140075432026121 -0.794407251024865 0.366789649278050 0.655727762057801 -3.718816935558422 -0.615920824724725
-0.612674163719480 -0.091442432040274 0.049215646833911 0.143354070836410 -0.813001335702657 0.363710045154426 0.639493499758892 -3.626747858929136 -0.787004681633563
-0.611957393365298 -0.095507438718787 0.051034197059684 0.146551538335205 -0.831135074997302 0.359775021746259 0.622475464409078 -3.530233784501124 -0.957601505280348
-0.611224635673622 -0.099663114093774 0.052833072168415 0.149663915657250 -0.848786243919808 0.354987014219857 0.604702684636749 -3.429439341644525 -1.127278378110219
-0.610476316095336 -0.103907045313373 0.054608007239514 0.152687429080434 -0.865933440628031 0.349350622329306 0.586204189070294 -3.324529160066980 -1.295602381479743
-0.609712878949934 -0.108236712516513 0.056354760351161 0.155618450025785 -0.882556086428365 0.342872610421907 0.567009006342545 -3.215667869211902 -1.462140597250916
-0.608934786699805 -0.112649492948655 0.058069123403270 0.158453495057498 -0.898634425774425 0.335561907435653 0.547146165081891 -3.103020098700338 -1.626460107516658
-0.608142519224518 -0.117142665077527 0.059746932940448 0.161189225882907 -0.914149526267927 0.327429606898069 0.526644693934486 -2.986750478097822 -1.788127993407052
-0.607336573095103 -0.121713412708867 0.061384080974939 0.163822449352580 -0.929083278658416 0.318488966931034 0.505533621493193 -2.867023636812238 -1.946711337858786
-0.606517460848340 -0.126358829102159 0.062976525809594 0.166350117460046 -0.943418396842477 0.308755410241740 0.483841976453014 -2.744004204613404 -2.101777221504286
-0.605685710261040 -0.131075921086371 0.064520302860803 0.168769327342311 -0.957138417865544 0.298246524134219 0.461598787389050 -2.617856810855912 -2.252892726880007
-0.604841863624328 -0.135861613175699 0.066011535481474 0.171077321279256 -0.970227701919824 0.286982060499819 0.438833082951895 -2.488746085211879 -2.399624935582878
-0.603986477017932 -0.140712751685298 0.067446445783973 0.173271486694015 -0.982671432345883 0.274983935821904 0.415573891787702 -2.356836657204653 -2.541540929437147
-0.603120119584462 -0.145626108847027 0.068821365463082 0.175349356152954 -0.994455615631906 0.262276231174718 0.391850242502656 -2.222293156339816 -2.678207790179910
-0.602243372803697 -0.150598386925187 0.070132746618956 0.177308607365467 -1.005567081413605 0.248885192223819 0.367691163765116 -2.085280212233975 -2.809192599770305
-0.601356829766870 -0.155626222332255 0.071377172580075 0.179147063184293 -1.015993482474775 0.234839229224967 0.343125684150181 -1.945962454406036 -2.934062439936547
-0.600461094450948 -0.160706189744629 0.072551368726200 0.180862691605044 -1.025723294746805 0.220168917025285 0.318182832343972 -1.804504512386007 -3.052384392447927
-0.599556780992923 -0.165834806218363 0.073652213311326 0.182453605766764 -1.034745817308735 0.204906995063045 0.292891636961556 -1.661071015801596 -3.163725539106488
-0.598644512964089 -0.171008535304906 0.074676748286642 0.183918063951571 -1.043051172387743 0.189088367367513 0.267281126609120 -1.515826594087333 -3.267652961984058
-0.597724922644332 -0.176223791166845 0.075622190123479 0.185254469584617 -1.050630305358180 0.172750102557592 0.241380329959462 -1.368935876897570 -3.363733742531849
-0.596798650296408 -0.181476942693636 0.076485940636267 0.186461371234414 -1.057474984742668 0.155931433844933 0.215218275614326 -1.220563493755655 -3.451534962571334
-0.595866343440236 -0.186764317617349 0.077265597805492 0.187537462612486 -1.063577802211446 0.138673759032076 0.188823992219866 -1.070874074156070 -3.530623704496860
-0.594928656127174 -0.192082206628407 0.077958966600652 0.188481582573585 -1.068932172582227 0.121020640509592 0.162226508400032 -0.920032247765379 -3.600567049146797
-0.593986248214306 -0.197426867491318 0.078564069803200 0.189292715115585 -1.073532333821053 0.103017805263858 0.135454852787653 -0.768202644000349 -3.660932079325718
-0.593039784638728 -0.202794529160423 0.079079158829519 0.189969989379524 -1.077373347041055 0.084713144867229 0.108538054024443 -0.615549892510892 -3.711285876096260
-0.592089934691830 -0.208181395895628 0.079502724553855 0.190512679649646 -1.080451096503610 0.066156715486748 0.081505140725469 -0.462238622822575 -3.751195521644046
-0.591137371293582 -0.213583651378146 0.079833508131289 0.190920205353273 -1.082762289617722 0.047400737878528 0.054385141541324 -0.308433464464297 -3.780228097647886
-0.590182770266816 -0.218997462826235 0.080070511820682 0.191192131060980 -1.084304456940044 0.028499597390289 0.027207084980496 -0.154299047008255 -3.797950686166285
-0.589226809611511 -0.224418985110935 0.080213009807633 0.191328166485882 -1.085075952175085 0.009509843959457 0.000000000106581 0.000000000002220 -3.803937583813921
-0.588270168779082 -0.229844364871811 0.080260559027431 0.191328166486415 -1.085075952175074 -0.009509843959613 -0.027207085091518 0.154299047009365 -3.797950686076357
-0.587313527946649 -0.235269744632686 0.080213009807633 0.191192131060958 -1.084304456940027 -0.028499597389994 -0.054385141536883 0.308433464462077 -3.780228097706728
-0.586357567291345 -0.240691266917386 0.080070511820683 0.190920205353273 -1.082762289617717 -0.047400737878528 -0.081505140725469 0.462238622820355 -3.751195521665140
-0.585402966264578 -0.246105078365475 0.079833508131290 0.190512679649646 -1.080451096503615 -0.066156715486854 -0.108538054020002 0.615549892507561 -3.711285876095705
-0.584450402866330 -0.251507333847993 0.079502724553856 0.189969989379546 -1.077373347041077 -0.084713144867332 -0.135454852796535 0.768202644014782 -3.660932079249668
-0.583500552919432 -0.256894200583198 0.079079158829519 0.189292715115563 -1.073532333821003 -0.103017805263581 -0.162226508395591 0.920032247746505 -3.600567049253933
-0.582554089343855 -0.262261862252303 0.078564069803201 0.188481582573585 -1.068932172582271 -0.121020640509850 -0.188823992219866 1.070874074169392 -3.530623704386393
-0.581611681430987 -0.267606523115214 0.077958966600652 0.187537462612486 -1.063577802211424 -0.138673759031782 -0.215218275614326 1.220563493751214 -3.451534962661262
-0.580673994117924 -0.272924412126272 0.077265597805493 0.186461371234414 -1.057474984742668 -0.155931433845088 -0.241380329959462 1.368935876893129 -3.363733742529074
-0.579741687261752 -0.278211787049985 0.076485940636267 0.185254469584617 -1.050630305358202 -0.172750102557734 -0.267281126609120 1.515826594102876 -3.267652961915224
-0.578815414913829 -0.283464938576776 0.075622190123479 0.183918063951571 -1.043051172387688 -0.189088367367310 -0.292891636961556 1.661071015777171 -3.163725539176987
-0.577895824594071 -0.288680194438714 0.074676748286642 0.182453605766764 -1.034745817308802 -0.204906995063195 -0.318182832343972 1.804504512405991 -3.052384392442375
-0.576983556565237 -0.293853923525258 0.073652213311326 0.180862691605044 -1.025723294746772 -0.220168917025407 -0.343125684150181 1.945962454397154 -2.934062439901575
-0.576079243107212 -0.298982539998992 0.072551368726199 0.179147063184293 -1.015993482474786 -0.234839229224915 -0.367691163760675 2.085280212229534 -2.809192599775856
-0.575183507791291 -0.304062507411366 0.071377172580075 0.177308607365489 -1.005567081413639 -0.248885192223794 -0.391850242511538 2.222293156353139 -2.678207790197118
-0.574296964754463 -0.309090342818434 0.070132746618956 0.175349356152932 -0.994455615631873 -0.262276231174779 -0.415573891783261 2.356836657195771 -2.541540929407171
-0.573420217973699 -0.314062620896594 0.068821365463082 0.173271486694015 -0.982671432345894 -0.274983935821815 -0.438833082951895 2.488746085216320 -2.399624935590650
-0.572553860540228 -0.318975978058323 0.067446445783973 0.171077321279256 -0.970227701919812 -0.286982060499769 -0.461598787389050 2.617856810862573 -2.252892726882783
-0.571698473933832 -0.323827116567922 0.066011535481474 0.168769327342311 -0.957138417865500 -0.298246524134183 -0.483841976448574 2.744004204591199 -2.101777221548140
-0.570854627297121 -0.328612808657250 0.064520302860803 0.166350117460068 -0.943418396842544 -0.308755410241923 -0.505533621506515 2.867023636845545 -1.946711337720841
-0.570022876709820 -0.333329900641463 0.062976525809593 0.163822449352535 -0.929083278658316 -0.318488966930527 -0.526644693921163 2.986750478064515 -1.788127993601063
-0.569203764463058 -0.337975317034754 0.061384080974941 0.161189225882929 -0.914149526267993 -0.327429606898533 -0.547146165086332 3.103020098709219 -1.626460107404526
-0.568397818333643 -0.342546064666094 0.059746932940448 0.158453495057498 -0.898634425774447 -0.335561907435555 -0.567009006342545 3.215667869223005 -1.462140597296435
-0.567605550858356 -0.347039236794966 0.058069123403270 0.155618450025785 -0.882556086428332 -0.342872610422038 -0.586204189070294 3.324529160053658 -1.295602381442551
-0.566827458608227 -0.351452017227108 0.056354760351160 0.152687429080434 -0.865933440628064 -0.349350622329250 -0.604702684636749 3.429439341660068 -1.127278378100227
-0.566064021462824 -0.355781684430248 0.054608007239514 0.149663915657250 -0.848786243919764 -0.354987014219751 -0.622475464404637 3.530233784476700 -0.957601505386929
-0.565315701884538 -0.360025615649847 0.052833072168415 0.146551538335227 -0.831135074997380 -0.359775021746686 -0.639493499767774 3.626747858951340 -0.787004681527259
-0.564582944192862 -0.364181291024834 0.051034197059682 0.143354070836388 -0.813001335702623 -0.363710045154322 -0.655727762053360 3.718816935549540 -0.615920824720007
-0.563866173838680 -0.368246297703347 0.049215646833910 0.140075432026121 -0.794407251024876 -0.366789649277922 -0.671149222655210 3.806276384714646 -0.444782853116499
-0.563165796678549 -0.372218333958471 0.047381698587520 0.136719685912845 -0.775375869101302 -0.369013563543505 -0.685728852944933 3.888961576872241 -0.274023684944391
-0.562482198248985 -0.376095213303978 0.045536630769803 0.133291041648120 -0.755931061216941 -0.370383681968227 -0.699437624267496 3.966707882505638 -0.104076238388595
-0.561815743040745 -0.379874868610063 0.043684712359962 0.129793853526783 -0.736097521804413 -0.370904063160170 -0.712246508030034 4.039350672038200 0.064626568410386
-0.561166773773111 -0.383555356219085 0.041830192044161 0.126232620986633 -0.715900768444222 -0.370580930318118 -0.724126475555309 4.106725315928816 0.231651817199918
-0.560535610668178 -0.387134860061306 0.039977287392570 0.122611988608856 -0.695367141864578 -0.369422671232118 -0.735048498241575 4.168667184627495 0.396566589821457
-0.559922550725133 -0.390611695770629 0.038130174036410 0.118936746117648 -0.674523805941440 -0.367439838283011 -0.744983547456002 4.225011648582022 0.558937968082873
-0.559327866994545 -0.393984314800336 0.036292974844995 0.115211828380368 -0.653398747698530 -0.364645148442597 -0.753902594543554 4.275594078229084 0.718333033807028
-0.558751807852643 -0.397251308538829 0.034469749102782 0.111442315407650 -0.632020777307385 -0.361053483273562 -0.761776610911369 4.320249844038671 0.874318868771407
-0.558194596275605 -0.400411412425366 0.032664481686414 0.107633432353094 -0.610419528087192 -0.356681888929704 -0.768576567886647 4.358814316443027 1.026462554829377
-0.557656429113840 -0.403463510065802 0.030881072241765 0.103790549513660 -0.588625456504976 -0.351549576155558 -0.774273436858763 4.391122865894381 1.174331173757759
-0.557137476366271 -0.406406637348326 0.029123324360988 0.099919182329367 -0.566669842175505 -0.345677920286769 -0.778838189208209 4.417010862849402 1.317491807387716
-0.556637880454624 -0.409239986559204 0.027394934759554 0.096024991383326 -0.544584787861258 -0.339090461249830 -0.782241796271066 4.436313677740333 1.455511537518384
-0.556157755497708 -0.411962910498510 0.025699482453305 0.092113782401970 -0.522403219472556 -0.331812903562238 -0.784455229436709 4.448866681034946 1.587957445964294
-0.555697186585698 -0.414574926595873 0.024040417935493 0.088191506254787 -0.500158886067381 -0.323873116332417 -0.785449460076748 4.454505243167706 1.714396614544844
-0.555256229054424 -0.417075721026210 0.022421052353831 0.084264258954403 -0.477886359851543 -0.315301133259693 -0.785195459553911 4.453064734590839 1.834396125060389
-0.554834907759652 -0.419465152825468 0.020844546687533 0.080338281656633 -0.455621036178588 -0.306129152634391 -0.783664199226486 4.444380525761016 1.947523059319944
-0.554433216351369 -0.421743258006361 0.019313900924361 0.076419960660501 -0.433399133549783 -0.296391537337791 -0.780826650479405 4.428287987112700 2.053344499150789
-0.554051116548066 -0.423910253674109 0.017831943237672 0.072515827408104 -0.411257693614220 -0.286124814842037 -0.776653784657633 4.404622489107002 2.151427526343519
-0.553688537411026 -0.425966542142181 0.016401319163462 0.068632558484816 -0.389234581168685 -0.275367677210319 -0.771116573168307 4.373219402185047 2.241339222726002
-0.553345374618602 -0.427912715048024 0.015024480777410 0.064776975618974 -0.367368484157760 -0.264160981096689 -0.764185987338628 4.333914096801283 2.322646670095829
-0.553021489740507 -0.429749557468813 0.013703675871927 0.060956045682281 -0.345698913673753 -0.252547747746210 -0.755832998557970 4.286541943399058 2.394916950272868
-0.552716709512095 -0.431478052037182 0.012440937133196 0.057176880689491 -0.324266203956758 -0.240573162994846 -0.746028578193503 4.230938312423937 2.457717145069038
-0.552430825108648 -0.433099383056965 0.011238071318221 0.053446737798524 -0.303111512394638 -0.228284577269501 -0.734743697612394 4.166938574341472 2.510614336285533
-0.552163591419655 -0.434614940618939 0.010096648431874 0.049773019310462 -0.282276819522931 -0.215731505588073 -0.721949328172933 4.094378099579465 2.553175605741059
-0.551914726323103 -0.436026324716553 0.009017990903934 0.046163272669597 -0.261804929025033 -0.202965627559368 -0.707616441264491 4.013092258594586 2.584968035248758
-0.551683909959755 -0.437335349361678 0.008003162766137 0.042625190463275 -0.241739467732061 -0.190040787383124 -0.691716008236476 3.922916421845724 2.605558706612293
-0.551470784007439 -0.438544046700339 0.007052958829221 0.039166610422092 -0.222124885622832 -0.177012993850062 -0.674219000464937 3.823685959765122 2.614514701646153
-0.551274950955328 -0.439654671128453 0.006167893859971 0.035795515419768 -0.203006455824006 -0.163940420341832 -0.655096389312604 3.715236242807229 2.611403102164844
-0.551095973378229 -0.440669703407573 0.005348191758262 0.032520033473205 -0.184430274609970 -0.150883404831008 -0.634319146151086 3.597402641426495 2.595790989972329
-0.550933373210863 -0.441591854780623 0.004593774734107 0.029348437742449 -0.166443261402838 -0.137904449881146 -0.611858242360874 3.470020526066264 2.567245446885302
-0.550786631022151 -0.442424071087637 0.003904252484701 0.026289146530645 -0.149093158772506 -0.125068222646719 -0.587684649291376 3.332925267176545 2.525333554712231
-0.550655185289498 -0.443169536881499 0.003278911371467 0.023350723284188 -0.132428532436624 -0.112441554873158 -0.561769338309759 3.185952235205125 2.469622395264315
-0.550538431673077 -0.443831679543683 0.002716703597102 0.020541876592639 -0.116498771260598 -0.100093442896837 -0.534083280809838 3.028936800595350 2.399679050352921
-0.550435722290114 -0.444414173399986 0.002216236382617 0.017871460188590 -0.101354087257621 -0.088095047645072 -0.504597448127697 2.861714333814991 2.315070601789501
-0.550346364989171 -0.444920943836274 0.001775761144392 0.015348472947951 -0.087045515588546 -0.076519694636125 -0.473282811661591 2.684120205282969 2.215364131383737
-0.550269622624431 -0.445356171414216 0.001393162671211 0.012982058889643 -0.073624914562131 -0.065442873979206 -0.440110342747602 2.495989785478159 2.100126720947883
-0.550204712329983 -0.445724295987027 0.001065948301315 0.010781507175905 -0.061144965634741 -0.054942240374466 -0.405051012788427 2.297158444828362 1.968925452292204
-0.550150804794103 -0.446030020815201 0.000791237099443 0.008756252111963 -0.049659173410599 -0.045097613113005 -0.368075793124589 2.087461553790249 1.821327407228049
-0.550107023533543 -0.446278316682254 0.000565749033878 0.006915873146340 -0.039221865641648 -0.035990976076865 -0.329155655136582 1.866734482809385 1.656899667566254
-0.550072444167812 -0.446474426010462 0.000385794153494 0.005270094870657 -0.029888193227601 -0.027706477739034 -0.288261570191573 1.634812602340219 1.475209315117848
-0.550046093693458 -0.446623866976600 0.000247261764798 0.003828787019700 -0.021714130215900 -0.020330431163445 -0.245364509670054 1.391531282823877 1.275823431693769
-0.550026949758360 -0.446732437627679 0.000145609608981 0.002601964471349 -0.014756473801780 -0.013951314004976 -0.200435444903668 1.136725894719248 1.058309099105149
-0.550013939936003 -0.446806219996688 0.000075853038956 0.001599787246831 -0.009072844328184 -0.008659768509450 -0.153445347299552 0.870231808458577 0.822233399162865
-0.550005940999769 -0.446851584218329 0.000032554196409 0.000832560510333 -0.004721685285891 -0.004548601513636 -0.104365188215993 0.591884394507414 0.567163413677947
