-0.550000274968867 -0.445103453851456 0.000001466595778 -0.000380232597030 0.002156406214782 0.002011158096481 -0.127515808583389 0.723178086934340 0.664257060075343
-0.550002176131852 -0.445092671820382 0.000011522386260 -0.001017811639947 0.005772296649453 0.005332443396857 -0.187206738626600 1.061702173275059 0.960519828708316
-0.550007265190051 -0.445063810337135 0.000038184603245 -0.001953845333080 0.011080807515829 0.010135042540399 -0.244161394773457 1.384708079237296 1.232941160023505
-0.550017034416717 -0.445008406299556 0.000088859815947 -0.003174652306948 0.018004347912015 0.016299748340516 -0.298420616946515 1.692427419481835 1.482106119967361
-0.550032907678252 -0.444918384559996 0.000170358557649 -0.004666755391680 0.026466485009424 0.023710278940353 -0.350025245041685 1.985091808616168 1.708599774486359
-0.550056241455210 -0.444786052134949 0.000288909952351 -0.006416881616889 0.036391944052505 0.032253277812785 -0.399016118977080 2.262932861287759 1.913007189526775
-0.550088325863294 -0.444604092414686 0.000450176341415 -0.008411962211774 0.047706608358944 0.041818313760419 -0.445434078657492 2.526182192121862 2.095913431035498
-0.550130385674353 -0.444365559372891 0.000659267910217 -0.010639132605061 0.060337519319553 0.052297880915596 -0.489319963987711 2.775071415757058 2.257903564958260
-0.550183581337379 -0.444063871776294 0.000920757314795 -0.013085732425000 0.074212876398339 0.063587398740388 -0.530714614890293 3.009832146814162 2.399562657242329
-0.550249009999504 -0.443692807394302 0.001238694308497 -0.015739305499451 0.089262037132409 0.075585212026599 -0.569658871252265 3.230695999940636 2.521475773833384
-0.550327706527001 -0.443246497208640 0.001616620368630 -0.018587599855713 0.105415517132113 0.088192590895766 -0.606193573009506 3.437894589757295 2.624227980679033
-0.550420644526279 -0.442719419622979 0.002057583323109 -0.021618567720760 0.122604990080899 0.101313730799161 -0.640359560044601 3.631659530898279 2.708404343723450
-0.550528737364883 -0.442106394672575 0.002564151977105 -0.024820365520983 0.140763287735390 0.114855752517779 -0.672197672280106 3.812222438002166 2.774589928916021
-0.550652839192488 -0.441402578233898 0.003138430739693 -0.028181353882384 0.159824399925401 0.128728702162359 -0.701748749629694 3.979814925696434 2.823369802200881
-0.550793745961900 -0.440603456234271 0.003782074250505 -0.031690097630532 0.179723474553883 0.142845551173363 -0.729053631980392 4.134668608608560 2.855329029526588
-0.550952196450053 -0.439704838861501 0.004496302006372 -0.035335365790434 0.200396817596926 0.157122196320996 -0.754153159276960 4.277015101381565 2.871052676835861
-0.551128873279005 -0.438702854773517 0.005281912987977 -0.039106131586819 0.221781893103834 0.171477459705175 -0.777088171388662 4.407086018640705 2.871125810080294
-0.551324403936939 -0.437593945307998 0.006139300286503 -0.042991572443762 0.243817323197038 0.185833088755577 -0.797899508251376 4.525112975020118 2.856133495201768
-0.551539361799158 -0.436374858692012 0.007068465730281 -0.046981069985019 0.266442888072138 0.200113756231586 -0.816628009756570 4.631327585153944 2.826660798150582
-0.551774267149083 -0.435042644251652 0.008069034511439 -0.051064210033802 0.289599525997908 0.214247060222339 -0.833314515835681 4.725961463667439 2.783292784869079
-0.552029588199252 -0.433594646621662 0.009140269812550 -0.055230782612981 0.313229333316245 0.228163524146684 -0.847999866375737 4.809246225199182 2.726614521307014
-0.552305742112317 -0.432028499955081 0.010281087433284 -0.059470781944859 0.337275564442241 0.241796596753219 -0.860724901285970 4.881413484387753 2.657211073408694
-0.552603096022041 -0.430342122132870 0.011490070417050 -0.063774406451289 0.361682631864180 0.255082652120263 -0.871530460497816 4.942694855847307 2.575667507124646
-0.552921968054298 -0.428533708973549 0.012765483677651 -0.068132058753778 0.386396106143416 0.267960989655886 -0.880457383893862 4.993321954227525 2.482568888395253
-0.553262628348066 -0.426601728442832 0.014105288625931 -0.072534345673247 0.411362715914554 0.280373834097862 -0.887546511396664 5.033526394151444 2.378500283168539
-0.553625300076433 -0.424544914863259 0.015507157796420 -0.076972078230231 0.436530347885311 0.292266335513705 -0.892838682911012 5.063539790250982 2.264046757397753
-0.554010160467584 -0.422362263123832 0.016968489473989 -0.081436271644786 0.461848046836566 0.303586569300693 -0.896374738355021 5.083593757171379 2.139793377018284
-0.554417341825808 -0.420053022889650 0.018486422320492 -0.085918145336561 0.487266015622423 0.314285536185785 -0.898195517615719 5.093919909524569 2.006325207983684
-0.554846932552491 -0.417616692811537 0.020057850001421 -0.090409122924640 0.512735615170046 0.324317162225703 -0.898341860624541 5.094749861955794 1.864227316243638
-0.555298978167114 -0.415053014735687 0.021679435812549 -0.094900832227762 0.538209364479825 0.333638298806922 -0.896854607277398 5.086315229099192 1.714084767733270
-0.555773482328253 -0.412361967913288 0.023347627306584 -0.099385105264149 0.563640940625321 0.342208722645588 -0.893774597487962 5.068847625577799 1.556482628407996
-0.556270407854573 -0.409543763210162 0.025058670919812 -0.103853978251589 0.588985178753210 0.349991135787628 -0.889142671165466 5.042578666030195 1.392005964218623
-0.556789677745831 -0.406598837316395 0.026808626598750 -0.108299691607416 0.614198072083361 0.356951165608721 -0.882999668214701 5.007739965088298 1.221239841092536
-0.557331176203868 -0.403527846955979 0.028593382426794 -0.112714689948490 0.639236771908802 0.363057364814184 -0.875386428558222 4.964563137381806 1.044769324995976
-0.557894749653611 -0.400331663096435 0.030408669250865 -0.117091622091281 0.664059587595711 0.368281211439164 -0.866343792074176 4.913279797547077 0.863179481869625
-0.558480207764067 -0.397011365158456 0.032250075308060 -0.121423341051652 0.688625986583447 0.372597108848512 -0.855912598702879 4.854121560207147 0.677055377655000
-0.559087324469326 -0.393568235225539 0.034113060852303 -0.125702904045166 0.712896594384482 0.375982385736787 -0.844133688340243 4.787320040013920 0.486982078298781
-0.559715838989551 -0.390003752253616 0.035992972780987 -0.129923572486867 0.736833194584552 0.378417296128281 -0.831047900895499 4.713106851574889 0.293544649751509
-0.560365456851986 -0.386319586280694 0.037885059261628 -0.134078811991345 0.760398728842426 0.379885019377038 -0.816696076273438 4.631713609537513 0.097328157983301
-0.561035850911942 -0.382517592636482 0.039784484358514 -0.138162292372712 0.783557296890114 0.380371660166955 -0.801119054401056 4.543371928533713 -0.101082331144253
-0.561726662373806 -0.378599806152031 0.041686342659348 -0.142167887644717 0.806274156532782 0.379866248511233 -0.784357675152059 4.448313423190964 -0.301101751547794
-0.562437501812030 -0.374568435369367 0.043585673901904 -0.146089676020478 0.828515723648737 0.378360739753494 -0.766452778471205 4.346769708145626 -0.502145037422908
-0.563167950192132 -0.370425856751123 0.045477477600672 -0.149921939912834 0.850249572189465 0.375850014566380 -0.747445204249964 4.238972398027396 -0.703627122715378
-0.563917559891696 -0.366174608890176 0.047356727673504 -0.153659165934084 0.871444434179602 0.372331878952803 -0.727375792402007 4.125153107461532 -0.904962941551402
-0.564685855721367 -0.361817386719278 0.049218387068268 -0.157296044896094 0.892070199716910 0.367807064245046 -0.706285382827687 4.005543451104376 -1.105567427924781
-0.565472335945847 -0.357357035720693 0.051057422389493 -0.160827471810232 0.912097916972432 0.362279227105422 -0.684214815445117 3.880375043556761 -1.304855515954217
-0.566276473304898 -0.352796546135831 0.052868818525020 -0.164248545887458 0.931499792190216 0.355754949525651 -0.661204930163528 3.749879499472808 -1.502242139611587
-0.567097716034335 -0.348139047174880 0.054647593272648 -0.167554570538275 0.950249189687580 0.348243738827593 -0.637296566892154 3.614288433477775 -1.697142233028637
-0.567935488887027 -0.343387801226442 0.056388811966786 -0.170741053372736 0.968320631854969 0.339758027662450 -0.612530565513580 3.473833460201359 -1.888970730241080
-0.568789194153891 -0.338546198067168 0.058087602105099 -0.173803706200304 0.985689799155975 0.330313174011244 -0.586947765981449 3.328746194282139 -2.077142565246881
-0.569658212684892 -0.333617749071388 0.059739167975155 -0.176738445030211 1.002333530127386 0.319927461185010 -0.560589008178347 3.179258250345374 -2.261072672163633
-0.570541904910043 -0.328606081420751 0.061338805281080 -0.179541390071103 1.018229821379113 0.308622097824192 -0.533495132013506 3.025601243036302 -2.440175985042037
-0.571439611860399 -0.323514932313855 0.062881915770201 -0.182208865731170 1.033357827594295 0.296421217898982 -0.505706977396159 2.868006786969080 -2.613867437866180
-0.572350656189054 -0.318348143175884 0.064364021859696 -0.184737400618151 1.047697861529140 0.283351880709651 -0.477265384244419 2.706706496784506 -2.781561964782520
-0.573274343192145 -0.313109653868238 0.065780781263244 -0.187123727539373 1.061231394013062 0.269444070885738 -0.448211192454195 2.541931987116719 -2.942674499761266
-0.574209961829842 -0.307803496898173 0.067128001617673 -0.189364783501644 1.073941053948646 0.254730698386932 -0.418585241943603 2.373914872602079 -3.096619976961645
-0.575156785747350 -0.302433791628429 0.068401655109607 -0.191457709711362 1.085810628311656 0.239247598502124 -0.388428372617433 2.202886767865841 -3.242813330311400
-0.576114074295907 -0.297004738486871 0.069597893102118 -0.193399851574449 1.096825062150986 0.223033531850567 -0.357781424389358 2.029079287533264 -3.380669493928679
-0.577081073553779 -0.291520613176116 0.070713060761371 -0.195188758696396 1.106970458588652 0.206130184380923 -0.326685237168611 1.852724046251808 -3.509603401888328
-0.578057017347261 -0.285985760883173 0.071743711683275 -0.196822184882239 1.116234078819911 0.188582167371482 -0.295180650842219 1.674052658651171 -3.629029988210242
-0.579041128271673 -0.280404590489073 0.072686622520133 -0.198298088136450 1.124604342113167 0.170437017430430 -0.263308505350501 1.493296739361050 -3.738364186950949
-0.580032618712355 -0.274781568778508 0.073538807607285 -0.199614630663203 1.132070825809972 0.151745196495676 -0.231109640593807 1.310687902993379 -3.837020932200286
-0.581030691865671 -0.269121214649458 0.074297533589763 -0.200770178866172 1.138624265324939 0.132560091834674 -0.198624896454724 1.126457764220046 -3.924415157872119
-0.582034542760002 -0.263428093322833 0.074960334048937 -0.201763303348446 1.144256554146039 0.112938016045314 -0.165895112878012 0.940837937646322 -3.999961798309415
-0.583043359276744 -0.257706810552103 0.075525024129163 -0.202592778912836 1.148960743834271 0.092938207053767 -0.132961129764020 0.754060037915227 -4.063075787200110
-0.584056323171308 -0.251962006832931 0.075989715164432 -0.203257584561656 1.152731044023847 0.072622828117766 -0.099863786999776 0.566355679643138 -4.113172058874959
-0.585072611094116 -0.246198351612812 0.076352829305021 -0.203756903496655 1.155562822422063 0.052056967823391 -0.066643924507837 0.377956477487507 -4.149665547353854
-0.586091395611600 -0.240420537500702 0.076613114144138 -0.204090123119194 1.157452604809500 0.031308640086622 -0.033342382215196 0.189094046053606 -4.171971186476831
-0.587111846227196 -0.234633274476654 0.076769657344571 -0.204256835030270 1.158398075039768 0.010448784154238 0.000000000097700 0.000000000019984 -4.179513661705103
-0.588133130402347 -0.228841284101456 0.076821901265342 -0.204256835029781 1.158398075039868 -0.010448784154288 0.033342382117496 -0.189094046079141 -4.171971186486267
-0.589154414577496 -0.223049293726256 0.076769657344571 -0.204090123119194 1.157452604809472 -0.031308640086719 0.066643924507837 -0.377956477479735 -4.149665547312220
-0.590174865193092 -0.217262030702209 0.076613114144137 -0.203756903496655 1.155562822422074 -0.052056967823280 0.099863786999776 -0.566355679649799 -4.113172058887726
-0.591193649710575 -0.211484216590099 0.076352829305021 -0.203257584561656 1.152731044023825 -0.072622828117719 0.132961129764020 -0.754060037905235 -4.063075787226755
-0.592209937633383 -0.205720561369979 0.075989715164432 -0.202592778912836 1.148960743834299 -0.092938207053853 0.165895112878012 -0.940837937656314 -3.999961798270002
-0.593222901527948 -0.199975757650808 0.075525024129163 -0.201763303348446 1.144256554146017 -0.112938016045203 0.198624896454724 -1.126457764213384 -3.924415157913752
-0.594231718044690 -0.194254474880078 0.074960334048937 -0.200770178866172 1.138624265324950 -0.132560091834771 0.231109640593807 -1.310687903000041 -3.837020932185853
-0.595235568939021 -0.188561353553453 0.074297533589763 -0.199614630663203 1.132070825809950 -0.151745196495701 0.263308505350501 -1.493296739358829 -3.738364186916532
-0.596233642092337 -0.182900999424403 0.073538807607285 -0.198298088136450 1.124604342113156 -0.170437017430283 0.295180650842219 -1.674052658642289 -3.629029988261867
-0.597225132533019 -0.177277977713838 0.072686622520133 -0.196822184882239 1.116234078819944 -0.188582167371593 0.326685237168611 -1.852724046260690 -3.509603401856132
-0.598209243457430 -0.171696807319738 0.071743711683275 -0.195188758696396 1.106970458588641 -0.206130184380873 0.357781424389358 -2.029079287533264 -3.380669493914246
-0.599185187250912 -0.166161955026795 0.070713060761371 -0.193399851574449 1.096825062150975 -0.223033531850444 0.388428372617433 -2.202886767861401 -3.242813330330829
-0.600152186508784 -0.160677829716040 0.069597893102119 -0.191457709711362 1.085810628311668 -0.239247598502099 0.418585241943603 -2.373914872608740 -3.096619976981074
-0.601109475057341 -0.155248776574481 0.068401655109608 -0.189364783501644 1.073941053948624 -0.254730698387004 0.448211192454195 -2.541931987110058 -2.942674499732401
-0.602056298974849 -0.149879071304738 0.067128001617673 -0.187123727539373 1.061231394013074 -0.269444070885666 0.477265384248859 -2.706706496786726 -2.781561964812496
-0.602991917612546 -0.144572914334673 0.065780781263245 -0.184737400618129 1.047697861529140 -0.283351880709728 0.505706977387277 -2.868006786962418 -2.613867437885609
-0.603915604615637 -0.139334425027027 0.064364021859696 -0.182208865731193 1.033357827594328 -0.296421217899157 0.533495132017947 -3.025601243047404 -2.440175985020387
-0.604826648944293 -0.134167635889056 0.062881915770200 -0.179541390071103 1.018229821379091 -0.308622097824258 0.560589008178347 -3.179258250336492 -2.261072672153086
-0.605724355894648 -0.129076486782160 0.061338805281079 -0.176738445030211 1.002333530127408 -0.319927461185024 0.586947765977008 -3.328746194282139 -2.077142565267420
-0.606608048119799 -0.124064819131523 0.059739167975154 -0.173803706200326 0.985689799155998 -0.330313174011361 0.612530565526903 -3.473833460225784 -1.888970730102857
-0.607477066650801 -0.119136370135743 0.058087602105097 -0.170741053372692 0.968320631854869 -0.339758027661875 0.637296566883272 -3.614288433453350 -1.697142233153537
-0.608330771917664 -0.114294766976469 0.056388811966788 -0.167554570538275 0.950249189687602 -0.348243738827643 0.661204930159087 -3.749879499468367 -1.502242139641286
-0.609168544770356 -0.109543521028031 0.054647593272650 -0.164248545887480 0.931499792190260 -0.355754949525849 0.684214815449558 -3.880375043567863 -1.304855515931458
-0.609989787499793 -0.104886022067079 0.052868818525020 -0.160827471810232 0.912097916972421 -0.362279227105507 0.706285382827687 -4.005543451102156 -1.105567427896748
-0.610793924858844 -0.100325532482217 0.051057422389493 -0.157296044896094 0.892070199716910 -0.367807064244990 0.727375792397567 -4.125153107457091 -0.904962941588594
-0.611580405083325 -0.095865181483633 0.049218387068268 -0.153659165934106 0.871444434179625 -0.372331878952933 0.747445204258845 -4.238972398045160 -0.703627122659589
-0.612348700912995 -0.091507959312735 0.047356727673503 -0.149921939912812 0.850249572189399 -0.375850014566231 0.766452778466764 -4.346769708121201 -0.502145037466761
-0.613098310612559 -0.087256711451788 0.045477477600672 -0.146089676020478 0.828515723648793 -0.378360739753565 0.784357675152059 -4.448313423204286 -0.301101751520871
-0.613828758992662 -0.083114132833544 0.043585673901904 -0.142167887644717 0.806274156532771 -0.379866248511170 0.801119054401056 -4.543371928524831 -0.101082331203928
-0.614539598430885 -0.079082762050880 0.041686342659348 -0.138162292372712 0.783557296890147 -0.380371660167189 0.816696076273438 -4.631713609557497 0.097328158129295
-0.615230409892749 -0.075164975566429 0.039784484358512 -0.134078811991345 0.760398728842360 -0.379885019376543 0.831047900895499 -4.713106851552684 0.293544649570543
-0.615900803952706 -0.071362981922217 0.037885059261630 -0.129923572486867 0.736833194584596 -0.378417296128690 0.844133688340243 -4.787320040016141 0.486982078384546
-0.616550421815140 -0.067678815949294 0.035992972780986 -0.125702904045166 0.712896594384516 -0.375982385736767 0.855912598702879 -4.854121560216029 0.677055377742430
-0.617178936335366 -0.064114332977372 0.034113060852302 -0.121423341051652 0.688625986583435 -0.372597108848055 0.866343792074176 -4.913279797549297 0.863179481711696
-0.617786053040624 -0.060671203044455 0.032250075308062 -0.117091622091281 0.664059587595689 -0.368281211439497 0.875386428558222 -4.964563137397349 1.044769325172501
-0.618371511151081 -0.057350905106476 0.030408669250865 -0.112714689948490 0.639236771908702 -0.363057364813634 0.882999668210260 -5.007739965037228 1.221239840773902
-0.618935084600823 -0.054154721246933 0.028593382426796 -0.108299691607439 0.614198072083516 -0.356951165609765 0.889142671174348 -5.042578666074604 1.392005964529763
-0.619476583058860 -0.051083730886515 0.026808626598748 -0.103853978251567 0.588985178753143 -0.349991135787116 0.893774597483521 -5.068847625564477 1.556482628245759
-0.619995852950118 -0.048138804992749 0.025058670919812 -0.099385105264149 0.563640940625321 -0.342208722645887 0.896854607277398 -5.086315229092531 1.714084767839996
-0.620492778476439 -0.045320600289623 0.023347627306583 -0.094900832227762 0.538209364479858 -0.333638298806687 0.898341860624541 -5.094749861973558 1.864227316253630
-0.620967282637578 -0.042629553467223 0.021679435812549 -0.090409122924640 0.512735615169990 -0.324317162225419 0.898195517615719 -5.093919909502365 2.006325207880155
-0.621419328252201 -0.040065875391373 0.020057850001422 -0.085918145336561 0.487266015622478 -0.314285536186018 0.896374738355021 -5.083593757189142 2.139793377085863
-0.621848918978884 -0.037629545313261 0.018486422320492 -0.081436271644786 0.461848046836533 -0.303586569300589 0.892838682911012 -5.063539790253202 2.264046757374383
-0.622256100337108 -0.035320305079078 0.016968489473989 -0.076972078230231 0.436530347885267 -0.292266335513717 0.887546511396664 -5.033526394124799 2.378500283101359
-0.622640960728259 -0.033137653339652 0.015507157796420 -0.072534345673247 0.411362715914643 -0.280373834098210 0.880457383898303 -4.993321954271934 2.482568888710213
-0.623003632456625 -0.031080839760079 0.014105288625929 -0.068132058753756 0.386396106143283 -0.267960989654659 0.871530460484493 -4.942694855794016 2.575667506646140
-0.623344292750394 -0.029148859229362 0.012765483677656 -0.063774406451333 0.361682631864313 -0.255082652121428 0.860724901299292 -4.881413484414399 2.657211073662935
-0.623663164782650 -0.027340446070041 0.011490070417049 -0.059470781944837 0.337275564442241 -0.241796596753114 0.847999866371296 -4.809246225199182 2.726614521253234
-0.623960518692375 -0.025654068247830 0.010281087433283 -0.055230782612981 0.313229333316245 -0.228163524146847 0.833314515831240 -4.725961463660777 2.783292784851388
-0.624236672605439 -0.024087921581248 0.009140269812549 -0.051064210033824 0.289599525997941 -0.214247060222590 0.816628009765452 -4.631327585198353 2.826660798386710
-0.624491993655609 -0.022639923951259 0.008069034511436 -0.046981069984997 0.266442888071949 -0.200113756230657 0.797899508246935 -4.525112974969048 2.856133494944268
-0.624726899005534 -0.021307709510899 0.007068465730283 -0.042991572443762 0.243817323197104 -0.185833088755936 0.777088171393103 -4.407086018651807 2.871125810151348
-0.624941856867752 -0.020088622894913 0.006139300286503 -0.039106131586797 0.221781893103845 -0.171477459705179 0.754153159268078 -4.277015101386006 2.871052676919478
-0.625137387525686 -0.018979713429394 0.005281912987977 -0.035335365790456 0.200396817596915 -0.157122196320581 0.729053631984833 -4.134668608577474 2.855329029196640
-0.625314064354639 -0.017977729341410 0.004496302006374 -0.031690097630532 0.179723474554028 -0.142845551174598 0.701748749629694 -3.979814925747505 2.823369802630105
-0.625472514842791 -0.017079111968640 0.003782074250501 -0.028181353882384 0.159824399925290 -0.128728702161448 0.672197672280106 -3.812222437973301 2.774589928684573
-0.625613421612203 -0.016279989969013 0.003138430739694 -0.024820365520983 0.140763287735424 -0.114855752518025 0.640359560049042 -3.631659530924924 2.708404343880530
-0.625737523439808 -0.015576173530336 0.002564151977104 -0.021618567720738 0.122604990080799 -0.101313730798622 0.606193572996183 -3.437894589695123 2.624227980332619
-0.625845616278412 -0.014963148579932 0.002057583323111 -0.018587599855757 0.105415517132323 -0.088192590896959 0.569658871270029 -3.230696000031674 2.521475774376933
-0.625938554277691 -0.014436070994270 0.001616620368626 -0.015739305499407 0.089262037132165 -0.075585212025074 0.530714614872529 -3.009832146734226 2.399562656740639
-0.626017250805188 -0.013989760808610 0.001238694308501 -0.013085732425044 0.074212876398494 -0.063587398741371 0.489319964005475 -2.775071415819230 2.257903565254107
-0.626082679467313 -0.013618696426617 0.000920757314794 -0.010639132605017 0.060337519319398 -0.052297880915101 0.445434078648610 -2.526182192097437 2.095913431023012
-0.626135875130338 -0.013317008830020 0.000659267910218 -0.008411962211774 0.047706608358911 -0.041818313759986 0.399016118972639 -2.262932861261113 1.913007189277045
-0.626177934941397 -0.013078475788226 0.000450176341419 -0.006416881616911 0.036391944052605 -0.032253277813600 0.350025245050567 -1.985091808647255 1.708599774809390
-0.626210019349481 -0.012896516067962 0.000288909952351 -0.004666755391658 0.026466485009369 -0.023710278939553 0.298420616933193 -1.692427419432985 1.482106119569802
-0.626233353126440 -0.012764183642916 0.000170358557653 -0.003174652306992 0.018004347912204 -0.016299748341704 0.244161394786779 -1.384708079288366 1.232941160457214
-0.626249226387975 -0.012674161903355 0.000088859815944 -0.001953845333058 0.011080807515762 -0.010135042539418 0.187206738617718 -1.061702173250634 0.960519828305445
-0.626258995614640 -0.012618757865776 0.000038184603247 -0.001017811639970 0.005772296649509 -0.005332443397891 0.127515808587830 -0.723178086947662 0.664257060343333
-0.626264084672840 -0.012589896382528 0.000011522386258 -0.000380232597030 0.002156406214771 -0.002011158096175 0.065047764747916 -0.368904205616527 0.343567788161642
-0.626265985835825 -0.012579114351454 0.000001466595777 -0.000054993773291 0.000311885186688 -0.000293319155366 0.010998754658154 -0.062377037337580 0.058663831073264
-0.626266260804691 -0.012577554925521 0.000000000000000 0.000000000000000 0.000000000000000 0.000000000000000 0.010998754658154 -0.062377037337580 0.058663831073264
-0.626266260804691 -0.012577554925521 0.000000000000000 0.000054993773291 -0.000311885186688 0.000293319155366 0.065047764747916 -0.368904205616527 0.343567788161642
-0.626265985835825 -0.012579114351454 0.000001466595777 0.000380232597030 -0.002156406214771 0.002011158096175 0.127515808587830 -0.723178086947662 0.664257060343333
-0.626264084672840 -0.012589896382528 0.000011522386258 0.001017811639970 -0.005772296649509 0.005332443397891 0.187206738617718 -1.061702173250634 0.960519828305445
-0.626258995614640 -0.012618757865776 0.000038184603247 0.001953845333058 -0.011080807515762 0.010135042539418 0.244161394786779 -1.384708079288366 1.232941160457214
-0.626249226387975 -0.012674161903355 0.000088859815944 0.003174652306992 -0.018004347912204 0.016299748341704 0.298420616933193 -1.692427419432985 1.482106119569802
-0.626233353126440 -0.012764183642916 0.000170358557653 0.004666755391658 -0.026466485009369 0.023710278939553 0.350025245050567 -1.985091808647255 1.708599774809390
-0.626210019349481 -0.012896516067962 0.000288909952351 0.006416881616911 -0.036391944052605 0.032253277813600 0.399016118972639 -2.262932861261113 1.913007189277045
-0.626177934941397 -0.013078475788226 0.000450176341419 0.008411962211774 -0.047706608358911 0.041818313759986 0.445434078648610 -2.526182192097437 2.095913431023012
-0.626135875130338 -0.013317008830020 0.000659267910218 0.010639132605017 -0.060337519319398 0.052297880915101 0.489319964005475 -2.775071415819230 2.257903565254107
-0.626082679467313 -0.013618696426617 0.000920757314794 0.013085732425044 -0.074212876398494 0.063587398741371 0.530714614872529 -3.009832146734226 2.399562656740639
-0.626017250805188 -0.013989760808610 0.001238694308501 0.015739305499407 -0.089262037132165 0.075585212025074 0.569658871270029 -3.230696000031674 2.521475774376933
-0.625938554277691 -0.014436070994270 0.001616620368626 0.018587599855757 -0.105415517132323 0.088192590896959 0.606193572996183 -3.437894589695123 2.624227980332619
-0.625845616278412 -0.014963148579932 0.002057583323111 0.021618567720738 -0.122604990080799 0.101313730798622 0.640359560049042 -3.631659530924924 2.708404343880530
-0.625737523439808 -0.015576173530336 0.002564151977104 0.024820365520983 -0.140763287735424 0.114855752518025 0.672197672280106 -3.812222437973301 2.774589928684573
-0.625613421612203 -0.016279989969013 0.003138430739694 0.028181353882384 -0.159824399925290 0.128728702161448 0.701748749629694 -3.979814925747505 2.823369802630105
-0.625472514842791 -0.017079111968640 0.003782074250501 0.031690097630532 -0.179723474554028 0.142845551174598 0.729053631984833 -4.134668608577474 2.855329029196640
-0.625314064354639 -0.017977729341410 0.004496302006374 0.035335365790456 -0.200396817596915 0.157122196320581 0.754153159268078 -4.277015101386006 2.871052676919478
-0.625137387525686 -0.018979713429394 0.005281912987977 0.039106131586797 -0.221781893103845 0.171477459705179 0.777088171393103 -4.407086018651807 2.871125810151348
-0.624941856867752 -0.020088622894913 0.006139300286503 0.042991572443762 -0.243817323197104 0.185833088755936 0.797899508246935 -4.525112974969048 2.856133494944268
-0.624726899005534 -0.021307709510899 0.007068465730283 0.046981069984997 -0.266442888071949 0.200113756230657 0.816628009765452 -4.631327585198353 2.826660798386710
-0.624491993655609 -0.022639923951259 0.008069034511436 0.051064210033824 -0.289599525997941 0.214247060222590 0.833314515831240 -4.725961463660777 2.783292784851388
-0.624236672605439 -0.024087921581248 0.009140269812549 0.055230782612981 -0.313229333316245 0.228163524146847 0.847999866371296 -4.809246225199182 2.726614521253234
-0.623960518692375 -0.025654068247830 0.010281087433283 0.059470781944837 -0.337275564442241 0.241796596753114 0.860724901299292 -4.881413484414399 2.657211073662935
-0.623663164782650 -0.027340446070041 0.011490070417049 0.063774406451333 -0.361682631864313 0.255082652121428 0.871530460484493 -4.942694855794016 2.575667506646140
-0.623344292750394 -0.029148859229362 0.012765483677656 0.068132058753756 -0.386396106143283 0.267960989654659 0.880457383898303 -4.993321954271934 2.482568888710213
-0.623003632456625 -0.031080839760079 0.014105288625929 0.072534345673247 -0.411362715914643 0.280373834098210 0.887546511396664 -5.033526394124799 2.378500283101359
-0.622640960728259 -0.033137653339652 0.015507157796420 0.076972078230231 -0.436530347885267 0.292266335513717 0.892838682911012 -5.063539790253202 2.264046757374383
-0.622256100337108 -0.035320305079078 0.016968489473989 0.081436271644786 -0.461848046836533 0.303586569300589 0.896374738355021 -5.083593757189142 2.139793377085863
-0.621848918978884 -0.037629545313261 0.018486422320492 0.085918145336561 -0.487266015622478 0.314285536186018 0.898195517615719 -5.093919909502365 2.006325207880155
-0.621419328252201 -0.040065875391373 0.020057850001422 0.090409122924640 -0.512735615169990 0.324317162225419 0.898341860624541 -5.094749861973558 1.864227316253630
-0.620967282637578 -0.042629553467223 0.021679435812549 0.094900832227762 -0.538209364479858 0.333638298806687 0.896854607277398 -5.086315229092531 1.714084767839996
-0.620492778476439 -0.045320600289623 0.023347627306583 0.099385105264149 -0.563640940625321 0.342208722645887 0.893774597483521 -5.068847625564477 1.556482628245759
-0.619995852950118 -0.048138804992749 0.025058670919812 0.103853978251567 -0.588985178753143 0.349991135787116 0.889142671174348 -5.042578666074604 1.392005964529763
-0.619476583058860 -0.051083730886515 0.026808626598748 0.108299691607439 -0.614198072083516 0.356951165609765 0.882999668210260 -5.007739965037228 1.221239840773902
-0.618935084600823 -0.054154721246933 0.028593382426796 0.112714689948490 -0.639236771908702 0.363057364813634 0.875386428558222 -4.964563137397349 1.044769325172501
-0.618371511151081 -0.057350905106476 0.030408669250865 0.117091622091281 -0.664059587595689 0.368281211439497 0.866343792074176 -4.913279797549297 0.863179481711696
-0.617786053040624 -0.060671203044455 0.032250075308062 0.121423341051652 -0.688625986583435 0.372597108848055 0.855912598702879 -4.854121560216029 0.677055377742430
-0.617178936335366 -0.064114332977372 0.034113060852302 0.125702904045166 -0.712896594384516 0.375982385736767 0.844133688340243 -4.787320040016141 0.486982078384546
-0.616550421815140 -0.067678815949294 0.035992972780986 0.129923572486867 -0.736833194584596 0.378417296128690 0.831047900895499 -4.713106851552684 0.293544649570543
-0.615900803952706 -0.071362981922217 0.037885059261630 0.134078811991345 -0.760398728842360 0.379885019376543 0.816696076273438 -4.631713609557497 0.097328158129295
-0.615230409892749 -0.075164975566429 0.039784484358512 0.138162292372712 -0.783557296890147 0.380371660167189 0.801119054401056 -4.543371928524831 -0.101082331203928
-0.614539598430885 -0.079082762050880 0.041686342659348 0.142167887644717 -0.806274156532771 0.379866248511170 0.784357675152059 -4.448313423204286 -0.301101751520871
-0.613828758992662 -0.083114132833544 0.043585673901904 0.146089676020478 -0.828515723648793 0.378360739753565 0.766452778466764 -4.346769708121201 -0.502145037466761
-0.613098310612559 -0.087256711451788 0.045477477600672 0.149921939912812 -0.850249572189399 0.375850014566231 0.747445204258845 -4.238972398045160 -0.703627122659589
-0.612348700912995 -0.091507959312735 0.047356727673503 0.153659165934106 -0.871444434179625 0.372331878952933 0.727375792397567 -4.125153107457091 -0.904962941588594
-0.611580405083325 -0.095865181483633 0.049218387068268 0.157296044896094 -0.892070199716910 0.367807064244990 0.706285382827687 -4.005543451102156 -1.105567427896748
-0.610793924858844 -0.100325532482217 0.051057422389493 0.160827471810232 -0.912097916972421 0.362279227105507 0.684214815449558 -3.880375043567863 -1.304855515931458
-0.609989787499793 -0.104886022067079 0.052868818525020 0.164248545887480 -0.931499792190260 0.355754949525849 0.661204930159087 -3.749879499468367 -1.502242139641286
-0.609168544770356 -0.109543521028031 0.054647593272650 0.167554570538275 -0.950249189687602 0.348243738827643 0.637296566883272 -3.614288433453350 -1.697142233153537
-0.608330771917664 -0.114294766976469 0.056388811966788 0.170741053372692 -0.968320631854869 0.339758027661875 0.612530565526903 -3.473833460225784 -1.888970730102857
-0.607477066650801 -0.119136370135743 0.058087602105097 0.173803706200326 -0.985689799155998 0.330313174011361 0.586947765977008 -3.328746194282139 -2.077142565267420
-0.606608048119799 -0.124064819131523 0.059739167975154 0.176738445030211 -1.002333530127408 0.319927461185024 0.560589008178347 -3.179258250336492 -2.261072672153086
-0.605724355894648 -0.129076486782160 0.061338805281079 0.179541390071103 -1.018229821379091 0.308622097824258 0.533495132017947 -3.025601243047404 -2.440175985020387
-0.604826648944293 -0.134167635889056 0.062881915770200 0.182208865731193 -1.033357827594328 0.296421217899157 0.505706977387277 -2.868006786962418 -2.613867437885609
-0.603915604615637 -0.139334425027027 0.064364021859696 0.184737400618129 -1.047697861529140 0.283351880709728 0.477265384248859 -2.706706496786726 -2.781561964812496
-0.602991917612546 -0.144572914334673 0.065780781263245 0.187123727539373 -1.061231394013074 0.269444070885666 0.448211192454195 -2.541931987110058 -2.942674499732401
-0.602056298974849 -0.149879071304738 0.067128001617673 0.189364783501644 -1.073941053948624 0.254730698387004 0.418585241943603 -2.373914872608740 -3.096619976981074
-0.601109475057341 -0.155248776574481 0.068401655109608 0.191457709711362 -1.085810628311668 0.239247598502099 0.388428372617433 -2.202886767861401 -3.242813330330829
-0.600152186508784 -0.160677829716040 0.069597893102119 0.193399851574449 -1.096825062150975 0.223033531850444 0.357781424389358 -2.029079287533264 -3.380669493914246
-0.599185187250912 -0.166161955026795 0.070713060761371 0.195188758696396 -1.106970458588641 0.206130184380873 0.326685237168611 -1.852724046260690 -3.509603401856132
-0.598209243457430 -0.171696807319738 0.071743711683275 0.196822184882239 -1.116234078819944 0.188582167371593 0.295180650842219 -1.674052658642289 -3.629029988261867
-0.597225132533019 -0.177277977713838 0.072686622520133 0.198298088136450 -1.124604342113156 0.170437017430283 0.263308505350501 -1.493296739358829 -3.738364186916532
-0.596233642092337 -0.182900999424403 0.073538807607285 0.199614630663203 -1.132070825809950 0.151745196495701 0.231109640593807 -1.310687903000041 -3.837020932185853
-0.595235568939021 -0.188561353553453 0.074297533589763 0.200770178866172 -1.138624265324950 0.132560091834771 0.198624896454724 -1.126457764213384 -3.924415157913752
-0.594231718044690 -0.194254474880078 0.074960334048937 0.201763303348446 -1.144256554146017 0.112938016045203 0.165895112878012 -0.940837937656314 -3.999961798270002
-0.593222901527948 -0.199975757650808 0.075525024129163 0.202592778912836 -1.148960743834299 0.092938207053853 0.132961129764020 -0.754060037905235 -4.063075787226755
-0.592209937633383 -0.205720561369979 0.075989715164432 0.203257584561656 -1.152731044023825 0.072622828117719 0.099863786999776 -0.566355679649799 -4.113172058887726
-0.591193649710575 -0.211484216590099 0.076352829305021 0.203756903496655 -1.155562822422074 0.052056967823280 0.066643924507837 -0.377956477479735 -4.149665547312220
-0.590174865193092 -0.217262030702209 0.076613114144137 0.204090123119194 -1.157452604809472 0.031308640086719 0.033342382117496 -0.189094046079141 -4.171971186486267
-0.589154414577496 -0.223049293726256 0.076769657344571 0.204256835029781 -1.158398075039868 0.010448784154288 0.000000000097700 0.000000000019984 -4.179513661705103
-0.588133130402347 -0.228841284101456 0.076821901265342 0.204256835030270 -1.158398075039768 -0.010448784154238 -0.033342382215196 0.189094046053606 -4.171971186476831
-0.587111846227196 -0.234633274476654 0.076769657344571 0.204090123119194 -1.157452604809500 -0.031308640086622 -0.066643924507837 0.377956477487507 -4.149665547353854
-0.586091395611600 -0.240420537500702 0.076613114144138 0.203756903496655 -1.155562822422063 -0.052056967823391 -0.099863786999776 0.566355679643138 -4.113172058874959
-0.585072611094116 -0.246198351612812 0.076352829305021 0.203257584561656 -1.152731044023847 -0.072622828117766 -0.132961129764020 0.754060037915227 -4.063075787200110
-0.584056323171308 -0.251962006832931 0.075989715164432 0.202592778912836 -1.148960743834271 -0.092938207053767 -0.165895112878012 0.940837937646322 -3.999961798309415
-0.583043359276744 -0.257706810552103 0.075525024129163 0.201763303348446 -1.144256554146039 -0.112938016045314 -0.198624896454724 1.126457764220046 -3.924415157872119
-0.582034542760002 -0.263428093322833 0.074960334048937 0.200770178866172 -1.138624265324939 -0.132560091834674 -0.231109640593807 1.310687902993379 -3.837020932200286
-0.581030691865671 -0.269121214649458 0.074297533589763 0.199614630663203 -1.132070825809972 -0.151745196495676 -0.263308505350501 1.493296739361050 -3.738364186950949
-0.580032618712355 -0.274781568778508 0.073538807607285 0.198298088136450 -1.124604342113167 -0.170437017430430 -0.295180650842219 1.674052658651171 -3.629029988210242
-0.579041128271673 -0.280404590489073 0.072686622520133 0.196822184882239 -1.116234078819911 -0.188582167371482 -0.326685237168611 1.852724046251808 -3.509603401888328
-0.578057017347261 -0.285985760883173 0.071743711683275 0.195188758696396 -1.106970458588652 -0.206130184380923 -0.357781424389358 2.029079287533264 -3.380669493928679
-0.577081073553779 -0.291520613176116 0.070713060761371 0.193399851574449 -1.096825062150986 -0.223033531850567 -0.388428372617433 2.202886767865841 -3.242813330311400
-0.576114074295907 -0.297004738486871 0.069597893102118 0.191457709711362 -1.085810628311656 -0.239247598502124 -0.418585241943603 2.373914872602079 -3.096619976961645
-0.575156785747350 -0.302433791628429 0.068401655109607 0.189364783501644 -1.073941053948646 -0.254730698386932 -0.448211192454195 2.541931987116719 -2.942674499761266
-0.574209961829842 -0.307803496898173 0.067128001617673 0.187123727539373 -1.061231394013062 -0.269444070885738 -0.477265384244419 2.706706496784506 -2.781561964782520
-0.573274343192145 -0.313109653868238 0.065780781263244 0.184737400618151 -1.047697861529140 -0.283351880709651 -0.505706977396159 2.868006786969080 -2.613867437866180
-0.572350656189054 -0.318348143175884 0.064364021859696 0.182208865731170 -1.033357827594295 -0.296421217898982 -0.533495132013506 3.025601243036302 -2.440175985042037
-0.571439611860399 -0.323514932313855 0.062881915770201 0.179541390071103 -1.018229821379113 -0.308622097824192 -0.560589008178347 3.179258250345374 -2.261072672163633
-0.570541904910043 -0.328606081420751 0.061338805281080 0.176738445030211 -1.002333530127386 -0.319927461185010 -0.586947765981449 3.328746194282139 -2.077142565246881
-0.569658212684892 -0.333617749071388 0.059739167975155 0.173803706200304 -0.985689799155975 -0.330313174011244 -0.612530565513580 3.473833460201359 -1.888970730241080
-0.568789194153891 -0.338546198067168 0.058087602105099 0.170741053372736 -0.968320631854969 -0.339758027662450 -0.637296566892154 3.614288433477775 -1.697142233028637
-0.567935488887027 -0.343387801226442 0.056388811966786 0.167554570538275 -0.950249189687580 -0.348243738827593 -0.661204930163528 3.749879499472808 -1.502242139611587
-0.567097716034335 -0.348139047174880 0.054647593272648 0.164248545887458 -0.931499792190216 -0.355754949525651 -0.684214815445117 3.880375043556761 -1.304855515954217
-0.566276473304898 -0.352796546135831 0.052868818525020 0.160827471810232 -0.912097916972432 -0.362279227105422 -0.706285382827687 4.005543451104376 -1.105567427924781
-0.565472335945847 -0.357357035720693 0.051057422389493 0.157296044896094 -0.892070199716910 -0.367807064245046 -0.727375792402007 4.125153107461532 -0.904962941551402
-0.564685855721367 -0.361817386719278 0.049218387068268 0.153659165934084 -0.871444434179602 -0.372331878952803 -0.747445204249964 4.238972398027396 -0.703627122715378
-0.563917559891696 -0.366174608890176 0.047356727673504 0.149921939912834 -0.850249572189465 -0.375850014566380 -0.766452778471205 4.346769708145626 -0.502145037422908
-0.563167950192132 -0.370425856751123 0.045477477600672 0.146089676020478 -0.828515723648737 -0.378360739753494 -0.784357675152059 4.448313423190964 -0.301101751547794
-0.562437501812030 -0.374568435369367 0.043585673901904 0.142167887644717 -0.806274156532782 -0.379866248511233 -0.801119054401056 4.543371928533713 -0.101082331144253
-0.561726662373806 -0.378599806152031 0.041686342659348 0.138162292372712 -0.783557296890114 -0.380371660166955 -0.816696076273438 4.631713609537513 0.097328157983301
-0.561035850911942 -0.382517592636482 0.039784484358514 0.134078811991345 -0.760398728842426 -0.379885019377038 -0.831047900895499 4.713106851574889 0.293544649751509
-0.560365456851986 -0.386319586280694 0.037885059261628 0.129923572486867 -0.736833194584552 -0.378417296128281 -0.844133688340243 4.787320040013920 0.486982078298781
-0.559715838989551 -0.390003752253616 0.035992972780987 0.125702904045166 -0.712896594384482 -0.375982385736787 -0.855912598702879 4.854121560207147 0.677055377655000
-0.559087324469326 -0.393568235225539 0.034113060852303 0.121423341051652 -0.688625986583447 -0.372597108848512 -0.866343792074176 4.913279797547077 0.863179481869625
-0.558480207764067 -0.397011365158456 0.032250075308060 0.117091622091281 -0.664059587595711 -0.368281211439164 -0.875386428558222 4.964563137381806 1.044769324995976
-0.557894749653611 -0.400331663096435 0.030408669250865 0.112714689948490 -0.639236771908802 -0.363057364814184 -0.882999668214701 5.007739965088298 1.221239841092536
-0.557331176203868 -0.403527846955979 0.028593382426794 0.108299691607416 -0.614198072083361 -0.356951165608721 -0.889142671165466 5.042578666030195 1.392005964218623
-0.556789677745831 -0.406598837316395 0.026808626598750 0.103853978251589 -0.588985178753210 -0.349991135787628 -0.893774597487962 5.068847625577799 1.556482628407996
-0.556270407854573 -0.409543763210162 0.025058670919812 0.099385105264149 -0.563640940625321 -0.342208722645588 -0.896854607277398 5.086315229099192 1.714084767733270
-0.555773482328253 -0.412361967913288 0.023347627306584 0.094900832227762 -0.538209364479825 -0.333638298806922 -0.898341860624541 5.094749861955794 1.864227316243638
-0.555298978167114 -0.415053014735687 0.021679435812549 0.090409122924640 -0.512735615170046 -0.324317162225703 -0.898195517615719 5.093919909524569 2.006325207983684
-0.554846932552491 -0.417616692811537 0.020057850001421 0.085918145336561 -0.487266015622423 -0.314285536185785 -0.896374738355021 5.083593757171379 2.139793377018284
-0.554417341825808 -0.420053022889650 0.018486422320492 0.081436271644786 -0.461848046836566 -0.303586569300693 -0.892838682911012 5.063539790250982 2.264046757397753
-0.554010160467584 -0.422362263123832 0.016968489473989 0.076972078230231 -0.436530347885311 -0.292266335513705 -0.887546511396664 5.033526394151444 2.378500283168539
-0.553625300076433 -0.424544914863259 0.015507157796420 0.072534345673247 -0.411362715914554 -0.280373834097862 -0.880457383893862 4.993321954227525 2.482568888395253
-0.553262628348066 -0.426601728442832 0.014105288625931 0.068132058753778 -0.386396106143416 -0.267960989655886 -0.871530460497816 4.942694855847307 2.575667507124646
-0.552921968054298 -0.428533708973549 0.012765483677651 0.063774406451289 -0.361682631864180 -0.255082652120263 -0.860724901285970 4.881413484387753 2.657211073408694
-0.552603096022041 -0.430342122132870 0.011490070417050 0.059470781944859 -0.337275564442241 -0.241796596753219 -0.847999866375737 4.809246225199182 2.726614521307014
-0.552305742112317 -0.432028499955081 0.010281087433284 0.055230782612981 -0.313229333316245 -0.228163524146684 -0.833314515835681 4.725961463667439 2.783292784869079
-0.552029588199252 -0.433594646621662 0.009140269812550 0.051064210033802 -0.289599525997908 -0.214247060222339 -0.816628009756570 4.631327585153944 2.826660798150582
-0.551774267149083 -0.435042644251652 0.008069034511439 0.046981069985019 -0.266442888072138 -0.200113756231586 -0.797899508251376 4.525112975020118 2.856133495201768
-0.551539361799158 -0.436374858692012 0.007068465730281 0.042991572443762 -0.243817323197038 -0.185833088755577 -0.777088171388662 4.407086018640705 2.871125810080294
-0.551324403936939 -0.437593945307998 0.006139300286503 0.039106131586819 -0.221781893103834 -0.171477459705175 -0.754153159276960 4.277015101381565 2.871052676835861
-0.551128873279005 -0.438702854773517 0.005281912987977 0.035335365790434 -0.200396817596926 -0.157122196320996 -0.729053631980392 4.134668608608560 2.855329029526588
-0.550952196450053 -0.439704838861501 0.004496302006372 0.031690097630532 -0.179723474553883 -0.142845551173363 -0.701748749629694 3.979814925696434 2.823369802200881
-0.550793745961900 -0.440603456234271 0.003782074250505 0.028181353882384 -0.159824399925401 -0.128728702162359 -0.672197672280106 3.812222438002166 2.774589928916021
-0.550652839192488 -0.441402578233898 0.003138430739693 0.024820365520983 -0.140763287735390 -0.114855752517779 -0.640359560044601 3.631659530898279 2.708404343723450
-0.550528737364883 -0.442106394672575 0.002564151977105 0.021618567720760 -0.122604990080899 -0.101313730799161 -0.606193573009506 3.437894589757295 2.624227980679033
-0.550420644526279 -0.442719419622979 0.002057583323109 0.018587599855713 -0.105415517132113 -0.088192590895766 -0.569658871252265 3.230695999940636 2.521475773833384
-0.550327706527001 -0.443246497208640 0.001616620368630 0.015739305499451 -0.089262037132409 -0.075585212026599 -0.530714614890293 3.009832146814162 2.399562657242329
-0.550249009999504 -0.443692807394302 0.001238694308497 0.013085732425000 -0.074212876398339 -0.063587398740388 -0.489319963987711 2.775071415757058 2.257903564958260
-0.550183581337379 -0.444063871776294 0.000920757314795 0.010639132605061 -0.060337519319553 -0.052297880915596 -0.445434078657492 2.526182192121862 2.095913431035498
-0.550130385674353 -0.444365559372891 0.000659267910217 0.008411962211774 -0.047706608358944 -0.041818313760419 -0.399016118977080 2.262932861287759 1.913007189526775
-0.550088325863294 -0.444604092414686 0.000450176341415 0.006416881616889 -0.036391944052505 -0.032253277812785 -0.350025245041685 1.985091808616168 1.708599774486359
-0.550056241455210 -0.444786052134949 0.000288909952351 0.004666755391680 -0.026466485009424 -0.023710278940353 -0.298420616946515 1.692427419481835 1.482106119967361
-0.550032907678252 -0.444918384559996 0.000170358557649 0.003174652306948 -0.018004347912015 -0.016299748340516 -0.244161394773457 1.384708079237296 1.232941160023505
-0.550017034416717 -0.445008406299556 0.000088859815947 0.001953845333080 -0.011080807515829 -0.010135042540399 -0.187206738626600 1.061702173275059 0.960519828708316
-0.550007265190051 -0.445063810337135 0.000038184603245 0.001017811639947 -0.005772296649453 -0.005332443396857 -0.127515808583389 0.723178086934340 0.664257060075343
