-0.550000155321655 -0.449559088430357 0.000000810927397 -0.000215253682789 0.001220764297816 0.001116152716615 -0.072474618963980 0.411023988919901 0.371155209783636
-0.550001231590069 -0.449552984608867 0.000006391690980 -0.000577626777609 0.003275884242415 0.002971928765533 -0.106815249205638 0.605779380855598 0.540335773063254
-0.550004119723957 -0.449536605187655 0.000021251334808 -0.001111703023637 0.006304781146693 0.005673607630849 -0.139875376947707 0.793272682324542 0.698553840443202
-0.550009678239075 -0.449505081281922 0.000049619372962 -0.001811079908376 0.010271144558316 0.009166376833065 -0.171670618103192 0.973592455384420 0.846028115083569
-0.550018733638617 -0.449453725559130 0.000095451257127 -0.002669432998892 0.015139106835238 0.013396517408483 -0.202216588522930 1.146827262128447 0.982977300144459
-0.550032080803612 -0.449378030024954 0.000162433844170 -0.003680515941507 0.020873243145880 0.018311403909205 -0.231528904115486 1.313065664625412 1.109620098785918
-0.550050483383319 -0.449273663809225 0.000253990863716 -0.004838160462084 0.027438571469007 0.023859504403135 -0.259623180753898 1.472396224959649 1.226175214168127
-0.550074674185630 -0.449136470951880 0.000373288385731 -0.006136276365853 0.034800552593806 0.029990380473976 -0.286515034320090 1.624907505206608 1.332861349451042
-0.550105355567459 -0.448962468188911 0.000523240288101 -0.007568851537454 0.042925090119839 0.036654687221231 -0.312220080718184 1.770688067455062 1.429897207795033
-0.550143199825146 -0.448747842738311 0.000706513724207 -0.009129951941045 0.051778530457114 0.043804173260206 -0.336753935790135 1.909826473771581 1.517501492359817
-0.550188849584851 -0.448488950086026 0.000925534590508 -0.010813721619995 0.061327662825972 0.051391680722005 -0.360132215471154 2.042411286240498 1.595892906305707
-0.550242918192951 -0.448182311771896 0.001182492994118 -0.012614382697351 0.071539719257174 0.059371145253534 -0.382370535607635 2.168531066941704 1.665290152792928
-0.550305990106438 -0.447824613175610 0.001479348720386 -0.014526235375389 0.082382374591883 0.067697596017498 -0.403484512094821 2.288274377952870 1.725911934981020
-0.550378621283315 -0.447412701302651 0.001817836700474 -0.016543657935864 0.093823746481647 0.076327155692403 -0.423489760823514 2.401729781353890 1.777976956030633
-0.550461339572994 -0.446943582570243 0.002199472478936 -0.018661106739981 0.105832395388417 0.085217040472556 -0.442401897671196 2.508985839222433 1.821703919102358
-0.550554645106694 -0.446414420593300 0.002625557681298 -0.020873116228337 0.118377324584529 0.094325560068068 -0.460236538519787 2.610131113640612 1.857311527354577
-0.550659010687836 -0.445822533970378 0.003097185481639 -0.023174298920936 0.131427980152732 0.103612117704841 -0.477009299264530 2.705254166683879 1.885018483949000
-0.550774882182441 -0.445165394069614 0.003615246070163 -0.025559345417259 0.144954250986151 0.113037210124586 -0.492735795765142 2.794443560432125 1.905043492044478
-0.550902678909527 -0.444440622814683 0.004180432120786 -0.028023024396084 0.158926468788312 0.122562427584809 -0.507431643943512 2.877787856965242 1.917605254803459
-0.551042794031507 -0.443645990470742 0.004793244258710 -0.030560182615802 0.173315408073138 0.132150453858826 -0.521112459641593 2.955375618360900 1.922922475382471
-0.551195594944586 -0.442779413430376 0.005453996528004 -0.033165744914010 0.188092286164943 0.141765066235738 -0.533793858776832 3.027295406703434 1.921213856944481
-0.551361423669156 -0.441838951999551 0.006162821859183 -0.035834714207894 0.203228763198460 0.151371135520461 -0.545491457222269 3.093635784061632 1.912698102648214
-0.551540597240196 -0.440822808183559 0.006919677536785 -0.038562171494005 0.218696942118768 0.160934626033702 -0.556220870842061 3.154485312526489 1.897593915654933
-0.551733408097666 -0.439729323472965 0.007724350666954 -0.041343275848216 0.234469368681400 0.170422595611976 -0.565997715553657 3.209932554162354 1.876119999121434
-0.551940124476907 -0.438556976629558 0.008576463645013 -0.044173264425984 0.250519031452212 0.179803195607584 -0.574837607216772 3.260066071069101 1.848495056213789
-0.552160990799037 -0.437304381472297 0.009475479623051 -0.047047452462068 0.266819361807558 0.189045670888652 -0.582756161735531 3.304974425299978 1.814937790087995
-0.552396228061347 -0.435970284663259 0.010420707977495 -0.049961233270746 0.283344233934057 0.198120359839092 -0.589768994974094 3.344746178959301 1.775666903900963
-0.552646034227701 -0.434553563493589 0.011411309776690 -0.052910078245616 0.300067964828854 0.206998694358597 -0.595891722818820 3.379469894106979 1.730901100821736
-0.552910584618929 -0.433053223669445 0.012446303248483 -0.055889536859710 0.316965314299389 0.215653199862706 -0.601139961173836 3.409234132831784 1.680859084000547
-0.553190032303228 -0.431468397097948 0.013524569247797 -0.058895236665579 0.334011484963548 0.224057495282709 -0.605529325898857 3.434127457211389 1.625759556605422
-0.553484508486556 -0.429798339673130 0.014644856724210 -0.061922883295074 0.351182122249605 0.232186293065736 -0.609075432884687 3.454238429321244 1.565821221796160
-0.553794122903031 -0.428042429061882 0.015805788189539 -0.064968260459497 0.368453314396211 0.240015399174717 -0.611793898035451 3.469655611245681 1.501262782721280
-0.554118964205328 -0.426200162489901 0.017005865185412 -0.068027229949674 0.385801592452439 0.247521713088323 -0.613700337193102 3.480467565057932 1.432302942552116
-0.554459100355077 -0.424271154527639 0.018243473750854 -0.071095731635640 0.403203930277729 0.254683227801084 -0.614810366297291 3.486762852844549 1.359160404457571
-0.554814579013255 -0.422255134876250 0.019516889889859 -0.074169783467126 0.420637744541952 0.261479029823371 -0.615139601172210 3.488630036674323 1.282053871568822
-0.555185427930591 -0.420151946153541 0.020824285038976 -0.077245481472987 0.438080894725323 0.267889299181216 -0.614703657744187 3.486157678638246 1.201202047080441
-0.555571655337955 -0.417961541679914 0.022163731534882 -0.080318999761708 0.455511683118515 0.273895309416618 -0.613518151890702 3.479434340802889 1.116823634116082
-0.555973250336764 -0.415683983264321 0.023533208081965 -0.083386590521162 0.472908854822529 0.279479427587198 -0.611598699480354 3.468548585259246 1.029137335868680
-0.556390183289370 -0.413319438990209 0.024930605219901 -0.086444584018563 0.490251597748825 0.284625114266542 -0.608960916399504 3.453588974071664 0.938361855492842
-0.556822406209463 -0.410868181001465 0.026353730791234 -0.089489388600561 0.507519542619184 0.289316923544006 -0.605620418561159 3.434644069342241 0.844715896118753
-0.557269853152465 -0.408330583288369 0.027800315408954 -0.092517490693367 0.524692762965895 0.293540503024599 -0.601592821802832 3.411802433122002 0.748418160948094
-0.557732440605932 -0.405707119473539 0.029268017924077 -0.095525454802381 0.541751775131505 0.297282593829340 -0.596893742055293 3.385152627513044 0.649687353103945
-0.558210067879944 -0.402998360597882 0.030754430893224 -0.098509923512657 0.558677538269070 0.300531030594860 -0.591538795151614 3.354783214577495 0.548742175785488
-0.558702617497507 -0.400204972906536 0.032257086046198 -0.101467617488415 0.575451454341958 0.303274741473787 -0.585543597027005 3.320782756410789 0.445801332107920
-0.559209955584950 -0.397327715634826 0.033773459753567 -0.104395335473551 0.592055368124011 0.305503748134327 -0.578923763532302 3.283239815075056 0.341083525273178
-0.559731932262317 -0.394367438794206 0.035300978494239 -0.107289954291212 0.608471567199387 0.307209165760693 -0.571694910567189 3.242242952659069 0.234807458416031
-0.560268382033773 -0.391325080958210 0.036837024323042 -0.110148428844048 0.624682781962682 0.308383203052773 -0.563872654004705 3.197880731249381 0.127191834697893
-0.560819124177994 -0.388201667048396 0.038378940338306 -0.112967792114071 0.640672185618929 0.309019162226262 -0.555472609744534 3.150241712905899 0.018455357289893
-0.561383963138564 -0.384998306120301 0.039924036149437 -0.115745155162794 0.656423394183459 0.309111439012712 -0.546510393641952 3.099414459712957 -0.091183270660988
-0.561962688914378 -0.381716189149384 0.041469593344501 -0.118477707131004 0.671920466482023 0.308655522659407 -0.537001621614408 3.045487533772651 -0.201505345961972
-0.562555077450033 -0.378356586816974 0.043012870957798 -0.121162715239076 0.687147904150887 0.307647995929597 -0.526961909526058 2.988549497127124 -0.312292165512429
-0.563160891026228 -0.374920847296220 0.044551110937446 -0.123797524786706 0.702090651636522 0.306086535102035 -0.516406873267705 2.928688911887356 -0.423325026096266
-0.563779878650162 -0.371410394038037 0.046081543612956 -0.126379559153045 0.716734096195959 0.303969909971553 -0.505352128716829 2.865994340104372 -0.534385224586487
-0.564411776445927 -0.367826723557057 0.047601393162814 -0.128906319796629 0.731064067896481 0.301297983848621 -0.493813291773115 2.800554343889150 -0.645254057790590
-0.565056308044910 -0.364171403217575 0.049107883082057 -0.131375386255494 0.745066839615927 0.298071713559668 -0.481805978291838 2.732457485286055 -0.755712822612109
-0.565713184976188 -0.360446069019495 0.050598241649855 -0.133784416146954 0.758729127042357 0.294293149446608 -0.469345804186005 2.661792326403845 -0.865542815799147
-0.566382107056922 -0.356652423384283 0.052069707397088 -0.136131145167884 0.772038088674376 0.289965435367612 -0.456448385328656 2.588647429306867 -0.974525334272447
-0.567062762782762 -0.352792232940911 0.053519534573926 -0.138413387094527 0.784981325820910 0.285092808696250 -0.443129337601711 2.513111356068354 -1.082441674816192
-0.567754829718235 -0.348867326311807 0.054944998617408 -0.140629033782536 0.797546882601252 0.279680600322169 -0.429404276887091 2.435272668781518 -1.189073134330587
-0.568457974887147 -0.344879591898801 0.056343401619019 -0.142776055166971 0.809723245945160 0.273735234650516 -0.415288819080040 2.355219929524033 -1.294201009590656
-0.569171855162982 -0.340830975669075 0.057712077792271 -0.144852499262371 0.821499345592780 0.267264229602562 -0.400798580044714 2.273041700360245 -1.397606597472456
-0.569896117659294 -0.336723478941111 0.059048398940284 -0.146856492162595 0.832864554094581 0.260276196615200 -0.385949175689682 2.188826543385591 -1.499071194800694
-0.570630400120107 -0.332559156170638 0.060349779923360 -0.148786238041043 0.843808686811509 0.252780840641197 -0.370756221887980 2.102663020666640 -1.598376098442267
-0.571374331310312 -0.328340112736581 0.061613684126566 -0.150640019150483 0.854322001914842 0.244788960148985 -0.355235334503767 2.014639694296605 -1.695302605180526
-0.572127531406065 -0.324068502727006 0.062837628927311 -0.152416195823002 0.864395200386325 0.236312447123083 -0.339402129458932 1.924845126335395 -1.789632011974795
-0.572889612385180 -0.319746526725075 0.064019191162926 -0.154113206470297 0.874019426018002 0.227364287063209 -0.323272222613191 1.833367878882886 -1.881145615458824
-0.573660178417531 -0.315376429594985 0.065156012598242 -0.155729567583363 0.883186265412417 0.217958558985915 -0.306861229852906 1.740296514003425 -1.969624712680473
-0.574438826255448 -0.310960498267923 0.066245805393172 -0.157263873732627 0.891887747982434 0.208110435422512 -0.290184767064439 1.645719593774686 -2.054850600439195
-0.575225145624111 -0.306501059528010 0.067286357570284 -0.158714797567949 0.900116345951307 0.197836182420316 -0.273258450129710 1.549725680298764 -2.136604575384560
-0.576018719611951 -0.302000477798254 0.068275538482386 -0.160081089818598 0.907864974352801 0.187153159543393 -0.256097894939522 1.452403335613361 -2.214667934651304
-0.576819125061044 -0.297461152926490 0.069211304280103 -0.161361579293295 0.915126991030868 0.176079819870137 -0.238718717371356 1.353841121845001 -2.288821974850697
-0.577625932957510 -0.292885517971336 0.070091703379454 -0.162555172880152 0.921896196640093 0.164635709995883 -0.221136533320454 1.254127601038046 -2.358847992924851
-0.578438708821911 -0.288276036988135 0.070914881929433 -0.163660855546754 0.928166834645283 0.152841470031259 -0.203366958646534 1.153351335285713 -2.424527285678213
-0.579257013099645 -0.283635202814909 0.071679089279589 -0.164677690339987 0.933933591321712 0.140718833602868 -0.185425609249279 1.051600886647908 -2.485641149970186
-0.580080401551345 -0.278965534858300 0.072382683447604 -0.165604818386234 0.939191595754951 0.128290627853017 -0.167328101023934 0.948964817246711 -2.541970882700695
-0.580908425643276 -0.274269576879525 0.073024136586869 -0.166441458891353 0.943936419841185 0.115580773439514 -0.149090049839096 0.845531689122048 -2.593297780488779
-0.581740632937733 -0.269549894780319 0.073602040454066 -0.167186909140549 0.948164078286795 0.102614284537070 -0.130727071576686 0.741390064364911 -2.639403140526908
-0.582576567483435 -0.264809074388885 0.074115111876752 -0.167840544498432 0.951871028608620 0.089417268834435 -0.112254782123067 0.636628505050751 -2.680068259325319
-0.583415770205927 -0.260049719245842 0.074562198220924 -0.168401818409047 0.955054171133873 0.076016927537809 -0.093688797382363 0.531335573266123 -2.715074433810027
-0.584257779297973 -0.255274448390173 0.074942282858613 -0.168870262395959 0.957710849000204 0.062441555368759 -0.075044733205409 0.425599831087586 -2.744202961041942
-0.585102130609953 -0.250485894145172 0.075254490635457 -0.169245486061986 0.959838848155642 0.048720540563549 -0.056338205496331 0.319509840590593 -2.767235137526858
-0.585948358040262 -0.245686699904394 0.075498093338275 -0.169527177089468 0.961436397358595 0.034884364875915 -0.037584830141490 0.213154163867246 -2.783952260399514
-0.586795993925710 -0.240879517917601 0.075672515162654 -0.169715101240175 0.962502168177931 0.020964603573917 -0.018800223009485 0.106621362965242 -2.794135626219552
-0.587644569431911 -0.236067007076711 0.075777338180524 -0.169809102355223 0.963035274992757 0.006993925442819 0.000000000115463 -0.000000000084377 -2.797570177157094
-0.588493614943687 -0.231251830701747 0.075812307807738 -0.169809102354646 0.963035274992335 -0.006993925442966 0.018800222898463 -0.106621362887527 -2.794135626157379
-0.589342660455460 -0.226436654326786 0.075777338180523 -0.169715101240153 0.962502168177898 -0.020964603573753 0.037584830137050 -0.213154163849483 -2.783952260451694
-0.590191235961661 -0.221624143485896 0.075672515162654 -0.169527177089468 0.961436397358650 -0.034884364876012 0.056338205491890 -0.319509840603915 -2.767235137540180
-0.591038871847108 -0.216816961499103 0.075498093338274 -0.169245486062009 0.959838848155631 -0.048720540563713 0.075044733214291 -0.425599831083145 -2.744202960934250
-0.591885099277418 -0.212017767258325 0.075254490635456 -0.168870262395937 0.957710849000215 -0.062441555368384 0.093688797373481 -0.531335573270564 -2.715074433947140
-0.592729450589398 -0.207229213013324 0.074942282858614 -0.168401818409070 0.955054171133862 -0.076016927538120 0.112254782131949 -0.636628505057413 -2.680068259259816
-0.593571459681443 -0.202453942157654 0.074562198220923 -0.167840544498410 0.951871028608575 -0.089417268834419 0.130727071572245 -0.741390064353808 -2.639403140500818
-0.594410662403935 -0.197694587014612 0.074115111876751 -0.167186909140549 0.948164078286806 -0.102614284536923 0.149090049839096 -0.845531689124268 -2.593297780499881
-0.595246596949638 -0.192953766623177 0.073602040454066 -0.166441458891353 0.943936419841185 -0.115580773439422 0.167328101019493 -0.948964817240050 -2.541970882724565
-0.596078804244095 -0.188234084523972 0.073024136586869 -0.165604818386256 0.939191595754985 -0.128290627853045 0.185425609258161 -1.051600886659010 -2.485641149989060
-0.596906828336026 -0.183538126545197 0.072382683447604 -0.164677690339965 0.933933591321690 -0.140718833602990 0.203366958642093 -1.153351335283492 -2.424527285664890
-0.597730216787726 -0.178868458588588 0.071679089279589 -0.163660855546754 0.928166834645272 -0.152841470031315 0.221136533320454 -1.254127601038046 -2.358847992879332
-0.598548521065460 -0.174227624415362 0.070914881929432 -0.162555172880152 0.921896196640082 -0.164635709995711 0.238718717371356 -1.353841121842780 -2.288821974860689
-0.599361296929860 -0.169618143432161 0.070091703379454 -0.161361579293295 0.915126991030868 -0.176079819870015 0.256097894935081 -1.452403335608921 -2.214667934697379
-0.600168104826327 -0.165042508477007 0.069211304280104 -0.160081089818620 0.907864974352823 -0.187153159543502 0.273258450134151 -1.549725680305425 -2.136604575387335
-0.600968510275420 -0.160503183605243 0.068275538482386 -0.158714797567949 0.900116345951296 -0.197836182420438 0.290184767068880 -1.645719593776906 -2.054850600388125
-0.601762084263260 -0.156002601875486 0.067286357570284 -0.157263873732605 0.891887747982412 -0.208110435422379 0.306861229848465 -1.740296513996764 -1.969624712715445
-0.602548403631923 -0.151543163135574 0.066245805393172 -0.155729567583363 0.883186265412428 -0.217958558985956 0.323272222613191 -1.833367878880665 -1.881145615483248
-0.603327051469840 -0.147127231808512 0.065156012598242 -0.154113206470297 0.874019426018025 -0.227364287063372 0.339402129458932 -1.924845126339836 -1.789632011923725
-0.604097617502191 -0.142757134678422 0.064019191162926 -0.152416195823002 0.864395200386325 -0.236312447122991 0.355235334503767 -2.014639694303266 -1.695302605173032
-0.604859698481306 -0.138435158676491 0.062837628927311 -0.150640019150483 0.854322001914809 -0.244788960148856 0.370756221887980 -2.102663020653317 -1.598376098486121
-0.605612898577058 -0.134163548666916 0.061613684126566 -0.148786238041043 0.843808686811542 -0.252780840641287 0.385949175685241 -2.188826543392253 -1.499071194820123
-0.606356829767264 -0.129944505232859 0.060349779923360 -0.146856492162617 0.832864554094581 -0.260276196615387 0.400798580053596 -2.273041700360245 -1.397606597428325
-0.607091112228077 -0.125780182462386 0.059048398940283 -0.144852499262349 0.821499345592780 -0.267264229602529 0.415288819071158 -2.355219929526253 -1.294201009585938
-0.607815374724389 -0.121672685734422 0.057712077792270 -0.142776055166993 0.809723245945149 -0.273735234650459 0.429404276895973 -2.435272668770416 -1.189073134335583
-0.608529255000223 -0.117624069504696 0.056343401619018 -0.140629033782513 0.797546882601297 -0.279680600322137 0.443129337597270 -2.513111356092779 -1.082441674747359
-0.609232400169136 -0.113636335091690 0.054944998617407 -0.138413387094527 0.784981325820833 -0.285092808695873 0.456448385328656 -2.588647429284663 -0.974525334437593
-0.609924467104609 -0.109711428462586 0.053519534573928 -0.136131145167884 0.772038088674409 -0.289965435368061 0.469345804186005 -2.661792326403845 -0.865542815745024
-0.610605122830448 -0.105851238019214 0.052069707397088 -0.133784416146954 0.758729127042390 -0.294293149446787 0.481805978287397 -2.732457485294937 -0.755712822531340
-0.611274044911183 -0.102057592384002 0.050598241649854 -0.131375386255517 0.745066839615915 -0.298071713559443 0.493813291777556 -2.800554343893591 -0.645254057820011
-0.611930921842460 -0.098332258185922 0.049107883082057 -0.128906319796629 0.731064067896448 -0.301297983848543 0.505352128721270 -2.865994340102151 -0.534385224567890
-0.612575453441444 -0.094676937846440 0.047601393162814 -0.126379559153023 0.716734096195937 -0.303969909971383 0.516406873263264 -2.928688911880695 -0.423325026142618
-0.613207351237209 -0.091093267365460 0.046081543612957 -0.123797524786706 0.702090651636533 -0.306086535102096 0.526961909521617 -2.988549497124904 -0.312292165527417
-0.613826338861142 -0.087582814107277 0.044551110937446 -0.121162715239098 0.687147904150909 -0.307647995929733 0.537001621618849 -3.045487533765989 -0.201505345962250
-0.614432152437338 -0.084147074586523 0.043012870957798 -0.118477707131004 0.671920466482079 -0.308655522659544 0.546510393646393 -3.099414459744043 -0.091183270603534
-0.615024540972993 -0.080787472254112 0.041469593344500 -0.115745155162772 0.656423394183359 -0.309111439012562 0.555472609735652 -3.150241712877033 0.018455357273239
-0.615603266748807 -0.077505355283196 0.039924036149437 -0.112967792114094 0.640672185618973 -0.309019162226196 0.563872654009145 -3.197880731251601 0.127191834633777
-0.616168105709377 -0.074301994355101 0.038378940338306 -0.110148428844048 0.624682781962715 -0.308383203053027 0.571694910567189 -3.242242952674612 0.234807458521502
-0.616718847853597 -0.071178580445287 0.036837024323041 -0.107289954291212 0.608471567199342 -0.307209165760419 0.578923763536743 -3.283239815068395 0.341083525262631
-0.617255297625053 -0.068136222609291 0.035300978494239 -0.104395335473528 0.592055368124000 -0.305503748134106 0.585543597022564 -3.320782756404128 0.445801332032147
-0.617777274302421 -0.065175945768671 0.033773459753568 -0.101467617488415 0.575451454341980 -0.303274741473945 0.591538795151614 -3.354783214579715 0.548742175787298
-0.618284612389863 -0.062298688496961 0.032257086046199 -0.098509923512657 0.558677538269081 -0.300531030595009 0.596893742050852 -3.385152627501942 0.649687353064254
-0.618777162007426 -0.059505300805615 0.030754430893224 -0.095525454802403 0.541751775131571 -0.297282593829688 0.601592821811714 -3.411802433135325 0.748418161023301
-0.619254789281438 -0.056796541929957 0.029268017924075 -0.092517490693345 0.524692762965895 -0.293540503024571 0.605620418552277 -3.434644069342241 0.844715896171078
-0.619717376734905 -0.054173078115128 0.027800315408952 -0.089489388600583 0.507519542619184 -0.289316923543716 0.608960916408385 -3.453588974089428 0.938361855448300
-0.620164823677908 -0.051635480402032 0.026353730791234 -0.086444584018541 0.490251597748737 -0.284625114266474 0.611598699475913 -3.468548585225939 1.029137335852437
-0.620597046598001 -0.049184222413288 0.024930605219901 -0.083386590521162 0.472908854822607 -0.279479427587212 0.613518151890702 -3.479434340827314 1.116823634109010
-0.621013979550607 -0.046819678139175 0.023533208081965 -0.080318999761708 0.455511683118470 -0.273895309416667 0.614703657744187 -3.486157678636026 1.201202047131367
-0.621415574549415 -0.044542119723583 0.022163731534882 -0.077245481472987 0.438080894725290 -0.267889299181010 0.615139601172210 -3.488630036658780 1.282053871474031
-0.621801801956780 -0.042351715249956 0.020824285038977 -0.074169783467126 0.420637744541996 -0.261479029823640 0.614810366292851 -3.486762852851211 1.359160404537374
-0.622172650874116 -0.040248526527246 0.019516889889859 -0.071095731635662 0.403203930277740 -0.254683227800953 0.613700337201983 -3.480467565071255 1.432302942530050
-0.622528129532294 -0.038232506875858 0.018243473750854 -0.068027229949652 0.385801592452384 -0.247521713088303 0.611793898031010 -3.469655611236799 1.501262782749452
-0.622868265682042 -0.036303498913596 0.017005865185413 -0.064968260459497 0.368453314396200 -0.240015399174556 0.609075432884687 -3.454238429316803 1.565821221709773
-0.623193106984340 -0.034461232341615 0.015805788189540 -0.061922883295074 0.351182122249616 -0.232186293066007 0.605529325898857 -3.434127457218050 1.625759556707140
-0.623502721400815 -0.032705321730367 0.014644856724210 -0.058895236665579 0.334011484963526 -0.224057495282471 0.601139961173836 -3.409234132836225 1.680859084055369
-0.623797197584143 -0.031035264305549 0.013524569247797 -0.055889536859710 0.316965314299344 -0.215653199862194 0.595891722818820 -3.379469894089215 1.730901100707793
-0.624076645268442 -0.029450437734052 0.012446303248486 -0.052910078245616 0.300067964828898 -0.206998694358655 0.589768994974094 -3.344746178957081 1.775666903818529
-0.624341195659670 -0.027950097909908 0.011411309776693 -0.049961233270746 0.283344233934113 -0.198120359839563 0.582756161735531 -3.304974425324403 1.814937790235799
-0.624591001826023 -0.026533376740237 0.010420707977495 -0.047047452462068 0.266819361807491 -0.189045670888384 0.574837607216772 -3.260066071042456 1.848495056109706
-0.624826239088334 -0.025199279931200 0.009475479623053 -0.044173264425984 0.250519031452279 -0.179803195607835 0.565997715558098 -3.209932554197881 1.876119999244114
-0.625047105410464 -0.023946684773939 0.008576463645014 -0.041343275848194 0.234469368681289 -0.170422595611614 0.556220870837620 -3.154485312510946 1.897593915589563
-0.625253821789705 -0.022774337930532 0.007724350666956 -0.038562171494005 0.218696942118735 -0.160934626033667 0.545491457222269 -3.093635784059412 1.912698102595756
-0.625446632647175 -0.021680853219938 0.006919677536788 -0.035834714207894 0.203228763198438 -0.151371135520688 0.533793858767950 -3.027295406661246 1.921213856900805
-0.625625806218214 -0.020664709403946 0.006162821859184 -0.033165744914054 0.188092286165131 -0.141765066236184 0.521112459650475 -2.955375618380884 1.922922475382022
-0.625791634942784 -0.019724247973121 0.005453996528003 -0.030560182615802 0.173315408073227 -0.132150453859274 0.507431643943512 -2.877787856998548 1.917605254973287
-0.625944435855863 -0.018857670932754 0.004793244258707 -0.028023024396084 0.158926468788234 -0.122562427584407 0.492735795769583 -2.794443560438786 1.905043492063088
-0.626084550977844 -0.018063038588813 0.004180432120785 -0.025559345417236 0.144954250986040 -0.113037210124092 0.477009299260089 -2.705254166650573 1.885018483816348
-0.626212347704930 -0.017338267333883 0.003615246070165 -0.023174298920936 0.131427980152787 -0.103612117705010 0.460236538519787 -2.610131113665037 1.857311527348748
-0.626328219199535 -0.016681127433119 0.003097185481640 -0.020873116228337 0.118377324584462 -0.094325560068266 0.442401897675637 -2.508985839231315 1.821703919278969
-0.626432584780676 -0.016089240810197 0.002625557681298 -0.018661106739959 0.105832395388306 -0.085217040471872 0.423489760810192 -2.401729781293938 1.777976955794530
-0.626525890314376 -0.015560078833255 0.002199472478939 -0.016543657935908 0.093823746481836 -0.076327155692899 0.403484512108143 -2.288274378001720 1.725911935045810
-0.626608608604056 -0.015090960100846 0.001817836700474 -0.014526235375367 0.082382374591827 -0.067697596017670 0.382370535598753 -2.168531066892854 1.665290152770317
-0.626681239780932 -0.014679048227887 0.001479348720386 -0.012614382697373 0.071539719257363 -0.059371145253818 0.360132215475595 -2.042411286296009 1.595892906381312
-0.626744311694419 -0.014321349631600 0.001182492994117 -0.010813721619995 0.061327662825883 -0.051391680721912 0.336753935790135 -1.909826473742715 1.517501492295925
-0.626798380302519 -0.014014711317471 0.000925534590507 -0.009129951941045 0.051778530457169 -0.043804173260432 0.312220080718184 -1.770688067483928 1.429897207870096
-0.626844030062225 -0.013755818665185 0.000706513724205 -0.007568851537454 0.042925090119750 -0.036654687221082 0.286515034315649 -1.624907505157758 1.332861349339048
-0.626881874319912 -0.013541193214586 0.000523240288100 -0.006136276365876 0.034800552593961 -0.029990380474386 0.259623180762780 -1.472396225019601 1.226175214269277
-0.626912555701741 -0.013367190451616 0.000373288385728 -0.004838160462062 0.027438571468863 -0.023859504403040 0.231528904111045 -1.313065664598767 1.109620098771596
-0.626936746504052 -0.013229997594272 0.000253990863713 -0.003680515941507 0.020873243145869 -0.018311403909182 0.202216588518489 -1.146827262084038 0.982977300029420
-0.626955149083759 -0.013125631378543 0.000162433844167 -0.002669432998914 0.015139106835449 -0.013396517409035 0.171670618116515 -0.973592455475458 0.846028115465546
-0.626968496248754 -0.013049935844365 0.000095451257122 -0.001811079908332 0.010271144558072 -0.009166376831707 0.139875376943266 -0.793272682295676 0.698553840271471
-0.626977551648295 -0.012998580121575 0.000049619372963 -0.001111703023615 0.006304781146593 -0.005673607630350 0.106815249196757 -0.605779380808968 0.540335772827650
-0.626983110163413 -0.012967056215842 0.000021251334811 -0.000577626777631 0.003275884242548 -0.002971928766212 0.072474618963980 -0.411023988939885 0.371155209944002
-0.626985998297302 -0.012950676794629 0.000006391690980 -0.000215253682812 0.001220764297849 -0.001116152716492 0.036837870363016 -0.208917944428677 0.190793447386599
-0.626987074565716 -0.012944572973140 0.000000810927398 -0.000031064330996 0.000176174575706 -0.000162185479559 0.006212866199284 -0.035234915141125 0.032437095911709
-0.626987229887371 -0.012943692100262 0.000000000000000 0.000000000000000 0.000000000000000 0.000000000000000 0.006212866199284 -0.035234915141125 0.032437095911709
-0.626987229887371 -0.012943692100262 0.000000000000000 0.000031064330996 -0.000176174575706 0.000162185479559 0.036837870363016 -0.208917944428677 0.190793447386599
-0.626987074565716 -0.012944572973140 0.000000810927398 0.000215253682812 -0.001220764297849 0.001116152716492 0.072474618963980 -0.411023988939885 0.371155209944002
-0.626985998297302 -0.012950676794629 0.000006391690980 0.000577626777631 -0.003275884242548 0.002971928766212 0.106815249196757 -0.605779380808968 0.540335772827650
-0.626983110163413 -0.012967056215842 0.000021251334811 0.001111703023615 -0.006304781146593 0.005673607630350 0.139875376943266 -0.793272682295676 0.698553840271471
-0.626977551648295 -0.012998580121575 0.000049619372963 0.001811079908332 -0.010271144558072 0.009166376831707 0.171670618116515 -0.973592455475458 0.846028115465546
-0.626968496248754 -0.013049935844365 0.000095451257122 0.002669432998914 -0.015139106835449 0.013396517409035 0.202216588518489 -1.146827262084038 0.982977300029420
-0.626955149083759 -0.013125631378543 0.000162433844167 0.003680515941507 -0.020873243145869 0.018311403909182 0.231528904111045 -1.313065664598767 1.109620098771596
-0.626936746504052 -0.013229997594272 0.000253990863713 0.004838160462062 -0.027438571468863 0.023859504403040 0.259623180762780 -1.472396225019601 1.226175214269277
-0.626912555701741 -0.013367190451616 0.000373288385728 0.006136276365876 -0.034800552593961 0.029990380474386 0.286515034315649 -1.624907505157758 1.332861349339048
-0.626881874319912 -0.013541193214586 0.000523240288100 0.007568851537454 -0.042925090119750 0.036654687221082 0.312220080718184 -1.770688067483928 1.429897207870096
-0.626844030062225 -0.013755818665185 0.000706513724205 0.009129951941045 -0.051778530457169 0.043804173260432 0.336753935790135 -1.909826473742715 1.517501492295925
-0.626798380302519 -0.014014711317471 0.000925534590507 0.010813721619995 -0.061327662825883 0.051391680721912 0.360132215475595 -2.042411286296009 1.595892906381312
-0.626744311694419 -0.014321349631600 0.001182492994117 0.012614382697373 -0.071539719257363 0.059371145253818 0.382370535598753 -2.168531066892854 1.665290152770317
-0.626681239780932 -0.014679048227887 0.001479348720386 0.014526235375367 -0.082382374591827 0.067697596017670 0.403484512108143 -2.288274378001720 1.725911935045810
-0.626608608604056 -0.015090960100846 0.001817836700474 0.016543657935908 -0.093823746481836 0.076327155692899 0.423489760810192 -2.401729781293938 1.777976955794530
-0.626525890314376 -0.015560078833255 0.002199472478939 0.018661106739959 -0.105832395388306 0.085217040471872 0.442401897675637 -2.508985839231315 1.821703919278969
-0.626432584780676 -0.016089240810197 0.002625557681298 0.020873116228337 -0.118377324584462 0.094325560068266 0.460236538519787 -2.610131113665037 1.857311527348748
-0.626328219199535 -0.016681127433119 0.003097185481640 0.023174298920936 -0.131427980152787 0.103612117705010 0.477009299260089 -2.705254166650573 1.885018483816348
-0.626212347704930 -0.017338267333883 0.003615246070165 0.025559345417236 -0.144954250986040 0.113037210124092 0.492735795769583 -2.794443560438786 1.905043492063088
-0.626084550977844 -0.018063038588813 0.004180432120785 0.028023024396084 -0.158926468788234 0.122562427584407 0.507431643943512 -2.877787856998548 1.917605254973287
-0.625944435855863 -0.018857670932754 0.004793244258707 0.030560182615802 -0.173315408073227 0.132150453859274 0.521112459650475 -2.955375618380884 1.922922475382022
-0.625791634942784 -0.019724247973121 0.005453996528003 0.033165744914054 -0.188092286165131 0.141765066236184 0.533793858767950 -3.027295406661246 1.921213856900805
-0.625625806218214 -0.020664709403946 0.006162821859184 0.035834714207894 -0.203228763198438 0.151371135520688 0.545491457222269 -3.093635784059412 1.912698102595756
-0.625446632647175 -0.021680853219938 0.006919677536788 0.038562171494005 -0.218696942118735 0.160934626033667 0.556220870837620 -3.154485312510946 1.897593915589563
-0.625253821789705 -0.022774337930532 0.007724350666956 0.041343275848194 -0.234469368681289 0.170422595611614 0.565997715558098 -3.209932554197881 1.876119999244114
-0.625047105410464 -0.023946684773939 0.008576463645014 0.044173264425984 -0.250519031452279 0.179803195607835 0.574837607216772 -3.260066071042456 1.848495056109706
-0.624826239088334 -0.025199279931200 0.009475479623053 0.047047452462068 -0.266819361807491 0.189045670888384 0.582756161735531 -3.304974425324403 1.814937790235799
-0.624591001826023 -0.026533376740237 0.010420707977495 0.049961233270746 -0.283344233934113 0.198120359839563 0.589768994974094 -3.344746178957081 1.775666903818529
-0.624341195659670 -0.027950097909908 0.011411309776693 0.052910078245616 -0.300067964828898 0.206998694358655 0.595891722818820 -3.379469894089215 1.730901100707793
-0.624076645268442 -0.029450437734052 0.012446303248486 0.055889536859710 -0.316965314299344 0.215653199862194 0.601139961173836 -3.409234132836225 1.680859084055369
-0.623797197584143 -0.031035264305549 0.013524569247797 0.058895236665579 -0.334011484963526 0.224057495282471 0.605529325898857 -3.434127457218050 1.625759556707140
-0.623502721400815 -0.032705321730367 0.014644856724210 0.061922883295074 -0.351182122249616 0.232186293066007 0.609075432884687 -3.454238429316803 1.565821221709773
-0.623193106984340 -0.034461232341615 0.015805788189540 0.064968260459497 -0.368453314396200 0.240015399174556 0.611793898031010 -3.469655611236799 1.501262782749452
-0.622868265682042 -0.036303498913596 0.017005865185413 0.068027229949652 -0.385801592452384 0.247521713088303 0.613700337201983 -3.480467565071255 1.432302942530050
-0.622528129532294 -0.038232506875858 0.018243473750854 0.071095731635662 -0.403203930277740 0.254683227800953 0.614810366292851 -3.486762852851211 1.359160404537374
-0.622172650874116 -0.040248526527246 0.019516889889859 0.074169783467126 -0.420637744541996 0.261479029823640 0.615139601172210 -3.488630036658780 1.282053871474031
-0.621801801956780 -0.042351715249956 0.020824285038977 0.077245481472987 -0.438080894725290 0.267889299181010 0.614703657744187 -3.486157678636026 1.201202047131367
-0.621415574549415 -0.044542119723583 0.022163731534882 0.080318999761708 -0.455511683118470 0.273895309416667 0.613518151890702 -3.479434340827314 1.116823634109010
-0.621013979550607 -0.046819678139175 0.023533208081965 0.083386590521162 -0.472908854822607 0.279479427587212 0.611598699475913 -3.468548585225939 1.029137335852437
-0.620597046598001 -0.049184222413288 0.024930605219901 0.086444584018541 -0.490251597748737 0.284625114266474 0.608960916408385 -3.453588974089428 0.938361855448300
-0.620164823677908 -0.051635480402032 0.026353730791234 0.089489388600583 -0.507519542619184 0.289316923543716 0.605620418552277 -3.434644069342241 0.844715896171078
-0.619717376734905 -0.054173078115128 0.027800315408952 0.092517490693345 -0.524692762965895 0.293540503024571 0.601592821811714 -3.411802433135325 0.748418161023301
-0.619254789281438 -0.056796541929957 0.029268017924075 0.095525454802403 -0.541751775131571 0.297282593829688 0.596893742050852 -3.385152627501942 0.649687353064254
-0.618777162007426 -0.059505300805615 0.030754430893224 0.098509923512657 -0.558677538269081 0.300531030595009 0.591538795151614 -3.354783214579715 0.548742175787298
-0.618284612389863 -0.062298688496961 0.032257086046199 0.101467617488415 -0.575451454341980 0.303274741473945 0.585543597022564 -3.320782756404128 0.445801332032147
-0.617777274302421 -0.065175945768671 0.033773459753568 0.104395335473528 -0.592055368124000 0.305503748134106 0.578923763536743 -3.283239815068395 0.341083525262631
-0.617255297625053 -0.068136222609291 0.035300978494239 0.107289954291212 -0.608471567199342 0.307209165760419 0.571694910567189 -3.242242952674612 0.234807458521502
-0.616718847853597 -0.071178580445287 0.036837024323041 0.110148428844048 -0.624682781962715 0.308383203053027 0.563872654009145 -3.197880731251601 0.127191834633777
-0.616168105709377 -0.074301994355101 0.038378940338306 0.112967792114094 -0.640672185618973 0.309019162226196 0.555472609735652 -3.150241712877033 0.018455357273239
-0.615603266748807 -0.077505355283196 0.039924036149437 0.115745155162772 -0.656423394183359 0.309111439012562 0.546510393646393 -3.099414459744043 -0.091183270603534
-0.615024540972993 -0.080787472254112 0.041469593344500 0.118477707131004 -0.671920466482079 0.308655522659544 0.537001621618849 -3.045487533765989 -0.201505345962250
-0.614432152437338 -0.084147074586523 0.043012870957798 0.121162715239098 -0.687147904150909 0.307647995929733 0.526961909521617 -2.988549497124904 -0.312292165527417
-0.613826338861142 -0.087582814107277 0.044551110937446 0.123797524786706 -0.702090651636533 0.306086535102096 0.516406873263264 -2.928688911880695 -0.423325026142618
-0.613207351237209 -0.091093267365460 0.046081543612957 0.126379559153023 -0.716734096195937 0.303969909971383 0.505352128721270 -2.865994340102151 -0.534385224567890
-0.612575453441444 -0.094676937846440 0.047601393162814 0.128906319796629 -0.731064067896448 0.301297983848543 0.493813291777556 -2.800554343893591 -0.645254057820011
-0.611930921842460 -0.098332258185922 0.049107883082057 0.131375386255517 -0.745066839615915 0.298071713559443 0.481805978287397 -2.732457485294937 -0.755712822531340
-0.611274044911183 -0.102057592384002 0.050598241649854 0.133784416146954 -0.758729127042390 0.294293149446787 0.469345804186005 -2.661792326403845 -0.865542815745024
-0.610605122830448 -0.105851238019214 0.052069707397088 0.136131145167884 -0.772038088674409 0.289965435368061 0.456448385328656 -2.588647429284663 -0.974525334437593
-0.609924467104609 -0.109711428462586 0.053519534573928 0.138413387094527 -0.784981325820833 0.285092808695873 0.443129337597270 -2.513111356092779 -1.082441674747359
-0.609232400169136 -0.113636335091690 0.054944998617407 0.140629033782513 -0.797546882601297 0.279680600322137 0.429404276895973 -2.435272668770416 -1.189073134335583
-0.608529255000223 -0.117624069504696 0.056343401619018 0.142776055166993 -0.809723245945149 0.273735234650459 0.415288819071158 -2.355219929526253 -1.294201009585938
-0.607815374724389 -0.121672685734422 0.057712077792270 0.144852499262349 -0.821499345592780 0.267264229602529 0.400798580053596 -2.273041700360245 -1.397606597428325
-0.607091112228077 -0.125780182462386 0.059048398940283 0.146856492162617 -0.832864554094581 0.260276196615387 0.385949175685241 -2.188826543392253 -1.499071194820123
-0.606356829767264 -0.129944505232859 0.060349779923360 0.148786238041043 -0.843808686811542 0.252780840641287 0.370756221887980 -2.102663020653317 -1.598376098486121
-0.605612898577058 -0.134163548666916 0.061613684126566 0.150640019150483 -0.854322001914809 0.244788960148856 0.355235334503767 -2.014639694303266 -1.695302605173032
-0.604859698481306 -0.138435158676491 0.062837628927311 0.152416195823002 -0.864395200386325 0.236312447122991 0.339402129458932 -1.924845126339836 -1.789632011923725
-0.604097617502191 -0.142757134678422 0.064019191162926 0.154113206470297 -0.874019426018025 0.227364287063372 0.323272222613191 -1.833367878880665 -1.881145615483248
-0.603327051469840 -0.147127231808512 0.065156012598242 0.155729567583363 -0.883186265412428 0.217958558985956 0.306861229848465 -1.740296513996764 -1.969624712715445
-0.602548403631923 -0.151543163135574 0.066245805393172 0.157263873732605 -0.891887747982412 0.208110435422379 0.290184767068880 -1.645719593776906 -2.054850600388125
-0.601762084263260 -0.156002601875486 0.067286357570284 0.158714797567949 -0.900116345951296 0.197836182420438 0.273258450134151 -1.549725680305425 -2.136604575387335
-0.600968510275420 -0.160503183605243 0.068275538482386 0.160081089818620 -0.907864974352823 0.187153159543502 0.256097894935081 -1.452403335608921 -2.214667934697379
-0.600168104826327 -0.165042508477007 0.069211304280104 0.161361579293295 -0.915126991030868 0.176079819870015 0.238718717371356 -1.353841121842780 -2.288821974860689
-0.599361296929860 -0.169618143432161 0.070091703379454 0.162555172880152 -0.921896196640082 0.164635709995711 0.221136533320454 -1.254127601038046 -2.358847992879332
-0.598548521065460 -0.174227624415362 0.070914881929432 0.163660855546754 -0.928166834645272 0.152841470031315 0.203366958642093 -1.153351335283492 -2.424527285664890
-0.597730216787726 -0.178868458588588 0.071679089279589 0.164677690339965 -0.933933591321690 0.140718833602990 0.185425609258161 -1.051600886659010 -2.485641149989060
-0.596906828336026 -0.183538126545197 0.072382683447604 0.165604818386256 -0.939191595754985 0.128290627853045 0.167328101019493 -0.948964817240050 -2.541970882724565
-0.596078804244095 -0.188234084523972 0.073024136586869 0.166441458891353 -0.943936419841185 0.115580773439422 0.149090049839096 -0.845531689124268 -2.593297780499881
-0.595246596949638 -0.192953766623177 0.073602040454066 0.167186909140549 -0.948164078286806 0.102614284536923 0.130727071572245 -0.741390064353808 -2.639403140500818
-0.594410662403935 -0.197694587014612 0.074115111876751 0.167840544498410 -0.951871028608575 0.089417268834419 0.112254782131949 -0.636628505057413 -2.680068259259816
-0.593571459681443 -0.202453942157654 0.074562198220923 0.168401818409070 -0.955054171133862 0.076016927538120 0.093688797373481 -0.531335573270564 -2.715074433947140
-0.592729450589398 -0.207229213013324 0.074942282858614 0.168870262395937 -0.957710849000215 0.062441555368384 0.075044733214291 -0.425599831083145 -2.744202960934250
-0.591885099277418 -0.212017767258325 0.075254490635456 0.169245486062009 -0.959838848155631 0.048720540563713 0.056338205491890 -0.319509840603915 -2.767235137540180
-0.591038871847108 -0.216816961499103 0.075498093338274 0.169527177089468 -0.961436397358650 0.034884364876012 0.037584830137050 -0.213154163849483 -2.783952260451694
-0.590191235961661 -0.221624143485896 0.075672515162654 0.169715101240153 -0.962502168177898 0.020964603573753 0.018800222898463 -0.106621362887527 -2.794135626157379
-0.589342660455460 -0.226436654326786 0.075777338180523 0.169809102354646 -0.963035274992335 0.006993925442966 0.000000000115463 -0.000000000084377 -2.797570177157094
-0.588493614943687 -0.231251830701747 0.075812307807738 0.169809102355223 -0.963035274992757 -0.006993925442819 -0.018800223009485 0.106621362965242 -2.794135626219552
-0.587644569431911 -0.236067007076711 0.075777338180524 0.169715101240175 -0.962502168177931 -0.020964603573917 -0.037584830141490 0.213154163867246 -2.783952260399514
-0.586795993925710 -0.240879517917601 0.075672515162654 0.169527177089468 -0.961436397358595 -0.034884364875915 -0.056338205496331 0.319509840590593 -2.767235137526858
-0.585948358040262 -0.245686699904394 0.075498093338275 0.169245486061986 -0.959838848155642 -0.048720540563549 -0.075044733205409 0.425599831087586 -2.744202961041942
-0.585102130609953 -0.250485894145172 0.075254490635457 0.168870262395959 -0.957710849000204 -0.062441555368759 -0.093688797382363 0.531335573266123 -2.715074433810027
-0.584257779297973 -0.255274448390173 0.074942282858613 0.168401818409047 -0.955054171133873 -0.076016927537809 -0.112254782123067 0.636628505050751 -2.680068259325319
-0.583415770205927 -0.260049719245842 0.074562198220924 0.167840544498432 -0.951871028608620 -0.089417268834435 -0.130727071576686 0.741390064364911 -2.639403140526908
-0.582576567483435 -0.264809074388885 0.074115111876752 0.167186909140549 -0.948164078286795 -0.102614284537070 -0.149090049839096 0.845531689122048 -2.593297780488779
-0.581740632937733 -0.269549894780319 0.073602040454066 0.166441458891353 -0.943936419841185 -0.115580773439514 -0.167328101023934 0.948964817246711 -2.541970882700695
-0.580908425643276 -0.274269576879525 0.073024136586869 0.165604818386234 -0.939191595754951 -0.128290627853017 -0.185425609249279 1.051600886647908 -2.485641149970186
-0.580080401551345 -0.278965534858300 0.072382683447604 0.164677690339987 -0.933933591321712 -0.140718833602868 -0.203366958646534 1.153351335285713 -2.424527285678213
-0.579257013099645 -0.283635202814909 0.071679089279589 0.163660855546754 -0.928166834645283 -0.152841470031259 -0.221136533320454 1.254127601038046 -2.358847992924851
-0.578438708821911 -0.288276036988135 0.070914881929433 0.162555172880152 -0.921896196640093 -0.164635709995883 -0.238718717371356 1.353841121845001 -2.288821974850697
-0.577625932957510 -0.292885517971336 0.070091703379454 0.161361579293295 -0.915126991030868 -0.176079819870137 -0.256097894939522 1.452403335613361 -2.214667934651304
-0.576819125061044 -0.297461152926490 0.069211304280103 0.160081089818598 -0.907864974352801 -0.187153159543393 -0.273258450129710 1.549725680298764 -2.136604575384560
-0.576018719611951 -0.302000477798254 0.068275538482386 0.158714797567949 -0.900116345951307 -0.197836182420316 -0.290184767064439 1.645719593774686 -2.054850600439195
-0.575225145624111 -0.306501059528010 0.067286357570284 0.157263873732627 -0.891887747982434 -0.208110435422512 -0.306861229852906 1.740296514003425 -1.969624712680473
-0.574438826255448 -0.310960498267923 0.066245805393172 0.155729567583363 -0.883186265412417 -0.217958558985915 -0.323272222613191 1.833367878882886 -1.881145615458824
-0.573660178417531 -0.315376429594985 0.065156012598242 0.154113206470297 -0.874019426018002 -0.227364287063209 -0.339402129458932 1.924845126335395 -1.789632011974795
-0.572889612385180 -0.319746526725075 0.064019191162926 0.152416195823002 -0.864395200386325 -0.236312447123083 -0.355235334503767 2.014639694296605 -1.695302605180526
-0.572127531406065 -0.324068502727006 0.062837628927311 0.150640019150483 -0.854322001914842 -0.244788960148985 -0.370756221887980 2.102663020666640 -1.598376098442267
-0.571374331310312 -0.328340112736581 0.061613684126566 0.148786238041043 -0.843808686811509 -0.252780840641197 -0.385949175689682 2.188826543385591 -1.499071194800694
-0.570630400120107 -0.332559156170638 0.060349779923360 0.146856492162595 -0.832864554094581 -0.260276196615200 -0.400798580044714 2.273041700360245 -1.397606597472456
-0.569896117659294 -0.336723478941111 0.059048398940284 0.144852499262371 -0.821499345592780 -0.267264229602562 -0.415288819080040 2.355219929524033 -1.294201009590656
-0.569171855162982 -0.340830975669075 0.057712077792271 0.142776055166971 -0.809723245945160 -0.273735234650516 -0.429404276887091 2.435272668781518 -1.189073134330587
-0.568457974887147 -0.344879591898801 0.056343401619019 0.140629033782536 -0.797546882601252 -0.279680600322169 -0.443129337601711 2.513111356068354 -1.082441674816192
-0.567754829718235 -0.348867326311807 0.054944998617408 0.138413387094527 -0.784981325820910 -0.285092808696250 -0.456448385328656 2.588647429306867 -0.974525334272447
-0.567062762782762 -0.352792232940911 0.053519534573926 0.136131145167884 -0.772038088674376 -0.289965435367612 -0.469345804186005 2.661792326403845 -0.865542815799147
-0.566382107056922 -0.356652423384283 0.052069707397088 0.133784416146954 -0.758729127042357 -0.294293149446608 -0.481805978291838 2.732457485286055 -0.755712822612109
-0.565713184976188 -0.360446069019495 0.050598241649855 0.131375386255494 -0.745066839615927 -0.298071713559668 -0.493813291773115 2.800554343889150 -0.645254057790590
-0.565056308044910 -0.364171403217575 0.049107883082057 0.128906319796629 -0.731064067896481 -0.301297983848621 -0.505352128716829 2.865994340104372 -0.534385224586487
-0.564411776445927 -0.367826723557057 0.047601393162814 0.126379559153045 -0.716734096195959 -0.303969909971553 -0.516406873267705 2.928688911887356 -0.423325026096266
-0.563779878650162 -0.371410394038037 0.046081543612956 0.123797524786706 -0.702090651636522 -0.306086535102035 -0.526961909526058 2.988549497127124 -0.312292165512429
-0.563160891026228 -0.374920847296220 0.044551110937446 0.121162715239076 -0.687147904150887 -0.307647995929597 -0.537001621614408 3.045487533772651 -0.201505345961972
-0.562555077450033 -0.378356586816974 0.043012870957798 0.118477707131004 -0.671920466482023 -0.308655522659407 -0.546510393641952 3.099414459712957 -0.091183270660988
-0.561962688914378 -0.381716189149384 0.041469593344501 0.115745155162794 -0.656423394183459 -0.309111439012712 -0.555472609744534 3.150241712905899 0.018455357289893
-0.561383963138564 -0.384998306120301 0.039924036149437 0.112967792114071 -0.640672185618929 -0.309019162226262 -0.563872654004705 3.197880731249381 0.127191834697893
-0.560819124177994 -0.388201667048396 0.038378940338306 0.110148428844048 -0.624682781962682 -0.308383203052773 -0.571694910567189 3.242242952659069 0.234807458416031
-0.560268382033773 -0.391325080958210 0.036837024323042 0.107289954291212 -0.608471567199387 -0.307209165760693 -0.578923763532302 3.283239815075056 0.341083525273178
-0.559731932262317 -0.394367438794206 0.035300978494239 0.104395335473551 -0.592055368124011 -0.305503748134327 -0.585543597027005 3.320782756410789 0.445801332107920
-0.559209955584950 -0.397327715634826 0.033773459753567 0.101467617488415 -0.575451454341958 -0.303274741473787 -0.591538795151614 3.354783214577495 0.548742175785488
-0.558702617497507 -0.400204972906536 0.032257086046198 0.098509923512657 -0.558677538269070 -0.300531030594860 -0.596893742055293 3.385152627513044 0.649687353103945
-0.558210067879944 -0.402998360597882 0.030754430893224 0.095525454802381 -0.541751775131505 -0.297282593829340 -0.601592821802832 3.411802433122002 0.748418160948094
-0.557732440605932 -0.405707119473539 0.029268017924077 0.092517490693367 -0.524692762965895 -0.293540503024599 -0.605620418561159 3.434644069342241 0.844715896118753
-0.557269853152465 -0.408330583288369 0.027800315408954 0.089489388600561 -0.507519542619184 -0.289316923544006 -0.608960916399504 3.453588974071664 0.938361855492842
-0.556822406209463 -0.410868181001465 0.026353730791234 0.086444584018563 -0.490251597748825 -0.284625114266542 -0.611598699480354 3.468548585259246 1.029137335868680
-0.556390183289370 -0.413319438990209 0.024930605219901 0.083386590521162 -0.472908854822529 -0.279479427587198 -0.613518151890702 3.479434340802889 1.116823634116082
-0.555973250336764 -0.415683983264321 0.023533208081965 0.080318999761708 -0.455511683118515 -0.273895309416618 -0.614703657744187 3.486157678638246 1.201202047080441
-0.555571655337955 -0.417961541679914 0.022163731534882 0.077245481472987 -0.438080894725323 -0.267889299181216 -0.615139601172210 3.488630036674323 1.282053871568822
-0.555185427930591 -0.420151946153541 0.020824285038976 0.074169783467126 -0.420637744541952 -0.261479029823371 -0.614810366297291 3.486762852844549 1.359160404457571
-0.554814579013255 -0.422255134876250 0.019516889889859 0.071095731635640 -0.403203930277729 -0.254683227801084 -0.613700337193102 3.480467565057932 1.432302942552116
-0.554459100355077 -0.424271154527639 0.018243473750854 0.068027229949674 -0.385801592452439 -0.247521713088323 -0.611793898035451 3.469655611245681 1.501262782721280
-0.554118964205328 -0.426200162489901 0.017005865185412 0.064968260459497 -0.368453314396211 -0.240015399174717 -0.609075432884687 3.454238429321244 1.565821221796160
-0.553794122903031 -0.428042429061882 0.015805788189539 0.061922883295074 -0.351182122249605 -0.232186293065736 -0.605529325898857 3.434127457211389 1.625759556605422
-0.553484508486556 -0.429798339673130 0.014644856724210 0.058895236665579 -0.334011484963548 -0.224057495282709 -0.601139961173836 3.409234132831784 1.680859084000547
-0.553190032303228 -0.431468397097948 0.013524569247797 0.055889536859710 -0.316965314299389 -0.215653199862706 -0.595891722818820 3.379469894106979 1.730901100821736
-0.552910584618929 -0.433053223669445 0.012446303248483 0.052910078245616 -0.300067964828854 -0.206998694358597 -0.589768994974094 3.344746178959301 1.775666903900963
-0.552646034227701 -0.434553563493589 0.011411309776690 0.049961233270746 -0.283344233934057 -0.198120359839092 -0.582756161735531 3.304974425299978 1.814937790087995
-0.552396228061347 -0.435970284663259 0.010420707977495 0.047047452462068 -0.266819361807558 -0.189045670888652 -0.574837607216772 3.260066071069101 1.848495056213789
-0.552160990799037 -0.437304381472297 0.009475479623051 0.044173264425984 -0.250519031452212 -0.179803195607584 -0.565997715553657 3.209932554162354 1.876119999121434
-0.551940124476907 -0.438556976629558 0.008576463645013 0.041343275848216 -0.234469368681400 -0.170422595611976 -0.556220870842061 3.154485312526489 1.897593915654933
-0.551733408097666 -0.439729323472965 0.007724350666954 0.038562171494005 -0.218696942118768 -0.160934626033702 -0.545491457222269 3.093635784061632 1.912698102648214
-0.551540597240196 -0.440822808183559 0.006919677536785 0.035834714207894 -0.203228763198460 -0.151371135520461 -0.533793858776832 3.027295406703434 1.921213856944481
-0.551361423669156 -0.441838951999551 0.006162821859183 0.033165744914010 -0.188092286164943 -0.141765066235738 -0.521112459641593 2.955375618360900 1.922922475382471
-0.551195594944586 -0.442779413430376 0.005453996528004 0.030560182615802 -0.173315408073138 -0.132150453858826 -0.507431643943512 2.877787856965242 1.917605254803459
-0.551042794031507 -0.443645990470742 0.004793244258710 0.028023024396084 -0.158926468788312 -0.122562427584809 -0.492735795765142 2.794443560432125 1.905043492044478
-0.550902678909527 -0.444440622814683 0.004180432120786 0.025559345417259 -0.144954250986151 -0.113037210124586 -0.477009299264530 2.705254166683879 1.885018483949000
-0.550774882182441 -0.445165394069614 0.003615246070163 0.023174298920936 -0.131427980152732 -0.103612117704841 -0.460236538519787 2.610131113640612 1.857311527354577
-0.550659010687836 -0.445822533970378 0.003097185481639 0.020873116228337 -0.118377324584529 -0.094325560068068 -0.442401897671196 2.508985839222433 1.821703919102358
-0.550554645106694 -0.446414420593300 0.002625557681298 0.018661106739981 -0.105832395388417 -0.085217040472556 -0.423489760823514 2.401729781353890 1.777976956030633
-0.550461339572994 -0.446943582570243 0.002199472478936 0.016543657935864 -0.093823746481647 -0.076327155692403 -0.403484512094821 2.288274377952870 1.725911934981020
-0.550378621283315 -0.447412701302651 0.001817836700474 0.014526235375389 -0.082382374591883 -0.067697596017498 -0.382370535607635 2.168531066941704 1.665290152792928
-0.550305990106438 -0.447824613175610 0.001479348720386 0.012614382697351 -0.071539719257174 -0.059371145253534 -0.360132215471154 2.042411286240498 1.595892906305707
-0.550242918192951 -0.448182311771896 0.001182492994118 0.010813721619995 -0.061327662825972 -0.051391680722005 -0.336753935790135 1.909826473771581 1.517501492359817
-0.550188849584851 -0.448488950086026 0.000925534590508 0.009129951941045 -0.051778530457114 -0.043804173260206 -0.312220080718184 1.770688067455062 1.429897207795033
-0.550143199825146 -0.448747842738311 0.000706513724207 0.007568851537454 -0.042925090119839 -0.036654687221231 -0.286515034320090 1.624907505206608 1.332861349451042
-0.550105355567459 -0.448962468188911 0.000523240288101 0.006136276365853 -0.034800552593806 -0.029990380473976 -0.259623180753898 1.472396224959649 1.226175214168127
-0.550074674185630 -0.449136470951880 0.000373288385731 0.004838160462084 -0.027438571469007 -0.023859504403135 -0.231528904115486 1.313065664625412 1.109620098785918
-0.550050483383319 -0.449273663809225 0.000253990863716 0.003680515941507 -0.020873243145880 -0.018311403909205 -0.202216588522930 1.146827262128447 0.982977300144459
-0.550032080803612 -0.449378030024954 0.000162433844170 0.002669432998892 -0.015139106835238 -0.013396517408483 -0.171670618103192 0.973592455384420 0.846028115083569
-0.550018733638617 -0.449453725559130 0.000095451257127 0.001811079908376 -0.010271144558316 -0.009166376833065 -0.139875376947707 0.793272682324542 0.698553840443202
-0.550009678239075 -0.449505081281922 0.000049619372962 0.001111703023637 -0.006304781146693 -0.005673607630849 -0.106815249205638 0.605779380855598 0.540335773063254
-0.550004119723957 -0.449536605187655 0.000021251334808 0.000577626777609 -0.003275884242415 -0.002971928765533 -0.072474618963980 0.411023988919901 0.371155209783636
