-0.550000341911921 -0.443322810173620 0.000001747753672 -0.000472349960234 0.002678829742053 0.002392838685799 -0.158133854260001 0.896821652702773 0.787970513890149
-0.550002703661723 -0.443309416024910 0.000013711947101 -0.001263019231534 0.007162938005567 0.006332691255250 -0.231760678137682 1.314380120451819 1.136007201760231
-0.550009018757880 -0.443273601334882 0.000045375403377 -0.002421822622223 0.013734838607826 0.012012727264051 -0.301732931551335 1.711212489070579 1.453577394632828
-0.550021127870991 -0.443204927141843 0.000105439039697 -0.003930487279979 0.022290901053179 0.019280614237215 -0.368109559154561 2.087653050459881 1.741490833238716
-0.550040780307391 -0.443093472636577 0.000201842110883 -0.005771035075752 0.032729166305479 0.027988068403409 -0.430949505649814 2.444036096556079 2.000557258308819
-0.550069635482770 -0.442929826805049 0.000341782452900 -0.007925782604001 0.044949346788259 0.037990854694953 -0.490311715712899 2.780695919282206 2.231586410573916
-0.550109264395790 -0.442705080071108 0.000531736726375 -0.010377341182566 0.058852826384670 0.049148786747823 -0.546255134037388 3.097966810547970 2.435388030764805
-0.550161151101703 -0.442410815939185 0.000777480660114 -0.013108616852753 0.074342660437410 0.061325726901647 -0.598838705307969 3.396183062287506 2.612771859612347
-0.550226694185967 -0.442039102636998 0.001084109294622 -0.016102810379293 0.091323575748847 0.074389586199708 -0.648121374204891 3.675678966414964 2.764547637847156
-0.550307208237863 -0.441582484758254 0.001456057225621 -0.019343417250317 0.109701970580922 0.088212324388944 -0.694162085403960 3.936788814848935 2.891525106201132
-0.550403925324115 -0.441033974905349 0.001897118847566 -0.022814227677337 0.129385914655167 0.102669949919950 -0.737019783620951 4.179846899525774 2.994514005403084
-0.550517996462501 -0.440387045332073 0.002410468597165 -0.026499326595442 0.150285149152796 0.117642519946965 -0.776753413505027 4.405187512348530 3.074324076185966
-0.550650493095479 -0.439635619586309 0.002998681196900 -0.030383093662967 0.172311086714538 0.133014140327895 -0.813421919767521 4.613144945251335 3.131765059278602
-0.550802408563793 -0.438774064152736 0.003663751898540 -0.034450203261804 0.195376811440795 0.148672965624288 -0.847084247079799 4.804053490152782 3.167646695414300
-0.550974659580102 -0.437797180095532 0.004407116726661 -0.038685624497203 0.219397078891559 0.164511199101360 -0.877799340135432 4.978247438967021 3.182778725321045
-0.551168087702588 -0.436700194701075 0.005229672722168 -0.043074621197881 0.244288316086394 0.180425092727965 -0.905626143605787 5.136061083632626 3.177970889732573
-0.551383460808578 -0.435478753120643 0.006131798185808 -0.047602751915909 0.269968621504557 0.196314947176628 -0.930623602206637 5.277828716057087 3.154032929376382
-0.551621474568157 -0.434128910013120 0.007113372921691 -0.052255869926943 0.296357765084843 0.212085111823510 -0.952850660578264 5.403884628158995 3.111774584986965
-0.551882753917792 -0.432647121187696 0.008173798480809 -0.057020123229834 0.323377188225638 0.227643984748445 -0.972366263440883 5.514563111879145 3.052005597292062
-0.552167854533941 -0.431030235246568 0.009312018404551 -0.061881954547038 0.350950003785033 0.242904012734905 -0.989229355470300 5.610198459116145 2.975535707022964
-0.552477264306676 -0.429275485227642 0.010526538468225 -0.066828101324390 0.379000996080614 0.257781691270020 -1.003498881351206 5.691124961804128 2.883174654915721
-0.552811404813298 -0.427380480247239 0.011815446924575 -0.071845595731146 0.407456620889635 0.272197564544598 -1.015233785763847 5.757676911866128 2.775732181692225
-0.553170632791954 -0.425343197142791 0.013176434747298 -0.076921764659965 0.436245005448965 0.286076225453059 -1.024493013397354 5.810188601220734 2.654018028086924
-0.553555241615254 -0.423161972115546 0.014606815874564 -0.082044229726952 0.465295948455069 0.299346315593494 -1.031335508945297 5.848994321786538 2.518841934840144
-0.553965462763889 -0.420835492373271 0.016103547452531 -0.087200907271678 0.494540920064002 0.311940525267695 -1.035820217074601 5.874428365493234 2.371013642659825
-0.554401467300247 -0.418362787772951 0.017663250078870 -0.092380008357051 0.523913061891468 0.323795593480994 -1.038006082487719 5.886825024246090 2.211342892304979
-0.554863367342032 -0.415743222463494 0.019282228046275 -0.097570038769490 0.553347187012698 0.334852307942519 -1.037952049851576 5.886518589988121 2.040639424485957
-0.555351217535880 -0.412976486528430 0.020956489585987 -0.102759799018748 0.582779779962639 0.345055505064949 -1.035717063877506 5.873843354626818 1.859712979938177
-0.555865016530974 -0.410062587628617 0.022681767111312 -0.107938384338135 0.612148996735773 0.354354069964639 -1.031360069227993 5.849133610089652 1.669373299398313
-0.556404708452664 -0.407001842644938 0.024453537461135 -0.113095184684275 0.641394664786221 0.362700936461631 -1.024940010596609 5.812723648290774 1.470430123594735
-0.556970184376086 -0.403794869321007 0.026267042143443 -0.118219884737258 0.670458283027675 0.370053087079605 -1.016515832663600 5.764947761162098 1.263693193254145
-0.557561283799772 -0.400442577905869 0.028117307578841 -0.123302463900576 0.699283021833486 0.376371553045875 -1.006146480135861 5.706140240619995 1.049972249107667
-0.558177796119275 -0.396946162796701 0.029999165344071 -0.128333196301256 0.727813723036586 0.381621414291414 -0.993890897653671 5.636635378583055 0.830077031891974
-0.558819462100781 -0.393307094181518 0.031907272415528 -0.133302650789524 0.755996899929501 0.385771799450874 -0.979808029955009 5.556767466978751 0.604817282338632
-0.559485975354729 -0.389527109681871 0.033836131412782 -0.138201690939299 0.783780737264395 0.388795885862567 -0.963956821684597 5.466870797725676 0.375002741165309
-0.560176983809425 -0.385608205995549 0.035780110842095 -0.143021475047722 0.811115091253023 0.390670899568393 -0.946396217544887 5.367279662744640 0.141443149115628
-0.560892091184664 -0.381552630539284 0.037733465339937 -0.147753456135447 0.837951489566746 0.391378115313971 -0.927185162238331 5.258328353960895 -0.095051753081776
-0.561630858465341 -0.377362873091450 0.039690355916507 -0.152389381946638 0.864243131336551 0.390902856548563 -0.906382600396327 5.140351163293033 -0.333672224686887
-0.562392805375074 -0.373041657434767 0.041644870199250 -0.156921294948620 0.889944887153016 0.389234495425128 -0.884047476765737 5.013682382659645 -0.573608525008540
-0.563177411849817 -0.368591932999002 0.043591042676375 -0.161341532332449 0.915013299066314 0.386366452800085 -0.860238736000163 4.878656303994866 -0.814050913261755
-0.563984119511480 -0.364016866503670 0.045522874940376 -0.165642726012449 0.939406580586288 0.382296198233777 -0.835015322784294 4.735607219197302 -1.054189648752035
-0.564812333141542 -0.359319833600739 0.047434355931545 -0.169817802626371 0.963084616682275 0.377025249990016 -0.808436181807259 4.584869420218851 -1.293214990737146
-0.565661422154674 -0.354504410517328 0.049319482181495 -0.173859983535407 0.986008963783369 0.370559175036331 -0.780560257762630 4.426777198949239 -1.530317198457365
-0.566530722072351 -0.349574365698411 0.051172278056676 -0.177762784824220 1.008142849778115 0.362907589044044 -0.751446495317332 4.261664847342583 -1.764686531276760
-0.567419535996472 -0.344533651449520 0.052986816001896 -0.181520017300807 1.029451174014828 0.354084156387660 -0.721153839187139 4.089866657284169 -1.995513248326253
-0.568327136082976 -0.339386395579446 0.054757236783835 -0.185125786496743 1.049900507301249 0.344106590146029 -0.689741234012331 3.911716920736996 -2.221987609000997
-0.569252765015460 -0.334136893042940 0.056477769734565 -0.188574492666804 1.069459091904934 0.332996652101024 -0.657267624526447 3.727549929577467 -2.443299872494364
-0.570195637478794 -0.328789597583415 0.058142752995070 -0.191860830789436 1.088096841552821 0.320780152738552 -0.623791955383091 3.537699975773023 -2.658640298092985
-0.571154941632741 -0.323349113375651 0.059746653758763 -0.194979790566352 1.105785341431686 0.307486951248087 -0.589373171266949 3.342501351206728 -2.867199145071830
-0.572129840585572 -0.317820186668493 0.061284088515003 -0.197926656422687 1.122497848187720 0.293150955522728 -0.554070216884917 3.142288347821598 -3.068166672709483
-0.573119473867686 -0.312207697427554 0.062749843292617 -0.200697007507111 1.138209289926828 0.277810122159181 -0.517942036917241 2.937395257536224 -3.260733140267869
-0.574122958905221 -0.306516650977920 0.064138893903413 -0.203286717691697 1.152896266214509 0.261506456457841 -0.481047576017524 2.728156372269197 -3.444088806993095
-0.575139392493680 -0.300752169646847 0.065446426185702 -0.205691955571785 1.166537048075855 0.244286012422876 -0.443445778910423 2.514905983936888 -3.617423932187891
-0.576167852271539 -0.294919484406468 0.066667856247816 -0.207909184466337 1.179111577995540 0.226198892761936 -0.405195590271745 2.297978384477872 -3.779928775118901
-0.577207398193871 -0.289023926516490 0.067798850711626 -0.209935162417696 1.190601469917929 0.207299248886342 -0.366355954772857 2.077707865788536 -3.930793595060544
-0.578257074005959 -0.283070919166901 0.068835346956058 -0.211766942191560 1.200990009246872 0.187645280911039 -0.326985817098446 1.854428719822998 -4.069208651136802
-0.579315908716917 -0.277065969120666 0.069773573360613 -0.213401871277052 1.210262152845987 0.167299237655355 -0.287144121959848 1.628475238462102 -4.194364202952383
-0.580382918073302 -0.271014658356436 0.070610069548890 -0.214837591886852 1.218404529038297 0.146327416640593 -0.246889814015105 1.400181713671067 -4.305450509407005
-0.581457106032736 -0.264922635711245 0.071341706632093 -0.216072040956927 1.225405437606653 0.124800164093558 -0.206281837957789 1.169882437332959 -4.401657829998240
-0.582537466237521 -0.258795608523212 0.071965707452560 -0.217103450146716 1.231254849793317 0.102791874943567 -0.165379138477029 0.937911701405225 -4.482176423938888
-0.583622983488255 -0.252639334274245 0.072479666827278 -0.217930345839101 1.235944408300343 0.080380992823872 -0.124240660261954 0.704603797770931 -4.546196550448967
-0.584712635217450 -0.246459612232743 0.072881571791398 -0.218551549140411 1.239467427289198 0.057650010071628 -0.082925347979490 0.470293018390855 -4.592908468863399
-0.585805392963152 -0.240262275096297 0.073169821841756 -0.218966175880309 1.241818892381152 0.034685467727311 -0.041492146332089 0.235313655151392 -4.621502438423852
-0.586900223842554 -0.234053180634392 0.073343249180392 -0.219173636611969 1.242995460656909 0.011577955535191 0.000000000102141 -0.000000000009992 -4.631182214079876
-0.587996092025614 -0.227838203331107 0.073401138958068 -0.219173636611458 1.242995460656859 -0.011577955535208 0.041492146234390 -0.235313655142511 -4.621502438420522
-0.589091960208671 -0.221623226027823 0.073343249180392 -0.218966175880286 1.241818892381147 -0.034685467727311 0.082925347975049 -0.470293018384194 -4.592908468873946
-0.590186791088072 -0.215414131565917 0.073169821841756 -0.218551549140411 1.239467427289226 -0.057650010071680 0.124240660257513 -0.704603797779813 -4.546196550410664
-0.591279548833774 -0.209216794429471 0.072881571791397 -0.217930345839124 1.235944408300327 -0.080380992823734 0.165379138481470 -0.937911701398564 -4.482176423966644
-0.592369200562970 -0.203037072387969 0.072479666827279 -0.217103450146716 1.231254849793334 -0.102791874943567 0.206281837957789 -1.169882437346281 -4.401657830005457
-0.593454717813704 -0.196880798139003 0.071965707452561 -0.216072040956927 1.225405437606603 -0.124800164093594 0.246889814015105 -1.400181713652193 -4.305450509401454
-0.594535078018488 -0.190753770950970 0.071341706632093 -0.214837591886852 1.218404529038342 -0.146327416640601 0.287144121959848 -1.628475238473204 -4.194364202933509
-0.595609265977922 -0.184661748305778 0.070610069548890 -0.213401871277052 1.210262152845976 -0.167299237655269 0.326985817102887 -1.854428719827439 -4.069208651130141
-0.596676275334308 -0.178610437541548 0.069773573360613 -0.211766942191538 1.200990009246838 -0.187645280910920 0.366355954768416 -2.077707865775213 -3.930793595168236
-0.597735110045265 -0.172605487495314 0.068835346956059 -0.209935162417696 1.190601469917962 -0.207299248886761 0.405195590267304 -2.297978384480093 -3.779928774986785
-0.598784785857354 -0.166652480145724 0.067798850711625 -0.207909184466359 1.179111577995562 -0.226198892761695 0.443445778914864 -2.514905983945770 -3.617423932258945
-0.599824331779686 -0.160756922255746 0.066667856247817 -0.205691955571785 1.166537048075833 -0.244286012422990 0.481047576021965 -2.728156372273638 -3.444088806947576
-0.600852791557545 -0.154924237015367 0.065446426185702 -0.203286717691675 1.152896266214465 -0.261506456457727 0.517942036912800 -2.937395257527342 -3.260733140236227
-0.601869225146003 -0.149159755684295 0.064138893903413 -0.200697007507111 1.138209289926828 -0.277810122158909 0.554070216880476 -3.142288347819377 -3.068166672794692
-0.602872710183538 -0.143468709234661 0.062749843292618 -0.197926656422709 1.122497848187731 -0.293150955522882 0.589373171271390 -3.342501351206728 -2.867199145071830
-0.603862343465652 -0.137856219993722 0.061284088515004 -0.194979790566352 1.105785341431698 -0.307486951248241 0.623791955387532 -3.537699975773023 -2.658640298021098
-0.604837242418484 -0.132327293286563 0.059746653758763 -0.191860830789414 1.088096841552832 -0.320780152738347 0.657267624517566 -3.727549929581908 -2.443299872588456
-0.605796546572431 -0.126886809078799 0.058142752995071 -0.188574492666826 1.069459091904923 -0.332996652101289 0.689741234021213 -3.911716920734776 -2.221987608876375
-0.606739419035765 -0.121539513619275 0.056477769734565 -0.185125786496720 1.049900507301249 -0.344106590145671 0.721153839178257 -4.089866657277508 -1.995513248504166
-0.607665047968249 -0.116290011082768 0.054757236783836 -0.181520017300829 1.029451174014862 -0.354084156388192 0.751446495326213 -4.261664847355906 -1.764686531071924
-0.608572648054753 -0.111142755212694 0.052986816001895 -0.177762784824198 1.008142849778082 -0.362907589043551 0.780560257758189 -4.426777198938137 -1.530317198631670
-0.609461461978874 -0.106102040963804 0.051172278056678 -0.173859983535407 0.986008963783391 -0.370559175036710 0.808436181802819 -4.584869420221072 -1.293214990647495
-0.610330761896551 -0.101171996144887 0.049319482181494 -0.169817802626393 0.963084616682286 -0.377025249989947 0.835015322788735 -4.735607219195082 -1.054189648821424
-0.611179850909683 -0.096356573061475 0.047434355931544 -0.165642726012449 0.939406580586311 -0.382296198234054 0.860238736004604 -4.878656304012630 -0.814050913147402
-0.612008064539745 -0.091659540158544 0.045522874940374 -0.161341532332426 0.915013299066247 -0.386366452799791 0.884047476756855 -5.013682382639661 -0.573608525074321
-0.612814772201407 -0.087084473663213 0.043591042676375 -0.156921294948642 0.889944887153049 -0.389234495425163 0.906382600405209 -5.140351163297474 -0.333672224669679
-0.613599378676150 -0.082634749227447 0.041644870199249 -0.152389381946616 0.864243131336562 -0.390902856548511 0.927185162229449 -5.258328353967556 -0.095051753093989
-0.614361325585883 -0.078313533570764 0.039690355916507 -0.147753456135469 0.837951489566724 -0.391378115313981 0.946396217549328 -5.367279662742419 0.141443149138387
-0.615100092866561 -0.074123776122931 0.037733465339937 -0.143021475047722 0.811115091253012 -0.390670899568289 0.963956821689038 -5.466870797723455 0.375002741126451
-0.615815200241799 -0.070068200666666 0.035780110842095 -0.138201690939277 0.783780737264395 -0.388795885862657 0.979808029946128 -5.556767466960988 0.604817282308934
-0.616506208696496 -0.066149296980344 0.033836131412782 -0.133302650789546 0.755996899929590 -0.385771799451112 0.993890897658112 -5.636635378605259 0.830077031900023
-0.617172721950443 -0.062369312480696 0.031907272415527 -0.128333196301256 0.727813723036563 -0.381621414291612 1.006146480135861 -5.706140240624435 1.049972249260733
-0.617814387931950 -0.058730243865513 0.029999165344068 -0.123302463900576 0.699283021833441 -0.376371553045309 1.016515832663600 -5.764947761150996 1.263693193040150
-0.618430900251453 -0.055233828756346 0.028117307578842 -0.118219884737258 0.670458283027686 -0.370053087080108 1.024940010596609 -5.812723648281892 1.470430123675370
-0.619021999675139 -0.051881537341207 0.026267042143441 -0.113095184684275 0.641394664786277 -0.362700936461731 1.031360069232434 -5.849133610125179 1.669373299533483
-0.619587475598560 -0.048674564017276 0.024453537461133 -0.107938384338113 0.612148996735651 -0.354354069964063 1.035717063868624 -5.873843354584629 1.859712979811057
-0.620127167520251 -0.045613819033598 0.022681767111312 -0.102759799018770 0.582779779962728 -0.345055505065008 1.037952049860458 -5.886518590025869 2.040639424582957
-0.620640966515345 -0.042699920133784 0.020956489585987 -0.097570038769468 0.553347187012598 -0.334852307942093 1.038006082478837 -5.886825024208342 2.211342892125967
-0.621128816709192 -0.039933184198721 0.019282228046277 -0.092380008357074 0.523913061891557 -0.323795593481464 1.035820217083483 -5.874428365533202 2.371013642896158
-0.621590716750977 -0.037313618889263 0.017663250078870 -0.087200907271656 0.494540920063891 -0.311940525266983 1.031335508931974 -5.848994321731027 2.518841934501725
-0.622026721287336 -0.034840914288944 0.016103547452535 -0.082044229726996 0.465295948455235 -0.299346315594474 1.024493013410677 -5.810188601274024 2.654018028398564
-0.622436942435971 -0.032514434546668 0.014606815874562 -0.076921764659943 0.436245005448865 -0.286076225452481 1.015233785759406 -5.757676911828380 2.775732181420909
-0.622821551259270 -0.030333209519423 0.013176434747300 -0.071845595731146 0.407456620889723 -0.272197564545377 1.003498881351206 -5.691124961841876 2.883174655252874
-0.623180779237926 -0.028295926414975 0.011815446924573 -0.066828101324390 0.379000996080514 -0.257781691269112 0.989229355470300 -5.610198459089499 2.975535706727861
-0.623514919744548 -0.026400921434572 0.010526538468227 -0.061881954547038 0.350950003785067 -0.242904012735473 0.972366263440883 -5.514563111883586 3.052005597366375
-0.623824329517283 -0.024646171415647 0.009312018404550 -0.057020123229834 0.323377188225649 -0.227643984748641 0.952850660578264 -5.403884628152333 3.111774584925664
-0.624109430133432 -0.023029285474519 0.008173798480807 -0.052255869926943 0.296357765084887 -0.212085111824013 0.930623602202196 -5.277828716054866 3.154032929602729
-0.624370709483067 -0.021547496649094 0.007113372921687 -0.047602751915932 0.269968621504613 -0.196314947175999 0.905626143619109 -5.136061083688137 3.177970889636711
-0.624608723242647 -0.020197653541571 0.006131798185807 -0.043074621197836 0.244288316086172 -0.180425092727816 0.877799340126550 -4.978247438902628 3.182778725361740
-0.624824096348636 -0.018976211961140 0.005229672722168 -0.038685624497203 0.219397078891659 -0.164511199101007 0.847084247075358 -4.804053490172766 3.167646695213871
-0.625017524471122 -0.017879226566682 0.004407116726663 -0.034450203261827 0.195376811440795 -0.148672965624938 0.813421919771962 -4.613144945251335 3.131765059507846
-0.625189775487431 -0.016902342509478 0.003663751898538 -0.030383093662967 0.172311086714538 -0.133014140327398 0.776753413509468 -4.405187512350750 3.074324076048751
-0.625341690955746 -0.016040787075905 0.002998681196901 -0.026499326595419 0.150285149152785 -0.117642519947155 0.737019783607629 -4.179846899494688 2.994514005365623
-0.625474187588723 -0.015289361330141 0.002410468597165 -0.022814227677381 0.129385914655311 -0.102669949920327 0.694162085421723 -3.936788814895564 2.891525106301101
-0.625588258727110 -0.014642431756865 0.001897118847564 -0.019343417250273 0.109701970580833 -0.088212324388821 0.648121374200450 -3.675678966428286 2.764547638012476
-0.625684975813361 -0.014093921903961 0.001456057225620 -0.016102810379270 0.091323575748692 -0.074389586198759 0.598838705299087 -3.396183062247538 2.612771859397774
-0.625765489865258 -0.013637304025217 0.001084109294626 -0.013108616852775 0.074342660437454 -0.061325726901770 0.546255134037388 -3.097966810536867 2.435388030662153
-0.625831032949522 -0.013265590723030 0.000777480660117 -0.010377341182588 0.058852826384770 -0.049148786748459 0.490311715717340 -2.780695919304410 2.231586410740620
-0.625882919655435 -0.012971326591106 0.000531736726375 -0.007925782604001 0.044949346788248 -0.037990854694756 0.430949505654254 -2.444036096564961 2.000557258160228
-0.625922548568455 -0.012746579857165 0.000341782452901 -0.005771035075730 0.032729166305423 -0.027988068403955 0.368109559150120 -2.087653050457661 1.741490833459974
-0.625951403743833 -0.012582934025638 0.000201842110881 -0.003930487279979 0.022290901053135 -0.019280614236655 0.301732931542453 -1.711212489021730 1.453577394425118
-0.625971056180233 -0.012471479520372 0.000105439039698 -0.002421822622267 0.013734838608026 -0.012012727264529 0.231760678155446 -1.314380120529535 1.136007201993394
-0.625983165293344 -0.012402805327332 0.000045375403375 -0.001263019231490 0.007162938005378 -0.006332691254562 0.158133854251119 -0.896821652671687 0.787970513857341
-0.625989480389502 -0.012366990637305 0.000013711947102 -0.000472349960234 0.002678829742020 -0.002392838685276 0.080793515189193 -0.458202793858220 0.408657590018217
-0.625991842139303 -0.012353596488595 0.000001747753676 -0.000068382384288 0.000387815772729 -0.000349550735185 0.013676476857682 -0.077563154545768 0.069910147036918
-0.625992184051224 -0.012351657409731 0.000000000000000 0.000000000000000 0.000000000000000 0.000000000000000 0.013676476857682 -0.077563154545768 0.069910147036918
-0.625992184051224 -0.012351657409731 0.000000000000000 0.000068382384288 -0.000387815772729 0.000349550735185 0.080793515189193 -0.458202793858220 0.408657590018217
-0.625991842139303 -0.012353596488595 0.000001747753676 0.000472349960234 -0.002678829742020 0.002392838685276 0.158133854251119 -0.896821652671687 0.787970513857341
-0.625989480389502 -0.012366990637305 0.000013711947102 0.001263019231490 -0.007162938005378 0.006332691254562 0.231760678155446 -1.314380120529535 1.136007201993394
-0.625983165293344 -0.012402805327332 0.000045375403375 0.002421822622267 -0.013734838608026 0.012012727264529 0.301732931542453 -1.711212489021730 1.453577394425118
-0.625971056180233 -0.012471479520372 0.000105439039698 0.003930487279979 -0.022290901053135 0.019280614236655 0.368109559150120 -2.087653050457661 1.741490833459974
-0.625951403743833 -0.012582934025638 0.000201842110881 0.005771035075730 -0.032729166305423 0.027988068403955 0.430949505654254 -2.444036096564961 2.000557258160228
-0.625922548568455 -0.012746579857165 0.000341782452901 0.007925782604001 -0.044949346788248 0.037990854694756 0.490311715717340 -2.780695919304410 2.231586410740620
-0.625882919655435 -0.012971326591106 0.000531736726375 0.010377341182588 -0.058852826384770 0.049148786748459 0.546255134037388 -3.097966810536867 2.435388030662153
-0.625831032949522 -0.013265590723030 0.000777480660117 0.013108616852775 -0.074342660437454 0.061325726901770 0.598838705299087 -3.396183062247538 2.612771859397774
-0.625765489865258 -0.013637304025217 0.001084109294626 0.016102810379270 -0.091323575748692 0.074389586198759 0.648121374200450 -3.675678966428286 2.764547638012476
-0.625684975813361 -0.014093921903961 0.001456057225620 0.019343417250273 -0.109701970580833 0.088212324388821 0.694162085421723 -3.936788814895564 2.891525106301101
-0.625588258727110 -0.014642431756865 0.001897118847564 0.022814227677381 -0.129385914655311 0.102669949920327 0.737019783607629 -4.179846899494688 2.994514005365623
-0.625474187588723 -0.015289361330141 0.002410468597165 0.026499326595419 -0.150285149152785 0.117642519947155 0.776753413509468 -4.405187512350750 3.074324076048751
-0.625341690955746 -0.016040787075905 0.002998681196901 0.030383093662967 -0.172311086714538 0.133014140327398 0.813421919771962 -4.613144945251335 3.131765059507846
-0.625189775487431 -0.016902342509478 0.003663751898538 0.034450203261827 -0.195376811440795 0.148672965624938 0.847084247075358 -4.804053490172766 3.167646695213871
-0.625017524471122 -0.017879226566682 0.004407116726663 0.038685624497203 -0.219397078891659 0.164511199101007 0.877799340126550 -4.978247438902628 3.182778725361740
-0.624824096348636 -0.018976211961140 0.005229672722168 0.043074621197836 -0.244288316086172 0.180425092727816 0.905626143619109 -5.136061083688137 3.177970889636711
-0.624608723242647 -0.020197653541571 0.006131798185807 0.047602751915932 -0.269968621504613 0.196314947175999 0.930623602202196 -5.277828716054866 3.154032929602729
-0.624370709483067 -0.021547496649094 0.007113372921687 0.052255869926943 -0.296357765084887 0.212085111824013 0.952850660578264 -5.403884628152333 3.111774584925664
-0.624109430133432 -0.023029285474519 0.008173798480807 0.057020123229834 -0.323377188225649 0.227643984748641 0.972366263440883 -5.514563111883586 3.052005597366375
-0.623824329517283 -0.024646171415647 0.009312018404550 0.061881954547038 -0.350950003785067 0.242904012735473 0.989229355470300 -5.610198459089499 2.975535706727861
-0.623514919744548 -0.026400921434572 0.010526538468227 0.066828101324390 -0.379000996080514 0.257781691269112 1.003498881351206 -5.691124961841876 2.883174655252874
-0.623180779237926 -0.028295926414975 0.011815446924573 0.071845595731146 -0.407456620889723 0.272197564545377 1.015233785759406 -5.757676911828380 2.775732181420909
-0.622821551259270 -0.030333209519423 0.013176434747300 0.076921764659943 -0.436245005448865 0.286076225452481 1.024493013410677 -5.810188601274024 2.654018028398564
-0.622436942435971 -0.032514434546668 0.014606815874562 0.082044229726996 -0.465295948455235 0.299346315594474 1.031335508931974 -5.848994321731027 2.518841934501725
-0.622026721287336 -0.034840914288944 0.016103547452535 0.087200907271656 -0.494540920063891 0.311940525266983 1.035820217083483 -5.874428365533202 2.371013642896158
-0.621590716750977 -0.037313618889263 0.017663250078870 0.092380008357074 -0.523913061891557 0.323795593481464 1.038006082478837 -5.886825024208342 2.211342892125967
-0.621128816709192 -0.039933184198721 0.019282228046277 0.097570038769468 -0.553347187012598 0.334852307942093 1.037952049860458 -5.886518590025869 2.040639424582957
-0.620640966515345 -0.042699920133784 0.020956489585987 0.102759799018770 -0.582779779962728 0.345055505065008 1.035717063868624 -5.873843354584629 1.859712979811057
-0.620127167520251 -0.045613819033598 0.022681767111312 0.107938384338113 -0.612148996735651 0.354354069964063 1.031360069232434 -5.849133610125179 1.669373299533483
-0.619587475598560 -0.048674564017276 0.024453537461133 0.113095184684275 -0.641394664786277 0.362700936461731 1.024940010596609 -5.812723648281892 1.470430123675370
-0.619021999675139 -0.051881537341207 0.026267042143441 0.118219884737258 -0.670458283027686 0.370053087080108 1.016515832663600 -5.764947761150996 1.263693193040150
-0.618430900251453 -0.055233828756346 0.028117307578842 0.123302463900576 -0.699283021833441 0.376371553045309 1.006146480135861 -5.706140240624435 1.049972249260733
-0.617814387931950 -0.058730243865513 0.029999165344068 0.128333196301256 -0.727813723036563 0.381621414291612 0.993890897658112 -5.636635378605259 0.830077031900023
-0.617172721950443 -0.062369312480696 0.031907272415527 0.133302650789546 -0.755996899929590 0.385771799451112 0.979808029946128 -5.556767466960988 0.604817282308934
-0.616506208696496 -0.066149296980344 0.033836131412782 0.138201690939277 -0.783780737264395 0.388795885862657 0.963956821689038 -5.466870797723455 0.375002741126451
-0.615815200241799 -0.070068200666666 0.035780110842095 0.143021475047722 -0.811115091253012 0.390670899568289 0.946396217549328 -5.367279662742419 0.141443149138387
-0.615100092866561 -0.074123776122931 0.037733465339937 0.147753456135469 -0.837951489566724 0.391378115313981 0.927185162229449 -5.258328353967556 -0.095051753093989
-0.614361325585883 -0.078313533570764 0.039690355916507 0.152389381946616 -0.864243131336562 0.390902856548511 0.906382600405209 -5.140351163297474 -0.333672224669679
-0.613599378676150 -0.082634749227447 0.041644870199249 0.156921294948642 -0.889944887153049 0.389234495425163 0.884047476756855 -5.013682382639661 -0.573608525074321
-0.612814772201407 -0.087084473663213 0.043591042676375 0.161341532332426 -0.915013299066247 0.386366452799791 0.860238736004604 -4.878656304012630 -0.814050913147402
-0.612008064539745 -0.091659540158544 0.045522874940374 0.165642726012449 -0.939406580586311 0.382296198234054 0.835015322788735 -4.735607219195082 -1.054189648821424
-0.611179850909683 -0.096356573061475 0.047434355931544 0.169817802626393 -0.963084616682286 0.377025249989947 0.808436181802819 -4.584869420221072 -1.293214990647495
-0.610330761896551 -0.101171996144887 0.049319482181494 0.173859983535407 -0.986008963783391 0.370559175036710 0.780560257758189 -4.426777198938137 -1.530317198631670
-0.609461461978874 -0.106102040963804 0.051172278056678 0.177762784824198 -1.008142849778082 0.362907589043551 0.751446495326213 -4.261664847355906 -1.764686531071924
-0.608572648054753 -0.111142755212694 0.052986816001895 0.181520017300829 -1.029451174014862 0.354084156388192 0.721153839178257 -4.089866657277508 -1.995513248504166
-0.607665047968249 -0.116290011082768 0.054757236783836 0.185125786496720 -1.049900507301249 0.344106590145671 0.689741234021213 -3.911716920734776 -2.221987608876375
-0.606739419035765 -0.121539513619275 0.056477769734565 0.188574492666826 -1.069459091904923 0.332996652101289 0.657267624517566 -3.727549929581908 -2.443299872588456
-0.605796546572431 -0.126886809078799 0.058142752995071 0.191860830789414 -1.088096841552832 0.320780152738347 0.623791955387532 -3.537699975773023 -2.658640298021098
-0.604837242418484 -0.132327293286563 0.059746653758763 0.194979790566352 -1.105785341431698 0.307486951248241 0.589373171271390 -3.342501351206728 -2.867199145071830
-0.603862343465652 -0.137856219993722 0.061284088515004 0.197926656422709 -1.122497848187731 0.293150955522882 0.554070216880476 -3.142288347819377 -3.068166672794692
-0.602872710183538 -0.143468709234661 0.062749843292618 0.200697007507111 -1.138209289926828 0.277810122158909 0.517942036912800 -2.937395257527342 -3.260733140236227
-0.601869225146003 -0.149159755684295 0.064138893903413 0.203286717691675 -1.152896266214465 0.261506456457727 0.481047576021965 -2.728156372273638 -3.444088806947576
-0.600852791557545 -0.154924237015367 0.065446426185702 0.205691955571785 -1.166537048075833 0.244286012422990 0.443445778914864 -2.514905983945770 -3.617423932258945
-0.599824331779686 -0.160756922255746 0.066667856247817 0.207909184466359 -1.179111577995562 0.226198892761695 0.405195590267304 -2.297978384480093 -3.779928774986785
-0.598784785857354 -0.166652480145724 0.067798850711625 0.209935162417696 -1.190601469917962 0.207299248886761 0.366355954768416 -2.077707865775213 -3.930793595168236
-0.597735110045265 -0.172605487495314 0.068835346956059 0.211766942191538 -1.200990009246838 0.187645280910920 0.326985817102887 -1.854428719827439 -4.069208651130141
-0.596676275334308 -0.178610437541548 0.069773573360613 0.213401871277052 -1.210262152845976 0.167299237655269 0.287144121959848 -1.628475238473204 -4.194364202933509
-0.595609265977922 -0.184661748305778 0.070610069548890 0.214837591886852 -1.218404529038342 0.146327416640601 0.246889814015105 -1.400181713652193 -4.305450509401454
-0.594535078018488 -0.190753770950970 0.071341706632093 0.216072040956927 -1.225405437606603 0.124800164093594 0.206281837957789 -1.169882437346281 -4.401657830005457
-0.593454717813704 -0.196880798139003 0.071965707452561 0.217103450146716 -1.231254849793334 0.102791874943567 0.165379138481470 -0.937911701398564 -4.482176423966644
-0.592369200562970 -0.203037072387969 0.072479666827279 0.217930345839124 -1.235944408300327 0.080380992823734 0.124240660257513 -0.704603797779813 -4.546196550410664
-0.591279548833774 -0.209216794429471 0.072881571791397 0.218551549140411 -1.239467427289226 0.057650010071680 0.082925347975049 -0.470293018384194 -4.592908468873946
-0.590186791088072 -0.215414131565917 0.073169821841756 0.218966175880286 -1.241818892381147 0.034685467727311 0.041492146234390 -0.235313655142511 -4.621502438420522
-0.589091960208671 -0.221623226027823 0.073343249180392 0.219173636611458 -1.242995460656859 0.011577955535208 0.000000000102141 -0.000000000009992 -4.631182214079876
-0.587996092025614 -0.227838203331107 0.073401138958068 0.219173636611969 -1.242995460656909 -0.011577955535191 -0.041492146332089 0.235313655151392 -4.621502438423852
-0.586900223842554 -0.234053180634392 0.073343249180392 0.218966175880309 -1.241818892381152 -0.034685467727311 -0.082925347979490 0.470293018390855 -4.592908468863399
-0.585805392963152 -0.240262275096297 0.073169821841756 0.218551549140411 -1.239467427289198 -0.057650010071628 -0.124240660261954 0.704603797770931 -4.546196550448967
-0.584712635217450 -0.246459612232743 0.072881571791398 0.217930345839101 -1.235944408300343 -0.080380992823872 -0.165379138477029 0.937911701405225 -4.482176423938888
-0.583622983488255 -0.252639334274245 0.072479666827278 0.217103450146716 -1.231254849793317 -0.102791874943567 -0.206281837957789 1.169882437332959 -4.401657829998240
-0.582537466237521 -0.258795608523212 0.071965707452560 0.216072040956927 -1.225405437606653 -0.124800164093558 -0.246889814015105 1.400181713671067 -4.305450509407005
-0.581457106032736 -0.264922635711245 0.071341706632093 0.214837591886852 -1.218404529038297 -0.146327416640593 -0.287144121959848 1.628475238462102 -4.194364202952383
-0.580382918073302 -0.271014658356436 0.070610069548890 0.213401871277052 -1.210262152845987 -0.167299237655355 -0.326985817098446 1.854428719822998 -4.069208651136802
-0.579315908716917 -0.277065969120666 0.069773573360613 0.211766942191560 -1.200990009246872 -0.187645280911039 -0.366355954772857 2.077707865788536 -3.930793595060544
-0.578257074005959 -0.283070919166901 0.068835346956058 0.209935162417696 -1.190601469917929 -0.207299248886342 -0.405195590271745 2.297978384477872 -3.779928775118901
-0.577207398193871 -0.289023926516490 0.067798850711626 0.207909184466337 -1.179111577995540 -0.226198892761936 -0.443445778910423 2.514905983936888 -3.617423932187891
-0.576167852271539 -0.294919484406468 0.066667856247816 0.205691955571785 -1.166537048075855 -0.244286012422876 -0.481047576017524 2.728156372269197 -3.444088806993095
-0.575139392493680 -0.300752169646847 0.065446426185702 0.203286717691697 -1.152896266214509 -0.261506456457841 -0.517942036917241 2.937395257536224 -3.260733140267869
-0.574122958905221 -0.306516650977920 0.064138893903413 0.200697007507111 -1.138209289926828 -0.277810122159181 -0.554070216884917 3.142288347821598 -3.068166672709483
-0.573119473867686 -0.312207697427554 0.062749843292617 0.197926656422687 -1.122497848187720 -0.293150955522728 -0.589373171266949 3.342501351206728 -2.867199145071830
-0.572129840585572 -0.317820186668493 0.061284088515003 0.194979790566352 -1.105785341431686 -0.307486951248087 -0.623791955383091 3.537699975773023 -2.658640298092985
-0.571154941632741 -0.323349113375651 0.059746653758763 0.191860830789436 -1.088096841552821 -0.320780152738552 -0.657267624526447 3.727549929577467 -2.443299872494364
-0.570195637478794 -0.328789597583415 0.058142752995070 0.188574492666804 -1.069459091904934 -0.332996652101024 -0.689741234012331 3.911716920736996 -2.221987609000997
-0.569252765015460 -0.334136893042940 0.056477769734565 0.185125786496743 -1.049900507301249 -0.344106590146029 -0.721153839187139 4.089866657284169 -1.995513248326253
-0.568327136082976 -0.339386395579446 0.054757236783835 0.181520017300807 -1.029451174014828 -0.354084156387660 -0.751446495317332 4.261664847342583 -1.764686531276760
-0.567419535996472 -0.344533651449520 0.052986816001896 0.177762784824220 -1.008142849778115 -0.362907589044044 -0.780560257762630 4.426777198949239 -1.530317198457365
-0.566530722072351 -0.349574365698411 0.051172278056676 0.173859983535407 -0.986008963783369 -0.370559175036331 -0.808436181807259 4.584869420218851 -1.293214990737146
-0.565661422154674 -0.354504410517328 0.049319482181495 0.169817802626371 -0.963084616682275 -0.377025249990016 -0.835015322784294 4.735607219197302 -1.054189648752035
-0.564812333141542 -0.359319833600739 0.047434355931545 0.165642726012449 -0.939406580586288 -0.382296198233777 -0.860238736000163 4.878656303994866 -0.814050913261755
-0.563984119511480 -0.364016866503670 0.045522874940376 0.161341532332449 -0.915013299066314 -0.386366452800085 -0.884047476765737 5.013682382659645 -0.573608525008540
-0.563177411849817 -0.368591932999002 0.043591042676375 0.156921294948620 -0.889944887153016 -0.389234495425128 -0.906382600396327 5.140351163293033 -0.333672224686887
-0.562392805375074 -0.373041657434767 0.041644870199250 0.152389381946638 -0.864243131336551 -0.390902856548563 -0.927185162238331 5.258328353960895 -0.095051753081776
-0.561630858465341 -0.377362873091450 0.039690355916507 0.147753456135447 -0.837951489566746 -0.391378115313971 -0.946396217544887 5.367279662744640 0.141443149115628
-0.560892091184664 -0.381552630539284 0.037733465339937 0.143021475047722 -0.811115091253023 -0.390670899568393 -0.963956821684597 5.466870797725676 0.375002741165309
-0.560176983809425 -0.385608205995549 0.035780110842095 0.138201690939299 -0.783780737264395 -0.388795885862567 -0.979808029955009 5.556767466978751 0.604817282338632
-0.559485975354729 -0.389527109681871 0.033836131412782 0.133302650789524 -0.755996899929501 -0.385771799450874 -0.993890897653671 5.636635378583055 0.830077031891974
-0.558819462100781 -0.393307094181518 0.031907272415528 0.128333196301256 -0.727813723036586 -0.381621414291414 -1.006146480135861 5.706140240619995 1.049972249107667
-0.558177796119275 -0.396946162796701 0.029999165344071 0.123302463900576 -0.699283021833486 -0.376371553045875 -1.016515832663600 5.764947761162098 1.263693193254145
-0.557561283799772 -0.400442577905869 0.028117307578841 0.118219884737258 -0.670458283027675 -0.370053087079605 -1.024940010596609 5.812723648290774 1.470430123594735
-0.556970184376086 -0.403794869321007 0.026267042143443 0.113095184684275 -0.641394664786221 -0.362700936461631 -1.031360069227993 5.849133610089652 1.669373299398313
-0.556404708452664 -0.407001842644938 0.024453537461135 0.107938384338135 -0.612148996735773 -0.354354069964639 -1.035717063877506 5.873843354626818 1.859712979938177
-0.555865016530974 -0.410062587628617 0.022681767111312 0.102759799018748 -0.582779779962639 -0.345055505064949 -1.037952049851576 5.886518589988121 2.040639424485957
-0.555351217535880 -0.412976486528430 0.020956489585987 0.097570038769490 -0.553347187012698 -0.334852307942519 -1.038006082487719 5.886825024246090 2.211342892304979
-0.554863367342032 -0.415743222463494 0.019282228046275 0.092380008357051 -0.523913061891468 -0.323795593480994 -1.035820217074601 5.874428365493234 2.371013642659825
-0.554401467300247 -0.418362787772951 0.017663250078870 0.087200907271678 -0.494540920064002 -0.311940525267695 -1.031335508945297 5.848994321786538 2.518841934840144
-0.553965462763889 -0.420835492373271 0.016103547452531 0.082044229726952 -0.465295948455069 -0.299346315593494 -1.024493013397354 5.810188601220734 2.654018028086924
-0.553555241615254 -0.423161972115546 0.014606815874564 0.076921764659965 -0.436245005448965 -0.286076225453059 -1.015233785763847 5.757676911866128 2.775732181692225
-0.553170632791954 -0.425343197142791 0.013176434747298 0.071845595731146 -0.407456620889635 -0.272197564544598 -1.003498881351206 5.691124961804128 2.883174654915721
-0.552811404813298 -0.427380480247239 0.011815446924575 0.066828101324390 -0.379000996080614 -0.257781691270020 -0.989229355470300 5.610198459116145 2.975535707022964
-0.552477264306676 -0.429275485227642 0.010526538468225 0.061881954547038 -0.350950003785033 -0.242904012734905 -0.972366263440883 5.514563111879145 3.052005597292062
-0.552167854533941 -0.431030235246568 0.009312018404551 0.057020123229834 -0.323377188225638 -0.227643984748445 -0.952850660578264 5.403884628158995 3.111774584986965
-0.551882753917792 -0.432647121187696 0.008173798480809 0.052255869926943 -0.296357765084843 -0.212085111823510 -0.930623602206637 5.277828716057087 3.154032929376382
-0.551621474568157 -0.434128910013120 0.007113372921691 0.047602751915909 -0.269968621504557 -0.196314947176628 -0.905626143605787 5.136061083632626 3.177970889732573
-0.551383460808578 -0.435478753120643 0.006131798185808 0.043074621197881 -0.244288316086394 -0.180425092727965 -0.877799340135432 4.978247438967021 3.182778725321045
-0.551168087702588 -0.436700194701075 0.005229672722168 0.038685624497203 -0.219397078891559 -0.164511199101360 -0.847084247079799 4.804053490152782 3.167646695414300
-0.550974659580102 -0.437797180095532 0.004407116726661 0.034450203261804 -0.195376811440795 -0.148672965624288 -0.813421919767521 4.613144945251335 3.131765059278602
-0.550802408563793 -0.438774064152736 0.003663751898540 0.030383093662967 -0.172311086714538 -0.133014140327895 -0.776753413505027 4.405187512348530 3.074324076185966
-0.550650493095479 -0.439635619586309 0.002998681196900 0.026499326595442 -0.150285149152796 -0.117642519946965 -0.737019783620951 4.179846899525774 2.994514005403084
-0.550517996462501 -0.440387045332073 0.002410468597165 0.022814227677337 -0.129385914655167 -0.102669949919950 -0.694162085403960 3.936788814848935 2.891525106201132
-0.550403925324115 -0.441033974905349 0.001897118847566 0.019343417250317 -0.109701970580922 -0.088212324388944 -0.648121374204891 3.675678966414964 2.764547637847156
-0.550307208237863 -0.441582484758254 0.001456057225621 0.016102810379293 -0.091323575748847 -0.074389586199708 -0.598838705307969 3.396183062287506 2.612771859612347
-0.550226694185967 -0.442039102636998 0.001084109294622 0.013108616852753 -0.074342660437410 -0.061325726901647 -0.546255134037388 3.097966810547970 2.435388030764805
-0.550161151101703 -0.442410815939185 0.000777480660114 0.010377341182566 -0.058852826384670 -0.049148786747823 -0.490311715712899 2.780695919282206 2.231586410573916
-0.550109264395790 -0.442705080071108 0.000531736726375 0.007925782604001 -0.044949346788259 -0.037990854694953 -0.430949505649814 2.444036096556079 2.000557258308819
-0.550069635482770 -0.442929826805049 0.000341782452900 0.005771035075752 -0.032729166305479 -0.027988068403409 -0.368109559154561 2.087653050459881 1.741490833238716
-0.550040780307391 -0.443093472636577 0.000201842110883 0.003930487279979 -0.022290901053179 -0.019280614237215 -0.301732931551335 1.711212489070579 1.453577394632828
-0.550021127870991 -0.443204927141843 0.000105439039697 0.002421822622223 -0.013734838607826 -0.012012727264051 -0.231760678137682 1.314380120451819 1.136007201760231
-0.550009018757880 -0.443273601334882 0.000045375403377 0.001263019231534 -0.007162938005567 -0.006332691255250 -0.158133854260001 0.896821652702773 0.787970513890149
