-0.550000561209407 -0.442596142252977 0.000002716396480 -0.000773415361599 0.004386256479172 0.003703657511540 -0.257777535579429 1.461929051063127 1.210331420572052
-0.550004428286215 -0.442574210970581 0.000021234684038 -0.002062303039496 0.011695901734488 0.009755314614400 -0.376143274358753 2.133214513426740 1.731478238502550
-0.550014739801412 -0.442515731461909 0.000070011257110 -0.003943019411290 0.022361974301621 0.018412705806913 -0.487467329359781 2.764564602673047 2.197280080211121
-0.550034454898468 -0.442403921590401 0.000162074786144 -0.006380356058089 0.036184797314986 0.029399106207969 -0.591885117606772 3.356747306766383 2.609500929003635
-0.550066356678759 -0.442222997603826 0.000309070317184 -0.009339781646123 0.052968533848818 0.042446610852987 -0.689532056070696 3.910530613633334 2.969904768185917
-0.550113055586990 -0.441958154934582 0.000521303371449 -0.012787441926476 0.072521186916985 0.057296134693916 -0.780543561758051 4.426682511236013 3.280255581063945
-0.550176992796622 -0.441595548999997 0.000807784044918 -0.016690159735266 0.094654599473165 0.073697412599236 -0.865055051670893 4.905970987507668 3.542317350943685
-0.550260443595298 -0.441122276002631 0.001176271107915 -0.021015434993621 0.119184454410703 0.091408999353955 -0.943201942793515 5.349164030388209 3.757854061130364
-0.550365520770266 -0.440526353730577 0.001633316104684 -0.025731444707588 0.145930274562645 0.110198269659606 -1.015119652127972 5.757029627837529 3.928629694931049
-0.550494177993804 -0.439796702357764 0.002184307452982 -0.030807042968228 0.174715422701832 0.129841418134262 -1.080943596658557 6.130335767782213 4.056408235650721
-0.550648213208645 -0.438923125244255 0.002833514543654 -0.036211760951521 0.205367101540743 0.150123459312515 -1.140809193400649 6.469850438188818 4.142953666594634
-0.550829272013403 -0.437896289736551 0.003584131840216 -0.041915806918524 0.237716353731687 0.170838227645488 -1.194851859338542 6.776341626972826 4.190029971071802
-0.551038851047996 -0.436707707967893 0.004438322978444 -0.047890066215217 0.271598061866551 0.191788377500847 -1.243207011452085 7.050577322100793 4.199401132382596
-0.551278301379072 -0.435349717658560 0.005397264865948 -0.054106101272478 0.306850948477055 0.212785383162760 -1.286010066778864 7.293325511517068 4.172831133838656
-0.551548831885434 -0.433815462916175 0.006461191781762 -0.060536151606372 0.343317576034641 0.233649538831954 -1.323396442254321 7.505354183148238 4.112083958742396
-0.551851512643466 -0.432098875036002 0.007629439475922 -0.067153133817643 0.380844346950382 0.254209958625666 -1.355501554933802 7.687431324954197 4.018923590401524
-0.552187278312554 -0.430194653301250 0.008900489269050 -0.073930641592312 0.419281503575153 0.274304576577673 -1.382460821774956 7.840324924879294 3.895114012117395
-0.552556931520516 -0.428098245783374 0.010272012151938 -0.080842945701187 0.458483128199549 0.293780146638260 -1.404409659793160 7.964802970856777 3.742419207204695
-0.552961146249022 -0.425805830142376 0.011740912885130 -0.087864994000153 0.498307143053833 0.312492242674284 -1.421483485963826 8.061633450839878 3.562603158960909
-0.553400471219022 -0.423314294427107 0.013303374098501 -0.094972411429972 0.538615310308033 0.330305258469088 -1.433817717297892 8.131584352772947 3.357429850698657
-0.553875333276172 -0.420621217875567 0.014954900390846 -0.102141500016462 0.579273232071897 0.347092407722582 -1.441547770792972 8.175423664593673 3.128663265710985
-0.554386040776255 -0.417724851715207 0.016690362429459 -0.109349238870426 0.620150350394866 0.362735724051137 -1.444809063433361 8.193919374253067 2.878067387327987
-0.554932786970607 -0.414624099963233 0.018504041049715 -0.116573284187593 0.661119947266131 0.377126060987776 -1.443737012216673 8.187839469699920 2.607406198825157
-0.555515653391545 -0.411318500226902 0.020389671354654 -0.123791969248677 0.702059144614631 0.390163091981902 -1.438467034140523 8.157951938856378 2.318443683531490
-0.556134613237788 -0.407808204503829 0.022340486814563 -0.130984304419379 0.742848904308913 0.401755310399560 -1.429134546206967 8.105024769702318 2.012943824752222
-0.556789534759885 -0.404093959982285 0.024349263366561 -0.138129977150414 0.783374028157424 0.411820029523321 -1.415874965404740 8.029825950137681 1.692670605770719
-0.557480184645637 -0.400177089841497 0.026408363514178 -0.145209351977438 0.823523157908113 0.420283382552174 -1.398823708735897 7.933123468157888 1.359388009915674
-0.558206231405524 -0.396059474051957 0.028509780426939 -0.152203470521117 0.863188775248902 0.427080322601753 -1.378116193162526 7.815685311662879 1.014860020493302
-0.558967248758130 -0.391743530175712 0.030645182039947 -0.159094051486930 0.902267201807216 0.432154622704219 -1.353887835739975 7.678279468616989 0.660850620788778
-0.559762719015565 -0.387232194166676 0.032805955153469 -0.165863490665630 0.940658599150301 0.435458875808163 -1.326274053417009 7.521673926969008 0.299123794134659
-0.560592036468893 -0.382528901170925 0.034983249532509 -0.172494860932715 0.978266968785146 0.436954494778836 -1.295410263204566 7.346636674645524 -0.068556476199855
-0.561454510773556 -0.377637566326999 0.037168022006404 -0.178971912248738 1.015000152158374 0.436611712397837 -1.261431882091379 7.153935699619751 -0.440426206844979
-0.562349370334800 -0.372562565566207 0.039351080568393 -0.185279071659195 1.050769830656473 0.434409581363612 -1.224474327088387 6.944338989798293 -0.814721414588992
-0.563275765693096 -0.367308716412925 0.041523128475211 -0.191401443294636 1.085491525605464 0.430335974290667 -1.184673015179882 6.718614533158807 -1.189678116032544
-0.564232772909569 -0.361881258784898 0.043674808346664 -0.197324808370536 1.119084598271258 0.424387583710505 -1.142163363350157 6.477530317625657 -1.563532327920336
-0.565219396951422 -0.356285835793541 0.045796746265217 -0.203035625187287 1.151472249859387 0.416569922070903 -1.097080788623472 6.221854331154297 -1.934520066941836
-0.566234575077358 -0.350528474544244 0.047879595875571 -0.208521029130404 1.182581521515158 0.406897321736194 -1.049560707970798 5.952354561686857 -2.300877349779851
-0.567277180223010 -0.344615566936669 0.049914082484252 -0.213768832670258 1.212343294323592 0.395392934987294 -0.999738538385309 5.669798997154363 -2.660840193127734
-0.568346024386362 -0.338553850465051 0.051891047159189 -0.218767525362185 1.240692289309364 0.382088734021656 -0.947749696891265 5.374955625521149 -3.012644613709370
-0.569439862013172 -0.332350389018504 0.053801490829297 -0.223506273846641 1.267567067436970 0.367025510953109 -0.893729600459636 5.068592434718244 -3.354526628168708
-0.570557393382406 -0.326012553681319 0.055636618384062 -0.227974921848939 1.292910029610561 0.350252877812265 -0.837813666083598 4.751477412703320 -3.684722253224360
-0.571697267991650 -0.319548003533266 0.057387882773124 -0.232163990179357 1.316667416674078 0.331829266546144 -0.780137310774087 4.424378547402963 -4.001467505632128
-0.572858087942547 -0.312964666449896 0.059047029105855 -0.236064676733228 1.338789309411093 0.311821929017983 -0.720835951524279 4.088063826770405 -4.302998401925495
-0.574038411326213 -0.306270719902840 0.060606138750944 -0.239668856490849 1.359229628544945 0.290306937008356 -0.660045005305143 3.743301238749996 -4.587550959010144
-0.575236755608667 -0.299474571760115 0.062057673435986 -0.242969081517375 1.377946134738695 0.267369182213305 -0.597899889149822 3.390858771299410 -4.853361193371819
-0.576451601016254 -0.292584841086422 0.063394519347053 -0.245958580963124 1.394900428595192 0.243102376246446 -0.534536020038168 3.031504412329689 -5.098665121835433
-0.577681393921070 -0.285610338943446 0.064610031228285 -0.248631261063315 1.410057950656840 0.217609050637269 -0.470088814941150 2.666006149818489 -5.321698761130422
-0.578924550226387 -0.278560049190162 0.065698076481471 -0.250981705138020 1.423387981405932 0.191000556831616 -0.404693690896352 2.295131971687958 -5.520698127772228
-0.580179458752077 -0.271443109283132 0.066653079265629 -0.253005173592502 1.434863641264372 0.163397066192755 -0.338486064879184 1.919649865902429 -5.693899238648492
-0.581444484620039 -0.264268791076810 0.067470064596593 -0.254697603916898 1.444461890593884 0.134927569999513 -0.271601353860618 1.540327820386267 -5.839538110329334
-0.582717972639624 -0.257046481623841 0.068144702446591 -0.256055610686201 1.452163529695816 0.105729879447866 -0.204174974891558 1.157933823086044 -5.955850759554182
-0.583998250693055 -0.249785663975362 0.068673351843830 -0.257076485560659 1.457953198811246 0.075950625650095 -0.136342344911888 0.773235861976085 -6.041073202996960
-0.585283633120858 -0.242495897981306 0.069053104972081 -0.257758197285218 1.461819378121126 0.045745259635110 -0.068238880959193 0.387001924956332 -6.093441457455384
-0.586572424107284 -0.235186801090700 0.069281831270256 -0.258099391690014 1.463754387745908 0.015278052347834 0.000000000111022 -0.000000000042188 -6.111220939127304
-0.587862921065734 -0.227868029151970 0.069358221531995 -0.258099391689459 1.463754387745697 -0.015278052347803 0.068238880843730 -0.387001924907482 -6.093441457429294
-0.589153418024181 -0.220549257213242 0.069281831270256 -0.257758197285241 1.461819378121160 -0.045745259634949 0.136342344916329 -0.773235861980526 -6.041073203070235
-0.590442209010608 -0.213240160322636 0.069053104972081 -0.257076485560659 1.457953198811257 -0.075950625650301 0.204174974891558 -1.157933823092705 -5.955850759489789
-0.591727591438411 -0.205950394328580 0.068673351843830 -0.256055610686201 1.452163529695794 -0.105729879447750 0.271601353865059 -1.540327820384046 -5.839538110382070
-0.593007869491842 -0.198689576680101 0.068144702446591 -0.254697603916876 1.444461890593873 -0.134927569999660 0.338486064874743 -1.919649865895767 -5.693899238610189
-0.594281357511426 -0.191467267227132 0.067470064596593 -0.253005173592502 1.434863641264394 -0.163397066192711 0.404693690896352 -2.295131971696840 -5.520698127758905
-0.595546383379389 -0.184292949020810 0.066653079265629 -0.250981705138020 1.423387981405910 -0.191000556831505 0.470088814941150 -2.666006149814049 -5.321698761147076
-0.596801291905079 -0.177176009113780 0.065698076481472 -0.248631261063315 1.410057950656840 -0.217609050637241 0.534536020033727 -3.031504412327468 -5.098665121875956
-0.598044448210395 -0.170125719360496 0.064610031228286 -0.245958580963146 1.394900428595203 -0.243102376246621 0.597899889154263 -3.390858771299410 -4.853361193297157
-0.599274241115211 -0.163151217217520 0.063394519347053 -0.242969081517375 1.377946134738706 -0.267369182213106 0.660045005309584 -3.743301238761099 -4.587550959070374
-0.600489086522798 -0.156261486543826 0.062057673435987 -0.239668856490827 1.359229628544900 -0.290306937008458 0.720835951515397 -4.088063826750421 -4.302998401943536
-0.601687430805252 -0.149465338401102 0.060606138750945 -0.236064676733250 1.338789309411148 -0.311821929018176 0.780137310782969 -4.424378547420726 -4.001467505568290
-0.602867754188918 -0.142771391854046 0.059047029105854 -0.232163990179335 1.316667416674044 -0.331829266546017 0.837813666079157 -4.751477412696659 -3.684722253208261
-0.604028574139815 -0.136188054770676 0.057387882773124 -0.227974921848939 1.292910029610561 -0.350252877812059 0.893729600455195 -5.068592434718244 -3.354526628221999
-0.605168448749060 -0.129723504622623 0.055636618384063 -0.223506273846663 1.267567067436970 -0.367025510953169 0.947749696895706 -5.374955625521149 -3.012644613678284
-0.606285980118293 -0.123385669285438 0.053801490829298 -0.218767525362185 1.240692289309364 -0.382088734021560 0.999738538385309 -5.669798997149922 -2.660840193174918
-0.607379817745104 -0.117182207838891 0.051891047159190 -0.213768832670258 1.212343294323615 -0.395392934987435 1.049560707975239 -5.952354561693518 -2.300877349762920
-0.608448661908455 -0.111120491367273 0.049914082484253 -0.208521029130382 1.182581521515147 -0.406897321736249 1.097080788614591 -6.221854331145416 -1.934520066947665
-0.609491267054107 -0.105207583759698 0.047879595875571 -0.203035625187309 1.151472249859420 -0.416569922070988 1.142163363354598 -6.477530317641200 -1.563532327882033
-0.610506445180044 -0.099450222510400 0.045796746265216 -0.197324808370536 1.119084598271214 -0.424387583710398 1.184673015179882 -6.718614533149925 -1.189678116092219
-0.611493069221897 -0.093854799519044 0.043674808346664 -0.191401443294636 1.085491525605464 -0.430335974290859 1.224474327088387 -6.944338989793852 -0.814721414535147
-0.612450076438370 -0.088427341891017 0.041523128475210 -0.185279071659195 1.050769830656495 -0.434409581363535 1.261431882091379 -7.153935699619751 -0.440426206845812
-0.613376471796666 -0.083173492737735 0.039351080568393 -0.178971912248738 1.015000152158396 -0.436611712397764 1.295410263204566 -7.346636674647744 -0.068556476235382
-0.614271331357909 -0.078098491976943 0.037168022006404 -0.172494860932715 0.978266968785158 -0.436954494778941 1.326274053417009 -7.521673926969008 0.299123794109679
-0.615133805662573 -0.073207157133017 0.034983249532509 -0.165863490665630 0.940658599150312 -0.435458875808392 1.353887835739975 -7.678279468632532 0.660850620922004
-0.615963123115901 -0.068503864137265 0.032805955153467 -0.159094051486930 0.902267201807150 -0.432154622703782 1.378116193166967 -7.815685311651777 1.014860020373953
-0.616758593373336 -0.063992528128229 0.030645182039948 -0.152203470521095 0.863188775248891 -0.427080322601912 1.398823708727015 -7.933123468135683 1.359388009872098
-0.617519610725941 -0.059676584251985 0.028509780426939 -0.145209351977460 0.823523157908213 -0.420283382552552 1.415874965409181 -8.029825950177649 1.692670605909496
-0.618245657485828 -0.055558968462444 0.026408363514176 -0.138129977150414 0.783374028157324 -0.411820029523004 1.429134546211408 -8.105024769695657 2.012943824765545
-0.618936307371581 -0.051642098321657 0.024349263366561 -0.130984304419357 0.742848904308846 -0.401755310399177 1.438467034136082 -8.157951938823071 2.318443683396731
-0.619591228893677 -0.047927853800113 0.022340486814565 -0.123791969248677 0.702059144614731 -0.390163091982193 1.443737012212232 -8.187839469713243 2.607406198890660
-0.620210188739921 -0.044417558077039 0.020389671354654 -0.116573284187615 0.661119947266164 -0.377126060987740 1.444809063437802 -8.193919374259728 2.878067387314254
-0.620793055160859 -0.041111958340709 0.018504041049715 -0.109349238870426 0.620150350394866 -0.362735724051168 1.441547770788532 -8.175423664589232 3.128663265645404
-0.621339801355211 -0.038011206588734 0.016690362429459 -0.102141500016484 0.579273232071920 -0.347092407722941 1.433817717306773 -8.131584352784049 3.357429850844385
-0.621850508855293 -0.035114840428375 0.014954900390845 -0.094972411429950 0.538615310307999 -0.330305258468719 1.421483485954944 -8.061633450813233 3.562603158728250
-0.622325370912443 -0.032421763876835 0.013303374098501 -0.087864994000175 0.498307143053933 -0.312492242675078 1.404409659806483 -7.964802970923390 3.742419207560310
-0.622764695882444 -0.029930228161565 0.011740912885126 -0.080842945701143 0.458483128199316 -0.293780146637277 1.382460821766074 -7.840324924828224 3.895114011935730
-0.623168910610950 -0.027637812520568 0.010272012151939 -0.073930641592312 0.419281503575175 -0.274304576577598 1.355501554929361 -7.687431324949756 4.018923590336687
-0.623538563818911 -0.025541405002693 0.008900489269051 -0.067153133817666 0.380844346950426 -0.254209958625915 1.323396442258762 -7.505354183143798 4.112083958823715
-0.623874329488000 -0.023637183267940 0.007629439475922 -0.060536151606372 0.343317576034707 -0.233649538831796 1.286010066778864 -7.293325511550375 4.172831133836197
-0.624177010246031 -0.021920595387767 0.006461191781763 -0.054106101272478 0.306850948476955 -0.212785383162615 1.243207011456526 -7.050577322069707 4.199401132267200
-0.624447540752394 -0.020386340645382 0.005397264865950 -0.047890066215195 0.271598061866607 -0.191788377501279 1.194851859334101 -6.776341626992810 4.190029971195486
-0.624686991083470 -0.019028350336049 0.004438322978443 -0.041915806918524 0.237716353731643 -0.170838227645302 1.140809193396208 -6.469850438168834 4.142953666568699
-0.624896570118062 -0.017839768567391 0.003584131840217 -0.036211760951543 0.205367101540799 -0.150123459312458 1.080943596667439 -6.130335767802197 4.056408235622344
-0.625077628922820 -0.016812933059687 0.002833514543654 -0.030807042968206 0.174715422701788 -0.129841418134346 1.015119652119090 -5.757029627808663 3.928629694891539
-0.625231664137661 -0.015939355946178 0.002184307452983 -0.025731444707611 0.145930274562744 -0.110198269659889 0.943201942793515 -5.349164030385989 3.757854061112498
-0.625360321361199 -0.015209704573364 0.001633316104683 -0.021015434993643 0.119184454410814 -0.091408999354326 0.865055051679775 -4.905970987572061 3.542317351100460
-0.625465398536167 -0.014613782301310 0.001176271107912 -0.016690159735244 0.094654599472954 -0.073697412598824 0.780543561749170 -4.426682511151636 3.280255580864487
-0.625548849334844 -0.014140509303945 0.000807784044918 -0.012787441926498 0.072521186917196 -0.057296134694501 0.689532056079578 -3.910530613691066 2.969904768420219
-0.625612786544476 -0.013777903369359 0.000521303371445 -0.009339781646100 0.052968533848741 -0.042446610852400 0.591885117602331 -3.356747306773045 2.609500928909327
-0.625659485452707 -0.013513060700116 0.000309070317183 -0.006380356058089 0.036184797314875 -0.029399106207854 0.487467329364222 -2.764564602664166 2.197280080233464
-0.625691387232997 -0.013332136713541 0.000162074786144 -0.003943019411268 0.022361974301555 -0.018412705806686 0.376143274345431 -2.133214513382331 1.731478238436809
-0.625711102330053 -0.013220326842034 0.000070011257110 -0.002062303039541 0.011695901734643 -0.009755314614502 0.257777535597192 -1.461929051111976 1.210331420527319
-0.625721413845251 -0.013161847333360 0.000021234684038 -0.000773415361555 0.004386256479083 -0.003703657511866 0.132234696046396 -0.749940227637858 0.632075643232569
-0.625725280922059 -0.013139916050965 0.000002716396479 -0.000112241881323 0.000636555340894 -0.000543279295703 0.022448376264528 -0.127311068178759 0.108655859140591
-0.625725842131466 -0.013136733274260 0.000000000000000 0.000000000000000 0.000000000000000 0.000000000000000 0.022448376264528 -0.127311068178759 0.108655859140591
-0.625725842131466 -0.013136733274260 0.000000000000000 0.000112241881323 -0.000636555340894 0.000543279295703 0.132234696046396 -0.749940227637858 0.632075643232569
-0.625725280922059 -0.013139916050965 0.000002716396479 0.000773415361555 -0.004386256479083 0.003703657511866 0.257777535597192 -1.461929051111976 1.210331420527319
-0.625721413845251 -0.013161847333360 0.000021234684038 0.002062303039541 -0.011695901734643 0.009755314614502 0.376143274345431 -2.133214513382331 1.731478238436809
-0.625711102330053 -0.013220326842034 0.000070011257110 0.003943019411268 -0.022361974301555 0.018412705806686 0.487467329364222 -2.764564602664166 2.197280080233464
-0.625691387232997 -0.013332136713541 0.000162074786144 0.006380356058089 -0.036184797314875 0.029399106207854 0.591885117602331 -3.356747306773045 2.609500928909327
-0.625659485452707 -0.013513060700116 0.000309070317183 0.009339781646100 -0.052968533848741 0.042446610852400 0.689532056079578 -3.910530613691066 2.969904768420219
-0.625612786544476 -0.013777903369359 0.000521303371445 0.012787441926498 -0.072521186917196 0.057296134694501 0.780543561749170 -4.426682511151636 3.280255580864487
-0.625548849334844 -0.014140509303945 0.000807784044918 0.016690159735244 -0.094654599472954 0.073697412598824 0.865055051679775 -4.905970987572061 3.542317351100460
-0.625465398536167 -0.014613782301310 0.001176271107912 0.021015434993643 -0.119184454410814 0.091408999354326 0.943201942793515 -5.349164030385989 3.757854061112498
-0.625360321361199 -0.015209704573364 0.001633316104683 0.025731444707611 -0.145930274562744 0.110198269659889 1.015119652119090 -5.757029627808663 3.928629694891539
-0.625231664137661 -0.015939355946178 0.002184307452983 0.030807042968206 -0.174715422701788 0.129841418134346 1.080943596667439 -6.130335767802197 4.056408235622344
-0.625077628922820 -0.016812933059687 0.002833514543654 0.036211760951543 -0.205367101540799 0.150123459312458 1.140809193396208 -6.469850438168834 4.142953666568699
-0.624896570118062 -0.017839768567391 0.003584131840217 0.041915806918524 -0.237716353731643 0.170838227645302 1.194851859334101 -6.776341626992810 4.190029971195486
-0.624686991083470 -0.019028350336049 0.004438322978443 0.047890066215195 -0.271598061866607 0.191788377501279 1.243207011456526 -7.050577322069707 4.199401132267200
-0.624447540752394 -0.020386340645382 0.005397264865950 0.054106101272478 -0.306850948476955 0.212785383162615 1.286010066778864 -7.293325511550375 4.172831133836197
-0.624177010246031 -0.021920595387767 0.006461191781763 0.060536151606372 -0.343317576034707 0.233649538831796 1.323396442258762 -7.505354183143798 4.112083958823715
-0.623874329488000 -0.023637183267940 0.007629439475922 0.067153133817666 -0.380844346950426 0.254209958625915 1.355501554929361 -7.687431324949756 4.018923590336687
-0.623538563818911 -0.025541405002693 0.008900489269051 0.073930641592312 -0.419281503575175 0.274304576577598 1.382460821766074 -7.840324924828224 3.895114011935730
-0.623168910610950 -0.027637812520568 0.010272012151939 0.080842945701143 -0.458483128199316 0.293780146637277 1.404409659806483 -7.964802970923390 3.742419207560310
-0.622764695882444 -0.029930228161565 0.011740912885126 0.087864994000175 -0.498307143053933 0.312492242675078 1.421483485954944 -8.061633450813233 3.562603158728250
-0.622325370912443 -0.032421763876835 0.013303374098501 0.094972411429950 -0.538615310307999 0.330305258468719 1.433817717306773 -8.131584352784049 3.357429850844385
-0.621850508855293 -0.035114840428375 0.014954900390845 0.102141500016484 -0.579273232071920 0.347092407722941 1.441547770788532 -8.175423664589232 3.128663265645404
-0.621339801355211 -0.038011206588734 0.016690362429459 0.109349238870426 -0.620150350394866 0.362735724051168 1.444809063437802 -8.193919374259728 2.878067387314254
-0.620793055160859 -0.041111958340709 0.018504041049715 0.116573284187615 -0.661119947266164 0.377126060987740 1.443737012212232 -8.187839469713243 2.607406198890660
-0.620210188739921 -0.044417558077039 0.020389671354654 0.123791969248677 -0.702059144614731 0.390163091982193 1.438467034136082 -8.157951938823071 2.318443683396731
-0.619591228893677 -0.047927853800113 0.022340486814565 0.130984304419357 -0.742848904308846 0.401755310399177 1.429134546211408 -8.105024769695657 2.012943824765545
-0.618936307371581 -0.051642098321657 0.024349263366561 0.138129977150414 -0.783374028157324 0.411820029523004 1.415874965409181 -8.029825950177649 1.692670605909496
-0.618245657485828 -0.055558968462444 0.026408363514176 0.145209351977460 -0.823523157908213 0.420283382552552 1.398823708727015 -7.933123468135683 1.359388009872098
-0.617519610725941 -0.059676584251985 0.028509780426939 0.152203470521095 -0.863188775248891 0.427080322601912 1.378116193166967 -7.815685311651777 1.014860020373953
-0.616758593373336 -0.063992528128229 0.030645182039948 0.159094051486930 -0.902267201807150 0.432154622703782 1.353887835739975 -7.678279468632532 0.660850620922004
-0.615963123115901 -0.068503864137265 0.032805955153467 0.165863490665630 -0.940658599150312 0.435458875808392 1.326274053417009 -7.521673926969008 0.299123794109679
-0.615133805662573 -0.073207157133017 0.034983249532509 0.172494860932715 -0.978266968785158 0.436954494778941 1.295410263204566 -7.346636674647744 -0.068556476235382
-0.614271331357909 -0.078098491976943 0.037168022006404 0.178971912248738 -1.015000152158396 0.436611712397764 1.261431882091379 -7.153935699619751 -0.440426206845812
-0.613376471796666 -0.083173492737735 0.039351080568393 0.185279071659195 -1.050769830656495 0.434409581363535 1.224474327088387 -6.944338989793852 -0.814721414535147
-0.612450076438370 -0.088427341891017 0.041523128475210 0.191401443294636 -1.085491525605464 0.430335974290859 1.184673015179882 -6.718614533149925 -1.189678116092219
-0.611493069221897 -0.093854799519044 0.043674808346664 0.197324808370536 -1.119084598271214 0.424387583710398 1.142163363354598 -6.477530317641200 -1.563532327882033
-0.610506445180044 -0.099450222510400 0.045796746265216 0.203035625187309 -1.151472249859420 0.416569922070988 1.097080788614591 -6.221854331145416 -1.934520066947665
-0.609491267054107 -0.105207583759698 0.047879595875571 0.208521029130382 -1.182581521515147 0.406897321736249 1.049560707975239 -5.952354561693518 -2.300877349762920
-0.608448661908455 -0.111120491367273 0.049914082484253 0.213768832670258 -1.212343294323615 0.395392934987435 0.999738538385309 -5.669798997149922 -2.660840193174918
-0.607379817745104 -0.117182207838891 0.051891047159190 0.218767525362185 -1.240692289309364 0.382088734021560 0.947749696895706 -5.374955625521149 -3.012644613678284
-0.606285980118293 -0.123385669285438 0.053801490829298 0.223506273846663 -1.267567067436970 0.367025510953169 0.893729600455195 -5.068592434718244 -3.354526628221999
-0.605168448749060 -0.129723504622623 0.055636618384063 0.227974921848939 -1.292910029610561 0.350252877812059 0.837813666079157 -4.751477412696659 -3.684722253208261
-0.604028574139815 -0.136188054770676 0.057387882773124 0.232163990179335 -1.316667416674044 0.331829266546017 0.780137310782969 -4.424378547420726 -4.001467505568290
-0.602867754188918 -0.142771391854046 0.059047029105854 0.236064676733250 -1.338789309411148 0.311821929018176 0.720835951515397 -4.088063826750421 -4.302998401943536
-0.601687430805252 -0.149465338401102 0.060606138750945 0.239668856490827 -1.359229628544900 0.290306937008458 0.660045005309584 -3.743301238761099 -4.587550959070374
-0.600489086522798 -0.156261486543826 0.062057673435987 0.242969081517375 -1.377946134738706 0.267369182213106 0.597899889154263 -3.390858771299410 -4.853361193297157
-0.599274241115211 -0.163151217217520 0.063394519347053 0.245958580963146 -1.394900428595203 0.243102376246621 0.534536020033727 -3.031504412327468 -5.098665121875956
-0.598044448210395 -0.170125719360496 0.064610031228286 0.248631261063315 -1.410057950656840 0.217609050637241 0.470088814941150 -2.666006149814049 -5.321698761147076
-0.596801291905079 -0.177176009113780 0.065698076481472 0.250981705138020 -1.423387981405910 0.191000556831505 0.404693690896352 -2.295131971696840 -5.520698127758905
-0.595546383379389 -0.184292949020810 0.066653079265629 0.253005173592502 -1.434863641264394 0.163397066192711 0.338486064874743 -1.919649865895767 -5.693899238610189
-0.594281357511426 -0.191467267227132 0.067470064596593 0.254697603916876 -1.444461890593873 0.134927569999660 0.271601353865059 -1.540327820384046 -5.839538110382070
-0.593007869491842 -0.198689576680101 0.068144702446591 0.256055610686201 -1.452163529695794 0.105729879447750 0.204174974891558 -1.157933823092705 -5.955850759489789
-0.591727591438411 -0.205950394328580 0.068673351843830 0.257076485560659 -1.457953198811257 0.075950625650301 0.136342344916329 -0.773235861980526 -6.041073203070235
-0.590442209010608 -0.213240160322636 0.069053104972081 0.257758197285241 -1.461819378121160 0.045745259634949 0.068238880843730 -0.387001924907482 -6.093441457429294
-0.589153418024181 -0.220549257213242 0.069281831270256 0.258099391689459 -1.463754387745697 0.015278052347803 0.000000000111022 -0.000000000042188 -6.111220939127304
-0.587862921065734 -0.227868029151970 0.069358221531995 0.258099391690014 -1.463754387745908 -0.015278052347834 -0.068238880959193 0.387001924956332 -6.093441457455384
-0.586572424107284 -0.235186801090700 0.069281831270256 0.257758197285218 -1.461819378121126 -0.045745259635110 -0.136342344911888 0.773235861976085 -6.041073202996960
-0.585283633120858 -0.242495897981306 0.069053104972081 0.257076485560659 -1.457953198811246 -0.075950625650095 -0.204174974891558 1.157933823086044 -5.955850759554182
-0.583998250693055 -0.249785663975362 0.068673351843830 0.256055610686201 -1.452163529695816 -0.105729879447866 -0.271601353860618 1.540327820386267 -5.839538110329334
-0.582717972639624 -0.257046481623841 0.068144702446591 0.254697603916898 -1.444461890593884 -0.134927569999513 -0.338486064879184 1.919649865902429 -5.693899238648492
-0.581444484620039 -0.264268791076810 0.067470064596593 0.253005173592502 -1.434863641264372 -0.163397066192755 -0.404693690896352 2.295131971687958 -5.520698127772228
-0.580179458752077 -0.271443109283132 0.066653079265629 0.250981705138020 -1.423387981405932 -0.191000556831616 -0.470088814941150 2.666006149818489 -5.321698761130422
-0.578924550226387 -0.278560049190162 0.065698076481471 0.248631261063315 -1.410057950656840 -0.217609050637269 -0.534536020038168 3.031504412329689 -5.098665121835433
-0.577681393921070 -0.285610338943446 0.064610031228285 0.245958580963124 -1.394900428595192 -0.243102376246446 -0.597899889149822 3.390858771299410 -4.853361193371819
-0.576451601016254 -0.292584841086422 0.063394519347053 0.242969081517375 -1.377946134738695 -0.267369182213305 -0.660045005305143 3.743301238749996 -4.587550959010144
-0.575236755608667 -0.299474571760115 0.062057673435986 0.239668856490849 -1.359229628544945 -0.290306937008356 -0.720835951524279 4.088063826770405 -4.302998401925495
-0.574038411326213 -0.306270719902840 0.060606138750944 0.236064676733228 -1.338789309411093 -0.311821929017983 -0.780137310774087 4.424378547402963 -4.001467505632128
-0.572858087942547 -0.312964666449896 0.059047029105855 0.232163990179357 -1.316667416674078 -0.331829266546144 -0.837813666083598 4.751477412703320 -3.684722253224360
-0.571697267991650 -0.319548003533266 0.057387882773124 0.227974921848939 -1.292910029610561 -0.350252877812265 -0.893729600459636 5.068592434718244 -3.354526628168708
-0.570557393382406 -0.326012553681319 0.055636618384062 0.223506273846641 -1.267567067436970 -0.367025510953109 -0.947749696891265 5.374955625521149 -3.012644613709370
-0.569439862013172 -0.332350389018504 0.053801490829297 0.218767525362185 -1.240692289309364 -0.382088734021656 -0.999738538385309 5.669798997154363 -2.660840193127734
-0.568346024386362 -0.338553850465051 0.051891047159189 0.213768832670258 -1.212343294323592 -0.395392934987294 -1.049560707970798 5.952354561686857 -2.300877349779851
-0.567277180223010 -0.344615566936669 0.049914082484252 0.208521029130404 -1.182581521515158 -0.406897321736194 -1.097080788623472 6.221854331154297 -1.934520066941836
-0.566234575077358 -0.350528474544244 0.047879595875571 0.203035625187287 -1.151472249859387 -0.416569922070903 -1.142163363350157 6.477530317625657 -1.563532327920336
-0.565219396951422 -0.356285835793541 0.045796746265217 0.197324808370536 -1.119084598271258 -0.424387583710505 -1.184673015179882 6.718614533158807 -1.189678116032544
-0.564232772909569 -0.361881258784898 0.043674808346664 0.191401443294636 -1.085491525605464 -0.430335974290667 -1.224474327088387 6.944338989798293 -0.814721414588992
-0.563275765693096 -0.367308716412925 0.041523128475211 0.185279071659195 -1.050769830656473 -0.434409581363612 -1.261431882091379 7.153935699619751 -0.440426206844979
-0.562349370334800 -0.372562565566207 0.039351080568393 0.178971912248738 -1.015000152158374 -0.436611712397837 -1.295410263204566 7.346636674645524 -0.068556476199855
-0.561454510773556 -0.377637566326999 0.037168022006404 0.172494860932715 -0.978266968785146 -0.436954494778836 -1.326274053417009 7.521673926969008 0.299123794134659
-0.560592036468893 -0.382528901170925 0.034983249532509 0.165863490665630 -0.940658599150301 -0.435458875808163 -1.353887835739975 7.678279468616989 0.660850620788778
-0.559762719015565 -0.387232194166676 0.032805955153469 0.159094051486930 -0.902267201807216 -0.432154622704219 -1.378116193162526 7.815685311662879 1.014860020493302
-0.558967248758130 -0.391743530175712 0.030645182039947 0.152203470521117 -0.863188775248902 -0.427080322601753 -1.398823708735897 7.933123468157888 1.359388009915674
-0.558206231405524 -0.396059474051957 0.028509780426939 0.145209351977438 -0.823523157908113 -0.420283382552174 -1.415874965404740 8.029825950137681 1.692670605770719
-0.557480184645637 -0.400177089841497 0.026408363514178 0.138129977150414 -0.783374028157424 -0.411820029523321 -1.429134546206967 8.105024769702318 2.012943824752222
-0.556789534759885 -0.404093959982285 0.024349263366561 0.130984304419379 -0.742848904308913 -0.401755310399560 -1.438467034140523 8.157951938856378 2.318443683531490
-0.556134613237788 -0.407808204503829 0.022340486814563 0.123791969248677 -0.702059144614631 -0.390163091981902 -1.443737012216673 8.187839469699920 2.607406198825157
-0.555515653391545 -0.411318500226902 0.020389671354654 0.116573284187593 -0.661119947266131 -0.377126060987776 -1.444809063433361 8.193919374253067 2.878067387327987
-0.554932786970607 -0.414624099963233 0.018504041049715 0.109349238870426 -0.620150350394866 -0.362735724051137 -1.441547770792972 8.175423664593673 3.128663265710985
-0.554386040776255 -0.417724851715207 0.016690362429459 0.102141500016462 -0.579273232071897 -0.347092407722582 -1.433817717297892 8.131584352772947 3.357429850698657
-0.553875333276172 -0.420621217875567 0.014954900390846 0.094972411429972 -0.538615310308033 -0.330305258469088 -1.421483485963826 8.061633450839878 3.562603158960909
-0.553400471219022 -0.423314294427107 0.013303374098501 0.087864994000153 -0.498307143053833 -0.312492242674284 -1.404409659793160 7.964802970856777 3.742419207204695
-0.552961146249022 -0.425805830142376 0.011740912885130 0.080842945701187 -0.458483128199549 -0.293780146638260 -1.382460821774956 7.840324924879294 3.895114012117395
-0.552556931520516 -0.428098245783374 0.010272012151938 0.073930641592312 -0.419281503575153 -0.274304576577673 -1.355501554933802 7.687431324954197 4.018923590401524
-0.552187278312554 -0.430194653301250 0.008900489269050 0.067153133817643 -0.380844346950382 -0.254209958625666 -1.323396442254321 7.505354183148238 4.112083958742396
-0.551851512643466 -0.432098875036002 0.007629439475922 0.060536151606372 -0.343317576034641 -0.233649538831954 -1.286010066778864 7.293325511517068 4.172831133838656
-0.551548831885434 -0.433815462916175 0.006461191781762 0.054106101272478 -0.306850948477055 -0.212785383162760 -1.243207011452085 7.050577322100793 4.199401132382596
-0.551278301379072 -0.435349717658560 0.005397264865948 0.047890066215217 -0.271598061866551 -0.191788377500847 -1.194851859338542 6.776341626972826 4.190029971071802
-0.551038851047996 -0.436707707967893 0.004438322978444 0.041915806918524 -0.237716353731687 -0.170838227645488 -1.140809193400649 6.469850438188818 4.142953666594634
-0.550829272013403 -0.437896289736551 0.003584131840216 0.036211760951521 -0.205367101540743 -0.150123459312515 -1.080943596658557 6.130335767782213 4.056408235650721
-0.550648213208645 -0.438923125244255 0.002833514543654 0.030807042968228 -0.174715422701832 -0.129841418134262 -1.015119652127972 5.757029627837529 3.928629694931049
-0.550494177993804 -0.439796702357764 0.002184307452982 0.025731444707588 -0.145930274562645 -0.110198269659606 -0.943201942793515 5.349164030388209 3.757854061130364
-0.550365520770266 -0.440526353730577 0.001633316104684 0.021015434993621 -0.119184454410703 -0.091408999353955 -0.865055051670893 4.905970987507668 3.542317350943685
-0.550260443595298 -0.441122276002631 0.001176271107915 0.016690159735266 -0.094654599473165 -0.073697412599236 -0.780543561758051 4.426682511236013 3.280255581063945
-0.550176992796622 -0.441595548999997 0.000807784044918 0.012787441926476 -0.072521186916985 -0.057296134693916 -0.689532056070696 3.910530613633334 2.969904768185917
-0.550113055586990 -0.441958154934582 0.000521303371449 0.009339781646123 -0.052968533848818 -0.042446610852987 -0.591885117606772 3.356747306766383 2.609500929003635
-0.550066356678759 -0.442222997603826 0.000309070317184 0.006380356058089 -0.036184797314986 -0.029399106207969 -0.487467329359781 2.764564602673047 2.197280080211121
-0.550034454898468 -0.442403921590401 0.000162074786144 0.003943019411290 -0.022361974301621 -0.018412705806913 -0.376143274358753 2.133214513426740 1.731478238502550
-0.550014739801412 -0.442515731461909 0.000070011257110 0.002062303039496 -0.011695901734488 -0.009755314614400 -0.257777535579429 1.461929051063127 1.210331420572052
