-0.550000111858323 -0.451348190875186 0.000000462104620 -0.000155186479978 0.000880106262569 0.000637188294866 -0.052351629045155 0.296900842025050 0.212584779832147
-0.550000887790723 -0.451343790343873 0.000003648046095 -0.000416944625203 0.002364610472694 0.001700112194027 -0.077303784293825 0.438411546468398 0.310500643113174
-0.550002972513849 -0.451331967291509 0.000012148607065 -0.000803463546672 0.004556668205036 0.003252615409593 -0.101428423575634 0.575229174584191 0.402800679556313
-0.550006989831582 -0.451309183950484 0.000028411684113 -0.001310605664551 0.007432814077957 0.005266618807374 -0.124734541597782 0.707404738076178 0.489584504715234
-0.550013542859905 -0.451272019880094 0.000054744778150 -0.001934278372540 0.010969837768338 0.007714541330950 -0.147231133142967 0.834989248648110 0.570951734143581
-0.550023214251768 -0.451217170691253 0.000093317484804 -0.002670434038254 0.015144784011578 0.010569300001668 -0.168927192905066 0.958033717992635 0.647001983395043
-0.550036566421959 -0.451141446771195 0.000146163984813 -0.003515070002780 0.019934952601541 0.013804309918643 -0.189831715666777 1.076589157809060 0.717834868023298
-0.550054141771973 -0.451041772008187 0.000215185534406 -0.004464228581114 0.025317898390587 0.017393484258760 -0.209953696121978 1.190706579805578 0.783550003581922
-0.550076462914879 -0.450915182516234 0.000302152955700 -0.005513997061724 0.031271431289615 0.021311234276670 -0.229302129048925 1.300436995665954 0.844247005624787
-0.550104032900187 -0.450758825359786 0.000408709127083 -0.006660507706968 0.037773616267944 0.025532469304793 -0.247886009163700 1.405831417107262 0.900025489705227
-0.550137335438722 -0.450569957278446 0.000536371473607 -0.007899937752787 0.044802773353481 0.030032596753320 -0.265714331209033 1.506940855806604 0.950985071377312
-0.550176835127486 -0.450345943411679 0.000686534457374 -0.009228509408832 0.052337477632514 0.034787522110206 -0.282796089932091 1.603816323489937 0.997225366194278
-0.550222977674530 -0.450084256023516 0.000860472067925 -0.010642489858492 0.060356559249963 0.039773648941178 -0.299140280062282 1.696508831827703 1.038845989710162
-0.550276190123823 -0.449782473227266 0.001059340312631 -0.012138191258804 0.068839103409102 0.044967878889728 -0.314755896346774 1.785069392552519 1.075946557478449
-0.550336881080117 -0.449438277710221 0.001284179707079 -0.013711970740538 0.077764450371864 0.050347611677121 -0.329651933506092 1.869549017323724 1.108626685052985
-0.550405440933819 -0.449049455458362 0.001535917765465 -0.015360230408068 0.087112195458483 0.055890745102386 -0.343837386314050 1.949998717873935 1.136985987986901
-0.550482242085860 -0.448613894481069 0.001815371490977 -0.017079417339638 0.096862189047853 0.061575675042320 -0.357321249464526 2.026469505891360 1.161124081834382
-0.550567639172558 -0.448129583535830 0.002123249866188 -0.018866023586961 0.106994536577310 0.067381295451492 -0.370112517744658 2.099012393064204 1.181140582149112
-0.550661969290493 -0.447594610852943 0.002460156343446 -0.020716586175684 0.117489598542631 0.073286998362238 -0.382220185848325 2.167678391107319 1.197135104485017
-0.550765552221371 -0.447007162860230 0.002826591335257 -0.022627687104926 0.128327990498167 0.079272673884663 -0.393653248544901 2.232518511715575 1.209207264393999
-0.550878690656896 -0.446365522907739 0.003222954704680 -0.024595953347650 0.139490583056745 0.085318710206633 -0.404420700563790 2.293583766579399 1.217456677432543
-0.551001670423634 -0.445668069992456 0.003649548255713 -0.026618056850469 0.150958501889642 0.091405993593795 -0.414531536643281 2.350925167411422 1.221982959151521
-0.551134760707886 -0.444913277483008 0.004106578223682 -0.028690714533686 0.162713127726699 0.097515908389553 -0.423994751517220 2.404593725897630 1.222885725107522
-0.551278214280555 -0.444099711844374 0.004594157765630 -0.030810688291272 0.174736096356187 0.103630337015091 -0.432819339932777 2.454640453748436 1.220264590851630
-0.551432267722011 -0.443226031362593 0.005112309450706 -0.032974784990936 0.187009298624929 0.109731659969349 -0.441014296632680 2.501116362656486 1.214219171937653
-0.551597141646966 -0.442290984869468 0.005660967750552 -0.035179856474099 0.199514880438212 0.115802755829037 -0.448588616337453 2.544072464323310 1.204849083921608
-0.551773040929336 -0.441293410467277 0.006239981529698 -0.037422799555786 0.212235242759828 0.121827001248645 -0.455551293798706 2.583559770443777 1.192253942355231
-0.551960154927115 -0.440232234253478 0.006849116535941 -0.039700556024780 0.225153041612047 0.127788270960421 -0.461911323759168 2.619629292728298 1.176533362790627
-0.552158657707239 -0.439106469045418 0.007488057890743 -0.042010112643576 0.238251188075689 0.133670937774374 -0.467677700957125 2.652332042860639 1.157786960788126
-0.552368708270457 -0.437915213105040 0.008156412579615 -0.044348501148361 0.251512848289992 0.139459872578315 -0.472859420117544 2.681719032551211 1.136114351892731
-0.552590450776199 -0.436657648863590 0.008853711942506 -0.046712798248949 0.264921443452748 0.145140444337779 -0.477465475996475 2.707841273497102 1.111615151662348
-0.552824014767443 -0.435333041646326 0.009579414164195 -0.049100125628931 0.278460649820234 0.150698520096090 -0.481504863314441 2.730749777390962 1.084388975652051
-0.553069515395588 -0.433940738397225 0.010332906764676 -0.051507649945504 0.292114398707188 0.156120464974351 -0.484986576831936 2.750495555943200 1.054535439410847
-0.553327053645316 -0.432480166403689 0.011113509089547 -0.053932582829663 0.305866876486904 0.161393142171405 -0.487919611273924 2.767129620839803 1.022154158501209
-0.553596716559464 -0.430950832021254 0.011920474800404 -0.056372180886033 0.319702524591103 0.166503912963911 -0.490312961374251 2.780702983795624 0.987344748464014
-0.553878577463894 -0.429352319398299 0.012752994365224 -0.058823745692904 0.333606039510081 0.171440636706231 -0.492175621897850 2.791266656492208 0.950206824865341
-0.554172696192359 -0.427684289200748 0.013610197548755 -0.061284623802393 0.347562372792543 0.176191670830558 -0.493516587543041 2.798871650644408 0.910840003247937
-0.554479119311371 -0.425946477336786 0.014491155902908 -0.063752206740109 0.361556731045765 0.180745870846797 -0.494344853096962 2.803568977940429 0.869343899176717
-0.554797880345071 -0.424138693681557 0.015394885257142 -0.066223931005593 0.375574575935467 0.185092590342681 -0.494669413244608 2.805409650086244 0.825818128196987
-0.555129000000099 -0.422260820801879 0.016320348208855 -0.068697278071816 0.389601624185898 0.189221680983666 -0.494499262773118 2.804444678774498 0.780362305867477
-0.555472486390458 -0.420312812680950 0.017266456613774 -0.071169774385682 0.403623847579770 0.193123492513003 -0.493843396389693 2.800725075713384 0.733076047730735
-0.555828335262387 -0.418294693443051 0.018232074076339 -0.073638991367631 0.417627472958337 0.196788872751657 -0.492710808863706 2.794301852595549 0.684058969360191
-0.556196530219225 -0.416206556078259 0.019216018440097 -0.076102545411949 0.431598982221315 0.200209167598458 -0.491110494889035 2.785226021118081 0.633410686292080
-0.556577042946285 -0.414048561167153 0.020217064278089 -0.078558097886394 0.445525112326906 0.203376221029918 -0.489051449252820 2.773548592986952 0.581230814085815
-0.556969833435716 -0.411820935605518 0.021233945383239 -0.081003355132658 0.459392855291840 0.206282375100347 -0.486542666657819 2.759320579899249 0.527618968298033
-0.557374850211380 -0.409523971329059 0.022265357258741 -0.083436068465947 0.473189458191337 0.208920469941837 -0.483593141864525 2.742592993543180 0.472674764483150
-0.557792030553710 -0.407158024038102 0.023309959608450 -0.085854034175270 0.486902423159052 0.211283843764253 -0.480211869606784 2.723416845635818 0.416497818186146
-0.558221300724586 -0.404723511922307 0.024366378827271 -0.088255093523304 0.500519507387231 0.213366332855184 -0.476407844605120 2.701843147874250 0.359187744964767
-0.558662576192202 -0.402220914385371 0.025433210491547 -0.090637132746330 0.514028723126603 0.215162271580008 -0.472190061637789 2.677922911937802 0.300844160380787
-0.559115761855934 -0.399650770769738 0.026509021849447 -0.092998083054519 0.527418337686292 0.216666492381912 -0.467567515398670 2.651707149543547 0.241566679978350
-0.559580752271207 -0.397013679081307 0.027592354311357 -0.095335920631512 0.540676873434009 0.217874325781803 -0.462549200661577 2.623246872393015 0.181454919308127
-0.560057431874364 -0.394310294714136 0.028681725940266 -0.097648666634820 0.553793107795975 0.218781600378344 -0.457144112147034 2.592593092174411 0.120608493941465
-0.560545675207538 -0.391541329175157 0.029775633942157 -0.099934387195555 0.566756073256847 0.219384642848051 -0.451361244606652 2.559796820589266 0.059127019406829
-0.561045347143516 -0.388707548808872 0.030872557156398 -0.102191193418588 0.579555057359793 0.219680277945086 -0.445209592756513 2.524909069332448 -0.002889888715135
-0.561556303110609 -0.385809773522073 0.031970958546123 -0.104417241382371 0.592179602706455 0.219665828501510 -0.438698151365990 2.487980850127691 -0.065342614899155
-0.562078389317521 -0.382848875508541 0.033069287688631 -0.106610732139201 0.604619506957094 0.219339115427014 -0.431835915142287 2.449063174640997 -0.128131543552512
-0.562611442978217 -0.379825777973756 0.034165983265766 -0.108769911714912 0.616864822830299 0.218698457709252 -0.424631878863657 2.408207054589440 -0.191157059183100
-0.563155292536791 -0.376741453859604 0.035259475554312 -0.110893071109230 0.628905858103246 0.217742672413336 -0.417095037219539 2.365463501667886 -0.254319546177106
-0.563709757892338 -0.373596924569088 0.036348188916379 -0.112978546295328 0.640733175611585 0.216471074682451 -0.409234384997070 2.320883527582307 -0.317519388984555
-0.564274650623814 -0.370393258691030 0.037430544289791 -0.115024718220313 0.652337593249497 0.214883477737528 -0.401058916903452 2.274518144018689 -0.380656972112092
-0.564849774214916 -0.367131570724783 0.038504961678478 -0.117030012804831 0.663710183969590 0.212980192876967 -0.392577627685853 2.226418362689664 -0.443632679936190
-0.565434924278940 -0.363813019804935 0.039569862642863 -0.118992900943260 0.674842275783039 0.210762029477286 -0.383799512087002 2.176635195283438 -0.506346896951282
-0.566029888783656 -0.360438808426019 0.040623672790250 -0.120911898503695 0.685725451759456 0.208230294992530 -0.374733564845187 2.125219653512644 -0.568700007556877
-0.566634448276175 -0.357010181167222 0.041664824265212 -0.122785566327921 0.696351550027019 0.205386794954746 -0.365388780698694 2.072222749054387 -0.630592396253238
-0.567248376107814 -0.353528423417087 0.042691758239986 -0.124612510231414 0.706712663772291 0.202233832973479 -0.355774154376931 2.017695493636840 -0.691924447452086
-0.567871438658971 -0.349994860098226 0.043702927404854 -0.126391381003299 0.716801141240475 0.198774210736219 -0.345898680644829 1.961688898928227 -0.752596545603723
-0.568503395563988 -0.346410854392023 0.044696798458535 -0.128120874406523 0.726609585735116 0.195011228008200 -0.335771354205150 1.904253976658943 -0.812509075167334
-0.569143999936020 -0.342777806463348 0.045671854598576 -0.129799731177549 0.736130855618411 0.190948682632364 -0.325401169818385 1.845441738494991 -0.871562420572403
-0.569792998591908 -0.339097152185256 0.046626598011737 -0.131426737026641 0.745358064310886 0.186590870529502 -0.314797122227262 1.785303196168986 -0.929656966252024
-0.570450132277041 -0.335370361863701 0.047559552364385 -0.133000722637777 0.754284580291731 0.181942585698242 -0.303968206170069 1.723889361360254 -0.986693096734770
-0.571115135890230 -0.331598938962242 0.048469265292876 -0.134520563668628 0.762904027098532 0.177009120214568 -0.292923416362889 1.661251245757001 -1.042571196366582
-0.571787738708573 -0.327784418826750 0.049354310893949 -0.135985180750442 0.771210283327317 0.171796264232735 -0.281671747566214 1.597439861096284 -1.097191649594154
-0.572467664612326 -0.323928367410113 0.050213292215113 -0.137393539488273 0.779197482632799 0.166310305984764 -0.270222194522773 1.532506219041885 -1.150454840984083
-0.573154632309767 -0.320032379996949 0.051044843745036 -0.138744650460887 0.786860013728008 0.160558031779844 -0.258583751953090 1.466501331297554 -1.202261154853446
-0.573848355562071 -0.316098079928309 0.051847633903936 -0.140037569220652 0.794192520384496 0.154546726005576 -0.246765414604333 1.399476209584805 -1.252510975693899
-0.574548543408175 -0.312127117326387 0.052620367533964 -0.141271396293674 0.801189901432420 0.148284171127107 -0.234776177236995 1.331481865578521 -1.301104687982668
-0.575254900389643 -0.308121167819225 0.053361788389599 -0.142445277179859 0.807847310760312 0.141778647687194 -0.222625034531632 1.262569310993555 -1.347942676100666
-0.575967126775542 -0.304081931265423 0.054070681628035 -0.143558402352517 0.814160157315280 0.135038934306690 -0.210320981302026 1.192789557520335 -1.392925324592287
-0.576684918787305 -0.300011130478847 0.054745876299569 -0.144610007259027 0.820124105102882 0.128074307683729 -0.197873012228733 1.122193616858169 -1.435953017740743
-0.577407968823600 -0.295910509953332 0.055386247837987 -0.145599372320171 0.825735073187173 0.120894542595025 -0.185290122085568 1.050832500713028 -1.476926140234203
-0.578135965685201 -0.291781834587396 0.055990720550962 -0.146525822930599 0.830989235690738 0.113509911893854 -0.172581305584174 0.978757220777560 -1.515745076229036
-0.578868594799854 -0.287626888408943 0.056558270110432 -0.147388729458520 0.835883021794626 0.105931186512709 -0.159755557485042 0.906018788742191 -1.552310210445051
-0.579605538447147 -0.283447473299970 0.057087926042995 -0.148187507245945 0.840413115738337 0.098169635460484 -0.146821872517577 0.832668216343979 -1.586521927137152
-0.580346475983376 -0.279245407721278 0.057578774220298 -0.148921616608533 0.844576456820056 0.090237025824798 -0.133789245424509 0.758756515224501 -1.618280610861111
-0.581091084066419 -0.275022525437178 0.058029959349422 -0.149590562835655 0.848370239396179 0.082145622770492 -0.120666670939684 0.684334697138578 -1.647486645973417
-0.581839036880597 -0.270780674240197 0.058440687463274 -0.150193896190354 0.851791912881872 0.073908189540625 -0.107463143805830 0.609453773741109 -1.674040417008749
-0.582590006361549 -0.266521714675787 0.058810228410977 -0.150731211909383 0.854839181750577 0.065537987455581 -0.094187658761236 0.534164756764710 -1.697842308387709
-0.583343662421096 -0.262247518767034 0.059137918348255 -0.151202150203189 0.857510005534401 0.057048775913643 -0.080849210539746 0.458518657873164 -1.718792704445138
-0.584099673172112 -0.257959968739362 0.059423162227823 -0.151606396255888 0.859802598823767 0.048454812391417 -0.067456793892973 0.382566488823510 -1.736791989880304
-0.584857705153391 -0.253660955745244 0.059665436289780 -0.151943680225353 0.861715431267884 0.039770852442016 -0.054019403550321 0.306359261239564 -1.751740548864567
-0.585617423554518 -0.249352378588904 0.059864290551990 -0.152213777243104 0.863247227574082 0.031012149697693 -0.040546034245637 0.229947986889467 -1.763538766017259
-0.586378492440734 -0.245036142451034 0.060019351300479 -0.152416507414332 0.864396967508529 0.022194455867607 -0.027045680730531 0.153383677414798 -1.772087025705416
-0.587140574977805 -0.240714157613491 0.060130323579817 -0.152551735817985 0.865163885895603 0.013334020739079 -0.013527337729968 0.076717344554833 -1.777285712381838
-0.587903333656895 -0.236388338184013 0.060196993683512 -0.152619372506635 0.865547472618378 0.004447592177170 0.000000000088818 0.000000000062172 -1.779036870839801
-0.588666430519428 -0.232060600820921 0.060219231644398 -0.152619372506191 0.865547472618688 -0.004447592177029 0.013527337641150 -0.076717344614785 -1.777285712435683
-0.589429527381959 -0.227732863457828 0.060196993683513 -0.152551735817985 0.865163885895615 -0.013334020739207 0.027045680730531 -0.153383677422569 -1.772087025699587
-0.590192286061049 -0.223407044028350 0.060130323579817 -0.152416507414332 0.864396967508502 -0.022194455867705 0.040546034245637 -0.229947986888357 -1.763538765989225
-0.590954368598121 -0.219085059190807 0.060019351300478 -0.152213777243104 0.863247227574060 -0.031012149697651 0.054019403550321 -0.306359261239564 -1.751740548850134
-0.591715437484336 -0.214768823052937 0.059864290551990 -0.151943680225353 0.861715431267862 -0.039770852441902 0.067456793888532 -0.382566488807967 -1.736791989908615
-0.592475155885463 -0.210460245896598 0.059665436289781 -0.151606396255910 0.859802598823822 -0.048454812391445 0.080849210548628 -0.458518657883156 -1.718792704463734
-0.593233187866743 -0.206161232902478 0.059423162227823 -0.151202150203167 0.857510005534406 -0.057048775913764 0.094187658756795 -0.534164756772482 -1.697842308358011
-0.593989198617759 -0.201873682874806 0.059137918348255 -0.150731211909383 0.854839181750544 -0.065537987455554 0.107463143805830 -0.609453773732227 -1.674040416991540
-0.594742854677305 -0.197599486966054 0.058810228410977 -0.150193896190354 0.851791912881883 -0.073908189540511 0.120666670939684 -0.684334697138578 -1.647486646008944
-0.595493824158257 -0.193340527401644 0.058440687463274 -0.149590562835655 0.848370239396190 -0.082145622770556 0.133789245424509 -0.758756515235604 -1.618280610831413
-0.596241776972436 -0.189098676204663 0.058029959349422 -0.148921616608533 0.844576456820012 -0.090237025824713 0.146821872517577 -0.832668216321775 -1.586521927173790
-0.596986385055478 -0.184875793920563 0.057578774220298 -0.148187507245945 0.840413115738403 -0.098169635460582 0.159755557485042 -0.906018788762175 -1.552310210409802
-0.597727322591708 -0.180673728341871 0.057087926042995 -0.147388729458520 0.835883021794592 -0.105931186512631 0.172581305584174 -0.978757220766457 -1.515745076282882
-0.598464266239001 -0.176494313232898 0.056558270110432 -0.146525822930599 0.830989235690760 -0.113509911894046 0.185290122085568 -1.050832500717469 -1.476926140168977
-0.599196895353654 -0.172339367054445 0.055990720550962 -0.145599372320171 0.825735073187173 -0.120894542594890 0.197873012233174 -1.122193616867051 -1.435953017760450
-0.599924892215254 -0.168210691688509 0.055386247837987 -0.144610007259005 0.820124105102837 -0.128074307683693 0.210320981293144 -1.192789557502572 -1.392925324618099
-0.600647942251549 -0.164110071162994 0.054745876299569 -0.143558402352539 0.814160157315325 -0.135038934306783 0.222625034536073 -1.262569311004658 -1.347942676087899
-0.601365734263312 -0.160039270376418 0.054070681628035 -0.142445277179859 0.807847310760301 -0.141778647687223 0.234776177236995 -1.331481865582962 -1.301104687951027
-0.602077960649211 -0.156000033822616 0.053361788389599 -0.141271396293674 0.801189901432386 -0.148284171126978 0.246765414604333 -1.399476209564821 -1.252510975751076
-0.602784317630680 -0.151994084315454 0.052620367533964 -0.140037569220652 0.794192520384562 -0.154546726005733 0.258583751953090 -1.466501331324199 -1.202261154790718
-0.603484505476783 -0.148023121713532 0.051847633903935 -0.138744650460887 0.786860013727941 -0.160558031779687 0.270222194522773 -1.532506219021901 -1.150454841022663
-0.604178228729087 -0.144088821644892 0.051044843745037 -0.137393539488273 0.779197482632832 -0.166310305984800 0.281671747566214 -1.597439861096284 -1.097191649602758
-0.604865196426529 -0.140192834231728 0.050213292215113 -0.135985180750442 0.771210283327350 -0.171796264232814 0.292923416367330 -1.661251245776985 -1.042571196350484
-0.605545122330281 -0.136336782815091 0.049354310893949 -0.134520563668605 0.762904027098465 -0.177009120214566 0.303968206161187 -1.723889361335829 -0.986693096746427
-0.606217725148624 -0.132522262679599 0.048469265292876 -0.133000722637799 0.754284580291786 -0.181942585698298 0.314797122231703 -1.785303196184529 -0.929656966224823
-0.606882728761813 -0.128750839778140 0.047559552364384 -0.131426737026641 0.745358064310864 -0.186590870529423 0.325401169818385 -1.845441738479447 -0.871562420642624
-0.607539862446946 -0.125024049456585 0.046626598011737 -0.129799731177549 0.736130855618466 -0.190948682632636 0.335771354205150 -1.904253976685588 -0.812509075031886
-0.608188861102834 -0.121343395178493 0.045671854598574 -0.128120874406523 0.726609585735039 -0.195011228007795 0.345898680640389 -1.961688898903802 -0.752596545714468
-0.608829465474867 -0.117710347249818 0.044696798458535 -0.126391381003321 0.716801141240520 -0.198774210736367 0.355774154385813 -2.017695493645721 -0.691924447425996
-0.609461422379883 -0.114126341543615 0.043702927404853 -0.124612510231392 0.706712663772291 -0.202233832973497 0.365388780694254 -2.072222749061048 -0.630592396237417
-0.610084484931040 -0.110592778224754 0.042691758239986 -0.122785566327921 0.696351550026986 -0.205386794954684 0.374733564845187 -2.125219653503763 -0.568700007591294
-0.610698412762680 -0.107111020474619 0.041664824265212 -0.120911898503695 0.685725451759467 -0.208230294992641 0.383799512087002 -2.176635195285659 -0.506346896888554
-0.611302972255198 -0.103682393215822 0.040623672790249 -0.118992900943260 0.674842275783039 -0.210762029477084 0.392577627685853 -2.226418362691884 -0.443632680000028
-0.611897936759915 -0.100308181836906 0.039569862642864 -0.117030012804831 0.663710183969579 -0.212980192877084 0.401058916903452 -2.274518144020909 -0.380656972051863
-0.612483086823939 -0.096989630917058 0.038504961678478 -0.115024718220313 0.652337593249475 -0.214883477737343 0.409234384992629 -2.320883527566764 -0.317519389064214
-0.613058210415040 -0.093727942950811 0.037430544289792 -0.112978546295350 0.640733175611641 -0.216471074682664 0.417095037232862 -2.365463501696752 -0.254319546095783
-0.613623103146517 -0.090524277072753 0.036348188916378 -0.110893071109186 0.628905858103157 -0.217742672413143 0.424631878850334 -2.408207054560574 -0.191157059255265
-0.614177568502063 -0.087379747782237 0.035259475554313 -0.108769911714934 0.616864822830354 -0.218698457709419 0.431835915146728 -2.449063174652100 -0.128131543488952
-0.614721418060638 -0.084295423668085 0.034165983265765 -0.106610732139201 0.604619506957094 -0.219339115426864 0.438698151361550 -2.487980850125471 -0.065342614941344
-0.615254471721334 -0.081272326133300 0.033069287688631 -0.104417241382393 0.592179602706466 -0.219665828501571 0.445209592765394 -2.524909069339110 -0.002889888729152
-0.615776557928246 -0.078311428119768 0.031970958546123 -0.102191193418566 0.579555057359771 -0.219680277945217 0.451361244602211 -2.559796820584825 0.059127019474969
-0.616287513895338 -0.075413652832969 0.030872557156397 -0.099934387195555 0.566756073256847 -0.219384642847842 0.457144112142593 -2.592593092167750 0.120608493858337
-0.616787185831316 -0.072579872466684 0.029775633942158 -0.097648666634842 0.553793107796008 -0.218781600378550 0.462549200670459 -2.623246872415219 0.181454919397778
-0.617275429164490 -0.069810906927704 0.028681725940265 -0.095335920631490 0.540676873433932 -0.217874325781561 0.467567515394229 -2.651707149503579 0.241566679850258
-0.617752108767648 -0.067107522560535 0.027592354311357 -0.092998083054519 0.527418337686414 -0.216666492382310 0.472190061633349 -2.677922911960007 0.300844160451424
-0.618217099182920 -0.064470430872103 0.026509021849446 -0.090637132746352 0.514028723126614 -0.215162271580053 0.476407844614002 -2.701843147885352 0.359187745020140
-0.618670284846652 -0.061900287256470 0.025433210491546 -0.088255093523282 0.500519507387187 -0.213366332854952 0.480211869602343 -2.723416845629156 0.416497818130912
-0.619111560314269 -0.059397689719534 0.024366378827271 -0.085854034175270 0.486902423159041 -0.211283843764298 0.483593141864525 -2.742592993540960 0.472674764504799
-0.619540830485145 -0.056963177603738 0.023309959608449 -0.083436068465947 0.473189458191337 -0.208920469941774 0.486542666657819 -2.759320579890367 0.527618968246546
-0.619958010827475 -0.054597230312782 0.022265357258740 -0.081003355132658 0.459392855291885 -0.206282375100541 0.489051449248379 -2.773548593006936 0.581230814096778
-0.620363027603138 -0.052300266036322 0.021233945383238 -0.078558097886416 0.445525112326850 -0.203376221030057 0.491110494902358 -2.785226021111420 0.633410686399771
-0.620755818092570 -0.050072640474688 0.020217064278087 -0.076102545411905 0.431598982221293 -0.200209167598058 0.492710808850383 -2.794301852588887 0.684058969275675
-0.621136330819630 -0.047914645563582 0.019216018440097 -0.073638991367653 0.417627472958348 -0.196788872751680 0.493843396394134 -2.800725075706723 0.733076047715470
-0.621504525776468 -0.045826508198790 0.018232074076339 -0.071169774385682 0.403623847579815 -0.193123492513102 0.494499262768677 -2.804444678770057 0.780362305827925
-0.621860374648396 -0.043808388960891 0.017266456613773 -0.068697278071839 0.389601624185965 -0.189221680983963 0.494669413253490 -2.805409650117330 0.825818128311412
-0.622203861038755 -0.041860380839961 0.016320348208853 -0.066223931005571 0.375574575935378 -0.185092590342406 0.494344853088080 -2.803568977918225 0.869343899144098
-0.622534980693783 -0.039982507960284 0.015394885257141 -0.063752206740131 0.361556731045787 -0.180745870846685 0.493516587556364 -2.798871650675494 0.910840003242946
-0.622853741727484 -0.038174724305055 0.014491155902908 -0.061284623802349 0.347562372792409 -0.176191670830471 0.492175621884527 -2.791266656445579 0.950206824786443
-0.623160164846496 -0.036436912441093 0.013610197548756 -0.058823745692926 0.333606039510181 -0.171440636706538 0.490312961378692 -2.780702983822270 0.987344748570107
-0.623454283574960 -0.034768882243542 0.012752994365223 -0.056372180886033 0.319702524591070 -0.166503912963688 0.487919611273924 -2.767129620828701 1.022154158504057
-0.623736144479391 -0.033170369620587 0.011920474800405 -0.053932582829663 0.305866876486927 -0.161393142171167 0.484986576831936 -2.750495555958743 1.054535439346316
-0.624005807393539 -0.031641035238152 0.011113509089549 -0.051507649945504 0.292114398707133 -0.156120464974436 0.481504863314441 -2.730749777364316 1.084388975601608
-0.624263345643266 -0.030180463244617 0.010332906764677 -0.049100125628931 0.278460649820311 -0.150698520096428 0.477465475996475 -2.707841273517086 1.111615151730277
-0.624508846271411 -0.028788159995515 0.009579414164194 -0.046712798248949 0.264921443452726 -0.145140444337776 0.472859420117544 -2.681719032548990 1.136114351887663
-0.624742410262656 -0.027463552778251 0.008853711942505 -0.044348501148361 0.251512848289981 -0.139459872578338 0.467677700957125 -2.652332042858419 1.157786960875734
-0.624964152768398 -0.026205988536802 0.008156412579614 -0.042010112643576 0.238251188075689 -0.133670937773959 0.461911323759168 -2.619629292748282 1.176533362796939
-0.625174203331615 -0.025014732596423 0.007488057890744 -0.039700556024780 0.225153041611947 -0.127788270959975 0.455551293803147 -2.583559770423793 1.192253942285845
-0.625372706111739 -0.023888967388363 0.006849116535944 -0.037422799555764 0.212235242759828 -0.121827001248546 0.448588616328571 -2.544072464296665 1.204849083764994
-0.625559820109518 -0.022827791174564 0.006239981529701 -0.035179856474121 0.199514880438345 -0.115802755829721 0.441014296637121 -2.501116362694233 1.214219172111855
-0.625735719391889 -0.021830216772372 0.005660967750553 -0.032974784990936 0.187009298624874 -0.109731659969161 0.432819339932777 -2.454640453728452 1.220264590766768
-0.625900593316843 -0.020895170279248 0.005112309450707 -0.030810688291272 0.174736096356232 -0.103630337015327 0.423994751517220 -2.404593725897630 1.222885725080322
-0.626054646758300 -0.020021489797467 0.004594157765630 -0.028690714533686 0.162713127726744 -0.097515908389926 0.414531536647722 -2.350925167453610 1.221982959375059
-0.626198100330968 -0.019207924158833 0.004106578223681 -0.026618056850447 0.150958501889475 -0.091405993593051 0.404420700554908 -2.293583766534990 1.217456677159584
-0.626331190615220 -0.018453131649386 0.003649548255715 -0.024595953347673 0.139490583056801 -0.085318710207253 0.393653248544901 -2.232518511693371 1.209207264468992
-0.626454170381959 -0.017755678734102 0.003222954704679 -0.022627687104948 0.128327990498334 -0.079272673884908 0.382220185857207 -2.167678391162831 1.197135104652105
-0.626567308817484 -0.017114038781610 0.002826591335255 -0.020716586175662 0.117489598542520 -0.073286998361647 0.370112517740218 -2.099012393050881 1.181140582092818
-0.626670891748362 -0.016526590788898 0.002460156343446 -0.018866023586961 0.106994536577265 -0.067381295451183 0.357321249460085 -2.026469505846951 1.161124081570331
-0.626765221866297 -0.015991618106011 0.002123249866191 -0.017079417339660 0.096862189048030 -0.061575675043331 0.343837386318491 -1.949998717907242 1.136985988137926
-0.626850618952995 -0.015507307160771 0.001815371490974 -0.015360230408068 0.087112195458494 -0.055890745102642 0.329651933514974 -1.869549017374794 1.108626685350171
-0.626927420105035 -0.015071746183479 0.001535917765461 -0.013711970740493 0.077764450371620 -0.050347611675891 0.314755896329011 -1.785069392448158 1.075946557081180
-0.626995979958738 -0.014682923931621 0.001284179707081 -0.012138191258848 0.068839103409379 -0.044967878890485 0.299140280075605 -1.696508831925403 1.038845989943531
-0.627056670915032 -0.014338728414574 0.001059340312629 -0.010642489858470 0.060356559249752 -0.039773648940767 0.282796089918769 -1.603816323392238 0.997225365977999
-0.627109883364324 -0.014036945618325 0.000860472067925 -0.009228509408876 0.052337477632791 -0.034787522110877 0.265714331226796 -1.506940855924288 0.950985071675520
-0.627156025911369 -0.013775258230161 0.000686534457371 -0.007899937752742 0.044802773353170 -0.030032596752500 0.247886009154819 -1.405831417020664 0.900025489518129
-0.627195525600132 -0.013551244363395 0.000536371473608 -0.006660507706968 0.037773616268066 -0.025532469304909 0.229302129044484 -1.300436995688159 0.844247005563068
-0.627228828138667 -0.013362376282055 0.000408709127083 -0.005513997061746 0.031271431289626 -0.021311234277094 0.209953696130860 -1.190706579818901 0.783550003783318
-0.627256398123976 -0.013206019125607 0.000302152955698 -0.004464228581091 0.025317898390531 -0.017393484258177 0.189831715662336 -1.076589157804619 0.717834867923708
-0.627278719266882 -0.013079429633654 0.000215185534407 -0.003515070002780 0.019934952601508 -0.013804309918559 0.168927192913948 -0.958033718017059 0.647001983508992
-0.627296294616895 -0.012979754870646 0.000146163984814 -0.002670434038210 0.015144784011423 -0.010569300001014 0.147231133120762 -0.834989248574836 0.570951733812334
-0.627309646787086 -0.012904030950589 0.000093317484809 -0.001934278372606 0.010969837768549 -0.007714541331952 0.124734541615545 -0.707404738107265 0.489584504852971
-0.627319318178949 -0.012849181761747 0.000054744778150 -0.001310605664528 0.007432814078012 -0.005266618807687 0.101428423571193 -0.575229174610836 0.402800679691065
-0.627325871207272 -0.012812017691356 0.000028411684111 -0.000803463546672 0.004556668204958 -0.003252615409232 0.077303784289384 -0.438411546421769 0.310500642984231
-0.627329888525005 -0.012789234350332 0.000012148607065 -0.000416944625226 0.002364610472849 -0.001700112194311 0.052351629054037 -0.296900842087222 0.212584779952972
-0.627331973248132 -0.012777411297967 0.000003648046093 -0.000155186479955 0.000880106262413 -0.000637188294546 0.026562963069132 -0.150646049532632 0.108953474083446
-0.627332749180531 -0.012773010766655 0.000000462104621 -0.000022371664610 0.000126876014750 -0.000092420924129 0.004474332921944 -0.025375202949984 0.018484184825728
-0.627332861038854 -0.012772376386582 0.000000000000000 0.000000000000000 0.000000000000000 0.000000000000000 0.004474332921944 -0.025375202949984 0.018484184825728
-0.627332861038854 -0.012772376386582 0.000000000000000 0.000022371664610 -0.000126876014750 0.000092420924129 0.026562963069132 -0.150646049532632 0.108953474083446
-0.627332749180531 -0.012773010766655 0.000000462104621 0.000155186479955 -0.000880106262413 0.000637188294546 0.052351629054037 -0.296900842087222 0.212584779952972
-0.627331973248132 -0.012777411297967 0.000003648046093 0.000416944625226 -0.002364610472849 0.001700112194311 0.077303784289384 -0.438411546421769 0.310500642984231
-0.627329888525005 -0.012789234350332 0.000012148607065 0.000803463546672 -0.004556668204958 0.003252615409232 0.101428423571193 -0.575229174610836 0.402800679691065
-0.627325871207272 -0.012812017691356 0.000028411684111 0.001310605664528 -0.007432814078012 0.005266618807687 0.124734541615545 -0.707404738107265 0.489584504852971
-0.627319318178949 -0.012849181761747 0.000054744778150 0.001934278372606 -0.010969837768549 0.007714541331952 0.147231133120762 -0.834989248574836 0.570951733812334
-0.627309646787086 -0.012904030950589 0.000093317484809 0.002670434038210 -0.015144784011423 0.010569300001014 0.168927192913948 -0.958033718017059 0.647001983508992
-0.627296294616895 -0.012979754870646 0.000146163984814 0.003515070002780 -0.019934952601508 0.013804309918559 0.189831715662336 -1.076589157804619 0.717834867923708
-0.627278719266882 -0.013079429633654 0.000215185534407 0.004464228581091 -0.025317898390531 0.017393484258177 0.209953696130860 -1.190706579818901 0.783550003783318
-0.627256398123976 -0.013206019125607 0.000302152955698 0.005513997061746 -0.031271431289626 0.021311234277094 0.229302129044484 -1.300436995688159 0.844247005563068
-0.627228828138667 -0.013362376282055 0.000408709127083 0.006660507706968 -0.037773616268066 0.025532469304909 0.247886009154819 -1.405831417020664 0.900025489518129
-0.627195525600132 -0.013551244363395 0.000536371473608 0.007899937752742 -0.044802773353170 0.030032596752500 0.265714331226796 -1.506940855924288 0.950985071675520
-0.627156025911369 -0.013775258230161 0.000686534457371 0.009228509408876 -0.052337477632791 0.034787522110877 0.282796089918769 -1.603816323392238 0.997225365977999
-0.627109883364324 -0.014036945618325 0.000860472067925 0.010642489858470 -0.060356559249752 0.039773648940767 0.299140280075605 -1.696508831925403 1.038845989943531
-0.627056670915032 -0.014338728414574 0.001059340312629 0.012138191258848 -0.068839103409379 0.044967878890485 0.314755896329011 -1.785069392448158 1.075946557081180
-0.626995979958738 -0.014682923931621 0.001284179707081 0.013711970740493 -0.077764450371620 0.050347611675891 0.329651933514974 -1.869549017374794 1.108626685350171
-0.626927420105035 -0.015071746183479 0.001535917765461 0.015360230408068 -0.087112195458494 0.055890745102642 0.343837386318491 -1.949998717907242 1.136985988137926
-0.626850618952995 -0.015507307160771 0.001815371490974 0.017079417339660 -0.096862189048030 0.061575675043331 0.357321249460085 -2.026469505846951 1.161124081570331
-0.626765221866297 -0.015991618106011 0.002123249866191 0.018866023586961 -0.106994536577265 0.067381295451183 0.370112517740218 -2.099012393050881 1.181140582092818
-0.626670891748362 -0.016526590788898 0.002460156343446 0.020716586175662 -0.117489598542520 0.073286998361647 0.382220185857207 -2.167678391162831 1.197135104652105
-0.626567308817484 -0.017114038781610 0.002826591335255 0.022627687104948 -0.128327990498334 0.079272673884908 0.393653248544901 -2.232518511693371 1.209207264468992
-0.626454170381959 -0.017755678734102 0.003222954704679 0.024595953347673 -0.139490583056801 0.085318710207253 0.404420700554908 -2.293583766534990 1.217456677159584
-0.626331190615220 -0.018453131649386 0.003649548255715 0.026618056850447 -0.150958501889475 0.091405993593051 0.414531536647722 -2.350925167453610 1.221982959375059
-0.626198100330968 -0.019207924158833 0.004106578223681 0.028690714533686 -0.162713127726744 0.097515908389926 0.423994751517220 -2.404593725897630 1.222885725080322
-0.626054646758300 -0.020021489797467 0.004594157765630 0.030810688291272 -0.174736096356232 0.103630337015327 0.432819339932777 -2.454640453728452 1.220264590766768
-0.625900593316843 -0.020895170279248 0.005112309450707 0.032974784990936 -0.187009298624874 0.109731659969161 0.441014296637121 -2.501116362694233 1.214219172111855
-0.625735719391889 -0.021830216772372 0.005660967750553 0.035179856474121 -0.199514880438345 0.115802755829721 0.448588616328571 -2.544072464296665 1.204849083764994
-0.625559820109518 -0.022827791174564 0.006239981529701 0.037422799555764 -0.212235242759828 0.121827001248546 0.455551293803147 -2.583559770423793 1.192253942285845
-0.625372706111739 -0.023888967388363 0.006849116535944 0.039700556024780 -0.225153041611947 0.127788270959975 0.461911323759168 -2.619629292748282 1.176533362796939
-0.625174203331615 -0.025014732596423 0.007488057890744 0.042010112643576 -0.238251188075689 0.133670937773959 0.467677700957125 -2.652332042858419 1.157786960875734
-0.624964152768398 -0.026205988536802 0.008156412579614 0.044348501148361 -0.251512848289981 0.139459872578338 0.472859420117544 -2.681719032548990 1.136114351887663
-0.624742410262656 -0.027463552778251 0.008853711942505 0.046712798248949 -0.264921443452726 0.145140444337776 0.477465475996475 -2.707841273517086 1.111615151730277
-0.624508846271411 -0.028788159995515 0.009579414164194 0.049100125628931 -0.278460649820311 0.150698520096428 0.481504863314441 -2.730749777364316 1.084388975601608
-0.624263345643266 -0.030180463244617 0.010332906764677 0.051507649945504 -0.292114398707133 0.156120464974436 0.484986576831936 -2.750495555958743 1.054535439346316
-0.624005807393539 -0.031641035238152 0.011113509089549 0.053932582829663 -0.305866876486927 0.161393142171167 0.487919611273924 -2.767129620828701 1.022154158504057
-0.623736144479391 -0.033170369620587 0.011920474800405 0.056372180886033 -0.319702524591070 0.166503912963688 0.490312961378692 -2.780702983822270 0.987344748570107
-0.623454283574960 -0.034768882243542 0.012752994365223 0.058823745692926 -0.333606039510181 0.171440636706538 0.492175621884527 -2.791266656445579 0.950206824786443
-0.623160164846496 -0.036436912441093 0.013610197548756 0.061284623802349 -0.347562372792409 0.176191670830471 0.493516587556364 -2.798871650675494 0.910840003242946
-0.622853741727484 -0.038174724305055 0.014491155902908 0.063752206740131 -0.361556731045787 0.180745870846685 0.494344853088080 -2.803568977918225 0.869343899144098
-0.622534980693783 -0.039982507960284 0.015394885257141 0.066223931005571 -0.375574575935378 0.185092590342406 0.494669413253490 -2.805409650117330 0.825818128311412
-0.622203861038755 -0.041860380839961 0.016320348208853 0.068697278071839 -0.389601624185965 0.189221680983963 0.494499262768677 -2.804444678770057 0.780362305827925
-0.621860374648396 -0.043808388960891 0.017266456613773 0.071169774385682 -0.403623847579815 0.193123492513102 0.493843396394134 -2.800725075706723 0.733076047715470
-0.621504525776468 -0.045826508198790 0.018232074076339 0.073638991367653 -0.417627472958348 0.196788872751680 0.492710808850383 -2.794301852588887 0.684058969275675
-0.621136330819630 -0.047914645563582 0.019216018440097 0.076102545411905 -0.431598982221293 0.200209167598058 0.491110494902358 -2.785226021111420 0.633410686399771
-0.620755818092570 -0.050072640474688 0.020217064278087 0.078558097886416 -0.445525112326850 0.203376221030057 0.489051449248379 -2.773548593006936 0.581230814096778
-0.620363027603138 -0.052300266036322 0.021233945383238 0.081003355132658 -0.459392855291885 0.206282375100541 0.486542666657819 -2.759320579890367 0.527618968246546
-0.619958010827475 -0.054597230312782 0.022265357258740 0.083436068465947 -0.473189458191337 0.208920469941774 0.483593141864525 -2.742592993540960 0.472674764504799
-0.619540830485145 -0.056963177603738 0.023309959608449 0.085854034175270 -0.486902423159041 0.211283843764298 0.480211869602343 -2.723416845629156 0.416497818130912
-0.619111560314269 -0.059397689719534 0.024366378827271 0.088255093523282 -0.500519507387187 0.213366332854952 0.476407844614002 -2.701843147885352 0.359187745020140
-0.618670284846652 -0.061900287256470 0.025433210491546 0.090637132746352 -0.514028723126614 0.215162271580053 0.472190061633349 -2.677922911960007 0.300844160451424
-0.618217099182920 -0.064470430872103 0.026509021849446 0.092998083054519 -0.527418337686414 0.216666492382310 0.467567515394229 -2.651707149503579 0.241566679850258
-0.617752108767648 -0.067107522560535 0.027592354311357 0.095335920631490 -0.540676873433932 0.217874325781561 0.462549200670459 -2.623246872415219 0.181454919397778
-0.617275429164490 -0.069810906927704 0.028681725940265 0.097648666634842 -0.553793107796008 0.218781600378550 0.457144112142593 -2.592593092167750 0.120608493858337
-0.616787185831316 -0.072579872466684 0.029775633942158 0.099934387195555 -0.566756073256847 0.219384642847842 0.451361244602211 -2.559796820584825 0.059127019474969
-0.616287513895338 -0.075413652832969 0.030872557156397 0.102191193418566 -0.579555057359771 0.219680277945217 0.445209592765394 -2.524909069339110 -0.002889888729152
-0.615776557928246 -0.078311428119768 0.031970958546123 0.104417241382393 -0.592179602706466 0.219665828501571 0.438698151361550 -2.487980850125471 -0.065342614941344
-0.615254471721334 -0.081272326133300 0.033069287688631 0.106610732139201 -0.604619506957094 0.219339115426864 0.431835915146728 -2.449063174652100 -0.128131543488952
-0.614721418060638 -0.084295423668085 0.034165983265765 0.108769911714934 -0.616864822830354 0.218698457709419 0.424631878850334 -2.408207054560574 -0.191157059255265
-0.614177568502063 -0.087379747782237 0.035259475554313 0.110893071109186 -0.628905858103157 0.217742672413143 0.417095037232862 -2.365463501696752 -0.254319546095783
-0.613623103146517 -0.090524277072753 0.036348188916378 0.112978546295350 -0.640733175611641 0.216471074682664 0.409234384992629 -2.320883527566764 -0.317519389064214
-0.613058210415040 -0.093727942950811 0.037430544289792 0.115024718220313 -0.652337593249475 0.214883477737343 0.401058916903452 -2.274518144020909 -0.380656972051863
-0.612483086823939 -0.096989630917058 0.038504961678478 0.117030012804831 -0.663710183969579 0.212980192877084 0.392577627685853 -2.226418362691884 -0.443632680000028
-0.611897936759915 -0.100308181836906 0.039569862642864 0.118992900943260 -0.674842275783039 0.210762029477084 0.383799512087002 -2.176635195285659 -0.506346896888554
-0.611302972255198 -0.103682393215822 0.040623672790249 0.120911898503695 -0.685725451759467 0.208230294992641 0.374733564845187 -2.125219653503763 -0.568700007591294
-0.610698412762680 -0.107111020474619 0.041664824265212 0.122785566327921 -0.696351550026986 0.205386794954684 0.365388780694254 -2.072222749061048 -0.630592396237417
-0.610084484931040 -0.110592778224754 0.042691758239986 0.124612510231392 -0.706712663772291 0.202233832973497 0.355774154385813 -2.017695493645721 -0.691924447425996
-0.609461422379883 -0.114126341543615 0.043702927404853 0.126391381003321 -0.716801141240520 0.198774210736367 0.345898680640389 -1.961688898903802 -0.752596545714468
-0.608829465474867 -0.117710347249818 0.044696798458535 0.128120874406523 -0.726609585735039 0.195011228007795 0.335771354205150 -1.904253976685588 -0.812509075031886
-0.608188861102834 -0.121343395178493 0.045671854598574 0.129799731177549 -0.736130855618466 0.190948682632636 0.325401169818385 -1.845441738479447 -0.871562420642624
-0.607539862446946 -0.125024049456585 0.046626598011737 0.131426737026641 -0.745358064310864 0.186590870529423 0.314797122231703 -1.785303196184529 -0.929656966224823
-0.606882728761813 -0.128750839778140 0.047559552364384 0.133000722637799 -0.754284580291786 0.181942585698298 0.303968206161187 -1.723889361335829 -0.986693096746427
-0.606217725148624 -0.132522262679599 0.048469265292876 0.134520563668605 -0.762904027098465 0.177009120214566 0.292923416367330 -1.661251245776985 -1.042571196350484
-0.605545122330281 -0.136336782815091 0.049354310893949 0.135985180750442 -0.771210283327350 0.171796264232814 0.281671747566214 -1.597439861096284 -1.097191649602758
-0.604865196426529 -0.140192834231728 0.050213292215113 0.137393539488273 -0.779197482632832 0.166310305984800 0.270222194522773 -1.532506219021901 -1.150454841022663
-0.604178228729087 -0.144088821644892 0.051044843745037 0.138744650460887 -0.786860013727941 0.160558031779687 0.258583751953090 -1.466501331324199 -1.202261154790718
-0.603484505476783 -0.148023121713532 0.051847633903935 0.140037569220652 -0.794192520384562 0.154546726005733 0.246765414604333 -1.399476209564821 -1.252510975751076
-0.602784317630680 -0.151994084315454 0.052620367533964 0.141271396293674 -0.801189901432386 0.148284171126978 0.234776177236995 -1.331481865582962 -1.301104687951027
-0.602077960649211 -0.156000033822616 0.053361788389599 0.142445277179859 -0.807847310760301 0.141778647687223 0.222625034536073 -1.262569311004658 -1.347942676087899
-0.601365734263312 -0.160039270376418 0.054070681628035 0.143558402352539 -0.814160157315325 0.135038934306783 0.210320981293144 -1.192789557502572 -1.392925324618099
-0.600647942251549 -0.164110071162994 0.054745876299569 0.144610007259005 -0.820124105102837 0.128074307683693 0.197873012233174 -1.122193616867051 -1.435953017760450
-0.599924892215254 -0.168210691688509 0.055386247837987 0.145599372320171 -0.825735073187173 0.120894542594890 0.185290122085568 -1.050832500717469 -1.476926140168977
-0.599196895353654 -0.172339367054445 0.055990720550962 0.146525822930599 -0.830989235690760 0.113509911894046 0.172581305584174 -0.978757220766457 -1.515745076282882
-0.598464266239001 -0.176494313232898 0.056558270110432 0.147388729458520 -0.835883021794592 0.105931186512631 0.159755557485042 -0.906018788762175 -1.552310210409802
-0.597727322591708 -0.180673728341871 0.057087926042995 0.148187507245945 -0.840413115738403 0.098169635460582 0.146821872517577 -0.832668216321775 -1.586521927173790
-0.596986385055478 -0.184875793920563 0.057578774220298 0.148921616608533 -0.844576456820012 0.090237025824713 0.133789245424509 -0.758756515235604 -1.618280610831413
-0.596241776972436 -0.189098676204663 0.058029959349422 0.149590562835655 -0.848370239396190 0.082145622770556 0.120666670939684 -0.684334697138578 -1.647486646008944
-0.595493824158257 -0.193340527401644 0.058440687463274 0.150193896190354 -0.851791912881883 0.073908189540511 0.107463143805830 -0.609453773732227 -1.674040416991540
-0.594742854677305 -0.197599486966054 0.058810228410977 0.150731211909383 -0.854839181750544 0.065537987455554 0.094187658756795 -0.534164756772482 -1.697842308358011
-0.593989198617759 -0.201873682874806 0.059137918348255 0.151202150203167 -0.857510005534406 0.057048775913764 0.080849210548628 -0.458518657883156 -1.718792704463734
-0.593233187866743 -0.206161232902478 0.059423162227823 0.151606396255910 -0.859802598823822 0.048454812391445 0.067456793888532 -0.382566488807967 -1.736791989908615
-0.592475155885463 -0.210460245896598 0.059665436289781 0.151943680225353 -0.861715431267862 0.039770852441902 0.054019403550321 -0.306359261239564 -1.751740548850134
-0.591715437484336 -0.214768823052937 0.059864290551990 0.152213777243104 -0.863247227574060 0.031012149697651 0.040546034245637 -0.229947986888357 -1.763538765989225
-0.590954368598121 -0.219085059190807 0.060019351300478 0.152416507414332 -0.864396967508502 0.022194455867705 0.027045680730531 -0.153383677422569 -1.772087025699587
-0.590192286061049 -0.223407044028350 0.060130323579817 0.152551735817985 -0.865163885895615 0.013334020739207 0.013527337641150 -0.076717344614785 -1.777285712435683
-0.589429527381959 -0.227732863457828 0.060196993683513 0.152619372506191 -0.865547472618688 0.004447592177029 0.000000000088818 0.000000000062172 -1.779036870839801
-0.588666430519428 -0.232060600820921 0.060219231644398 0.152619372506635 -0.865547472618378 -0.004447592177170 -0.013527337729968 0.076717344554833 -1.777285712381838
-0.587903333656895 -0.236388338184013 0.060196993683512 0.152551735817985 -0.865163885895603 -0.013334020739079 -0.027045680730531 0.153383677414798 -1.772087025705416
-0.587140574977805 -0.240714157613491 0.060130323579817 0.152416507414332 -0.864396967508529 -0.022194455867607 -0.040546034245637 0.229947986889467 -1.763538766017259
-0.586378492440734 -0.245036142451034 0.060019351300479 0.152213777243104 -0.863247227574082 -0.031012149697693 -0.054019403550321 0.306359261239564 -1.751740548864567
-0.585617423554518 -0.249352378588904 0.059864290551990 0.151943680225353 -0.861715431267884 -0.039770852442016 -0.067456793892973 0.382566488823510 -1.736791989880304
-0.584857705153391 -0.253660955745244 0.059665436289780 0.151606396255888 -0.859802598823767 -0.048454812391417 -0.080849210539746 0.458518657873164 -1.718792704445138
-0.584099673172112 -0.257959968739362 0.059423162227823 0.151202150203189 -0.857510005534401 -0.057048775913643 -0.094187658761236 0.534164756764710 -1.697842308387709
-0.583343662421096 -0.262247518767034 0.059137918348255 0.150731211909383 -0.854839181750577 -0.065537987455581 -0.107463143805830 0.609453773741109 -1.674040417008749
-0.582590006361549 -0.266521714675787 0.058810228410977 0.150193896190354 -0.851791912881872 -0.073908189540625 -0.120666670939684 0.684334697138578 -1.647486645973417
-0.581839036880597 -0.270780674240197 0.058440687463274 0.149590562835655 -0.848370239396179 -0.082145622770492 -0.133789245424509 0.758756515224501 -1.618280610861111
-0.581091084066419 -0.275022525437178 0.058029959349422 0.148921616608533 -0.844576456820056 -0.090237025824798 -0.146821872517577 0.832668216343979 -1.586521927137152
-0.580346475983376 -0.279245407721278 0.057578774220298 0.148187507245945 -0.840413115738337 -0.098169635460484 -0.159755557485042 0.906018788742191 -1.552310210445051
-0.579605538447147 -0.283447473299970 0.057087926042995 0.147388729458520 -0.835883021794626 -0.105931186512709 -0.172581305584174 0.978757220777560 -1.515745076229036
-0.578868594799854 -0.287626888408943 0.056558270110432 0.146525822930599 -0.830989235690738 -0.113509911893854 -0.185290122085568 1.050832500713028 -1.476926140234203
-0.578135965685201 -0.291781834587396 0.055990720550962 0.145599372320171 -0.825735073187173 -0.120894542595025 -0.197873012228733 1.122193616858169 -1.435953017740743
-0.577407968823600 -0.295910509953332 0.055386247837987 0.144610007259027 -0.820124105102882 -0.128074307683729 -0.210320981302026 1.192789557520335 -1.392925324592287
-0.576684918787305 -0.300011130478847 0.054745876299569 0.143558402352517 -0.814160157315280 -0.135038934306690 -0.222625034531632 1.262569310993555 -1.347942676100666
-0.575967126775542 -0.304081931265423 0.054070681628035 0.142445277179859 -0.807847310760312 -0.141778647687194 -0.234776177236995 1.331481865578521 -1.301104687982668
-0.575254900389643 -0.308121167819225 0.053361788389599 0.141271396293674 -0.801189901432420 -0.148284171127107 -0.246765414604333 1.399476209584805 -1.252510975693899
-0.574548543408175 -0.312127117326387 0.052620367533964 0.140037569220652 -0.794192520384496 -0.154546726005576 -0.258583751953090 1.466501331297554 -1.202261154853446
-0.573848355562071 -0.316098079928309 0.051847633903936 0.138744650460887 -0.786860013728008 -0.160558031779844 -0.270222194522773 1.532506219041885 -1.150454840984083
-0.573154632309767 -0.320032379996949 0.051044843745036 0.137393539488273 -0.779197482632799 -0.166310305984764 -0.281671747566214 1.597439861096284 -1.097191649594154
-0.572467664612326 -0.323928367410113 0.050213292215113 0.135985180750442 -0.771210283327317 -0.171796264232735 -0.292923416362889 1.661251245757001 -1.042571196366582
-0.571787738708573 -0.327784418826750 0.049354310893949 0.134520563668628 -0.762904027098532 -0.177009120214568 -0.303968206170069 1.723889361360254 -0.986693096734770
-0.571115135890230 -0.331598938962242 0.048469265292876 0.133000722637777 -0.754284580291731 -0.181942585698242 -0.314797122227262 1.785303196168986 -0.929656966252024
-0.570450132277041 -0.335370361863701 0.047559552364385 0.131426737026641 -0.745358064310886 -0.186590870529502 -0.325401169818385 1.845441738494991 -0.871562420572403
-0.569792998591908 -0.339097152185256 0.046626598011737 0.129799731177549 -0.736130855618411 -0.190948682632364 -0.335771354205150 1.904253976658943 -0.812509075167334
-0.569143999936020 -0.342777806463348 0.045671854598576 0.128120874406523 -0.726609585735116 -0.195011228008200 -0.345898680644829 1.961688898928227 -0.752596545603723
-0.568503395563988 -0.346410854392023 0.044696798458535 0.126391381003299 -0.716801141240475 -0.198774210736219 -0.355774154376931 2.017695493636840 -0.691924447452086
-0.567871438658971 -0.349994860098226 0.043702927404854 0.124612510231414 -0.706712663772291 -0.202233832973479 -0.365388780698694 2.072222749054387 -0.630592396253238
-0.567248376107814 -0.353528423417087 0.042691758239986 0.122785566327921 -0.696351550027019 -0.205386794954746 -0.374733564845187 2.125219653512644 -0.568700007556877
-0.566634448276175 -0.357010181167222 0.041664824265212 0.120911898503695 -0.685725451759456 -0.208230294992530 -0.383799512087002 2.176635195283438 -0.506346896951282
-0.566029888783656 -0.360438808426019 0.040623672790250 0.118992900943260 -0.674842275783039 -0.210762029477286 -0.392577627685853 2.226418362689664 -0.443632679936190
-0.565434924278940 -0.363813019804935 0.039569862642863 0.117030012804831 -0.663710183969590 -0.212980192876967 -0.401058916903452 2.274518144018689 -0.380656972112092
-0.564849774214916 -0.367131570724783 0.038504961678478 0.115024718220313 -0.652337593249497 -0.214883477737528 -0.409234384997070 2.320883527582307 -0.317519388984555
-0.564274650623814 -0.370393258691030 0.037430544289791 0.112978546295328 -0.640733175611585 -0.216471074682451 -0.417095037219539 2.365463501667886 -0.254319546177106
-0.563709757892338 -0.373596924569088 0.036348188916379 0.110893071109230 -0.628905858103246 -0.217742672413336 -0.424631878863657 2.408207054589440 -0.191157059183100
-0.563155292536791 -0.376741453859604 0.035259475554312 0.108769911714912 -0.616864822830299 -0.218698457709252 -0.431835915142287 2.449063174640997 -0.128131543552512
-0.562611442978217 -0.379825777973756 0.034165983265766 0.106610732139201 -0.604619506957094 -0.219339115427014 -0.438698151365990 2.487980850127691 -0.065342614899155
-0.562078389317521 -0.382848875508541 0.033069287688631 0.104417241382371 -0.592179602706455 -0.219665828501510 -0.445209592756513 2.524909069332448 -0.002889888715135
-0.561556303110609 -0.385809773522073 0.031970958546123 0.102191193418588 -0.579555057359793 -0.219680277945086 -0.451361244606652 2.559796820589266 0.059127019406829
-0.561045347143516 -0.388707548808872 0.030872557156398 0.099934387195555 -0.566756073256847 -0.219384642848051 -0.457144112147034 2.592593092174411 0.120608493941465
-0.560545675207538 -0.391541329175157 0.029775633942157 0.097648666634820 -0.553793107795975 -0.218781600378344 -0.462549200661577 2.623246872393015 0.181454919308127
-0.560057431874364 -0.394310294714136 0.028681725940266 0.095335920631512 -0.540676873434009 -0.217874325781803 -0.467567515398670 2.651707149543547 0.241566679978350
-0.559580752271207 -0.397013679081307 0.027592354311357 0.092998083054519 -0.527418337686292 -0.216666492381912 -0.472190061637789 2.677922911937802 0.300844160380787
-0.559115761855934 -0.399650770769738 0.026509021849447 0.090637132746330 -0.514028723126603 -0.215162271580008 -0.476407844605120 2.701843147874250 0.359187744964767
-0.558662576192202 -0.402220914385371 0.025433210491547 0.088255093523304 -0.500519507387231 -0.213366332855184 -0.480211869606784 2.723416845635818 0.416497818186146
-0.558221300724586 -0.404723511922307 0.024366378827271 0.085854034175270 -0.486902423159052 -0.211283843764253 -0.483593141864525 2.742592993543180 0.472674764483150
-0.557792030553710 -0.407158024038102 0.023309959608450 0.083436068465947 -0.473189458191337 -0.208920469941837 -0.486542666657819 2.759320579899249 0.527618968298033
-0.557374850211380 -0.409523971329059 0.022265357258741 0.081003355132658 -0.459392855291840 -0.206282375100347 -0.489051449252820 2.773548592986952 0.581230814085815
-0.556969833435716 -0.411820935605518 0.021233945383239 0.078558097886394 -0.445525112326906 -0.203376221029918 -0.491110494889035 2.785226021118081 0.633410686292080
-0.556577042946285 -0.414048561167153 0.020217064278089 0.076102545411949 -0.431598982221315 -0.200209167598458 -0.492710808863706 2.794301852595549 0.684058969360191
-0.556196530219225 -0.416206556078259 0.019216018440097 0.073638991367631 -0.417627472958337 -0.196788872751657 -0.493843396389693 2.800725075713384 0.733076047730735
-0.555828335262387 -0.418294693443051 0.018232074076339 0.071169774385682 -0.403623847579770 -0.193123492513003 -0.494499262773118 2.804444678774498 0.780362305867477
-0.555472486390458 -0.420312812680950 0.017266456613774 0.068697278071816 -0.389601624185898 -0.189221680983666 -0.494669413244608 2.805409650086244 0.825818128196987
-0.555129000000099 -0.422260820801879 0.016320348208855 0.066223931005593 -0.375574575935467 -0.185092590342681 -0.494344853096962 2.803568977940429 0.869343899176717
-0.554797880345071 -0.424138693681557 0.015394885257142 0.063752206740109 -0.361556731045765 -0.180745870846797 -0.493516587543041 2.798871650644408 0.910840003247937
-0.554479119311371 -0.425946477336786 0.014491155902908 0.061284623802393 -0.347562372792543 -0.176191670830558 -0.492175621897850 2.791266656492208 0.950206824865341
-0.554172696192359 -0.427684289200748 0.013610197548755 0.058823745692904 -0.333606039510081 -0.171440636706231 -0.490312961374251 2.780702983795624 0.987344748464014
-0.553878577463894 -0.429352319398299 0.012752994365224 0.056372180886033 -0.319702524591103 -0.166503912963911 -0.487919611273924 2.767129620839803 1.022154158501209
-0.553596716559464 -0.430950832021254 0.011920474800404 0.053932582829663 -0.305866876486904 -0.161393142171405 -0.484986576831936 2.750495555943200 1.054535439410847
-0.553327053645316 -0.432480166403689 0.011113509089547 0.051507649945504 -0.292114398707188 -0.156120464974351 -0.481504863314441 2.730749777390962 1.084388975652051
-0.553069515395588 -0.433940738397225 0.010332906764676 0.049100125628931 -0.278460649820234 -0.150698520096090 -0.477465475996475 2.707841273497102 1.111615151662348
-0.552824014767443 -0.435333041646326 0.009579414164195 0.046712798248949 -0.264921443452748 -0.145140444337779 -0.472859420117544 2.681719032551211 1.136114351892731
-0.552590450776199 -0.436657648863590 0.008853711942506 0.044348501148361 -0.251512848289992 -0.139459872578315 -0.467677700957125 2.652332042860639 1.157786960788126
-0.552368708270457 -0.437915213105040 0.008156412579615 0.042010112643576 -0.238251188075689 -0.133670937774374 -0.461911323759168 2.619629292728298 1.176533362790627
-0.552158657707239 -0.439106469045418 0.007488057890743 0.039700556024780 -0.225153041612047 -0.127788270960421 -0.455551293798706 2.583559770443777 1.192253942355231
-0.551960154927115 -0.440232234253478 0.006849116535941 0.037422799555786 -0.212235242759828 -0.121827001248645 -0.448588616337453 2.544072464323310 1.204849083921608
-0.551773040929336 -0.441293410467277 0.006239981529698 0.035179856474099 -0.199514880438212 -0.115802755829037 -0.441014296632680 2.501116362656486 1.214219171937653
-0.551597141646966 -0.442290984869468 0.005660967750552 0.032974784990936 -0.187009298624929 -0.109731659969349 -0.432819339932777 2.454640453748436 1.220264590851630
-0.551432267722011 -0.443226031362593 0.005112309450706 0.030810688291272 -0.174736096356187 -0.103630337015091 -0.423994751517220 2.404593725897630 1.222885725107522
-0.551278214280555 -0.444099711844374 0.004594157765630 0.028690714533686 -0.162713127726699 -0.097515908389553 -0.414531536643281 2.350925167411422 1.221982959151521
-0.551134760707886 -0.444913277483008 0.004106578223682 0.026618056850469 -0.150958501889642 -0.091405993593795 -0.404420700563790 2.293583766579399 1.217456677432543
-0.551001670423634 -0.445668069992456 0.003649548255713 0.024595953347650 -0.139490583056745 -0.085318710206633 -0.393653248544901 2.232518511715575 1.209207264393999
-0.550878690656896 -0.446365522907739 0.003222954704680 0.022627687104926 -0.128327990498167 -0.079272673884663 -0.382220185848325 2.167678391107319 1.197135104485017
-0.550765552221371 -0.447007162860230 0.002826591335257 0.020716586175684 -0.117489598542631 -0.073286998362238 -0.370112517744658 2.099012393064204 1.181140582149112
-0.550661969290493 -0.447594610852943 0.002460156343446 0.018866023586961 -0.106994536577310 -0.067381295451492 -0.357321249464526 2.026469505891360 1.161124081834382
-0.550567639172558 -0.448129583535830 0.002123249866188 0.017079417339638 -0.096862189047853 -0.061575675042320 -0.343837386314050 1.949998717873935 1.136985987986901
-0.550482242085860 -0.448613894481069 0.001815371490977 0.015360230408068 -0.087112195458483 -0.055890745102386 -0.329651933506092 1.869549017323724 1.108626685052985
-0.550405440933819 -0.449049455458362 0.001535917765465 0.013711970740538 -0.077764450371864 -0.050347611677121 -0.314755896346774 1.785069392552519 1.075946557478449
-0.550336881080117 -0.449438277710221 0.001284179707079 0.012138191258804 -0.068839103409102 -0.044967878889728 -0.299140280062282 1.696508831827703 1.038845989710162
-0.550276190123823 -0.449782473227266 0.001059340312631 0.010642489858492 -0.060356559249963 -0.039773648941178 -0.282796089932091 1.603816323489937 0.997225366194278
-0.550222977674530 -0.450084256023516 0.000860472067925 0.009228509408832 -0.052337477632514 -0.034787522110206 -0.265714331209033 1.506940855806604 0.950985071377312
-0.550176835127486 -0.450345943411679 0.000686534457374 0.007899937752787 -0.044802773353481 -0.030032596753320 -0.247886009163700 1.405831417107262 0.900025489705227
-0.550137335438722 -0.450569957278446 0.000536371473607 0.006660507706968 -0.037773616267944 -0.025532469304793 -0.229302129048925 1.300436995665954 0.844247005624787
-0.550104032900187 -0.450758825359786 0.000408709127083 0.005513997061724 -0.031271431289615 -0.021311234276670 -0.209953696121978 1.190706579805578 0.783550003581922
-0.550076462914879 -0.450915182516234 0.000302152955700 0.004464228581114 -0.025317898390587 -0.017393484258760 -0.189831715666777 1.076589157809060 0.717834868023298
-0.550054141771973 -0.451041772008187 0.000215185534406 0.003515070002780 -0.019934952601541 -0.013804309918643 -0.168927192905066 0.958033717992635 0.647001983395043
-0.550036566421959 -0.451141446771195 0.000146163984813 0.002670434038254 -0.015144784011578 -0.010569300001668 -0.147231133142967 0.834989248648110 0.570951734143581
-0.550023214251768 -0.451217170691253 0.000093317484804 0.001934278372540 -0.010969837768338 -0.007714541330950 -0.124734541597782 0.707404738076178 0.489584504715234
-0.550013542859905 -0.451272019880094 0.000054744778150 0.001310605664551 -0.007432814077957 -0.005266618807374 -0.101428423575634 0.575229174584191 0.402800679556313
-0.550006989831582 -0.451309183950484 0.000028411684113 0.000803463546672 -0.004556668205036 -0.003252615409593 -0.077303784293825 0.438411546468398 0.310500643113174
-0.550002972513849 -0.451331967291509 0.000012148607065 0.000416944625203 -0.002364610472694 -0.001700112194027 -0.052351629045155 0.296900842025050 0.212584779832147
