-0.550000096156933 -0.452242707898202 0.000000346175415 -0.000133464096952 0.000756912506639 0.000477702022150 -0.045060637798855 0.255551575927271 0.159598104903057
-0.550000763477418 -0.452238923335669 0.000002734685526 -0.000358767285946 0.002034670386275 0.001275692546665 -0.066591133469629 0.377657084593697 0.233430912372399
-0.550002557313848 -0.452228749983738 0.000009113148259 -0.000691722953294 0.003922955809244 0.002442847108527 -0.087445004584019 0.495925264709651 0.303259114514098
-0.550006015928614 -0.452209135204691 0.000021327383802 -0.001128947976214 0.006402582132792 0.003959142681097 -0.107629226651085 0.610395676372555 0.369150015619367
-0.550011660668495 -0.452177122294027 0.000041123097208 -0.001667094109470 0.009454560514655 0.005804892759194 -0.127150775188767 0.721107879655403 0.431170919979441
-0.550019996139043 -0.452129849491454 0.000070147561004 -0.002302847985414 0.013060099912932 0.007960747359091 -0.146016625688361 0.828101434660056 0.489389131885525
-0.550031510378970 -0.452064548991889 0.000109951297799 -0.003032931113855 0.017200607086232 0.010407693018519 -0.164233753694454 0.931415901466170 0.543871955628863
-0.550046675034539 -0.451978545956458 0.000161989762892 -0.003854099882328 0.021857686593563 0.013127052796663 -0.181809134680577 1.031090840168947 0.594686695500670
-0.550065945533951 -0.451869257523490 0.000227625026875 -0.004763145555731 0.027013140794407 0.016100486274167 -0.198749744182436 1.127165810845820 0.641900655792099
-0.550089761261729 -0.451734191819518 0.000308127458246 -0.005756894276643 0.032648969848637 0.019309989553127 -0.215062557709089 1.219680373600873 0.685581140794505
-0.550118545733113 -0.451570946970275 0.000404677406011 -0.006832207065188 0.038747371716641 0.022737895257100 -0.230754550756274 1.308674088504880 0.725795454798939
-0.550152706768439 -0.451377210111692 0.000518366882297 -0.007985979818970 0.045290742159165 0.026366872531094 -0.245832698850812 1.394186515659701 0.762610902096910
-0.550192636667533 -0.451150756400896 0.000650201244952 -0.009215143313224 0.052261674737464 0.030179927041579 -0.260303977492882 1.476257215140553 0.796094786979108
-0.550238712384099 -0.450889448027209 0.000801100880160 -0.010516663200688 0.059642960813167 0.034160400976474 -0.274175362209306 1.554925747051517 0.826314413737540
-0.550291295700103 -0.450591233223143 0.000971902885043 -0.011887540011735 0.067417589548424 0.038291973045162 -0.287453828478057 1.630231671463367 0.853337086662610
-0.550350733400162 -0.450254145275401 0.001163362750268 -0.013324809154125 0.075568747905741 0.042558658478475 -0.300146351857045 1.702214548482406 0.877230110045961
-0.550417357445932 -0.449876301535872 0.001376156042661 -0.014825540913410 0.084079820648153 0.046944809028705 -0.312259907810919 1.770913938181629 0.898060788178893
-0.550491485150499 -0.449455902432631 0.001610880087804 -0.016386840452465 0.092934390339061 0.051435112969599 -0.323801471884266 1.836369400651794 0.915896425352641
-0.550573419352762 -0.448991230480936 0.001868055652652 -0.018005847811886 0.102116237342320 0.056014595096363 -0.334778019563942 1.898620495990322 0.930804325857855
-0.550663448591821 -0.448480649294225 0.002148128628134 -0.019679737909706 0.111609339822272 0.060668616725652 -0.345196526390090 1.957706784276869 0.942851793986327
-0.550761847281370 -0.447922602595113 0.002451471711762 -0.021405720541656 0.121397873743656 0.065382875695584 -0.355063967836244 2.013667825597754 0.952106134029151
-0.550868875884078 -0.447315613226395 0.002778386090240 -0.023181040380837 0.131466212871645 0.070143406365729 -0.364387319442550 2.066543180054836 0.958634650277906
-0.550984781085982 -0.446658282162037 0.003129103122069 -0.025002976978050 0.141798928771919 0.074936579617119 -0.373173556704742 2.116372407712230 0.962504647023016
-0.551109795970872 -0.445949287518177 0.003503786020155 -0.026868844761574 0.152380790810480 0.079749102852234 -0.381429655145205 2.163195068682899 0.963783428556131
-0.551244140194680 -0.445187383564125 0.003902531534416 -0.028775993037300 0.163196766153895 0.084568019995015 -0.389162590264114 2.207050723042059 0.962538299168586
-0.551388020159867 -0.444371399733355 0.004325371634391 -0.030721805988621 0.174232019769105 0.089380711490858 -0.396379337583852 2.247978930878247 0.958836563150939
-0.551541629189810 -0.443500239634510 0.004772275191845 -0.032703702676540 0.185471914423496 0.094174894306612 -0.403086872591274 2.286019252286664 0.952745524796239
-0.551705147703192 -0.442572880062392 0.005243149663378 -0.034719137039496 0.196902010684930 0.098938621930593 -0.409292170830966 2.321211247342525 0.944332488393429
-0.551878743388390 -0.441588370008968 0.005737842773031 -0.036765597893651 0.208508066921642 0.103660284372561 -0.415002207789783 2.353594476145471 0.933664758234234
-0.552062571377858 -0.440545829674359 0.006256144194894 -0.038840608932600 0.220276039302369 0.108328608163732 -0.420223958990107 2.383208498779599 0.920809638611728
-0.552256774422521 -0.439444449477847 0.006797787235713 -0.040941728727550 0.232192081796267 0.112932656356790 -0.424964399936556 2.410092875333447 0.905834433816144
-0.552461483066159 -0.438283489068866 0.007362450517497 -0.043066550727233 0.244242546172935 0.117461828525871 -0.429230506138190 2.434287165895554 0.888806448135285
-0.552676815819795 -0.437062276338001 0.007949759660126 -0.045212703257924 0.256413982002412 0.121905860766548 -0.433029253112949 2.455830930552239 0.869792985865453
-0.552902879336085 -0.435780206427989 0.008559288963959 -0.047377849523489 0.268693136655174 0.126254825695875 -0.436367616369893 2.474763729392038 0.848861351296498
-0.553139768583702 -0.434436740744714 0.009190563092438 -0.049559687605338 0.281066955302134 0.130499132452357 -0.439252571422521 2.491125122507931 0.826078848720280
-0.553387567021729 -0.433031405968203 0.009843058754700 -0.051755950462451 0.293522580914674 0.134629526695959 -0.441691093766572 2.504954669977355 0.801512782418540
-0.553646346774041 -0.431563793063630 0.010516206388180 -0.053964405931284 0.306047354264560 0.138637090608051 -0.443690158933308 2.516291931902170 0.775230456705189
-0.553916168803698 -0.430033556292307 0.011209391841220 -0.056182856725950 0.318628813924071 0.142513242891577 -0.445256742422906 2.525176468357593 0.747299175841848
-0.554197083087327 -0.428440412222686 0.011921958055678 -0.058409140438065 0.331254696265859 0.146249738770787 -0.446397819744426 2.531647839438822 0.717786244142021
-0.554489128789518 -0.426784138741357 0.012653206749532 -0.060641129536787 0.343912935463053 0.149838669991497 -0.447120366415810 2.535745605236617 0.686758965893836
-0.554792334437202 -0.425064574064042 0.013402400099489 -0.062876731368866 0.356591663489236 0.153272464820966 -0.447431357946115 2.537509325830634 0.654284645374842
-0.555106718094046 -0.423281615746596 0.014168762423594 -0.065113888158597 0.369279210118389 0.156543888047840 -0.447337769835521 2.536978561313852 0.620430586893911
-0.555432287534839 -0.421435219696004 0.014951481863833 -0.067350577007774 0.381964102924959 0.159646040982310 -0.446846577615290 2.534192871777030 0.585264094729382
-0.555769040419878 -0.419525399181379 0.015749712068745 -0.069584809895851 0.394635067283844 0.162572361455957 -0.445964756772277 2.529191817302046 0.548852473178096
-0.556116964469357 -0.417552223844960 0.016562573876025 -0.071814633679712 0.407281026370354 0.165316623821847 -0.444699282846628 2.522014957981877 0.511263026534287
-0.556476037637756 -0.415515818713108 0.017389156995134 -0.074038130093945 0.419891101160264 0.167872938954518 -0.443057131320757 2.512701853902843 0.472563059078224
-0.556846228288225 -0.413416363207307 0.018228521689906 -0.076253415750549 0.432454610429778 0.170235754249910 -0.441045277717045 2.501292065153482 0.432819875117729
-0.557227495366978 -0.411254090155158 0.019079700461156 -0.078458642139134 0.444961070755545 0.172399853625498 -0.438670697548993 2.487825151822332 0.392100778921073
-0.557619788577674 -0.409029284801380 0.019941699729283 -0.080651995626879 0.457400196514657 0.174360357520104 -0.435940366330101 2.472340673997930 0.350473074806623
-0.558023048555808 -0.406742283818807 0.020813501516884 -0.082831697458530 0.469761899884646 0.176112722894137 -0.432861259564987 2.454878191759935 0.308004067047091
-0.558437207043101 -0.404393474319383 0.021694065131355 -0.084996003756355 0.482036290843446 0.177652743229372 -0.429440352753829 2.435477265214647 0.264761059934893
-0.558862187061883 -0.401983292865166 0.022582328847501 -0.087143205520124 0.494213677169519 0.178976548529047 -0.425684621436773 2.414177454432842 0.220811357768969
-0.559297903089483 -0.399512224479319 0.023477211590147 -0.089271628627308 0.506284564441684 0.180080605317891 -0.421601041096231 2.391018319509719 0.176222264834935
-0.559744261232620 -0.396980801657110 0.024377614616736 -0.091379633832789 0.518239656039232 0.180961716642066 -0.417196587259028 2.366039420531596 0.131061085423961
-0.560201159401784 -0.394389603376914 0.025282423199946 -0.093465616769084 0.530069853141890 0.181617022069186 -0.412478235434222 2.339280317598114 0.085395123832627
-0.560668487485629 -0.391739254111205 0.026190508310292 -0.095528007946255 0.541766254729881 0.182043997688349 -0.407452961126431 2.310780570771165 0.039291684345161
-0.561146127525360 -0.389030422837555 0.027100728298734 -0.097565272751887 0.553320157583737 0.182240456110075 -0.402127739849156 2.280579740165933 -0.007181928739358
-0.561633953889120 -0.386263822049636 0.028011930579284 -0.099575911451133 0.564723056284566 0.182204546466378 -0.396509547111457 2.248717385859855 -0.053958411147109
-0.562131833446375 -0.383440206768214 0.028922953311616 -0.101558459186690 0.575966643213865 0.181934754410643 -0.390605358435714 2.215233067937028 -0.100970458547789
-0.562639625742309 -0.380560373552144 0.029832627083670 -0.103511485978869 0.587042808553551 0.181429902117904 -0.384422149317665 2.180166346485990 -0.148150766722394
-0.563157183172203 -0.377625159509377 0.030739776594259 -0.105433596725457 0.597943640285981 0.180689148284292 -0.377966895275250 2.143556781606382 -0.195432031265957
-0.563684351155830 -0.374635441307947 0.031643222335681 -0.107323431201833 0.608661424194012 0.179711988127962 -0.371246571826411 2.105443933371198 -0.242746948035666
-0.564220968311840 -0.371592134186977 0.032541782276320 -0.109179664060965 0.619188643860868 0.178498253387784 -0.364268154458003 2.065867361875640 -0.290028212587279
-0.564766866632144 -0.368496190967672 0.033434273543259 -0.111001004833255 0.629517980670247 0.177048112324847 -0.357038618723493 2.024866627214905 -0.337208520739818
-0.565321871656311 -0.365348601064321 0.034319514104884 -0.112786197926873 0.639642313806321 0.175362069721148 -0.349564940078650 1.982481289461990 -0.384220568168392
-0.565885802645945 -0.362150389495289 0.035196324453489 -0.114534022627266 0.649554720253631 0.173440966880306 -0.341854094076943 1.938750908716536 -0.430997050563098
-0.566458472759081 -0.358902615894021 0.036063529287891 -0.116243293097651 0.659248474797214 0.171285981627491 -0.333913056218549 1.893715045064859 -0.477470663645674
-0.567039689224570 -0.355606373520035 0.036919959196028 -0.117912858378744 0.668717050022538 0.168898628309262 -0.325748802008086 1.847413258584396 -0.523574103133972
-0.567629253516463 -0.352262788269923 0.037764452337575 -0.119541602388784 0.677954116315460 0.166280757793592 -0.317368306963495 1.799885109385890 -0.569240064726972
-0.568226961528407 -0.348873017688345 0.038595856126543 -0.121128443923602 0.686953541862390 0.163434557469957 -0.308778546580513 1.751170157529014 -0.614401244141138
-0.568832603748025 -0.345438249979033 0.039413028913892 -0.122672336656504 0.695709392650035 0.160362551249252 -0.299986496390403 1.701307963128951 -0.658990337067955
-0.569445965431308 -0.341959703015783 0.040214841670139 -0.124172269138456 0.704215932465679 0.157067599563912 -0.290999131902225 1.650338086256475 -0.702940039233879
-0.570066826777000 -0.338438623353455 0.041000179667958 -0.125627264797967 0.712467622896962 0.153552899367743 -0.281823428602834 1.598300087002347 -0.746183046357596
-0.570694963100990 -0.334876285238970 0.041767944164797 -0.127036381940981 0.720459123331973 0.149821984135955 -0.272466362036816 1.545233525461764 -0.788652054110606
-0.571330145010695 -0.331273989622310 0.042517054085477 -0.128398713751166 0.728185290959282 0.145878723865402 -0.262934907695467 1.491177961709944 -0.830279758226304
-0.571972138579451 -0.327633063167514 0.043246447704804 -0.129713388289643 0.735641180767832 0.141727325074270 -0.253236041070082 1.436172955855408 -0.870998854401173
-0.572620705520899 -0.323954857263674 0.043955084330175 -0.130979568494993 0.742822045547109 0.137372330802264 -0.243376737727452 1.380258067964490 -0.910742038404133
-0.573275603363374 -0.320240747035939 0.044641945984186 -0.132196452183631 0.749723335886932 0.132818620610244 -0.233363973123346 1.323472858134611 -0.949442005823697
-0.573936585624292 -0.316492130356504 0.045306039087238 -0.133363272049247 0.756340700177605 0.128071410581125 -0.223204722797909 1.265856886458749 -0.987031452485965
-0.574603401984538 -0.312710426855616 0.045946396140143 -0.134479295663237 0.762669984609898 0.123136253318695 -0.212905962255761 1.207449713023223 -1.023443074033292
-0.575275798462854 -0.308897076932567 0.046562077406737 -0.135543825474516 0.768707233175014 0.118019037948529 -0.202474667001518 1.148290897909909 -1.058609566195190
-0.575953517590227 -0.305053540766692 0.047152172596479 -0.136556198809523 0.774448687664564 0.112725990117553 -0.191917812557563 1.088420001198465 -1.092463624666196
-0.576636298584275 -0.301181297328369 0.047715802547067 -0.137515787872311 0.779890787670556 0.107263671994222 -0.181242374419632 1.027876583012954 -1.124937945212179
-0.577323877523636 -0.297281843390016 0.048252120907038 -0.138421999744409 0.785030170585621 0.101638982268161 -0.170455328114549 0.966700203397508 -1.155965223434696
-0.578015987522358 -0.293356692537088 0.048760315818379 -0.139274276384982 0.789863671602609 0.095859156150988 -0.159563649151373 0.904930422467309 -1.185478155149022
-0.578712358904283 -0.289407374179075 0.049239611599134 -0.140072094630739 0.794388323714945 0.089931765375242 -0.148574313016958 0.842606800308676 -1.213409436003621
-0.579412719377437 -0.285435432560500 0.049689270426010 -0.140814966195824 0.798601357716489 0.083864718195224 -0.137494295260332 0.779768896990163 -1.239691761736328
-0.580116794208416 -0.281442425771918 0.050108594016986 -0.141502437672125 0.802500202201439 0.077666259386543 -0.126330571359468 0.716456272633614 -1.264257828002824
-0.580824306396777 -0.277429924760911 0.050496925313919 -0.142134090528923 0.806082483564607 0.071344970246529 -0.115090116850070 0.652708487289821 -1.287040330619216
-0.581534976849421 -0.273399512343088 0.050853650165152 -0.142709541113173 0.809346026001057 0.064909768593432 -0.103779907223434 0.588565101067307 -1.307971965165133
-0.582248524554987 -0.269352782213082 0.051178199008119 -0.143228440649290 0.812288851506393 0.058369908767607 -0.092406917997501 0.524065674072371 -1.326985427411997
-0.582964666758234 -0.265291337955550 0.051470048551957 -0.143690475239278 0.814909179876755 0.051734981630547 -0.080978124690212 0.459249766340264 -1.344013413145662
-0.583683119134430 -0.261216792056166 0.051728723460110 -0.144095365862729 0.817205428708456 0.045014914564818 -0.069500502806186 0.394156938017254 -1.358988617906065
-0.584403595963744 -0.257130764912624 0.051953798032934 -0.144442868376760 0.819176213398543 0.038219971475288 -0.057981027858922 0.328826749156352 -1.371843737545397
-0.585125810305627 -0.253034883845631 0.052144897890310 -0.144732773516054 0.820820347144324 0.031360752787561 -0.046426675344158 0.263298759850539 -1.382511467698244
-0.585849474173208 -0.248930782109910 0.052301701654248 -0.144964906892775 0.822136840943577 0.024448195449070 -0.034844420797597 0.197612530192792 -1.390924504067470
-0.586574298707672 -0.244820097905192 0.052423942631493 -0.145139128996763 0.823124903594541 0.017493572928733 -0.023241239723859 0.131807620287194 -1.397015542490831
-0.587299994352655 -0.240704473387219 0.052511410496137 -0.145255335195382 0.823783941695977 0.010508495216278 -0.011624107609798 0.065923590176764 -1.400717278456920
-0.588026271028632 -0.236585553678739 0.052563952972218 -0.145313455733431 0.824113559646861 0.003504908823994 0.000000000106581 -0.000000000041078 -1.401963529586714
-0.588752838307299 -0.232464985880505 0.052581477516338 -0.145313455732898 0.824113559646655 -0.003504908823940 0.011624107503216 -0.065923590136796 -1.400717278520758
-0.589479405585964 -0.228344418082272 0.052563952972219 -0.145255335195382 0.823783941695971 -0.010508495216544 0.023241239723859 -0.131807620288305 -1.397015542391744
-0.590205682261941 -0.224225498373792 0.052511410496136 -0.145139128996763 0.823124903594530 -0.017493572928502 0.034844420797597 -0.197612530188351 -1.390924504130475
-0.590931377906925 -0.220109873855819 0.052423942631493 -0.144964906892775 0.822136840943588 -0.024448195449155 0.046426675344158 -0.263298759853869 -1.382511467673819
-0.591656202441389 -0.215999189651101 0.052301701654248 -0.144732773516054 0.820820347144319 -0.031360752787524 0.057981027858922 -0.328826749153022 -1.371843737550948
-0.592379866308969 -0.211895087915380 0.052144897890310 -0.144442868376760 0.819176213398554 -0.038219971475278 0.069500502806186 -0.394156938015033 -1.358988617941315
-0.593102080650853 -0.207799206848387 0.051953798032934 -0.144095365862729 0.817205428708478 -0.045014914564985 0.080978124690212 -0.459249766345815 -1.344013413099310
-0.593822557480166 -0.203713179704845 0.051728723460109 -0.143690475239278 0.814909179876749 -0.051734981630482 0.092406917997501 -0.524065674075702 -1.326985427380911
-0.594541009856363 -0.199638633805461 0.051470048551956 -0.143228440649290 0.812288851506371 -0.058369908767386 0.103779907223434 -0.588565101060645 -1.307971965236743
-0.595257152059609 -0.195577189547929 0.051178199008119 -0.142709541113173 0.809346026001068 -0.064909768593570 0.115090116850070 -0.652708487296483 -1.287040330573697
-0.595970699765175 -0.191530459417924 0.050853650165151 -0.142134090528923 0.806082483564585 -0.071344970246438 0.126330571363908 -0.716456272626953 -1.264257828037241
-0.596681370217820 -0.187500047000101 0.050496925313919 -0.141502437672103 0.802500202201450 -0.077666259386625 0.137494295255891 -0.779768897003486 -1.239691761718009
-0.597388882406180 -0.183487545989094 0.050108594016986 -0.140814966195824 0.798601357716433 -0.083864718195215 0.148574313016958 -0.842606800290913 -1.213409435970592
-0.598092957237159 -0.179494539200511 0.049689270426010 -0.140072094630739 0.794388323714978 -0.089931765375068 0.159563649146932 -0.904930422465089 -1.185478155230069
-0.598793317710313 -0.175522597581936 0.049239611599135 -0.139274276385004 0.789863671602653 -0.095859156151218 0.170455328118990 -0.966700203415272 -1.155965223372246
-0.599489689092238 -0.171573279223923 0.048760315818379 -0.138421999744409 0.785030170585577 -0.101638982268079 0.181242374424073 -1.027876582999632 -1.124937945211901
-0.600181799090960 -0.167648128370995 0.048252120907038 -0.137515787872289 0.779890787670579 -0.107263671994139 0.191917812548681 -1.088420001200685 -1.092463624698392
-0.600869378030321 -0.163748674432642 0.047715802547067 -0.136556198809545 0.774448687664575 -0.112725990117631 0.202474667005959 -1.148290897923232 -1.058609566167712
-0.601552159024369 -0.159876430994320 0.047152172596479 -0.135543825474516 0.768707233174959 -0.118019037948469 0.212905962255761 -1.207449713009900 -1.023443074052721
-0.602229878151742 -0.156032894828445 0.046562077406737 -0.134479295663237 0.762669984609909 -0.123136253318733 0.223204722797909 -1.265856886458749 -0.987031452449050
-0.602902274630058 -0.152219544905395 0.045946396140143 -0.133363272049247 0.756340700177616 -0.128071410580978 0.233363973123346 -1.323472858134611 -0.949442005880596
-0.603569090990304 -0.148437841404507 0.045306039087238 -0.132196452183631 0.749723335886943 -0.132818620610381 0.243376737727452 -1.380258067975593 -0.910742038328916
-0.604230073251222 -0.144689224725072 0.044641945984187 -0.130979568494993 0.742822045547065 -0.137372330802026 0.253236041074523 -1.436172955837645 -0.870998854506644
-0.604884971093697 -0.140975114497337 0.043955084330176 -0.129713388289621 0.735641180767876 -0.141727325074559 0.262934907691026 -1.491177961718826 -0.830279758168573
-0.605533538035145 -0.137296908593498 0.043246447704804 -0.128398713751166 0.728185290959282 -0.145878723865402 0.272466362032375 -1.545233525466205 -0.788652054088679
-0.606175531603901 -0.133655982138701 0.042517054085477 -0.127036381941004 0.720459123331951 -0.149821984135845 0.281823428607275 -1.598300086989024 -0.746183046444748
-0.606810713513606 -0.130053686522042 0.041767944164797 -0.125627264797967 0.712467622897006 -0.153552899368069 0.290999131897784 -1.650338086254255 -0.702940039174205
-0.607438849837596 -0.126491348407556 0.041000179667957 -0.124172269138478 0.704215932465735 -0.157067599563940 0.299986496399285 -1.701307963151155 -0.658990337027432
-0.608059711183288 -0.122970268745228 0.040214841670137 -0.122672336656482 0.695709392649979 -0.160362551249077 0.308778546580513 -1.751170157533455 -0.614401244123652
-0.608673072866571 -0.119491721781978 0.039413028913892 -0.121128443923579 0.686953541862312 -0.163434557469695 0.317368306954613 -1.799885109354804 -0.569240064829113
-0.609278715086189 -0.116056954072666 0.038595856126543 -0.119541602388806 0.677954116315538 -0.166280757793841 0.325748802012527 -1.847413258602160 -0.523574103056812
-0.609876423098133 -0.112667183491089 0.037764452337574 -0.117912858378744 0.668717050022527 -0.168898628309125 0.333913056218549 -1.893715045055977 -0.477470663720059
-0.610465987390026 -0.109323598240976 0.036919959196029 -0.116243293097651 0.659248474797247 -0.171285981627725 0.341854094076943 -1.938750908727638 -0.430997050481219
-0.611047203855515 -0.106027355866990 0.036063529287890 -0.114534022627266 0.649554720253609 -0.173440966880131 0.349564940083091 -1.982481289466431 -0.384220568206972
-0.611619873968651 -0.102779582265722 0.035196324453489 -0.112786197926851 0.639642313806277 -0.175362069721166 0.357038618714611 -2.024866627212685 -0.337208520684584
-0.612183804958285 -0.099581370696690 0.034319514104884 -0.111001004833278 0.629517980670213 -0.177048112324589 0.364268154462444 -2.065867361855656 -0.290028212694970
-0.612738809982452 -0.096433780793339 0.033434273543261 -0.109179664060965 0.619188643860935 -0.178498253388064 0.371246571826411 -2.105443933380080 -0.242746947994588
-0.613284708302756 -0.093337837574035 0.032541782276320 -0.107323431201833 0.608661424194035 -0.179711988128037 0.377966895275250 -2.143556781621925 -0.195432031224185
-0.613821325458766 -0.090294530453064 0.031643222335680 -0.105433596725457 0.597943640285925 -0.180689148284158 0.384422149317665 -2.180166346472667 -0.148150766764304
-0.614348493442393 -0.087304812251635 0.030739776594259 -0.103511485978869 0.587042808553562 -0.181429902117979 0.390605358435714 -2.215233067932587 -0.100970458564442
-0.614866050872287 -0.084369598208867 0.029832627083669 -0.101558459186690 0.575966643213899 -0.181934754410801 0.396509547111457 -2.248717385862076 -0.053958411085353
-0.615373843168221 -0.081489764992798 0.028922953311615 -0.099575911451133 0.564723056284588 -0.182204546466228 0.402127739853597 -2.280579740177036 -0.007181928755179
-0.615871722725476 -0.078666149711375 0.028011930579284 -0.097565272751865 0.553320157583703 -0.182240456110004 0.407452961121990 -2.310780570760063 0.039291684298393
-0.616359549089236 -0.075899548923456 0.027100728298734 -0.095528007946255 0.541766254729903 -0.182043997688512 0.412478235434222 -2.339280317615877 0.085395123947118
-0.616837189128967 -0.073190717649807 0.026190508310292 -0.093465616769084 0.530069853141824 -0.181617022068777 0.417196587254587 -2.366039420504951 0.131061085267004
-0.617304517212812 -0.070540368384097 0.025282423199948 -0.091379633832811 0.518239656039299 -0.180961716642442 0.421601041105113 -2.391018319534144 0.176222264951925
-0.617761415381976 -0.067949170103901 0.024377614616736 -0.089271628627285 0.506284564441628 -0.180080605317682 0.425684621427891 -2.414177454415078 0.220811357743156
-0.618207773525113 -0.065417747281693 0.023477211590147 -0.087143205520146 0.494213677169553 -0.178976548528966 0.429440352758270 -2.435477265210206 0.264761059847185
-0.618643489552714 -0.062946678895845 0.022582328847502 -0.084996003756355 0.482036290843502 -0.177652743229730 0.432861259564987 -2.454878191782139 0.308004067153533
-0.619068469571495 -0.060536497441628 0.021694065131354 -0.082831697458530 0.469761899884591 -0.176112722893963 0.435940366330101 -2.472340673989049 0.350473074808427
-0.619482628058788 -0.058187687942205 0.020813501516884 -0.080651995626879 0.457400196514646 -0.174360357519920 0.438670697548993 -2.487825151806788 0.392100778772164
-0.619885888036922 -0.055900686959631 0.019941699729284 -0.078458642139134 0.444961070755612 -0.172399853626060 0.441045277721486 -2.501292065180127 0.432819875327978
-0.620278181247618 -0.053675881605853 0.019079700461154 -0.076253415750527 0.432454610429711 -0.170235754249420 0.443057131316316 -2.512701853887300 0.472563058929593
-0.620659448326371 -0.051513608553705 0.018228521689907 -0.074038130093945 0.419891101160275 -0.167872938954772 0.444699282842187 -2.522014957977436 0.511263026601316
-0.621029638976840 -0.049414153047903 0.017389156995133 -0.071814633679734 0.407281026370387 -0.165316623821765 0.445964756776718 -2.529191817315368 0.548852473202660
-0.621388712145239 -0.047377747916051 0.016562573876024 -0.069584809895851 0.394635067283811 -0.162572361455752 0.446846577619731 -2.534192871779251 0.585264094671578
-0.621736636194718 -0.045404572579632 0.015749712068745 -0.067350577007752 0.381964102924914 -0.159646040982394 0.447337769826639 -2.536978561291647 0.620430586874487
-0.622073389079757 -0.043494752065008 0.014951481863833 -0.065113888158619 0.369279210118456 -0.156543888048022 0.447431357950556 -2.537509325846177 0.654284645403358
-0.622398958520550 -0.041648356014416 0.014168762423593 -0.062876731368866 0.356591663489225 -0.153272464821005 0.447120366411369 -2.535745605229955 0.686758965934009
-0.622713342177395 -0.039865397696969 0.013402400099488 -0.060641129536809 0.343912935463075 -0.149838669991335 0.446397819753308 -2.531647839438822 0.717786244011087
-0.623016547825079 -0.038145833019654 0.012653206749532 -0.058409140438043 0.331254696265881 -0.146249738771279 0.445256742422906 -2.525176468386459 0.747299176100946
-0.623308593527269 -0.036489559538325 0.011921958055675 -0.056182856725928 0.318628813923949 -0.142513242890775 0.443690158924426 -2.516291931866643 0.775230456512638
-0.623589507810899 -0.034896415468705 0.011209391841221 -0.053964405931306 0.306047354264616 -0.138637090608211 0.441691093775454 -2.504954669992898 0.801512782408959
-0.623859329840555 -0.033366178697382 0.010516206388180 -0.051755950462429 0.293522580914651 -0.134629526696167 0.439252571409199 -2.491125122472404 0.826078848685657
-0.624118109592867 -0.031898565792809 0.009843058754700 -0.049559687605383 0.281066955302289 -0.130499132452738 0.436367616383215 -2.474763729454210 0.848861351441316
-0.624365908030894 -0.030493231016297 0.009190563092436 -0.047377849523467 0.268693136655018 -0.126254825695532 0.433029253108508 -2.455830930505609 0.869792985810355
-0.624602797278511 -0.029149765333022 0.008559288963958 -0.045212703257924 0.256413982002490 -0.121905860766480 0.429230506142630 -2.434287165933302 0.888806448125815
-0.624828860794801 -0.027867695423010 0.007949759660126 -0.043066550727211 0.244242546172824 -0.117461828525851 0.424964399927674 -2.410092875289038 0.905834433765523
-0.625044193548437 -0.026646482692145 0.007362450517497 -0.040941728727573 0.232192081796379 -0.112932656357023 0.420223958994548 -2.383208498801803 0.920809638672201
-0.625248902192075 -0.025485522283164 0.006797787235711 -0.038840608932600 0.220276039302369 -0.108328608163662 0.415002207789783 -2.353594476143250 0.933664758150132
-0.625443105236738 -0.024384142086652 0.006256144194893 -0.036765597893651 0.208508066921653 -0.103660284372912 0.409292170830966 -2.321211247353627 0.944332488573529
-0.625626933226206 -0.023341601752043 0.005737842773029 -0.034719137039496 0.196902010684885 -0.098938621930044 0.403086872595715 -2.286019252280003 0.952745524729279
-0.625800528911404 -0.022357091698619 0.005243149663378 -0.032703702676518 0.185471914423485 -0.094174894306397 0.396379337574970 -2.247978930869365 0.958836563057125
-0.625964047424786 -0.021429732126502 0.004772275191846 -0.030721805988643 0.174232019769138 -0.089380711491112 0.389162590268555 -2.207050723055382 0.962538299221286
-0.626117656454729 -0.020558572027656 0.004325371634391 -0.028775993037300 0.163196766153861 -0.084568019995005 0.381429655140764 -2.163195068660695 0.963783428466169
-0.626261536419916 -0.019742588196887 0.003902531534416 -0.026868844761596 0.152380790810558 -0.079749102852675 0.373173556713624 -2.116372407745537 0.962504647252191
-0.626395880643724 -0.018980684242834 0.003503786020152 -0.025002976978028 0.141798928771830 -0.074936579616414 0.364387319442550 -2.066543180050395 0.958634650087137
-0.626520895528614 -0.018271689598975 0.003129103122070 -0.023181040380815 0.131466212871578 -0.070143406365978 0.355063967836244 -2.013667825586651 0.952106134142153
-0.626636800730518 -0.017614358534617 0.002778386090240 -0.021405720541634 0.121397873743645 -0.065382875695267 0.345196526376768 -1.957706784259106 0.942851793878133
-0.626743829333226 -0.017007369165899 0.002451471711764 -0.019679737909750 0.111609339822349 -0.060668616725877 0.334778019572823 -1.898620496001424 0.930804325901864
-0.626842228022775 -0.016449322466787 0.002148128628135 -0.018005847811886 0.102116237342342 -0.056014595096367 0.323801471884266 -1.836369400658455 0.915896425358574
-0.626932257261835 -0.015938741280075 0.001868055652653 -0.016386840452465 0.092934390339050 -0.051435112969574 0.312259907815360 -1.770913938197172 0.898060788177149
-0.627014191464097 -0.015474069328380 0.001610880087805 -0.014825540913388 0.084079820648064 -0.046944809028689 0.300146351848163 -1.702214548453540 0.877230110074238
-0.627088319168664 -0.015053670225139 0.001376156042662 -0.013324809154147 0.075568747905796 -0.042558658478317 0.287453828486939 -1.630231671467808 0.853337086533767
-0.627154943214435 -0.014675826485610 0.001163362750270 -0.011887540011712 0.067417589548457 -0.038291973045649 0.274175362195983 -1.554925747035973 0.826314413876826
-0.627214380914493 -0.014338738537868 0.000971902885042 -0.010516663200733 0.059642960813278 -0.034160400976264 0.260303977510645 -1.476257215196064 0.796094786903053
-0.627266964230497 -0.014040523733802 0.000801100880160 -0.009215143313179 0.052261674737297 -0.030179927041749 0.245832698841930 -1.394186515628615 0.762610902205890
-0.627313039947063 -0.013779215360115 0.000650201244952 -0.007985979818970 0.045290742159154 -0.026366872530720 0.230754550751833 -1.308674088489337 0.725795454691452
-0.627352969846158 -0.013552761649320 0.000518366882298 -0.006832207065210 0.038747371716708 -0.022737895257262 0.215062557717971 -1.219680373643062 0.685581140913072
-0.627387130881484 -0.013359024790736 0.000404677406012 -0.005756894276621 0.032648969848492 -0.019309989552697 0.198749744173554 -1.127165810783648 0.641900655617575
-0.627415915352867 -0.013195779941494 0.000308127458248 -0.004763145555753 0.027013140794574 -0.016100486274609 0.181809134685018 -1.031090840202253 0.594686695624013
-0.627439731080645 -0.013060714237521 0.000227625026875 -0.003854099882328 0.021857686593563 -0.013127052796489 0.164233753694454 -0.931415901468391 0.543871955559570
-0.627459001580057 -0.012951425804553 0.000161989762893 -0.003032931113855 0.017200607086221 -0.010407693018691 0.146016625692802 -0.828101434664497 0.489389131904591
-0.627474166235626 -0.012865422769122 0.000109951297799 -0.002302847985391 0.013060099912898 -0.007960747359168 0.127150775184326 -0.721107879659844 0.431170920043471
-0.627485680475553 -0.012800122269557 0.000070147561003 -0.001667094109470 0.009454560514599 -0.005804892758951 0.107629226655526 -0.610395676390318 0.369150015686051
-0.627494015946101 -0.012752849466984 0.000041123097209 -0.001128947976192 0.006402582132647 -0.003959142680521 0.087445004579578 -0.495925264674124 0.303259114362854
-0.627499660685982 -0.012720836556321 0.000021327383806 -0.000691722953294 0.003922955809277 -0.002442847108706 0.066591133460747 -0.377657084558169 0.233430912261959
-0.627503119300748 -0.012701221777275 0.000009113148263 -0.000358767285991 0.002034670386486 -0.001275692547397 0.045060637798855 -0.255551575936153 0.159598104940451
-0.627504913137178 -0.012691048425342 0.000002734685526 -0.000133464096996 0.000756912506805 -0.000477702022694 0.022846542075960 -0.129569178697331 0.081693388055045
-0.627505580457663 -0.012687263862808 0.000000346175412 -0.000019231386617 0.000109066613319 -0.000069235082419 0.003846277323305 -0.021813322663711 0.013847016483841
-0.627505676614596 -0.012686718529742 0.000000000000000 0.000000000000000 0.000000000000000 0.000000000000000 0.003846277323305 -0.021813322663711 0.013847016483841
-0.627505676614596 -0.012686718529742 0.000000000000000 0.000019231386617 -0.000109066613319 0.000069235082419 0.022846542075960 -0.129569178697331 0.081693388055045
-0.627505580457663 -0.012687263862808 0.000000346175412 0.000133464096996 -0.000756912506805 0.000477702022694 0.045060637798855 -0.255551575936153 0.159598104940451
-0.627504913137178 -0.012691048425342 0.000002734685526 0.000358767285991 -0.002034670386486 0.001275692547397 0.066591133460747 -0.377657084558169 0.233430912261959
-0.627503119300748 -0.012701221777275 0.000009113148263 0.000691722953294 -0.003922955809277 0.002442847108706 0.087445004579578 -0.495925264674124 0.303259114362854
-0.627499660685982 -0.012720836556321 0.000021327383806 0.001128947976192 -0.006402582132647 0.003959142680521 0.107629226655526 -0.610395676390318 0.369150015686051
-0.627494015946101 -0.012752849466984 0.000041123097209 0.001667094109470 -0.009454560514599 0.005804892758951 0.127150775184326 -0.721107879659844 0.431170920043471
-0.627485680475553 -0.012800122269557 0.000070147561003 0.002302847985391 -0.013060099912898 0.007960747359168 0.146016625692802 -0.828101434664497 0.489389131904591
-0.627474166235626 -0.012865422769122 0.000109951297799 0.003032931113855 -0.017200607086221 0.010407693018691 0.164233753694454 -0.931415901468391 0.543871955559570
-0.627459001580057 -0.012951425804553 0.000161989762893 0.003854099882328 -0.021857686593563 0.013127052796489 0.181809134685018 -1.031090840202253 0.594686695624013
-0.627439731080645 -0.013060714237521 0.000227625026875 0.004763145555753 -0.027013140794574 0.016100486274609 0.198749744173554 -1.127165810783648 0.641900655617575
-0.627415915352867 -0.013195779941494 0.000308127458248 0.005756894276621 -0.032648969848492 0.019309989552697 0.215062557717971 -1.219680373643062 0.685581140913072
-0.627387130881484 -0.013359024790736 0.000404677406012 0.006832207065210 -0.038747371716708 0.022737895257262 0.230754550751833 -1.308674088489337 0.725795454691452
-0.627352969846158 -0.013552761649320 0.000518366882298 0.007985979818970 -0.045290742159154 0.026366872530720 0.245832698841930 -1.394186515628615 0.762610902205890
-0.627313039947063 -0.013779215360115 0.000650201244952 0.009215143313179 -0.052261674737297 0.030179927041749 0.260303977510645 -1.476257215196064 0.796094786903053
-0.627266964230497 -0.014040523733802 0.000801100880160 0.010516663200733 -0.059642960813278 0.034160400976264 0.274175362195983 -1.554925747035973 0.826314413876826
-0.627214380914493 -0.014338738537868 0.000971902885042 0.011887540011712 -0.067417589548457 0.038291973045649 0.287453828486939 -1.630231671467808 0.853337086533767
-0.627154943214435 -0.014675826485610 0.001163362750270 0.013324809154147 -0.075568747905796 0.042558658478317 0.300146351848163 -1.702214548453540 0.877230110074238
-0.627088319168664 -0.015053670225139 0.001376156042662 0.014825540913388 -0.084079820648064 0.046944809028689 0.312259907815360 -1.770913938197172 0.898060788177149
-0.627014191464097 -0.015474069328380 0.001610880087805 0.016386840452465 -0.092934390339050 0.051435112969574 0.323801471884266 -1.836369400658455 0.915896425358574
-0.626932257261835 -0.015938741280075 0.001868055652653 0.018005847811886 -0.102116237342342 0.056014595096367 0.334778019572823 -1.898620496001424 0.930804325901864
-0.626842228022775 -0.016449322466787 0.002148128628135 0.019679737909750 -0.111609339822349 0.060668616725877 0.345196526376768 -1.957706784259106 0.942851793878133
-0.626743829333226 -0.017007369165899 0.002451471711764 0.021405720541634 -0.121397873743645 0.065382875695267 0.355063967836244 -2.013667825586651 0.952106134142153
-0.626636800730518 -0.017614358534617 0.002778386090240 0.023181040380815 -0.131466212871578 0.070143406365978 0.364387319442550 -2.066543180050395 0.958634650087137
-0.626520895528614 -0.018271689598975 0.003129103122070 0.025002976978028 -0.141798928771830 0.074936579616414 0.373173556713624 -2.116372407745537 0.962504647252191
-0.626395880643724 -0.018980684242834 0.003503786020152 0.026868844761596 -0.152380790810558 0.079749102852675 0.381429655140764 -2.163195068660695 0.963783428466169
-0.626261536419916 -0.019742588196887 0.003902531534416 0.028775993037300 -0.163196766153861 0.084568019995005 0.389162590268555 -2.207050723055382 0.962538299221286
-0.626117656454729 -0.020558572027656 0.004325371634391 0.030721805988643 -0.174232019769138 0.089380711491112 0.396379337574970 -2.247978930869365 0.958836563057125
-0.625964047424786 -0.021429732126502 0.004772275191846 0.032703702676518 -0.185471914423485 0.094174894306397 0.403086872595715 -2.286019252280003 0.952745524729279
-0.625800528911404 -0.022357091698619 0.005243149663378 0.034719137039496 -0.196902010684885 0.098938621930044 0.409292170830966 -2.321211247353627 0.944332488573529
-0.625626933226206 -0.023341601752043 0.005737842773029 0.036765597893651 -0.208508066921653 0.103660284372912 0.415002207789783 -2.353594476143250 0.933664758150132
-0.625443105236738 -0.024384142086652 0.006256144194893 0.038840608932600 -0.220276039302369 0.108328608163662 0.420223958994548 -2.383208498801803 0.920809638672201
-0.625248902192075 -0.025485522283164 0.006797787235711 0.040941728727573 -0.232192081796379 0.112932656357023 0.424964399927674 -2.410092875289038 0.905834433765523
-0.625044193548437 -0.026646482692145 0.007362450517497 0.043066550727211 -0.244242546172824 0.117461828525851 0.429230506142630 -2.434287165933302 0.888806448125815
-0.624828860794801 -0.027867695423010 0.007949759660126 0.045212703257924 -0.256413982002490 0.121905860766480 0.433029253108508 -2.455830930505609 0.869792985810355
-0.624602797278511 -0.029149765333022 0.008559288963958 0.047377849523467 -0.268693136655018 0.126254825695532 0.436367616383215 -2.474763729454210 0.848861351441316
-0.624365908030894 -0.030493231016297 0.009190563092436 0.049559687605383 -0.281066955302289 0.130499132452738 0.439252571409199 -2.491125122472404 0.826078848685657
-0.624118109592867 -0.031898565792809 0.009843058754700 0.051755950462429 -0.293522580914651 0.134629526696167 0.441691093775454 -2.504954669992898 0.801512782408959
-0.623859329840555 -0.033366178697382 0.010516206388180 0.053964405931306 -0.306047354264616 0.138637090608211 0.443690158924426 -2.516291931866643 0.775230456512638
-0.623589507810899 -0.034896415468705 0.011209391841221 0.056182856725928 -0.318628813923949 0.142513242890775 0.445256742422906 -2.525176468386459 0.747299176100946
-0.623308593527269 -0.036489559538325 0.011921958055675 0.058409140438043 -0.331254696265881 0.146249738771279 0.446397819753308 -2.531647839438822 0.717786244011087
-0.623016547825079 -0.038145833019654 0.012653206749532 0.060641129536809 -0.343912935463075 0.149838669991335 0.447120366411369 -2.535745605229955 0.686758965934009
-0.622713342177395 -0.039865397696969 0.013402400099488 0.062876731368866 -0.356591663489225 0.153272464821005 0.447431357950556 -2.537509325846177 0.654284645403358
-0.622398958520550 -0.041648356014416 0.014168762423593 0.065113888158619 -0.369279210118456 0.156543888048022 0.447337769826639 -2.536978561291647 0.620430586874487
-0.622073389079757 -0.043494752065008 0.014951481863833 0.067350577007752 -0.381964102924914 0.159646040982394 0.446846577619731 -2.534192871779251 0.585264094671578
-0.621736636194718 -0.045404572579632 0.015749712068745 0.069584809895851 -0.394635067283811 0.162572361455752 0.445964756776718 -2.529191817315368 0.548852473202660
-0.621388712145239 -0.047377747916051 0.016562573876024 0.071814633679734 -0.407281026370387 0.165316623821765 0.444699282842187 -2.522014957977436 0.511263026601316
-0.621029638976840 -0.049414153047903 0.017389156995133 0.074038130093945 -0.419891101160275 0.167872938954772 0.443057131316316 -2.512701853887300 0.472563058929593
-0.620659448326371 -0.051513608553705 0.018228521689907 0.076253415750527 -0.432454610429711 0.170235754249420 0.441045277721486 -2.501292065180127 0.432819875327978
-0.620278181247618 -0.053675881605853 0.019079700461154 0.078458642139134 -0.444961070755612 0.172399853626060 0.438670697548993 -2.487825151806788 0.392100778772164
-0.619885888036922 -0.055900686959631 0.019941699729284 0.080651995626879 -0.457400196514646 0.174360357519920 0.435940366330101 -2.472340673989049 0.350473074808427
-0.619482628058788 -0.058187687942205 0.020813501516884 0.082831697458530 -0.469761899884591 0.176112722893963 0.432861259564987 -2.454878191782139 0.308004067153533
-0.619068469571495 -0.060536497441628 0.021694065131354 0.084996003756355 -0.482036290843502 0.177652743229730 0.429440352758270 -2.435477265210206 0.264761059847185
-0.618643489552714 -0.062946678895845 0.022582328847502 0.087143205520146 -0.494213677169553 0.178976548528966 0.425684621427891 -2.414177454415078 0.220811357743156
-0.618207773525113 -0.065417747281693 0.023477211590147 0.089271628627285 -0.506284564441628 0.180080605317682 0.421601041105113 -2.391018319534144 0.176222264951925
-0.617761415381976 -0.067949170103901 0.024377614616736 0.091379633832811 -0.518239656039299 0.180961716642442 0.417196587254587 -2.366039420504951 0.131061085267004
-0.617304517212812 -0.070540368384097 0.025282423199948 0.093465616769084 -0.530069853141824 0.181617022068777 0.412478235434222 -2.339280317615877 0.085395123947118
-0.616837189128967 -0.073190717649807 0.026190508310292 0.095528007946255 -0.541766254729903 0.182043997688512 0.407452961121990 -2.310780570760063 0.039291684298393
-0.616359549089236 -0.075899548923456 0.027100728298734 0.097565272751865 -0.553320157583703 0.182240456110004 0.402127739853597 -2.280579740177036 -0.007181928755179
-0.615871722725476 -0.078666149711375 0.028011930579284 0.099575911451133 -0.564723056284588 0.182204546466228 0.396509547111457 -2.248717385862076 -0.053958411085353
-0.615373843168221 -0.081489764992798 0.028922953311615 0.101558459186690 -0.575966643213899 0.181934754410801 0.390605358435714 -2.215233067932587 -0.100970458564442
-0.614866050872287 -0.084369598208867 0.029832627083669 0.103511485978869 -0.587042808553562 0.181429902117979 0.384422149317665 -2.180166346472667 -0.148150766764304
-0.614348493442393 -0.087304812251635 0.030739776594259 0.105433596725457 -0.597943640285925 0.180689148284158 0.377966895275250 -2.143556781621925 -0.195432031224185
-0.613821325458766 -0.090294530453064 0.031643222335680 0.107323431201833 -0.608661424194035 0.179711988128037 0.371246571826411 -2.105443933380080 -0.242746947994588
-0.613284708302756 -0.093337837574035 0.032541782276320 0.109179664060965 -0.619188643860935 0.178498253388064 0.364268154462444 -2.065867361855656 -0.290028212694970
-0.612738809982452 -0.096433780793339 0.033434273543261 0.111001004833278 -0.629517980670213 0.177048112324589 0.357038618714611 -2.024866627212685 -0.337208520684584
-0.612183804958285 -0.099581370696690 0.034319514104884 0.112786197926851 -0.639642313806277 0.175362069721166 0.349564940083091 -1.982481289466431 -0.384220568206972
-0.611619873968651 -0.102779582265722 0.035196324453489 0.114534022627266 -0.649554720253609 0.173440966880131 0.341854094076943 -1.938750908727638 -0.430997050481219
-0.611047203855515 -0.106027355866990 0.036063529287890 0.116243293097651 -0.659248474797247 0.171285981627725 0.333913056218549 -1.893715045055977 -0.477470663720059
-0.610465987390026 -0.109323598240976 0.036919959196029 0.117912858378744 -0.668717050022527 0.168898628309125 0.325748802012527 -1.847413258602160 -0.523574103056812
-0.609876423098133 -0.112667183491089 0.037764452337574 0.119541602388806 -0.677954116315538 0.166280757793841 0.317368306954613 -1.799885109354804 -0.569240064829113
-0.609278715086189 -0.116056954072666 0.038595856126543 0.121128443923579 -0.686953541862312 0.163434557469695 0.308778546580513 -1.751170157533455 -0.614401244123652
-0.608673072866571 -0.119491721781978 0.039413028913892 0.122672336656482 -0.695709392649979 0.160362551249077 0.299986496399285 -1.701307963151155 -0.658990337027432
-0.608059711183288 -0.122970268745228 0.040214841670137 0.124172269138478 -0.704215932465735 0.157067599563940 0.290999131897784 -1.650338086254255 -0.702940039174205
-0.607438849837596 -0.126491348407556 0.041000179667957 0.125627264797967 -0.712467622897006 0.153552899368069 0.281823428607275 -1.598300086989024 -0.746183046444748
-0.606810713513606 -0.130053686522042 0.041767944164797 0.127036381941004 -0.720459123331951 0.149821984135845 0.272466362032375 -1.545233525466205 -0.788652054088679
-0.606175531603901 -0.133655982138701 0.042517054085477 0.128398713751166 -0.728185290959282 0.145878723865402 0.262934907691026 -1.491177961718826 -0.830279758168573
-0.605533538035145 -0.137296908593498 0.043246447704804 0.129713388289621 -0.735641180767876 0.141727325074559 0.253236041074523 -1.436172955837645 -0.870998854506644
-0.604884971093697 -0.140975114497337 0.043955084330176 0.130979568494993 -0.742822045547065 0.137372330802026 0.243376737727452 -1.380258067975593 -0.910742038328916
-0.604230073251222 -0.144689224725072 0.044641945984187 0.132196452183631 -0.749723335886943 0.132818620610381 0.233363973123346 -1.323472858134611 -0.949442005880596
-0.603569090990304 -0.148437841404507 0.045306039087238 0.133363272049247 -0.756340700177616 0.128071410580978 0.223204722797909 -1.265856886458749 -0.987031452449050
-0.602902274630058 -0.152219544905395 0.045946396140143 0.134479295663237 -0.762669984609909 0.123136253318733 0.212905962255761 -1.207449713009900 -1.023443074052721
-0.602229878151742 -0.156032894828445 0.046562077406737 0.135543825474516 -0.768707233174959 0.118019037948469 0.202474667005959 -1.148290897923232 -1.058609566167712
-0.601552159024369 -0.159876430994320 0.047152172596479 0.136556198809545 -0.774448687664575 0.112725990117631 0.191917812548681 -1.088420001200685 -1.092463624698392
-0.600869378030321 -0.163748674432642 0.047715802547067 0.137515787872289 -0.779890787670579 0.107263671994139 0.181242374424073 -1.027876582999632 -1.124937945211901
-0.600181799090960 -0.167648128370995 0.048252120907038 0.138421999744409 -0.785030170585577 0.101638982268079 0.170455328118990 -0.966700203415272 -1.155965223372246
-0.599489689092238 -0.171573279223923 0.048760315818379 0.139274276385004 -0.789863671602653 0.095859156151218 0.159563649146932 -0.904930422465089 -1.185478155230069
-0.598793317710313 -0.175522597581936 0.049239611599135 0.140072094630739 -0.794388323714978 0.089931765375068 0.148574313016958 -0.842606800290913 -1.213409435970592
-0.598092957237159 -0.179494539200511 0.049689270426010 0.140814966195824 -0.798601357716433 0.083864718195215 0.137494295255891 -0.779768897003486 -1.239691761718009
-0.597388882406180 -0.183487545989094 0.050108594016986 0.141502437672103 -0.802500202201450 0.077666259386625 0.126330571363908 -0.716456272626953 -1.264257828037241
-0.596681370217820 -0.187500047000101 0.050496925313919 0.142134090528923 -0.806082483564585 0.071344970246438 0.115090116850070 -0.652708487296483 -1.287040330573697
-0.595970699765175 -0.191530459417924 0.050853650165151 0.142709541113173 -0.809346026001068 0.064909768593570 0.103779907223434 -0.588565101060645 -1.307971965236743
-0.595257152059609 -0.195577189547929 0.051178199008119 0.143228440649290 -0.812288851506371 0.058369908767386 0.092406917997501 -0.524065674075702 -1.326985427380911
-0.594541009856363 -0.199638633805461 0.051470048551956 0.143690475239278 -0.814909179876749 0.051734981630482 0.080978124690212 -0.459249766345815 -1.344013413099310
-0.593822557480166 -0.203713179704845 0.051728723460109 0.144095365862729 -0.817205428708478 0.045014914564985 0.069500502806186 -0.394156938015033 -1.358988617941315
-0.593102080650853 -0.207799206848387 0.051953798032934 0.144442868376760 -0.819176213398554 0.038219971475278 0.057981027858922 -0.328826749153022 -1.371843737550948
-0.592379866308969 -0.211895087915380 0.052144897890310 0.144732773516054 -0.820820347144319 0.031360752787524 0.046426675344158 -0.263298759853869 -1.382511467673819
-0.591656202441389 -0.215999189651101 0.052301701654248 0.144964906892775 -0.822136840943588 0.024448195449155 0.034844420797597 -0.197612530188351 -1.390924504130475
-0.590931377906925 -0.220109873855819 0.052423942631493 0.145139128996763 -0.823124903594530 0.017493572928502 0.023241239723859 -0.131807620288305 -1.397015542391744
-0.590205682261941 -0.224225498373792 0.052511410496136 0.145255335195382 -0.823783941695971 0.010508495216544 0.011624107503216 -0.065923590136796 -1.400717278520758
-0.589479405585964 -0.228344418082272 0.052563952972219 0.145313455732898 -0.824113559646655 0.003504908823940 0.000000000106581 -0.000000000041078 -1.401963529586714
-0.588752838307299 -0.232464985880505 0.052581477516338 0.145313455733431 -0.824113559646861 -0.003504908823994 -0.011624107609798 0.065923590176764 -1.400717278456920
-0.588026271028632 -0.236585553678739 0.052563952972218 0.145255335195382 -0.823783941695977 -0.010508495216278 -0.023241239723859 0.131807620287194 -1.397015542490831
-0.587299994352655 -0.240704473387219 0.052511410496137 0.145139128996763 -0.823124903594541 -0.017493572928733 -0.034844420797597 0.197612530192792 -1.390924504067470
-0.586574298707672 -0.244820097905192 0.052423942631493 0.144964906892775 -0.822136840943577 -0.024448195449070 -0.046426675344158 0.263298759850539 -1.382511467698244
-0.585849474173208 -0.248930782109910 0.052301701654248 0.144732773516054 -0.820820347144324 -0.031360752787561 -0.057981027858922 0.328826749156352 -1.371843737545397
-0.585125810305627 -0.253034883845631 0.052144897890310 0.144442868376760 -0.819176213398543 -0.038219971475288 -0.069500502806186 0.394156938017254 -1.358988617906065
-0.584403595963744 -0.257130764912624 0.051953798032934 0.144095365862729 -0.817205428708456 -0.045014914564818 -0.080978124690212 0.459249766340264 -1.344013413145662
-0.583683119134430 -0.261216792056166 0.051728723460110 0.143690475239278 -0.814909179876755 -0.051734981630547 -0.092406917997501 0.524065674072371 -1.326985427411997
-0.582964666758234 -0.265291337955550 0.051470048551957 0.143228440649290 -0.812288851506393 -0.058369908767607 -0.103779907223434 0.588565101067307 -1.307971965165133
-0.582248524554987 -0.269352782213082 0.051178199008119 0.142709541113173 -0.809346026001057 -0.064909768593432 -0.115090116850070 0.652708487289821 -1.287040330619216
-0.581534976849421 -0.273399512343088 0.050853650165152 0.142134090528923 -0.806082483564607 -0.071344970246529 -0.126330571359468 0.716456272633614 -1.264257828002824
-0.580824306396777 -0.277429924760911 0.050496925313919 0.141502437672125 -0.802500202201439 -0.077666259386543 -0.137494295260332 0.779768896990163 -1.239691761736328
-0.580116794208416 -0.281442425771918 0.050108594016986 0.140814966195824 -0.798601357716489 -0.083864718195224 -0.148574313016958 0.842606800308676 -1.213409436003621
-0.579412719377437 -0.285435432560500 0.049689270426010 0.140072094630739 -0.794388323714945 -0.089931765375242 -0.159563649151373 0.904930422467309 -1.185478155149022
-0.578712358904283 -0.289407374179075 0.049239611599134 0.139274276384982 -0.789863671602609 -0.095859156150988 -0.170455328114549 0.966700203397508 -1.155965223434696
-0.578015987522358 -0.293356692537088 0.048760315818379 0.138421999744409 -0.785030170585621 -0.101638982268161 -0.181242374419632 1.027876583012954 -1.124937945212179
-0.577323877523636 -0.297281843390016 0.048252120907038 0.137515787872311 -0.779890787670556 -0.107263671994222 -0.191917812557563 1.088420001198465 -1.092463624666196
-0.576636298584275 -0.301181297328369 0.047715802547067 0.136556198809523 -0.774448687664564 -0.112725990117553 -0.202474667001518 1.148290897909909 -1.058609566195190
-0.575953517590227 -0.305053540766692 0.047152172596479 0.135543825474516 -0.768707233175014 -0.118019037948529 -0.212905962255761 1.207449713023223 -1.023443074033292
-0.575275798462854 -0.308897076932567 0.046562077406737 0.134479295663237 -0.762669984609898 -0.123136253318695 -0.223204722797909 1.265856886458749 -0.987031452485965
-0.574603401984538 -0.312710426855616 0.045946396140143 0.133363272049247 -0.756340700177605 -0.128071410581125 -0.233363973123346 1.323472858134611 -0.949442005823697
-0.573936585624292 -0.316492130356504 0.045306039087238 0.132196452183631 -0.749723335886932 -0.132818620610244 -0.243376737727452 1.380258067964490 -0.910742038404133
-0.573275603363374 -0.320240747035939 0.044641945984186 0.130979568494993 -0.742822045547109 -0.137372330802264 -0.253236041070082 1.436172955855408 -0.870998854401173
-0.572620705520899 -0.323954857263674 0.043955084330175 0.129713388289643 -0.735641180767832 -0.141727325074270 -0.262934907695467 1.491177961709944 -0.830279758226304
-0.571972138579451 -0.327633063167514 0.043246447704804 0.128398713751166 -0.728185290959282 -0.145878723865402 -0.272466362036816 1.545233525461764 -0.788652054110606
-0.571330145010695 -0.331273989622310 0.042517054085477 0.127036381940981 -0.720459123331973 -0.149821984135955 -0.281823428602834 1.598300087002347 -0.746183046357596
-0.570694963100990 -0.334876285238970 0.041767944164797 0.125627264797967 -0.712467622896962 -0.153552899367743 -0.290999131902225 1.650338086256475 -0.702940039233879
-0.570066826777000 -0.338438623353455 0.041000179667958 0.124172269138456 -0.704215932465679 -0.157067599563912 -0.299986496390403 1.701307963128951 -0.658990337067955
-0.569445965431308 -0.341959703015783 0.040214841670139 0.122672336656504 -0.695709392650035 -0.160362551249252 -0.308778546580513 1.751170157529014 -0.614401244141138
-0.568832603748025 -0.345438249979033 0.039413028913892 0.121128443923602 -0.686953541862390 -0.163434557469957 -0.317368306963495 1.799885109385890 -0.569240064726972
-0.568226961528407 -0.348873017688345 0.038595856126543 0.119541602388784 -0.677954116315460 -0.166280757793592 -0.325748802008086 1.847413258584396 -0.523574103133972
-0.567629253516463 -0.352262788269923 0.037764452337575 0.117912858378744 -0.668717050022538 -0.168898628309262 -0.333913056218549 1.893715045064859 -0.477470663645674
-0.567039689224570 -0.355606373520035 0.036919959196028 0.116243293097651 -0.659248474797214 -0.171285981627491 -0.341854094076943 1.938750908716536 -0.430997050563098
-0.566458472759081 -0.358902615894021 0.036063529287891 0.114534022627266 -0.649554720253631 -0.173440966880306 -0.349564940078650 1.982481289461990 -0.384220568168392
-0.565885802645945 -0.362150389495289 0.035196324453489 0.112786197926873 -0.639642313806321 -0.175362069721148 -0.357038618723493 2.024866627214905 -0.337208520739818
-0.565321871656311 -0.365348601064321 0.034319514104884 0.111001004833255 -0.629517980670247 -0.177048112324847 -0.364268154458003 2.065867361875640 -0.290028212587279
-0.564766866632144 -0.368496190967672 0.033434273543259 0.109179664060965 -0.619188643860868 -0.178498253387784 -0.371246571826411 2.105443933371198 -0.242746948035666
-0.564220968311840 -0.371592134186977 0.032541782276320 0.107323431201833 -0.608661424194012 -0.179711988127962 -0.377966895275250 2.143556781606382 -0.195432031265957
-0.563684351155830 -0.374635441307947 0.031643222335681 0.105433596725457 -0.597943640285981 -0.180689148284292 -0.384422149317665 2.180166346485990 -0.148150766722394
-0.563157183172203 -0.377625159509377 0.030739776594259 0.103511485978869 -0.587042808553551 -0.181429902117904 -0.390605358435714 2.215233067937028 -0.100970458547789
-0.562639625742309 -0.380560373552144 0.029832627083670 0.101558459186690 -0.575966643213865 -0.181934754410643 -0.396509547111457 2.248717385859855 -0.053958411147109
-0.562131833446375 -0.383440206768214 0.028922953311616 0.099575911451133 -0.564723056284566 -0.182204546466378 -0.402127739849156 2.280579740165933 -0.007181928739358
-0.561633953889120 -0.386263822049636 0.028011930579284 0.097565272751887 -0.553320157583737 -0.182240456110075 -0.407452961126431 2.310780570771165 0.039291684345161
-0.561146127525360 -0.389030422837555 0.027100728298734 0.095528007946255 -0.541766254729881 -0.182043997688349 -0.412478235434222 2.339280317598114 0.085395123832627
-0.560668487485629 -0.391739254111205 0.026190508310292 0.093465616769084 -0.530069853141890 -0.181617022069186 -0.417196587259028 2.366039420531596 0.131061085423961
-0.560201159401784 -0.394389603376914 0.025282423199946 0.091379633832789 -0.518239656039232 -0.180961716642066 -0.421601041096231 2.391018319509719 0.176222264834935
-0.559744261232620 -0.396980801657110 0.024377614616736 0.089271628627308 -0.506284564441684 -0.180080605317891 -0.425684621436773 2.414177454432842 0.220811357768969
-0.559297903089483 -0.399512224479319 0.023477211590147 0.087143205520124 -0.494213677169519 -0.178976548529047 -0.429440352753829 2.435477265214647 0.264761059934893
-0.558862187061883 -0.401983292865166 0.022582328847501 0.084996003756355 -0.482036290843446 -0.177652743229372 -0.432861259564987 2.454878191759935 0.308004067047091
-0.558437207043101 -0.404393474319383 0.021694065131355 0.082831697458530 -0.469761899884646 -0.176112722894137 -0.435940366330101 2.472340673997930 0.350473074806623
-0.558023048555808 -0.406742283818807 0.020813501516884 0.080651995626879 -0.457400196514657 -0.174360357520104 -0.438670697548993 2.487825151822332 0.392100778921073
-0.557619788577674 -0.409029284801380 0.019941699729283 0.078458642139134 -0.444961070755545 -0.172399853625498 -0.441045277717045 2.501292065153482 0.432819875117729
-0.557227495366978 -0.411254090155158 0.019079700461156 0.076253415750549 -0.432454610429778 -0.170235754249910 -0.443057131320757 2.512701853902843 0.472563059078224
-0.556846228288225 -0.413416363207307 0.018228521689906 0.074038130093945 -0.419891101160264 -0.167872938954518 -0.444699282846628 2.522014957981877 0.511263026534287
-0.556476037637756 -0.415515818713108 0.017389156995134 0.071814633679712 -0.407281026370354 -0.165316623821847 -0.445964756772277 2.529191817302046 0.548852473178096
-0.556116964469357 -0.417552223844960 0.016562573876025 0.069584809895851 -0.394635067283844 -0.162572361455957 -0.446846577615290 2.534192871777030 0.585264094729382
-0.555769040419878 -0.419525399181379 0.015749712068745 0.067350577007774 -0.381964102924959 -0.159646040982310 -0.447337769835521 2.536978561313852 0.620430586893911
-0.555432287534839 -0.421435219696004 0.014951481863833 0.065113888158597 -0.369279210118389 -0.156543888047840 -0.447431357946115 2.537509325830634 0.654284645374842
-0.555106718094046 -0.423281615746596 0.014168762423594 0.062876731368866 -0.356591663489236 -0.153272464820966 -0.447120366415810 2.535745605236617 0.686758965893836
-0.554792334437202 -0.425064574064042 0.013402400099489 0.060641129536787 -0.343912935463053 -0.149838669991497 -0.446397819744426 2.531647839438822 0.717786244142021
-0.554489128789518 -0.426784138741357 0.012653206749532 0.058409140438065 -0.331254696265859 -0.146249738770787 -0.445256742422906 2.525176468357593 0.747299175841848
-0.554197083087327 -0.428440412222686 0.011921958055678 0.056182856725950 -0.318628813924071 -0.142513242891577 -0.443690158933308 2.516291931902170 0.775230456705189
-0.553916168803698 -0.430033556292307 0.011209391841220 0.053964405931284 -0.306047354264560 -0.138637090608051 -0.441691093766572 2.504954669977355 0.801512782418540
-0.553646346774041 -0.431563793063630 0.010516206388180 0.051755950462451 -0.293522580914674 -0.134629526695959 -0.439252571422521 2.491125122507931 0.826078848720280
-0.553387567021729 -0.433031405968203 0.009843058754700 0.049559687605338 -0.281066955302134 -0.130499132452357 -0.436367616369893 2.474763729392038 0.848861351296498
-0.553139768583702 -0.434436740744714 0.009190563092438 0.047377849523489 -0.268693136655174 -0.126254825695875 -0.433029253112949 2.455830930552239 0.869792985865453
-0.552902879336085 -0.435780206427989 0.008559288963959 0.045212703257924 -0.256413982002412 -0.121905860766548 -0.429230506138190 2.434287165895554 0.888806448135285
-0.552676815819795 -0.437062276338001 0.007949759660126 0.043066550727233 -0.244242546172935 -0.117461828525871 -0.424964399936556 2.410092875333447 0.905834433816144
-0.552461483066159 -0.438283489068866 0.007362450517497 0.040941728727550 -0.232192081796267 -0.112932656356790 -0.420223958990107 2.383208498779599 0.920809638611728
-0.552256774422521 -0.439444449477847 0.006797787235713 0.038840608932600 -0.220276039302369 -0.108328608163732 -0.415002207789783 2.353594476145471 0.933664758234234
-0.552062571377858 -0.440545829674359 0.006256144194894 0.036765597893651 -0.208508066921642 -0.103660284372561 -0.409292170830966 2.321211247342525 0.944332488393429
-0.551878743388390 -0.441588370008968 0.005737842773031 0.034719137039496 -0.196902010684930 -0.098938621930593 -0.403086872591274 2.286019252286664 0.952745524796239
-0.551705147703192 -0.442572880062392 0.005243149663378 0.032703702676540 -0.185471914423496 -0.094174894306612 -0.396379337583852 2.247978930878247 0.958836563150939
-0.551541629189810 -0.443500239634510 0.004772275191845 0.030721805988621 -0.174232019769105 -0.089380711490858 -0.389162590264114 2.207050723042059 0.962538299168586
-0.551388020159867 -0.444371399733355 0.004325371634391 0.028775993037300 -0.163196766153895 -0.084568019995015 -0.381429655145205 2.163195068682899 0.963783428556131
-0.551244140194680 -0.445187383564125 0.003902531534416 0.026868844761574 -0.152380790810480 -0.079749102852234 -0.373173556704742 2.116372407712230 0.962504647023016
-0.551109795970872 -0.445949287518177 0.003503786020155 0.025002976978050 -0.141798928771919 -0.074936579617119 -0.364387319442550 2.066543180054836 0.958634650277906
-0.550984781085982 -0.446658282162037 0.003129103122069 0.023181040380837 -0.131466212871645 -0.070143406365729 -0.355063967836244 2.013667825597754 0.952106134029151
-0.550868875884078 -0.447315613226395 0.002778386090240 0.021405720541656 -0.121397873743656 -0.065382875695584 -0.345196526390090 1.957706784276869 0.942851793986327
-0.550761847281370 -0.447922602595113 0.002451471711762 0.019679737909706 -0.111609339822272 -0.060668616725652 -0.334778019563942 1.898620495990322 0.930804325857855
-0.550663448591821 -0.448480649294225 0.002148128628134 0.018005847811886 -0.102116237342320 -0.056014595096363 -0.323801471884266 1.836369400651794 0.915896425352641
-0.550573419352762 -0.448991230480936 0.001868055652652 0.016386840452465 -0.092934390339061 -0.051435112969599 -0.312259907810919 1.770913938181629 0.898060788178893
-0.550491485150499 -0.449455902432631 0.001610880087804 0.014825540913410 -0.084079820648153 -0.046944809028705 -0.300146351857045 1.702214548482406 0.877230110045961
-0.550417357445932 -0.449876301535872 0.001376156042661 0.013324809154125 -0.075568747905741 -0.042558658478475 -0.287453828478057 1.630231671463367 0.853337086662610
-0.550350733400162 -0.450254145275401 0.001163362750268 0.011887540011735 -0.067417589548424 -0.038291973045162 -0.274175362209306 1.554925747051517 0.826314413737540
-0.550291295700103 -0.450591233223143 0.000971902885043 0.010516663200688 -0.059642960813167 -0.034160400976474 -0.260303977492882 1.476257215140553 0.796094786979108
-0.550238712384099 -0.450889448027209 0.000801100880160 0.009215143313224 -0.052261674737464 -0.030179927041579 -0.245832698850812 1.394186515659701 0.762610902096910
-0.550192636667533 -0.451150756400896 0.000650201244952 0.007985979818970 -0.045290742159165 -0.026366872531094 -0.230754550756274 1.308674088504880 0.725795454798939
-0.550152706768439 -0.451377210111692 0.000518366882297 0.006832207065188 -0.038747371716641 -0.022737895257100 -0.215062557709089 1.219680373600873 0.685581140794505
-0.550118545733113 -0.451570946970275 0.000404677406011 0.005756894276643 -0.032648969848637 -0.019309989553127 -0.198749744182436 1.127165810845820 0.641900655792099
-0.550089761261729 -0.451734191819518 0.000308127458246 0.004763145555731 -0.027013140794407 -0.016100486274167 -0.181809134680577 1.031090840168947 0.594686695500670
-0.550065945533951 -0.451869257523490 0.000227625026875 0.003854099882328 -0.021857686593563 -0.013127052796663 -0.164233753694454 0.931415901466170 0.543871955628863
-0.550046675034539 -0.451978545956458 0.000161989762892 0.003032931113855 -0.017200607086232 -0.010407693018519 -0.146016625688361 0.828101434660056 0.489389131885525
-0.550031510378970 -0.452064548991889 0.000109951297799 0.002302847985414 -0.013060099912932 -0.007960747359091 -0.127150775188767 0.721107879655403 0.431170919979441
-0.550019996139043 -0.452129849491454 0.000070147561004 0.001667094109470 -0.009454560514655 -0.005804892759194 -0.107629226651085 0.610395676372555 0.369150015619367
-0.550011660668495 -0.452177122294027 0.000041123097208 0.001128947976214 -0.006402582132792 -0.003959142681097 -0.087445004584019 0.495925264709651 0.303259114514098
-0.550006015928614 -0.452209135204691 0.000021327383802 0.000691722953294 -0.003922955809244 -0.002442847108527 -0.066591133469629 0.377657084593697 0.233430912372399
-0.550002557313848 -0.452228749983738 0.000009113148259 0.000358767285946 -0.002034670386275 -0.001275692546665 -0.045060637798855 0.255551575927271 0.159598104903057
