-0.550009029992751 -0.445053801643671 0.000036741285167 -0.005253014330542 0.029791324670925 0.021164813633451 -0.700401910731507 3.972176622786261 2.821975151126852
-0.550035295064404 -0.444904845020317 0.000142565353334 -0.008755023884199 0.049652207784856 0.035274689389086 -0.700401910740389 3.972176622792922 2.821975151126854
-0.550079070183825 -0.444656583981392 0.000318938800280 -0.012257033437901 0.069513090898821 0.049384565144720 -0.700401910735948 3.972176622786261 2.821975151126853
-0.550140355351014 -0.444309018526898 0.000565861626003 -0.015759042991581 0.089373974012752 0.063494440900354 -0.700401910740389 3.972176622790702 2.821975151126846
-0.550219150565972 -0.443862148656834 0.000883333830505 -0.019261052545283 0.109234857126705 0.077604316655988 -0.700401910735948 3.972176622788481 2.821975151126854
-0.550315455828698 -0.443315974371201 0.001271355413785 -0.022763062098963 0.129095740240648 0.091714192411623 -0.700401910735948 3.972176622788481 2.821975151126865
-0.550429271139193 -0.442670495669998 0.001729926375843 -0.026265071652642 0.148956623354590 0.105824068167257 -0.700401910735948 3.972176622790702 2.821975151126846
-0.550560596497456 -0.441925712553225 0.002259046716679 -0.029767081206322 0.168817506468544 0.119933943922891 -0.700401910740389 3.972176622788481 2.821975151126848
-0.550709431903488 -0.441081625020882 0.002858716436294 -0.033269090760024 0.188678389582486 0.134043819678525 -0.700401910735948 3.972176622790702 2.821975151126865
-0.550875777357288 -0.440138233072970 0.003528935534687 -0.036771100313704 0.208539272696440 0.148153695434160 -0.700401910735948 3.972176622786261 2.821975151126848
-0.551059632858857 -0.439095536709487 0.004269704011857 -0.040273109867384 0.228400155810371 0.162263571189794 -0.700401910735948 3.972176622790702 2.821975151126832
-0.551260998408194 -0.437953535930436 0.005081021867806 -0.043775119421063 0.248261038924324 0.176373446945428 -0.700401910740389 3.972176622790702 2.821975151126865
-0.551479874005299 -0.436712230735814 0.005962889102533 -0.047277128974765 0.268121922038278 0.190483322701063 -0.700401910735948 3.972176622786261 2.821975151126899
-0.551716259650173 -0.435371621125622 0.006915305716039 -0.050779138528445 0.287982805152209 0.204593198456697 -0.700401910735948 3.972176622790702 2.821975151126793
-0.551970155342815 -0.433931707099861 0.007938271708322 -0.054281148082125 0.307843688266163 0.218703074212331 -0.700401910740389 3.972176622790702 2.821975151126799
-0.552241561083226 -0.432392488658531 0.009031787079384 -0.057783157635827 0.327704571380116 0.232812949967965 -0.700401910731507 3.972176622786261 2.821975151127004
-0.552530476871405 -0.430753965801630 0.010195851829224 -0.061285167189484 0.347565454494048 0.246922825723600 -0.700401910744830 3.972176622790702 2.821975151126721
-0.552836902707352 -0.429016138529160 0.011430465957842 -0.064787176743208 0.367426337608001 0.261032701479234 -0.700401910731507 3.972176622790702 2.821975151126943
-0.553160838591068 -0.427179006841120 0.012735629465238 -0.068289186296866 0.387287220721955 0.275142577234868 -0.700401910735948 3.972176622786261 2.821975151126788
-0.553502284522552 -0.425242570737510 0.014111342351412 -0.071791195850546 0.407148103835886 0.289252452990502 -0.700401910740389 3.972176622790702 2.821975151126865
-0.553861240501805 -0.423206830218331 0.015557604616365 -0.075293205404248 0.427008986949839 0.303362328746137 -0.700401910740389 3.972176622788481 2.821975151126865
-0.554237706528826 -0.421071785283581 0.017074416260095 -0.078795214957950 0.446869870063782 0.317472204501771 -0.700401910731507 3.972176622790702 2.194869561987500
-0.554631682603616 -0.418837435933263 0.018661777282604 -0.082297224511607 0.466730753177735 0.328446552311708 -0.700401910740389 3.972176622788481 0.156776397284841
-0.555043168726174 -0.416503782167374 0.020304010044163 -0.085799234065309 0.486591636291678 0.329230434298133 -0.700401910735948 3.972176622788481 0.000000000000144
-0.555472164896501 -0.414070823985915 0.021950162215653 -0.089301243618989 0.506452519405620 0.329230434298133 -0.700401910735948 3.972176622790702 -0.000000000000144
-0.555918671114596 -0.411538561388887 0.023596314387144 -0.092803253172669 0.526313402519574 0.329230434298133 -0.700401910740389 3.972176622788481 0.000000000000144
-0.556382687380459 -0.408906994376289 0.025242466558635 -0.096305262726371 0.546174285633516 0.329230434298133 -0.700401910731507 3.972176622788481 -0.000000000000144
-0.556864213694091 -0.406176122948122 0.026888618730125 -0.099807272280028 0.566035168747459 0.329230434298133 -0.700401910740389 3.972176622790702 0.000000000000000
-0.557363250055491 -0.403345947104385 0.028534770901616 -0.103309281833730 0.585896051861412 0.329230434298133 -0.700401910740389 3.972176622786261 0.000000000000000
-0.557879796464660 -0.400416466845078 0.030180923073107 -0.106811291387432 0.605756934975343 0.329230434298133 -0.700401910731507 3.972176622792922 -0.000000000000133
-0.558413852921597 -0.397387682170201 0.031827075244597 -0.110313300941089 0.625617818089308 0.329230434298132 -0.700401910740389 3.972176622786261 0.000000000000278
-0.558965419426302 -0.394259593079754 0.033473227416088 -0.113815310494791 0.645478701203239 0.329230434298133 -0.700401910740389 3.972176622790702 -0.000000000000278
-0.559534495978776 -0.391032199573738 0.035119379587579 -0.117317320048493 0.665339584317193 0.329230434298132 -0.700401910731507 3.972176622788481 0.000000000000278
-0.560121082579019 -0.387705501652152 0.036765531759069 -0.120819329602151 0.685200467431135 0.329230434298133 -0.700401910740389 3.972176622788481 0.000000000000000
-0.560725179227029 -0.384279499314996 0.038411683930560 -0.124321339155853 0.705061350545078 0.329230434298133 -0.700401910735948 3.972176622790702 -0.000000000000278
-0.561346785922809 -0.380754192562271 0.040057836102051 -0.127823348709533 0.724922233659031 0.329230434298132 -0.700401910735948 3.972176622788481 0.000000000000278
-0.561985902666356 -0.377129581393976 0.041703988273541 -0.131325358263212 0.744783116772973 0.329230434298133 -0.700401910740389 3.972176622790702 -0.000000000000278
-0.562642529457672 -0.373405665810111 0.043350140445032 -0.134827367816914 0.764643999886927 0.329230434298132 -0.700401910731507 3.972176622788481 0.000000000000278
-0.563316666296757 -0.369582445810676 0.044996292616523 -0.138329377370572 0.784504883000869 0.329230434298133 -0.700401910744830 3.972176622788481 0.000000000000000
-0.564008313183610 -0.365659921395672 0.046642444788013 -0.141831386924296 0.804365766114812 0.329230434298133 -0.700401910731507 3.972176622788481 -0.000000000000278
-0.564717470118231 -0.361638092565098 0.048288596959504 -0.145333396477954 0.824226649228754 0.329230434298132 -0.700401910740389 3.972176622790702 0.000000000000278
-0.565444137100621 -0.357516959318954 0.049934749130995 -0.148835406031655 0.844087532342708 0.329230434298133 -0.700401910735948 3.972176622788481 -0.000000000000278
-0.566188314130779 -0.353296521657241 0.051580901302485 -0.152337415585335 0.863948415456650 0.329230434298132 -0.700401910735948 3.972176622788481 0.000000000000278
-0.566950001208706 -0.348976779579957 0.053227053473976 -0.155839425139015 0.883809298570593 0.329230434298133 -0.700401910735948 3.972176622790702 0.000000000000000
-0.567729198334401 -0.344557733087104 0.054873205645467 -0.159341434692695 0.903670181684546 0.329230434298133 -0.661490693478761 3.751500143744924 -0.156776397285119
-0.568525905507865 -0.340039382178682 0.056519357816957 -0.162648888160088 0.922427682403271 0.328446552311708 -0.155644869046512 0.882705916176452 -2.194869561987223
-0.569339149948665 -0.335427243766665 0.058161590578516 -0.163427112505321 0.926841211984153 0.317472204501772 -0.000000000004441 -0.000000000002220 -2.821975151127143
-0.570156285511192 -0.330793037706745 0.059748951601025 -0.163427112505343 0.926841211984142 0.303362328746136 0.000000000000000 0.000000000000000 -2.821975151126865
-0.570973421073718 -0.326158831646824 0.061265763244755 -0.163427112505343 0.926841211984142 0.289252452990502 0.000000000000000 0.000000000002220 -2.821975151126588
-0.571790556636245 -0.321524625586903 0.062712025509708 -0.163427112505343 0.926841211984153 0.275142577234869 0.000000000000000 -0.000000000002220 -2.821975151126588
-0.572607692198772 -0.316890419526982 0.064087738395882 -0.163427112505343 0.926841211984142 0.261032701479236 0.000000000004441 0.000000000002220 -2.821975151127698
-0.573424827761299 -0.312256213467062 0.065392901903279 -0.163427112505321 0.926841211984153 0.246922825723597 -0.000000000004441 -0.000000000002220 -2.821975151126033
-0.574241963323825 -0.307622007407141 0.066627516031897 -0.163427112505343 0.926841211984142 0.232812949967967 0.000000000000000 0.000000000000000 -2.821975151127143
-0.575059098886352 -0.302987801347220 0.067791580781736 -0.163427112505343 0.926841211984142 0.218703074212331 0.000000000000000 0.000000000002220 -2.821975151127143
-0.575876234448879 -0.298353595287300 0.068885096152798 -0.163427112505343 0.926841211984153 0.204593198456696 0.000000000000000 0.000000000000000 -2.821975151126588
-0.576693370011405 -0.293719389227379 0.069908062145081 -0.163427112505343 0.926841211984153 0.190483322701063 0.000000000004441 -0.000000000002220 -2.821975151126588
-0.577510505573932 -0.289085183167458 0.070860478758587 -0.163427112505321 0.926841211984142 0.176373446945430 -0.000000000004441 0.000000000000000 -2.821975151127143
-0.578327641136459 -0.284450977107537 0.071742345993314 -0.163427112505343 0.926841211984142 0.162263571189794 0.000000000000000 0.000000000002220 -2.821975151127143
-0.579144776698985 -0.279816771047617 0.072553663849263 -0.163427112505343 0.926841211984153 0.148153695434158 0.000000000000000 0.000000000000000 -2.821975151126588
-0.579961912261512 -0.275182564987696 0.073294432326434 -0.163427112505343 0.926841211984153 0.134043819678525 0.000000000000000 -0.000000000002220 -2.821975151126588
-0.580779047824039 -0.270548358927775 0.073964651424826 -0.163427112505343 0.926841211984142 0.119933943922892 0.000000000004441 0.000000000000000 -2.821975151127143
-0.581596183386565 -0.265914152867854 0.074564321144441 -0.163427112505321 0.926841211984142 0.105824068167257 -0.000000000004441 0.000000000000000 -2.821975151127143
-0.582413318949092 -0.261279946807934 0.075093441485277 -0.163427112505343 0.926841211984142 0.091714192411621 0.000000000000000 0.000000000002220 -2.821975151126033
-0.583230454511619 -0.256645740748013 0.075552012447335 -0.163427112505343 0.926841211984153 0.077604316655991 0.000000000000000 -0.000000000001110 -2.821975151127698
-0.584047590074146 -0.252011534688092 0.075940034030615 -0.163427112505343 0.926841211984147 0.063494440900352 0.000000000000000 0.000000000000000 -2.821975151126588
-0.584864725636672 -0.247377328628171 0.076257506235117 -0.163427112505343 0.926841211984147 0.049384565144719 0.000000000004441 -0.000000000001110 -2.821975151126588
-0.585681861199199 -0.242743122568251 0.076504429060840 -0.163427112505321 0.926841211984142 0.035274689389087 -0.000000000004441 0.000000000001110 -2.821975151127143
-0.586498996761726 -0.238108916508330 0.076680802507786 -0.163427112505343 0.926841211984147 0.021164813633451 0.000000000000000 0.000000000000000 -2.821975151126588
-0.587316132324252 -0.233474710448409 0.076786626575953 -0.163427112505343 0.926841211984147 0.007054937877818 0.000000000000000 0.000000000000000 -2.821975151127143
-0.588133267886779 -0.228840504388489 0.076821901265342 -0.163427112505343 0.926841211984147 -0.007054937877818 0.000000000000000 0.000000000000000 -2.821975151126588
-0.588950403449306 -0.224206298328568 0.076786626575953 -0.163427112505343 0.926841211984147 -0.021164813633451 0.000000000004441 0.000000000000000 -2.821975151127143
-0.589767539011832 -0.219572092268647 0.076680802507786 -0.163427112505321 0.926841211984147 -0.035274689389087 -0.000000000004441 0.000000000000000 -2.821975151126588
-0.590584674574359 -0.214937886208726 0.076504429060840 -0.163427112505343 0.926841211984147 -0.049384565144719 0.000000000000000 -0.000000000001110 -2.821975151126588
-0.591401810136886 -0.210303680148806 0.076257506235117 -0.163427112505343 0.926841211984142 -0.063494440900352 0.000000000000000 0.000000000001110 -2.821975151127698
-0.592218945699412 -0.205669474088885 0.075940034030615 -0.163427112505343 0.926841211984147 -0.077604316655991 0.000000000000000 0.000000000000000 -2.821975151126033
-0.593036081261939 -0.201035268028964 0.075552012447335 -0.163427112505343 0.926841211984147 -0.091714192411621 0.000000000004441 -0.000000000001110 -2.821975151127143
-0.593853216824466 -0.196401061969043 0.075093441485277 -0.163427112505321 0.926841211984142 -0.105824068167257 -0.000000000004441 0.000000000002220 -2.821975151127143
-0.594670352386993 -0.191766855909123 0.074564321144441 -0.163427112505343 0.926841211984153 -0.119933943922892 0.000000000000000 -0.000000000002220 -2.821975151126588
-0.595487487949519 -0.187132649849202 0.073964651424826 -0.163427112505343 0.926841211984142 -0.134043819678525 0.000000000000000 0.000000000002220 -2.821975151126588
-0.596304623512046 -0.182498443789281 0.073294432326434 -0.163427112505343 0.926841211984153 -0.148153695434158 0.000000000000000 -0.000000000002220 -2.821975151127143
-0.597121759074573 -0.177864237729360 0.072553663849263 -0.163427112505343 0.926841211984142 -0.162263571189794 0.000000000004441 0.000000000002220 -2.821975151127143
-0.597938894637099 -0.173230031669440 0.071742345993314 -0.163427112505321 0.926841211984153 -0.176373446945430 -0.000000000004441 -0.000000000002220 -2.821975151126588
-0.598756030199626 -0.168595825609519 0.070860478758587 -0.163427112505343 0.926841211984142 -0.190483322701063 0.000000000000000 0.000000000000000 -2.821975151126588
-0.599573165762153 -0.163961619549598 0.069908062145081 -0.163427112505343 0.926841211984142 -0.204593198456696 0.000000000000000 0.000000000002220 -2.821975151127143
-0.600390301324679 -0.159327413489678 0.068885096152798 -0.163427112505343 0.926841211984153 -0.218703074212331 0.000000000000000 -0.000000000002220 -2.821975151127143
-0.601207436887206 -0.154693207429757 0.067791580781736 -0.163427112505343 0.926841211984142 -0.232812949967967 0.000000000004441 0.000000000002220 -2.821975151126033
-0.602024572449733 -0.150059001369836 0.066627516031897 -0.163427112505321 0.926841211984153 -0.246922825723597 -0.000000000004441 -0.000000000002220 -2.821975151127698
-0.602841708012259 -0.145424795309915 0.065392901903279 -0.163427112505343 0.926841211984142 -0.261032701479236 0.000000000000000 0.000000000002220 -2.821975151126588
-0.603658843574786 -0.140790589249995 0.064087738395882 -0.163427112505343 0.926841211984153 -0.275142577234869 0.000000000000000 -0.000000000002220 -2.821975151126588
-0.604475979137313 -0.136156383190074 0.062712025509708 -0.163427112505343 0.926841211984142 -0.289252452990502 0.000000000000000 0.000000000000000 -2.821975151126865
-0.605293114699840 -0.131522177130153 0.061265763244755 -0.163427112505343 0.926841211984142 -0.303362328746136 0.000000000004441 0.000000000002220 -2.821975151127143
-0.606110250262366 -0.126887971070232 0.059748951601025 -0.163427112505321 0.926841211984153 -0.317472204501772 0.155644869046512 -0.882705916177007 -2.194869561987223
-0.606927385824893 -0.122253765010312 0.058161590578516 -0.162648888160088 0.922427682403268 -0.328446552311708 0.661490693478761 -3.751500143744924 -0.156776397285119
-0.607740630265693 -0.117641626598295 0.056519357816957 -0.159341434692695 0.903670181684543 -0.329230434298133 0.700401910735948 -3.972176622789592 0.000000000000000
-0.608537337439157 -0.113123275689873 0.054873205645467 -0.155839425139015 0.883809298570595 -0.329230434298133 0.700401910735948 -3.972176622788481 0.000000000000278
-0.609316534564852 -0.108704229197020 0.053227053473976 -0.152337415585335 0.863948415456653 -0.329230434298132 0.700401910735948 -3.972176622789592 -0.000000000000278
-0.610078221642779 -0.104384487119736 0.051580901302485 -0.148835406031655 0.844087532342705 -0.329230434298133 0.700401910740389 -3.972176622789592 0.000000000000278
-0.610822398672937 -0.100164049458023 0.049934749130995 -0.145333396477954 0.824226649228757 -0.329230434298132 0.700401910731507 -3.972176622788481 -0.000000000000278
-0.611549065655327 -0.096042916211879 0.048288596959504 -0.141831386924296 0.804365766114815 -0.329230434298133 0.700401910744830 -3.972176622789592 0.000000000000000
-0.612258222589948 -0.092021087381305 0.046642444788013 -0.138329377370572 0.784504883000867 -0.329230434298133 0.700401910731507 -3.972176622789036 0.000000000000278
-0.612949869476801 -0.088098562966301 0.044996292616523 -0.134827367816914 0.764643999886921 -0.329230434298132 0.700401910740389 -3.972176622789592 -0.000000000000278
-0.613624006315886 -0.084275342966866 0.043350140445032 -0.131325358263212 0.744783116772973 -0.329230434298133 0.700401910735948 -3.972176622788481 0.000000000000278
-0.614280633107202 -0.080551427383001 0.041703988273541 -0.127823348709533 0.724922233659031 -0.329230434298132 0.700401910735948 -3.972176622789592 -0.000000000000278
-0.614919749850749 -0.076926816214706 0.040057836102051 -0.124321339155853 0.705061350545083 -0.329230434298133 0.700401910740389 -3.972176622789592 0.000000000000000
-0.615541356546529 -0.073401509461981 0.038411683930560 -0.120819329602151 0.685200467431135 -0.329230434298133 0.700401910731507 -3.972176622788481 0.000000000000278
-0.616145453194539 -0.069975507124825 0.036765531759069 -0.117317320048493 0.665339584317193 -0.329230434298132 0.700401910740389 -3.972176622789592 -0.000000000000278
-0.616732039794782 -0.066648809203239 0.035119379587579 -0.113815310494791 0.645478701203245 -0.329230434298133 0.700401910740389 -3.972176622789325 0.000000000000278
-0.617301116347256 -0.063421415697223 0.033473227416088 -0.110313300941089 0.625617818089298 -0.329230434298132 0.700401910731507 -3.972176622789303 -0.000000000000133
-0.617852682851961 -0.060293326606776 0.031827075244597 -0.106811291387432 0.605756934975352 -0.329230434298133 0.700401910740389 -3.972176622788770 0.000000000000000
-0.618386739308898 -0.057264541931899 0.030180923073107 -0.103309281833730 0.585896051861408 -0.329230434298133 0.700401910740389 -3.972176622789303 0.000000000000000
-0.618903285718067 -0.054335061672592 0.028534770901616 -0.099807272280028 0.566035168747461 -0.329230434298133 0.700401910731507 -3.972176622789325 -0.000000000000144
-0.619402322079467 -0.051504885828855 0.026888618730125 -0.096305262726371 0.546174285633515 -0.329230434298133 0.700401910740389 -3.972176622789303 0.000000000000144
-0.619883848393099 -0.048774014400688 0.025242466558635 -0.092803253172669 0.526313402519568 -0.329230434298133 0.700401910735948 -3.972176622788770 -0.000000000000144
-0.620347864658962 -0.046142447388090 0.023596314387144 -0.089301243618989 0.506452519405624 -0.329230434298133 0.700401910735948 -3.972176622789858 0.000000000000144
-0.620794370877057 -0.043610184791062 0.021950162215653 -0.085799234065309 0.486591636291675 -0.329230434298133 0.700401910740389 -3.972176622788481 0.156776397284841
-0.621223367047384 -0.041177226609603 0.020304010044163 -0.082297224511607 0.466730753177733 -0.328446552311708 0.700401910731507 -3.972176622789592 2.194869561987500
-0.621634853169942 -0.038843572843715 0.018661777282604 -0.078795214957950 0.446869870063785 -0.317472204501771 0.700401910740389 -3.972176622789036 2.821975151126865
-0.622028829244732 -0.036609223493396 0.017074416260095 -0.075293205404248 0.427008986949839 -0.303362328746137 0.700401910740389 -3.972176622789592 2.821975151126865
-0.622405295271753 -0.034474178558646 0.015557604616365 -0.071791195850546 0.407148103835892 -0.289252452990502 0.700401910735948 -3.972176622788759 2.821975151126788
-0.622764251251006 -0.032438438039467 0.014111342351412 -0.068289186296866 0.387287220721948 -0.275142577234868 0.700401910731507 -3.972176622789314 2.821975151126943
-0.623105697182490 -0.030502001935857 0.012735629465238 -0.064787176743208 0.367426337608001 -0.261032701479234 0.700401910744830 -3.972176622789314 2.821975151126721
-0.623429633066206 -0.028664870247817 0.011430465957842 -0.061285167189484 0.347565454494055 -0.246922825723600 0.700401910731507 -3.972176622789036 2.821975151127004
-0.623736058902153 -0.026927042975347 0.010195851829224 -0.057783157635827 0.327704571380109 -0.232812949967965 0.700401910740389 -3.972176622789314 2.821975151126799
-0.624024974690332 -0.025288520118446 0.009031787079384 -0.054281148082125 0.307843688266163 -0.218703074212331 0.700401910735948 -3.972176622789181 2.821975151126793
-0.624296380430743 -0.023749301677116 0.007938271708322 -0.050779138528445 0.287982805152217 -0.204593198456697 0.700401910735948 -3.972176622789314 2.821975151126899
-0.624550276123385 -0.022309387651355 0.006915305716039 -0.047277128974765 0.268121922038270 -0.190483322701063 0.700401910740389 -3.972176622789031 2.821975151126865
-0.624786661768259 -0.020968778041163 0.005962889102533 -0.043775119421063 0.248261038924325 -0.176373446945428 0.700401910735948 -3.972176622789175 2.821975151126832
-0.625005537365364 -0.019727472846542 0.005081021867806 -0.040273109867384 0.228400155810379 -0.162263571189794 0.700401910735948 -3.972176622789314 2.821975151126848
-0.625206902914701 -0.018585472067490 0.004269704011857 -0.036771100313704 0.208539272696433 -0.148153695434160 0.700401910735948 -3.972176622789175 2.821975151126865
-0.625390758416270 -0.017542775704007 0.003528935534687 -0.033269090760024 0.188678389582487 -0.134043819678525 0.700401910740389 -3.972176622789175 2.821975151126848
-0.625557103870070 -0.016599383756095 0.002858716436294 -0.029767081206322 0.168817506468541 -0.119933943922891 0.700401910735948 -3.972176622789175 2.821975151126846
-0.625705939276102 -0.015755296223752 0.002259046716679 -0.026265071652642 0.148956623354595 -0.105824068167257 0.700401910735948 -3.972176622789175 2.821975151126865
-0.625837264634365 -0.015010513106979 0.001729926375843 -0.022763062098963 0.129095740240649 -0.091714192411623 0.700401910735948 -3.972176622789245 2.821975151126854
-0.625951079944860 -0.014365034405776 0.001271355413785 -0.019261052545283 0.109234857126703 -0.077604316655988 0.700401910740389 -3.972176622789245 2.821975151126846
-0.626047385207586 -0.013818860120143 0.000883333830505 -0.015759042991581 0.089373974012757 -0.063494440900354 0.700401910735948 -3.972176622789175 2.821975151126853
-0.626126180422544 -0.013371990250079 0.000565861626003 -0.012257033437901 0.069513090898811 -0.049384565144720 0.700401910740389 -3.972176622789175 2.821975151126854
-0.626187465589733 -0.013024424795585 0.000318938800280 -0.008755023884199 0.049652207784865 -0.035274689389086 0.700401910731507 -3.972176622789175 2.821975151126852
-0.626231240709154 -0.012776163756660 0.000142565353334 -0.005253014330542 0.029791324670919 -0.021164813633451 0.700401910740389 -3.972176622789175 2.821975151126854
-0.626257505780807 -0.012627207133306 0.000036741285167 -0.005253014330542 0.029791324670919 -0.021164813633451 0.700401910731507 -3.972176622789175 2.821975151126852
-0.626257505780807 -0.012627207133306 0.000036741285167 0.005253014330542 -0.029791324670925 0.021164813633451 0.700401910731507 -3.972176622786261 2.821975151126852
-0.626231240709154 -0.012776163756660 0.000142565353334 0.008755023884199 -0.049652207784856 0.035274689389086 0.700401910740389 -3.972176622792922 2.821975151126854
-0.626187465589733 -0.013024424795585 0.000318938800280 0.012257033437901 -0.069513090898821 0.049384565144720 0.700401910735948 -3.972176622786261 2.821975151126853
-0.626126180422544 -0.013371990250079 0.000565861626003 0.015759042991581 -0.089373974012752 0.063494440900354 0.700401910740389 -3.972176622790702 2.821975151126846
-0.626047385207586 -0.013818860120143 0.000883333830505 0.019261052545283 -0.109234857126705 0.077604316655988 0.700401910735948 -3.972176622788481 2.821975151126854
-0.625951079944860 -0.014365034405776 0.001271355413785 0.022763062098963 -0.129095740240648 0.091714192411623 0.700401910735948 -3.972176622788481 2.821975151126865
-0.625837264634365 -0.015010513106979 0.001729926375843 0.026265071652642 -0.148956623354590 0.105824068167257 0.700401910735948 -3.972176622790702 2.821975151126846
-0.625705939276102 -0.015755296223752 0.002259046716679 0.029767081206322 -0.168817506468544 0.119933943922891 0.700401910740389 -3.972176622788481 2.821975151126848
-0.625557103870070 -0.016599383756095 0.002858716436294 0.033269090760024 -0.188678389582486 0.134043819678525 0.700401910735948 -3.972176622790702 2.821975151126865
-0.625390758416270 -0.017542775704007 0.003528935534687 0.036771100313704 -0.208539272696440 0.148153695434160 0.700401910735948 -3.972176622786261 2.821975151126848
-0.625206902914701 -0.018585472067490 0.004269704011857 0.040273109867384 -0.228400155810371 0.162263571189794 0.700401910735948 -3.972176622790702 2.821975151126832
-0.625005537365364 -0.019727472846542 0.005081021867806 0.043775119421063 -0.248261038924324 0.176373446945428 0.700401910740389 -3.972176622790702 2.821975151126865
-0.624786661768259 -0.020968778041163 0.005962889102533 0.047277128974765 -0.268121922038278 0.190483322701063 0.700401910735948 -3.972176622786261 2.821975151126899
-0.624550276123385 -0.022309387651355 0.006915305716039 0.050779138528445 -0.287982805152209 0.204593198456697 0.700401910735948 -3.972176622790702 2.821975151126793
-0.624296380430743 -0.023749301677116 0.007938271708322 0.054281148082125 -0.307843688266163 0.218703074212331 0.700401910740389 -3.972176622790702 2.821975151126799
-0.624024974690332 -0.025288520118446 0.009031787079384 0.057783157635827 -0.327704571380116 0.232812949967965 0.700401910731507 -3.972176622786261 2.821975151127004
-0.623736058902153 -0.026927042975347 0.010195851829224 0.061285167189484 -0.347565454494048 0.246922825723600 0.700401910744830 -3.972176622790702 2.821975151126721
-0.623429633066206 -0.028664870247817 0.011430465957842 0.064787176743208 -0.367426337608001 0.261032701479234 0.700401910731507 -3.972176622790702 2.821975151126943
-0.623105697182490 -0.030502001935857 0.012735629465238 0.068289186296866 -0.387287220721955 0.275142577234868 0.700401910735948 -3.972176622786261 2.821975151126788
-0.622764251251006 -0.032438438039467 0.014111342351412 0.071791195850546 -0.407148103835886 0.289252452990502 0.700401910740389 -3.972176622790702 2.821975151126865
-0.622405295271753 -0.034474178558646 0.015557604616365 0.075293205404248 -0.427008986949839 0.303362328746137 0.700401910740389 -3.972176622788481 2.821975151126865
-0.622028829244732 -0.036609223493396 0.017074416260095 0.078795214957950 -0.446869870063782 0.317472204501771 0.700401910731507 -3.972176622790702 2.194869561987500
-0.621634853169942 -0.038843572843715 0.018661777282604 0.082297224511607 -0.466730753177735 0.328446552311708 0.700401910740389 -3.972176622788481 0.156776397284841
-0.621223367047384 -0.041177226609603 0.020304010044163 0.085799234065309 -0.486591636291678 0.329230434298133 0.700401910735948 -3.972176622788481 0.000000000000144
-0.620794370877057 -0.043610184791062 0.021950162215653 0.089301243618989 -0.506452519405620 0.329230434298133 0.700401910735948 -3.972176622790702 -0.000000000000144
-0.620347864658962 -0.046142447388090 0.023596314387144 0.092803253172669 -0.526313402519574 0.329230434298133 0.700401910740389 -3.972176622788481 0.000000000000144
-0.619883848393099 -0.048774014400688 0.025242466558635 0.096305262726371 -0.546174285633516 0.329230434298133 0.700401910731507 -3.972176622788481 -0.000000000000144
-0.619402322079467 -0.051504885828855 0.026888618730125 0.099807272280028 -0.566035168747459 0.329230434298133 0.700401910740389 -3.972176622790702 0.000000000000000
-0.618903285718067 -0.054335061672592 0.028534770901616 0.103309281833730 -0.585896051861412 0.329230434298133 0.700401910740389 -3.972176622786261 0.000000000000000
-0.618386739308898 -0.057264541931899 0.030180923073107 0.106811291387432 -0.605756934975343 0.329230434298133 0.700401910731507 -3.972176622792922 -0.000000000000133
-0.617852682851961 -0.060293326606776 0.031827075244597 0.110313300941089 -0.625617818089308 0.329230434298132 0.700401910740389 -3.972176622786261 0.000000000000278
-0.617301116347256 -0.063421415697223 0.033473227416088 0.113815310494791 -0.645478701203239 0.329230434298133 0.700401910740389 -3.972176622790702 -0.000000000000278
-0.616732039794782 -0.066648809203239 0.035119379587579 0.117317320048493 -0.665339584317193 0.329230434298132 0.700401910731507 -3.972176622788481 0.000000000000278
-0.616145453194539 -0.069975507124825 0.036765531759069 0.120819329602151 -0.685200467431135 0.329230434298133 0.700401910740389 -3.972176622788481 0.000000000000000
-0.615541356546529 -0.073401509461981 0.038411683930560 0.124321339155853 -0.705061350545078 0.329230434298133 0.700401910735948 -3.972176622790702 -0.000000000000278
-0.614919749850749 -0.076926816214706 0.040057836102051 0.127823348709533 -0.724922233659031 0.329230434298132 0.700401910735948 -3.972176622788481 0.000000000000278
-0.614280633107202 -0.080551427383001 0.041703988273541 0.131325358263212 -0.744783116772973 0.329230434298133 0.700401910740389 -3.972176622790702 -0.000000000000278
-0.613624006315886 -0.084275342966866 0.043350140445032 0.134827367816914 -0.764643999886927 0.329230434298132 0.700401910731507 -3.972176622788481 0.000000000000278
-0.612949869476801 -0.088098562966301 0.044996292616523 0.138329377370572 -0.784504883000869 0.329230434298133 0.700401910744830 -3.972176622788481 0.000000000000000
-0.612258222589948 -0.092021087381305 0.046642444788013 0.141831386924296 -0.804365766114812 0.329230434298133 0.700401910731507 -3.972176622788481 -0.000000000000278
-0.611549065655327 -0.096042916211879 0.048288596959504 0.145333396477954 -0.824226649228754 0.329230434298132 0.700401910740389 -3.972176622790702 0.000000000000278
-0.610822398672937 -0.100164049458023 0.049934749130995 0.148835406031655 -0.844087532342708 0.329230434298133 0.700401910735948 -3.972176622788481 -0.000000000000278
-0.610078221642779 -0.104384487119736 0.051580901302485 0.152337415585335 -0.863948415456650 0.329230434298132 0.700401910735948 -3.972176622788481 0.000000000000278
-0.609316534564852 -0.108704229197020 0.053227053473976 0.155839425139015 -0.883809298570593 0.329230434298133 0.700401910735948 -3.972176622790702 0.000000000000000
-0.608537337439157 -0.113123275689873 0.054873205645467 0.159341434692695 -0.903670181684546 0.329230434298133 0.661490693478761 -3.751500143744924 -0.156776397285119
-0.607740630265693 -0.117641626598295 0.056519357816957 0.162648888160088 -0.922427682403271 0.328446552311708 0.155644869046512 -0.882705916176452 -2.194869561987223
-0.606927385824893 -0.122253765010312 0.058161590578516 0.163427112505321 -0.926841211984153 0.317472204501772 0.000000000004441 0.000000000002220 -2.821975151127143
-0.606110250262366 -0.126887971070232 0.059748951601025 0.163427112505343 -0.926841211984142 0.303362328746136 -0.000000000000000 -0.000000000000000 -2.821975151126865
-0.605293114699840 -0.131522177130153 0.061265763244755 0.163427112505343 -0.926841211984142 0.289252452990502 -0.000000000000000 -0.000000000002220 -2.821975151126588
-0.604475979137313 -0.136156383190074 0.062712025509708 0.163427112505343 -0.926841211984153 0.275142577234869 -0.000000000000000 0.000000000002220 -2.821975151126588
-0.603658843574786 -0.140790589249995 0.064087738395882 0.163427112505343 -0.926841211984142 0.261032701479236 -0.000000000004441 -0.000000000002220 -2.821975151127698
-0.602841708012259 -0.145424795309915 0.065392901903279 0.163427112505321 -0.926841211984153 0.246922825723597 0.000000000004441 0.000000000002220 -2.821975151126033
-0.602024572449733 -0.150059001369836 0.066627516031897 0.163427112505343 -0.926841211984142 0.232812949967967 -0.000000000000000 -0.000000000000000 -2.821975151127143
-0.601207436887206 -0.154693207429757 0.067791580781736 0.163427112505343 -0.926841211984142 0.218703074212331 -0.000000000000000 -0.000000000002220 -2.821975151127143
-0.600390301324679 -0.159327413489678 0.068885096152798 0.163427112505343 -0.926841211984153 0.204593198456696 -0.000000000000000 -0.000000000000000 -2.821975151126588
-0.599573165762153 -0.163961619549598 0.069908062145081 0.163427112505343 -0.926841211984153 0.190483322701063 -0.000000000004441 0.000000000002220 -2.821975151126588
-0.598756030199626 -0.168595825609519 0.070860478758587 0.163427112505321 -0.926841211984142 0.176373446945430 0.000000000004441 -0.000000000000000 -2.821975151127143
-0.597938894637099 -0.173230031669440 0.071742345993314 0.163427112505343 -0.926841211984142 0.162263571189794 -0.000000000000000 -0.000000000002220 -2.821975151127143
-0.597121759074573 -0.177864237729360 0.072553663849263 0.163427112505343 -0.926841211984153 0.148153695434158 -0.000000000000000 -0.000000000000000 -2.821975151126588
-0.596304623512046 -0.182498443789281 0.073294432326434 0.163427112505343 -0.926841211984153 0.134043819678525 -0.000000000000000 0.000000000002220 -2.821975151126588
-0.595487487949519 -0.187132649849202 0.073964651424826 0.163427112505343 -0.926841211984142 0.119933943922892 -0.000000000004441 -0.000000000000000 -2.821975151127143
-0.594670352386993 -0.191766855909123 0.074564321144441 0.163427112505321 -0.926841211984142 0.105824068167257 0.000000000004441 -0.000000000000000 -2.821975151127143
-0.593853216824466 -0.196401061969043 0.075093441485277 0.163427112505343 -0.926841211984142 0.091714192411621 -0.000000000000000 -0.000000000002220 -2.821975151126033
-0.593036081261939 -0.201035268028964 0.075552012447335 0.163427112505343 -0.926841211984153 0.077604316655991 -0.000000000000000 0.000000000001110 -2.821975151127698
-0.592218945699412 -0.205669474088885 0.075940034030615 0.163427112505343 -0.926841211984147 0.063494440900352 -0.000000000000000 -0.000000000000000 -2.821975151126588
-0.591401810136886 -0.210303680148806 0.076257506235117 0.163427112505343 -0.926841211984147 0.049384565144719 -0.000000000004441 0.000000000001110 -2.821975151126588
-0.590584674574359 -0.214937886208726 0.076504429060840 0.163427112505321 -0.926841211984142 0.035274689389087 0.000000000004441 -0.000000000001110 -2.821975151127143
-0.589767539011832 -0.219572092268647 0.076680802507786 0.163427112505343 -0.926841211984147 0.021164813633451 -0.000000000000000 -0.000000000000000 -2.821975151126588
-0.588950403449306 -0.224206298328568 0.076786626575953 0.163427112505343 -0.926841211984147 0.007054937877818 -0.000000000000000 -0.000000000000000 -2.821975151127143
-0.588133267886779 -0.228840504388489 0.076821901265342 0.163427112505343 -0.926841211984147 -0.007054937877818 -0.000000000000000 -0.000000000000000 -2.821975151126588
-0.587316132324252 -0.233474710448409 0.076786626575953 0.163427112505343 -0.926841211984147 -0.021164813633451 -0.000000000004441 -0.000000000000000 -2.821975151127143
-0.586498996761726 -0.238108916508330 0.076680802507786 0.163427112505321 -0.926841211984147 -0.035274689389087 0.000000000004441 -0.000000000000000 -2.821975151126588
-0.585681861199199 -0.242743122568251 0.076504429060840 0.163427112505343 -0.926841211984147 -0.049384565144719 -0.000000000000000 0.000000000001110 -2.821975151126588
-0.584864725636672 -0.247377328628171 0.076257506235117 0.163427112505343 -0.926841211984142 -0.063494440900352 -0.000000000000000 -0.000000000001110 -2.821975151127698
-0.584047590074146 -0.252011534688092 0.075940034030615 0.163427112505343 -0.926841211984147 -0.077604316655991 -0.000000000000000 -0.000000000000000 -2.821975151126033
-0.583230454511619 -0.256645740748013 0.075552012447335 0.163427112505343 -0.926841211984147 -0.091714192411621 -0.000000000004441 0.000000000001110 -2.821975151127143
-0.582413318949092 -0.261279946807934 0.075093441485277 0.163427112505321 -0.926841211984142 -0.105824068167257 0.000000000004441 -0.000000000002220 -2.821975151127143
-0.581596183386565 -0.265914152867854 0.074564321144441 0.163427112505343 -0.926841211984153 -0.119933943922892 -0.000000000000000 0.000000000002220 -2.821975151126588
-0.580779047824039 -0.270548358927775 0.073964651424826 0.163427112505343 -0.926841211984142 -0.134043819678525 -0.000000000000000 -0.000000000002220 -2.821975151126588
-0.579961912261512 -0.275182564987696 0.073294432326434 0.163427112505343 -0.926841211984153 -0.148153695434158 -0.000000000000000 0.000000000002220 -2.821975151127143
-0.579144776698985 -0.279816771047617 0.072553663849263 0.163427112505343 -0.926841211984142 -0.162263571189794 -0.000000000004441 -0.000000000002220 -2.821975151127143
-0.578327641136459 -0.284450977107537 0.071742345993314 0.163427112505321 -0.926841211984153 -0.176373446945430 0.000000000004441 0.000000000002220 -2.821975151126588
-0.577510505573932 -0.289085183167458 0.070860478758587 0.163427112505343 -0.926841211984142 -0.190483322701063 -0.000000000000000 -0.000000000000000 -2.821975151126588
-0.576693370011405 -0.293719389227379 0.069908062145081 0.163427112505343 -0.926841211984142 -0.204593198456696 -0.000000000000000 -0.000000000002220 -2.821975151127143
-0.575876234448879 -0.298353595287300 0.068885096152798 0.163427112505343 -0.926841211984153 -0.218703074212331 -0.000000000000000 0.000000000002220 -2.821975151127143
-0.575059098886352 -0.302987801347220 0.067791580781736 0.163427112505343 -0.926841211984142 -0.232812949967967 -0.000000000004441 -0.000000000002220 -2.821975151126033
-0.574241963323825 -0.307622007407141 0.066627516031897 0.163427112505321 -0.926841211984153 -0.246922825723597 0.000000000004441 0.000000000002220 -2.821975151127698
-0.573424827761299 -0.312256213467062 0.065392901903279 0.163427112505343 -0.926841211984142 -0.261032701479236 -0.000000000000000 -0.000000000002220 -2.821975151126588
-0.572607692198772 -0.316890419526982 0.064087738395882 0.163427112505343 -0.926841211984153 -0.275142577234869 -0.000000000000000 0.000000000002220 -2.821975151126588
-0.571790556636245 -0.321524625586903 0.062712025509708 0.163427112505343 -0.926841211984142 -0.289252452990502 -0.000000000000000 -0.000000000000000 -2.821975151126865
-0.570973421073718 -0.326158831646824 0.061265763244755 0.163427112505343 -0.926841211984142 -0.303362328746136 -0.000000000004441 -0.000000000002220 -2.821975151127143
-0.570156285511192 -0.330793037706745 0.059748951601025 0.163427112505321 -0.926841211984153 -0.317472204501772 -0.155644869046512 0.882705916177007 -2.194869561987223
-0.569339149948665 -0.335427243766665 0.058161590578516 0.162648888160088 -0.922427682403268 -0.328446552311708 -0.661490693478761 3.751500143744924 -0.156776397285119
-0.568525905507865 -0.340039382178682 0.056519357816957 0.159341434692695 -0.903670181684543 -0.329230434298133 -0.700401910735948 3.972176622789592 0.000000000000000
-0.567729198334401 -0.344557733087104 0.054873205645467 0.155839425139015 -0.883809298570595 -0.329230434298133 -0.700401910735948 3.972176622788481 0.000000000000278
-0.566950001208706 -0.348976779579957 0.053227053473976 0.152337415585335 -0.863948415456653 -0.329230434298132 -0.700401910735948 3.972176622789592 -0.000000000000278
-0.566188314130779 -0.353296521657241 0.051580901302485 0.148835406031655 -0.844087532342705 -0.329230434298133 -0.700401910740389 3.972176622789592 0.000000000000278
-0.565444137100621 -0.357516959318954 0.049934749130995 0.145333396477954 -0.824226649228757 -0.329230434298132 -0.700401910731507 3.972176622788481 -0.000000000000278
-0.564717470118231 -0.361638092565098 0.048288596959504 0.141831386924296 -0.804365766114815 -0.329230434298133 -0.700401910744830 3.972176622789592 0.000000000000000
-0.564008313183610 -0.365659921395672 0.046642444788013 0.138329377370572 -0.784504883000867 -0.329230434298133 -0.700401910731507 3.972176622789036 0.000000000000278
-0.563316666296757 -0.369582445810676 0.044996292616523 0.134827367816914 -0.764643999886921 -0.329230434298132 -0.700401910740389 3.972176622789592 -0.000000000000278
-0.562642529457672 -0.373405665810111 0.043350140445032 0.131325358263212 -0.744783116772973 -0.329230434298133 -0.700401910735948 3.972176622788481 0.000000000000278
-0.561985902666356 -0.377129581393976 0.041703988273541 0.127823348709533 -0.724922233659031 -0.329230434298132 -0.700401910735948 3.972176622789592 -0.000000000000278
-0.561346785922809 -0.380754192562271 0.040057836102051 0.124321339155853 -0.705061350545083 -0.329230434298133 -0.700401910740389 3.972176622789592 0.000000000000000
-0.560725179227029 -0.384279499314996 0.038411683930560 0.120819329602151 -0.685200467431135 -0.329230434298133 -0.700401910731507 3.972176622788481 0.000000000000278
-0.560121082579019 -0.387705501652152 0.036765531759069 0.117317320048493 -0.665339584317193 -0.329230434298132 -0.700401910740389 3.972176622789592 -0.000000000000278
-0.559534495978776 -0.391032199573738 0.035119379587579 0.113815310494791 -0.645478701203245 -0.329230434298133 -0.700401910740389 3.972176622789325 0.000000000000278
-0.558965419426302 -0.394259593079754 0.033473227416088 0.110313300941089 -0.625617818089298 -0.329230434298132 -0.700401910731507 3.972176622789303 -0.000000000000133
-0.558413852921597 -0.397387682170201 0.031827075244597 0.106811291387432 -0.605756934975352 -0.329230434298133 -0.700401910740389 3.972176622788770 0.000000000000000
-0.557879796464660 -0.400416466845078 0.030180923073107 0.103309281833730 -0.585896051861408 -0.329230434298133 -0.700401910740389 3.972176622789303 0.000000000000000
-0.557363250055491 -0.403345947104385 0.028534770901616 0.099807272280028 -0.566035168747461 -0.329230434298133 -0.700401910731507 3.972176622789325 -0.000000000000144
-0.556864213694091 -0.406176122948122 0.026888618730125 0.096305262726371 -0.546174285633515 -0.329230434298133 -0.700401910740389 3.972176622789303 0.000000000000144
-0.556382687380459 -0.408906994376289 0.025242466558635 0.092803253172669 -0.526313402519568 -0.329230434298133 -0.700401910735948 3.972176622788770 -0.000000000000144
-0.555918671114596 -0.411538561388887 0.023596314387144 0.089301243618989 -0.506452519405624 -0.329230434298133 -0.700401910735948 3.972176622789858 0.000000000000144
-0.555472164896501 -0.414070823985915 0.021950162215653 0.085799234065309 -0.486591636291675 -0.329230434298133 -0.700401910740389 3.972176622788481 0.156776397284841
-0.555043168726174 -0.416503782167374 0.020304010044163 0.082297224511607 -0.466730753177733 -0.328446552311708 -0.700401910731507 3.972176622789592 2.194869561987500
-0.554631682603616 -0.418837435933263 0.018661777282604 0.078795214957950 -0.446869870063785 -0.317472204501771 -0.700401910740389 3.972176622789036 2.821975151126865
-0.554237706528826 -0.421071785283581 0.017074416260095 0.075293205404248 -0.427008986949839 -0.303362328746137 -0.700401910740389 3.972176622789592 2.821975151126865
-0.553861240501805 -0.423206830218331 0.015557604616365 0.071791195850546 -0.407148103835892 -0.289252452990502 -0.700401910735948 3.972176622788759 2.821975151126788
-0.553502284522552 -0.425242570737510 0.014111342351412 0.068289186296866 -0.387287220721948 -0.275142577234868 -0.700401910731507 3.972176622789314 2.821975151126943
-0.553160838591068 -0.427179006841120 0.012735629465238 0.064787176743208 -0.367426337608001 -0.261032701479234 -0.700401910744830 3.972176622789314 2.821975151126721
-0.552836902707352 -0.429016138529160 0.011430465957842 0.061285167189484 -0.347565454494055 -0.246922825723600 -0.700401910731507 3.972176622789036 2.821975151127004
-0.552530476871405 -0.430753965801630 0.010195851829224 0.057783157635827 -0.327704571380109 -0.232812949967965 -0.700401910740389 3.972176622789314 2.821975151126799
-0.552241561083226 -0.432392488658531 0.009031787079384 0.054281148082125 -0.307843688266163 -0.218703074212331 -0.700401910735948 3.972176622789181 2.821975151126793
-0.551970155342815 -0.433931707099861 0.007938271708322 0.050779138528445 -0.287982805152217 -0.204593198456697 -0.700401910735948 3.972176622789314 2.821975151126899
-0.551716259650173 -0.435371621125622 0.006915305716039 0.047277128974765 -0.268121922038270 -0.190483322701063 -0.700401910740389 3.972176622789031 2.821975151126865
-0.551479874005299 -0.436712230735814 0.005962889102533 0.043775119421063 -0.248261038924325 -0.176373446945428 -0.700401910735948 3.972176622789175 2.821975151126832
-0.551260998408194 -0.437953535930436 0.005081021867806 0.040273109867384 -0.228400155810379 -0.162263571189794 -0.700401910735948 3.972176622789314 2.821975151126848
-0.551059632858857 -0.439095536709487 0.004269704011857 0.036771100313704 -0.208539272696433 -0.148153695434160 -0.700401910735948 3.972176622789175 2.821975151126865
-0.550875777357288 -0.440138233072970 0.003528935534687 0.033269090760024 -0.188678389582487 -0.134043819678525 -0.700401910740389 3.972176622789175 2.821975151126848
-0.550709431903488 -0.441081625020882 0.002858716436294 0.029767081206322 -0.168817506468541 -0.119933943922891 -0.700401910735948 3.972176622789175 2.821975151126846
-0.550560596497456 -0.441925712553225 0.002259046716679 0.026265071652642 -0.148956623354595 -0.105824068167257 -0.700401910735948 3.972176622789175 2.821975151126865
-0.550429271139193 -0.442670495669998 0.001729926375843 0.022763062098963 -0.129095740240649 -0.091714192411623 -0.700401910735948 3.972176622789245 2.821975151126854
-0.550315455828698 -0.443315974371201 0.001271355413785 0.019261052545283 -0.109234857126703 -0.077604316655988 -0.700401910740389 3.972176622789245 2.821975151126846
-0.550219150565972 -0.443862148656834 0.000883333830505 0.015759042991581 -0.089373974012757 -0.063494440900354 -0.700401910735948 3.972176622789175 2.821975151126853
-0.550140355351014 -0.444309018526898 0.000565861626003 0.012257033437901 -0.069513090898811 -0.049384565144720 -0.700401910740389 3.972176622789175 2.821975151126854
-0.550079070183825 -0.444656583981392 0.000318938800280 0.008755023884199 -0.049652207784865 -0.035274689389086 -0.700401910731507 3.972176622789175 2.821975151126852
-0.550035295064404 -0.444904845020317 0.000142565353334 0.005253014330542 -0.029791324670919 -0.021164813633451 -0.700401910740389 3.972176622789175 2.821975151126854
-0.550009029992751 -0.445053801643671 0.000036741285167 0.005253014330542 -0.029791324670919 -0.021164813633451 -0.700401910731507 3.972176622789175 2.821975151126852
