-0.550014642356685 -0.442516284098415 0.000054303135837 -0.008448688367335 0.047914892737289 0.030952043614197 -1.126491782312833 6.388652364974767 4.126939148559588
-0.550056885798522 -0.442276709634728 0.000209063353908 -0.014081147278899 0.079858154562162 0.051586739356995 -1.126491782312833 6.388652364970326 4.126939148559601
-0.550127291534917 -0.441877418861918 0.000466997050693 -0.019713606190463 0.111801416387014 0.072221435099793 -1.126491782308392 6.388652364974767 4.126939148559591
-0.550225859565869 -0.441318411779982 0.000828104226192 -0.025346065102005 0.143744678211888 0.092856130842591 -1.126491782312833 6.388652364972547 4.126939148559580
-0.550352589891379 -0.440599688388923 0.001292384880405 -0.030978524013570 0.175687940036751 0.113490826585389 -1.126491782312833 6.388652364972547 4.126939148559622
-0.550507482511447 -0.439721248688739 0.001859839013332 -0.036610982925134 0.207631201861613 0.134125522328187 -1.126491782308392 6.388652364970326 4.126939148559577
-0.550690537426072 -0.438683092679431 0.002530466624973 -0.042243441836676 0.239574463686465 0.154760218070985 -1.126491782312833 6.388652364974767 4.126939148559589
-0.550901754635256 -0.437485220360999 0.003304267715328 -0.047875900748240 0.271517725511339 0.175394913813783 -1.126491782312833 6.388652364972547 4.126939148559605
-0.551141134138997 -0.436127631733442 0.004181242284396 -0.053508359659804 0.303460987336202 0.196029609556581 -1.126491782312833 6.388652364972547 4.126939148559572
-0.551408675937296 -0.434610326796761 0.005161390332179 -0.059140818571368 0.335404249161064 0.216664305299379 -1.126491782308392 6.388652364972547 4.126939148559572
-0.551704380030153 -0.432933305550956 0.006244711858676 -0.064773277482910 0.367347510985927 0.237299001042176 -1.126491782312833 6.388652364972547 4.126939148559705
-0.552028246417567 -0.431096567996026 0.007431206863887 -0.070405736394474 0.399290772810790 0.257933696784975 -1.126491782312833 6.388652364972547 4.126939148559472
-0.552380275099540 -0.429100114131972 0.008720875347812 -0.076038195306039 0.431234034635652 0.278568392527772 -1.126491782312833 6.388652364972547 4.126939148559605
-0.552760466076070 -0.426943943958794 0.010113717310451 -0.081670654217603 0.463177296460515 0.299203088270570 -1.126491782308392 6.388652364972547 4.126939148559671
-0.553168819347158 -0.424628057476491 0.011609732751804 -0.087303113129145 0.495120558285378 0.319837784013369 -1.126491782312833 6.388652364974767 4.126939148559461
-0.553605334912804 -0.422152454685065 0.013208921671871 -0.092935572040709 0.527063820110252 0.340472479756166 -1.126491782312833 6.388652364970326 4.126939148559683
-0.554070012773007 -0.419517135584513 0.014911284070651 -0.098568030952273 0.559007081935103 0.361107175498964 -1.126491782308392 6.388652364972547 3.209841559990778
-0.554562852927769 -0.416722100174838 0.016716819948146 -0.104200489863815 0.590950343759966 0.377156383298918 -1.126491782312833 6.388652364974767 0.229274397142154
-0.555083855377088 -0.413767348456038 0.018602601864641 -0.109832948775379 0.622893605584840 0.378302755284629 -1.126491782312833 6.388652364970326 0.000000000000133
-0.555633020120965 -0.410652880428114 0.020494115641064 -0.115465407686943 0.654836867409692 0.378302755284630 -1.126491782312833 6.388652364972547 -0.000000000000133
-0.556210347159399 -0.407378696091065 0.022385629417487 -0.121097866598507 0.686780129234554 0.378302755284629 -1.126491782308392 6.388652364974767 0.000000000000133
-0.556815836492392 -0.403944795444893 0.024277143193910 -0.126730325510049 0.718723391059428 0.378302755284630 -1.126491782312833 6.388652364970326 -0.000000000000133
-0.557449488119942 -0.400351178489595 0.026168656970333 -0.132362784421614 0.750666652884280 0.378302755284629 -1.126491782312833 6.388652364974767 0.000000000000000
-0.558111302042050 -0.396597845225174 0.028060170746757 -0.137995243333178 0.782609914709154 0.378302755284629 -1.126491782312833 6.388652364972547 0.000000000000278
-0.558801278258716 -0.392684795651628 0.029951684523180 -0.143627702244742 0.814553176534016 0.378302755284630 -1.126491782308392 6.388652364970326 -0.000000000000278
-0.559519416769940 -0.388612029768958 0.031843198299603 -0.149260161156284 0.846496438358868 0.378302755284629 -1.126491782312833 6.388652364974767 0.000000000000000
-0.560265717575721 -0.384379547577164 0.033734712076026 -0.154892620067848 0.878439700183742 0.378302755284629 -1.126491782312833 6.388652364972547 0.000000000000000
-0.561040180676060 -0.379987349076245 0.035626225852449 -0.160525078979412 0.910382962008605 0.378302755284629 -1.126491782308392 6.388652364970326 0.000000000000278
-0.561842806070957 -0.375435434266202 0.037517739628872 -0.166157537890954 0.942326223833456 0.378302755284630 -1.126491782312833 6.388652364974767 -0.000000000000278
-0.562673593760412 -0.370723803147035 0.039409253405295 -0.171789996802518 0.974269485658330 0.378302755284629 -1.126491782312833 6.388652364972547 0.000000000000000
-0.563532543744425 -0.365852455718743 0.041300767181719 -0.177422455714082 1.006212747483193 0.378302755284629 -1.126491782312833 6.388652364972547 0.000000000000000
-0.564419656022995 -0.360821391981327 0.043192280958142 -0.183054914625647 1.038156009308056 0.378302755284629 -1.126491782308392 6.388652364972547 0.000000000000000
-0.565334930596123 -0.355630611934787 0.045083794734565 -0.188687373537189 1.070099271132918 0.378302755284629 -1.126491782312833 6.388652364972547 0.000000000000000
-0.566278367463809 -0.350280115579122 0.046975308510988 -0.194319832448753 1.102042532957781 0.378302755284629 -1.126491782312833 6.388652364972547 0.000000000000278
-0.567249966626053 -0.344769902914333 0.048866822287411 -0.199952291360317 1.133985794782644 0.378302755284630 -1.063908905516442 6.033727233585306 -0.229274397142154
-0.568249728082855 -0.339099973940420 0.050758336063834 -0.205271835887899 1.164154430950570 0.377156383298920 -0.250331507181123 1.419700525548961 -3.209841559990989
-0.569276087262294 -0.333279201785667 0.052644117980329 -0.206523493423805 1.171252933578315 0.361107175498965 0.000000000004441 0.000000000000000 -4.126939148559605
-0.570308704729413 -0.327422937117776 0.054449653857824 -0.206523493423783 1.171252933578315 0.340472479756167 -0.000000000004441 0.000000000002220 -4.126939148559883
-0.571341322196532 -0.321566672449884 0.056152016256605 -0.206523493423805 1.171252933578326 0.319837784013367 0.000000000000000 -0.000000000002220 -4.126939148559328
-0.572373939663651 -0.315710407781993 0.057751205176671 -0.206523493423805 1.171252933578315 0.299203088270571 0.000000000004441 0.000000000000000 -4.126939148559605
-0.573406557130770 -0.309854143114101 0.059247220618024 -0.206523493423783 1.171252933578315 0.278568392527773 -0.000000000004441 0.000000000000000 -4.126939148559605
-0.574439174597889 -0.303997878446209 0.060640062580663 -0.206523493423805 1.171252933578315 0.257933696784975 0.000000000000000 0.000000000000000 -4.126939148559328
-0.575471792065008 -0.298141613778318 0.061929731064588 -0.206523493423805 1.171252933578315 0.237299001042178 0.000000000004441 0.000000000000000 -4.126939148560160
-0.576504409532127 -0.292285349110426 0.063116226069799 -0.206523493423783 1.171252933578315 0.216664305299377 -0.000000000004441 0.000000000002220 -4.126939148559328
-0.577537026999246 -0.286429084442535 0.064199547596296 -0.206523493423805 1.171252933578326 0.196029609556581 0.000000000000000 -0.000000000002220 -4.126939148559328
-0.578569644466365 -0.280572819774643 0.065179695644079 -0.206523493423805 1.171252933578315 0.175394913813784 0.000000000004441 0.000000000002220 -4.126939148559883
-0.579602261933484 -0.274716555106751 0.066056670213148 -0.206523493423783 1.171252933578326 0.154760218070985 -0.000000000004441 -0.000000000002220 -4.126939148559883
-0.580634879400603 -0.268860290438860 0.066830471303503 -0.206523493423805 1.171252933578315 0.134125522328185 0.000000000000000 0.000000000000000 -4.126939148558773
-0.581667496867722 -0.263004025770968 0.067501098915143 -0.206523493423805 1.171252933578315 0.113490826585391 0.000000000004441 0.000000000000000 -4.126939148560438
-0.582700114334841 -0.257147761103077 0.068068553048070 -0.206523493423783 1.171252933578315 0.092856130842589 -0.000000000004441 0.000000000001110 -4.126939148559328
-0.583732731801960 -0.251291496435185 0.068532833702283 -0.206523493423805 1.171252933578321 0.072221435099792 0.000000000000000 0.000000000000000 -4.126939148559328
-0.584765349269079 -0.245435231767294 0.068893940877782 -0.206523493423805 1.171252933578321 0.051586739356996 0.000000000004441 -0.000000000001110 -4.126939148559883
-0.585797966736198 -0.239578967099402 0.069151874574567 -0.206523493423783 1.171252933578315 0.030952043614196 -0.000000000004441 0.000000000001110 -4.126939148559328
-0.586830584203317 -0.233722702431510 0.069306634792638 -0.206523493423805 1.171252933578321 0.010317347871400 0.000000000000000 -0.000000000001110 -4.126939148559883
-0.587863201670436 -0.227866437763619 0.069358221531995 -0.206523493423805 1.171252933578315 -0.010317347871400 0.000000000004441 0.000000000001110 -4.126939148559328
-0.588895819137555 -0.222010173095727 0.069306634792638 -0.206523493423783 1.171252933578321 -0.030952043614196 -0.000000000004441 -0.000000000001110 -4.126939148559883
-0.589928436604674 -0.216153908427836 0.069151874574567 -0.206523493423805 1.171252933578315 -0.051586739356996 0.000000000000000 0.000000000001110 -4.126939148559328
-0.590961054071793 -0.210297643759944 0.068893940877782 -0.206523493423805 1.171252933578321 -0.072221435099792 0.000000000004441 -0.000000000001110 -4.126939148559328
-0.591993671538912 -0.204441379092052 0.068532833702283 -0.206523493423783 1.171252933578315 -0.092856130842589 -0.000000000004441 0.000000000001110 -4.126939148560438
-0.593026289006031 -0.198585114424161 0.068068553048070 -0.206523493423805 1.171252933578321 -0.113490826585391 0.000000000000000 -0.000000000001110 -4.126939148558773
-0.594058906473150 -0.192728849756269 0.067501098915143 -0.206523493423805 1.171252933578315 -0.134125522328185 0.000000000004441 0.000000000000000 -4.126939148559883
-0.595091523940269 -0.186872585088378 0.066830471303503 -0.206523493423783 1.171252933578315 -0.154760218070985 -0.000000000004441 0.000000000002220 -4.126939148559883
-0.596124141407388 -0.181016320420486 0.066056670213148 -0.206523493423805 1.171252933578326 -0.175394913813784 0.000000000000000 -0.000000000002220 -4.126939148559328
-0.597156758874507 -0.175160055752594 0.065179695644079 -0.206523493423805 1.171252933578315 -0.196029609556581 0.000000000004441 0.000000000000000 -4.126939148559328
-0.598189376341626 -0.169303791084703 0.064199547596296 -0.206523493423783 1.171252933578315 -0.216664305299377 -0.000000000004441 0.000000000000000 -4.126939148560160
-0.599221993808745 -0.163447526416811 0.063116226069799 -0.206523493423805 1.171252933578315 -0.237299001042178 0.000000000000000 0.000000000000000 -4.126939148559328
-0.600254611275864 -0.157591261748920 0.061929731064588 -0.206523493423805 1.171252933578315 -0.257933696784975 0.000000000004441 0.000000000002220 -4.126939148559605
-0.601287228742983 -0.151734997081028 0.060640062580663 -0.206523493423783 1.171252933578326 -0.278568392527773 -0.000000000004441 -0.000000000002220 -4.126939148559605
-0.602319846210102 -0.145878732413136 0.059247220618024 -0.206523493423805 1.171252933578315 -0.299203088270571 0.000000000000000 0.000000000000000 -4.126939148559328
-0.603352463677221 -0.140022467745245 0.057751205176671 -0.206523493423805 1.171252933578315 -0.319837784013367 0.000000000004441 0.000000000000000 -4.126939148559883
-0.604385081144340 -0.134166203077353 0.056152016256605 -0.206523493423783 1.171252933578315 -0.340472479756167 -0.000000000004441 0.000000000002220 -4.126939148559605
-0.605417698611459 -0.128309938409462 0.054449653857824 -0.206523493423805 1.171252933578326 -0.361107175498965 0.250331507181123 -1.419700525550649 -3.209841559990989
-0.606450316078578 -0.122453673741570 0.052644117980329 -0.205271835887899 1.164154430950573 -0.377156383298920 1.063908905516442 -6.033727233585839 -0.229274397142154
-0.607476675258017 -0.116632901586817 0.050758336063834 -0.199952291360317 1.133985794782644 -0.378302755284630 1.126491782312833 -6.388652364972547 0.000000000000278
-0.608476436714819 -0.110962972612904 0.048866822287411 -0.194319832448753 1.102042532957781 -0.378302755284629 1.126491782312833 -6.388652364973124 0.000000000000000
-0.609448035877063 -0.105452759948115 0.046975308510988 -0.188687373537189 1.070099271132915 -0.378302755284629 1.126491782308392 -6.388652364971970 0.000000000000000
-0.610391472744749 -0.100102263592451 0.045083794734565 -0.183054914625647 1.038156009308056 -0.378302755284629 1.126491782312833 -6.388652364973124 0.000000000000000
-0.611306747317877 -0.094911483545910 0.043192280958142 -0.177422455714082 1.006212747483190 -0.378302755284629 1.126491782312833 -6.388652364971970 0.000000000000000
-0.612193859596447 -0.089880419808494 0.041300767181719 -0.171789996802518 0.974269485658330 -0.378302755284629 1.126491782312833 -6.388652364973102 -0.000000000000278
-0.613052809580460 -0.085009072380203 0.039409253405295 -0.166157537890954 0.942326223833465 -0.378302755284630 1.126491782308392 -6.388652364972547 0.000000000000278
-0.613883597269915 -0.080297441261035 0.037517739628872 -0.160525078979412 0.910382962008602 -0.378302755284629 1.126491782312833 -6.388652364972547 0.000000000000000
-0.614686222664812 -0.075745526450992 0.035626225852449 -0.154892620067848 0.878439700183739 -0.378302755284629 1.126491782312833 -6.388652364973102 0.000000000000000
-0.615460685765151 -0.071353327950074 0.033734712076026 -0.149260161156284 0.846496438358874 -0.378302755284629 1.126491782308392 -6.388652364972547 -0.000000000000278
-0.616206986570932 -0.067120845758279 0.031843198299603 -0.143627702244742 0.814553176534011 -0.378302755284630 1.126491782312833 -6.388652364972280 0.000000000000278
-0.616925125082156 -0.063048079875609 0.029951684523180 -0.137995243333178 0.782609914709149 -0.378302755284629 1.126491782312833 -6.388652364972813 0.000000000000000
-0.617615101298822 -0.059135030302063 0.028060170746757 -0.132362784421614 0.750666652884285 -0.378302755284629 1.126491782312833 -6.388652364972547 -0.000000000000133
-0.618276915220930 -0.055381697037642 0.026168656970333 -0.126730325510049 0.718723391059423 -0.378302755284630 1.126491782308392 -6.388652364972836 0.000000000000133
-0.618910566848480 -0.051788080082345 0.024277143193910 -0.121097866598507 0.686780129234558 -0.378302755284629 1.126491782312833 -6.388652364972547 -0.000000000000133
-0.619516056181473 -0.048354179436172 0.022385629417487 -0.115465407686943 0.654836867409696 -0.378302755284630 1.126491782312833 -6.388652364972547 0.000000000000133
-0.620093383219907 -0.045079995099124 0.020494115641064 -0.109832948775379 0.622893605584833 -0.378302755284629 1.126491782312833 -6.388652364972813 0.229274397142154
-0.620642547963784 -0.041965527071200 0.018602601864641 -0.104200489863815 0.590950343759969 -0.377156383298918 1.126491782308392 -6.388652364972547 3.209841559990778
-0.621163550413103 -0.039010775352400 0.016716819948146 -0.098568030952273 0.559007081935106 -0.361107175498964 1.126491782312833 -6.388652364972547 4.126939148559683
-0.621656390567865 -0.036215739942724 0.014911284070651 -0.092935572040709 0.527063820110243 -0.340472479756166 1.126491782312833 -6.388652364972691 4.126939148559461
-0.622121068428068 -0.033580420842173 0.013208921671871 -0.087303113129145 0.495120558285380 -0.319837784013369 1.126491782308392 -6.388652364972680 4.126939148559671
-0.622557583993714 -0.031104818050746 0.011609732751804 -0.081670654217603 0.463177296460517 -0.299203088270570 1.126491782312833 -6.388652364972691 4.126939148559605
-0.622965937264802 -0.028788931568443 0.010113717310451 -0.076038195306039 0.431234034635653 -0.278568392527772 1.126491782312833 -6.388652364972680 4.126939148559472
-0.623346128241332 -0.026632761395265 0.008720875347812 -0.070405736394474 0.399290772810790 -0.257933696784975 1.126491782312833 -6.388652364972547 4.126939148559705
-0.623698156923305 -0.024636307531211 0.007431206863887 -0.064773277482910 0.367347510985927 -0.237299001042176 1.126491782308392 -6.388652364972547 4.126939148559572
-0.624022023310719 -0.022799569976282 0.006244711858676 -0.059140818571368 0.335404249161064 -0.216664305299379 1.126491782312833 -6.388652364972824 4.126939148559572
-0.624317727403576 -0.021122548730476 0.005161390332179 -0.053508359659804 0.303460987336200 -0.196029609556581 1.126491782312833 -6.388652364972547 4.126939148559605
-0.624585269201875 -0.019605243793795 0.004181242284396 -0.047875900748240 0.271517725511337 -0.175394913813783 1.126491782312833 -6.388652364972685 4.126939148559589
-0.624824648705616 -0.018247655166239 0.003304267715328 -0.042243441836676 0.239574463686474 -0.154760218070985 1.126491782308392 -6.388652364972547 4.126939148559577
-0.625035865914800 -0.017049782847806 0.002530466624973 -0.036610982925134 0.207631201861611 -0.134125522328187 1.126491782312833 -6.388652364972757 4.126939148559622
-0.625218920829425 -0.016011626838498 0.001859839013332 -0.030978524013570 0.175687940036747 -0.113490826585389 1.126491782312833 -6.388652364972613 4.126939148559580
-0.625373813449493 -0.015133187138314 0.001292384880405 -0.025346065102005 0.143744678211884 -0.092856130842591 1.126491782308392 -6.388652364972616 4.126939148559591
-0.625500543775003 -0.014414463747255 0.000828104226192 -0.019713606190463 0.111801416387021 -0.072221435099793 1.126491782312833 -6.388652364972685 4.126939148559601
-0.625599111805956 -0.013855456665320 0.000466997050693 -0.014081147278899 0.079858154562158 -0.051586739356995 1.126491782312833 -6.388652364972616 4.126939148559588
-0.625669517542350 -0.013456165892509 0.000209063353908 -0.008448688367335 0.047914892737295 -0.030952043614197 1.126491782312833 -6.388652364972685 4.126939148559601
-0.625711760984187 -0.013216591428823 0.000054303135837 -0.008448688367335 0.047914892737295 -0.030952043614197 1.126491782312833 -6.388652364972616 4.126939148559588
-0.625711760984187 -0.013216591428823 0.000054303135837 0.008448688367335 -0.047914892737289 0.030952043614197 1.126491782312833 -6.388652364974767 4.126939148559588
-0.625669517542350 -0.013456165892509 0.000209063353908 0.014081147278899 -0.079858154562162 0.051586739356995 1.126491782312833 -6.388652364970326 4.126939148559601
-0.625599111805956 -0.013855456665320 0.000466997050693 0.019713606190463 -0.111801416387014 0.072221435099793 1.126491782308392 -6.388652364974767 4.126939148559591
-0.625500543775003 -0.014414463747255 0.000828104226192 0.025346065102005 -0.143744678211888 0.092856130842591 1.126491782312833 -6.388652364972547 4.126939148559580
-0.625373813449493 -0.015133187138314 0.001292384880405 0.030978524013570 -0.175687940036751 0.113490826585389 1.126491782312833 -6.388652364972547 4.126939148559622
-0.625218920829425 -0.016011626838498 0.001859839013332 0.036610982925134 -0.207631201861613 0.134125522328187 1.126491782308392 -6.388652364970326 4.126939148559577
-0.625035865914800 -0.017049782847806 0.002530466624973 0.042243441836676 -0.239574463686465 0.154760218070985 1.126491782312833 -6.388652364974767 4.126939148559589
-0.624824648705616 -0.018247655166239 0.003304267715328 0.047875900748240 -0.271517725511339 0.175394913813783 1.126491782312833 -6.388652364972547 4.126939148559605
-0.624585269201875 -0.019605243793795 0.004181242284396 0.053508359659804 -0.303460987336202 0.196029609556581 1.126491782312833 -6.388652364972547 4.126939148559572
-0.624317727403576 -0.021122548730476 0.005161390332179 0.059140818571368 -0.335404249161064 0.216664305299379 1.126491782308392 -6.388652364972547 4.126939148559572
-0.624022023310719 -0.022799569976282 0.006244711858676 0.064773277482910 -0.367347510985927 0.237299001042176 1.126491782312833 -6.388652364972547 4.126939148559705
-0.623698156923305 -0.024636307531211 0.007431206863887 0.070405736394474 -0.399290772810790 0.257933696784975 1.126491782312833 -6.388652364972547 4.126939148559472
-0.623346128241332 -0.026632761395265 0.008720875347812 0.076038195306039 -0.431234034635652 0.278568392527772 1.126491782312833 -6.388652364972547 4.126939148559605
-0.622965937264802 -0.028788931568443 0.010113717310451 0.081670654217603 -0.463177296460515 0.299203088270570 1.126491782308392 -6.388652364972547 4.126939148559671
-0.622557583993714 -0.031104818050746 0.011609732751804 0.087303113129145 -0.495120558285378 0.319837784013369 1.126491782312833 -6.388652364974767 4.126939148559461
-0.622121068428068 -0.033580420842173 0.013208921671871 0.092935572040709 -0.527063820110252 0.340472479756166 1.126491782312833 -6.388652364970326 4.126939148559683
-0.621656390567865 -0.036215739942724 0.014911284070651 0.098568030952273 -0.559007081935103 0.361107175498964 1.126491782308392 -6.388652364972547 3.209841559990778
-0.621163550413103 -0.039010775352400 0.016716819948146 0.104200489863815 -0.590950343759966 0.377156383298918 1.126491782312833 -6.388652364974767 0.229274397142154
-0.620642547963784 -0.041965527071200 0.018602601864641 0.109832948775379 -0.622893605584840 0.378302755284629 1.126491782312833 -6.388652364970326 0.000000000000133
-0.620093383219907 -0.045079995099124 0.020494115641064 0.115465407686943 -0.654836867409692 0.378302755284630 1.126491782312833 -6.388652364972547 -0.000000000000133
-0.619516056181473 -0.048354179436172 0.022385629417487 0.121097866598507 -0.686780129234554 0.378302755284629 1.126491782308392 -6.388652364974767 0.000000000000133
-0.618910566848480 -0.051788080082345 0.024277143193910 0.126730325510049 -0.718723391059428 0.378302755284630 1.126491782312833 -6.388652364970326 -0.000000000000133
-0.618276915220930 -0.055381697037642 0.026168656970333 0.132362784421614 -0.750666652884280 0.378302755284629 1.126491782312833 -6.388652364974767 0.000000000000000
-0.617615101298822 -0.059135030302063 0.028060170746757 0.137995243333178 -0.782609914709154 0.378302755284629 1.126491782312833 -6.388652364972547 0.000000000000278
-0.616925125082156 -0.063048079875609 0.029951684523180 0.143627702244742 -0.814553176534016 0.378302755284630 1.126491782308392 -6.388652364970326 -0.000000000000278
-0.616206986570932 -0.067120845758279 0.031843198299603 0.149260161156284 -0.846496438358868 0.378302755284629 1.126491782312833 -6.388652364974767 0.000000000000000
-0.615460685765151 -0.071353327950074 0.033734712076026 0.154892620067848 -0.878439700183742 0.378302755284629 1.126491782312833 -6.388652364972547 0.000000000000000
-0.614686222664812 -0.075745526450992 0.035626225852449 0.160525078979412 -0.910382962008605 0.378302755284629 1.126491782308392 -6.388652364970326 0.000000000000278
-0.613883597269915 -0.080297441261035 0.037517739628872 0.166157537890954 -0.942326223833456 0.378302755284630 1.126491782312833 -6.388652364974767 -0.000000000000278
-0.613052809580460 -0.085009072380203 0.039409253405295 0.171789996802518 -0.974269485658330 0.378302755284629 1.126491782312833 -6.388652364972547 0.000000000000000
-0.612193859596447 -0.089880419808494 0.041300767181719 0.177422455714082 -1.006212747483193 0.378302755284629 1.126491782312833 -6.388652364972547 0.000000000000000
-0.611306747317877 -0.094911483545910 0.043192280958142 0.183054914625647 -1.038156009308056 0.378302755284629 1.126491782308392 -6.388652364972547 0.000000000000000
-0.610391472744749 -0.100102263592451 0.045083794734565 0.188687373537189 -1.070099271132918 0.378302755284629 1.126491782312833 -6.388652364972547 0.000000000000000
-0.609448035877063 -0.105452759948115 0.046975308510988 0.194319832448753 -1.102042532957781 0.378302755284629 1.126491782312833 -6.388652364972547 0.000000000000278
-0.608476436714819 -0.110962972612904 0.048866822287411 0.199952291360317 -1.133985794782644 0.378302755284630 1.063908905516442 -6.033727233585306 -0.229274397142154
-0.607476675258017 -0.116632901586817 0.050758336063834 0.205271835887899 -1.164154430950570 0.377156383298920 0.250331507181123 -1.419700525548961 -3.209841559990989
-0.606450316078578 -0.122453673741570 0.052644117980329 0.206523493423805 -1.171252933578315 0.361107175498965 -0.000000000004441 -0.000000000000000 -4.126939148559605
-0.605417698611459 -0.128309938409462 0.054449653857824 0.206523493423783 -1.171252933578315 0.340472479756167 0.000000000004441 -0.000000000002220 -4.126939148559883
-0.604385081144340 -0.134166203077353 0.056152016256605 0.206523493423805 -1.171252933578326 0.319837784013367 -0.000000000000000 0.000000000002220 -4.126939148559328
-0.603352463677221 -0.140022467745245 0.057751205176671 0.206523493423805 -1.171252933578315 0.299203088270571 -0.000000000004441 -0.000000000000000 -4.126939148559605
-0.602319846210102 -0.145878732413136 0.059247220618024 0.206523493423783 -1.171252933578315 0.278568392527773 0.000000000004441 -0.000000000000000 -4.126939148559605
-0.601287228742983 -0.151734997081028 0.060640062580663 0.206523493423805 -1.171252933578315 0.257933696784975 -0.000000000000000 -0.000000000000000 -4.126939148559328
-0.600254611275864 -0.157591261748920 0.061929731064588 0.206523493423805 -1.171252933578315 0.237299001042178 -0.000000000004441 -0.000000000000000 -4.126939148560160
-0.599221993808745 -0.163447526416811 0.063116226069799 0.206523493423783 -1.171252933578315 0.216664305299377 0.000000000004441 -0.000000000002220 -4.126939148559328
-0.598189376341626 -0.169303791084703 0.064199547596296 0.206523493423805 -1.171252933578326 0.196029609556581 -0.000000000000000 0.000000000002220 -4.126939148559328
-0.597156758874507 -0.175160055752594 0.065179695644079 0.206523493423805 -1.171252933578315 0.175394913813784 -0.000000000004441 -0.000000000002220 -4.126939148559883
-0.596124141407388 -0.181016320420486 0.066056670213148 0.206523493423783 -1.171252933578326 0.154760218070985 0.000000000004441 0.000000000002220 -4.126939148559883
-0.595091523940269 -0.186872585088378 0.066830471303503 0.206523493423805 -1.171252933578315 0.134125522328185 -0.000000000000000 -0.000000000000000 -4.126939148558773
-0.594058906473150 -0.192728849756269 0.067501098915143 0.206523493423805 -1.171252933578315 0.113490826585391 -0.000000000004441 -0.000000000000000 -4.126939148560438
-0.593026289006031 -0.198585114424161 0.068068553048070 0.206523493423783 -1.171252933578315 0.092856130842589 0.000000000004441 -0.000000000001110 -4.126939148559328
-0.591993671538912 -0.204441379092052 0.068532833702283 0.206523493423805 -1.171252933578321 0.072221435099792 -0.000000000000000 -0.000000000000000 -4.126939148559328
-0.590961054071793 -0.210297643759944 0.068893940877782 0.206523493423805 -1.171252933578321 0.051586739356996 -0.000000000004441 0.000000000001110 -4.126939148559883
-0.589928436604674 -0.216153908427836 0.069151874574567 0.206523493423783 -1.171252933578315 0.030952043614196 0.000000000004441 -0.000000000001110 -4.126939148559328
-0.588895819137555 -0.222010173095727 0.069306634792638 0.206523493423805 -1.171252933578321 0.010317347871400 -0.000000000000000 0.000000000001110 -4.126939148559883
-0.587863201670436 -0.227866437763619 0.069358221531995 0.206523493423805 -1.171252933578315 -0.010317347871400 -0.000000000004441 -0.000000000001110 -4.126939148559328
-0.586830584203317 -0.233722702431510 0.069306634792638 0.206523493423783 -1.171252933578321 -0.030952043614196 0.000000000004441 0.000000000001110 -4.126939148559883
-0.585797966736198 -0.239578967099402 0.069151874574567 0.206523493423805 -1.171252933578315 -0.051586739356996 -0.000000000000000 -0.000000000001110 -4.126939148559328
-0.584765349269079 -0.245435231767294 0.068893940877782 0.206523493423805 -1.171252933578321 -0.072221435099792 -0.000000000004441 0.000000000001110 -4.126939148559328
-0.583732731801960 -0.251291496435185 0.068532833702283 0.206523493423783 -1.171252933578315 -0.092856130842589 0.000000000004441 -0.000000000001110 -4.126939148560438
-0.582700114334841 -0.257147761103077 0.068068553048070 0.206523493423805 -1.171252933578321 -0.113490826585391 -0.000000000000000 0.000000000001110 -4.126939148558773
-0.581667496867722 -0.263004025770968 0.067501098915143 0.206523493423805 -1.171252933578315 -0.134125522328185 -0.000000000004441 -0.000000000000000 -4.126939148559883
-0.580634879400603 -0.268860290438860 0.066830471303503 0.206523493423783 -1.171252933578315 -0.154760218070985 0.000000000004441 -0.000000000002220 -4.126939148559883
-0.579602261933484 -0.274716555106751 0.066056670213148 0.206523493423805 -1.171252933578326 -0.175394913813784 -0.000000000000000 0.000000000002220 -4.126939148559328
-0.578569644466365 -0.280572819774643 0.065179695644079 0.206523493423805 -1.171252933578315 -0.196029609556581 -0.000000000004441 -0.000000000000000 -4.126939148559328
-0.577537026999246 -0.286429084442535 0.064199547596296 0.206523493423783 -1.171252933578315 -0.216664305299377 0.000000000004441 -0.000000000000000 -4.126939148560160
-0.576504409532127 -0.292285349110426 0.063116226069799 0.206523493423805 -1.171252933578315 -0.237299001042178 -0.000000000000000 -0.000000000000000 -4.126939148559328
-0.575471792065008 -0.298141613778318 0.061929731064588 0.206523493423805 -1.171252933578315 -0.257933696784975 -0.000000000004441 -0.000000000002220 -4.126939148559605
-0.574439174597889 -0.303997878446209 0.060640062580663 0.206523493423783 -1.171252933578326 -0.278568392527773 0.000000000004441 0.000000000002220 -4.126939148559605
-0.573406557130770 -0.309854143114101 0.059247220618024 0.206523493423805 -1.171252933578315 -0.299203088270571 -0.000000000000000 -0.000000000000000 -4.126939148559328
-0.572373939663651 -0.315710407781993 0.057751205176671 0.206523493423805 -1.171252933578315 -0.319837784013367 -0.000000000004441 -0.000000000000000 -4.126939148559883
-0.571341322196532 -0.321566672449884 0.056152016256605 0.206523493423783 -1.171252933578315 -0.340472479756167 0.000000000004441 -0.000000000002220 -4.126939148559605
-0.570308704729413 -0.327422937117776 0.054449653857824 0.206523493423805 -1.171252933578326 -0.361107175498965 -0.250331507181123 1.419700525550649 -3.209841559990989
-0.569276087262294 -0.333279201785667 0.052644117980329 0.205271835887899 -1.164154430950573 -0.377156383298920 -1.063908905516442 6.033727233585839 -0.229274397142154
-0.568249728082855 -0.339099973940420 0.050758336063834 0.199952291360317 -1.133985794782644 -0.378302755284630 -1.126491782312833 6.388652364972547 0.000000000000278
-0.567249966626053 -0.344769902914333 0.048866822287411 0.194319832448753 -1.102042532957781 -0.378302755284629 -1.126491782312833 6.388652364973124 0.000000000000000
-0.566278367463809 -0.350280115579122 0.046975308510988 0.188687373537189 -1.070099271132915 -0.378302755284629 -1.126491782308392 6.388652364971970 0.000000000000000
-0.565334930596123 -0.355630611934787 0.045083794734565 0.183054914625647 -1.038156009308056 -0.378302755284629 -1.126491782312833 6.388652364973124 0.000000000000000
-0.564419656022995 -0.360821391981327 0.043192280958142 0.177422455714082 -1.006212747483190 -0.378302755284629 -1.126491782312833 6.388652364971970 0.000000000000000
-0.563532543744425 -0.365852455718743 0.041300767181719 0.171789996802518 -0.974269485658330 -0.378302755284629 -1.126491782312833 6.388652364973102 -0.000000000000278
-0.562673593760412 -0.370723803147035 0.039409253405295 0.166157537890954 -0.942326223833465 -0.378302755284630 -1.126491782308392 6.388652364972547 0.000000000000278
-0.561842806070957 -0.375435434266202 0.037517739628872 0.160525078979412 -0.910382962008602 -0.378302755284629 -1.126491782312833 6.388652364972547 0.000000000000000
-0.561040180676060 -0.379987349076245 0.035626225852449 0.154892620067848 -0.878439700183739 -0.378302755284629 -1.126491782312833 6.388652364973102 0.000000000000000
-0.560265717575721 -0.384379547577164 0.033734712076026 0.149260161156284 -0.846496438358874 -0.378302755284629 -1.126491782308392 6.388652364972547 -0.000000000000278
-0.559519416769940 -0.388612029768958 0.031843198299603 0.143627702244742 -0.814553176534011 -0.378302755284630 -1.126491782312833 6.388652364972280 0.000000000000278
-0.558801278258716 -0.392684795651628 0.029951684523180 0.137995243333178 -0.782609914709149 -0.378302755284629 -1.126491782312833 6.388652364972813 0.000000000000000
-0.558111302042050 -0.396597845225174 0.028060170746757 0.132362784421614 -0.750666652884285 -0.378302755284629 -1.126491782312833 6.388652364972547 -0.000000000000133
-0.557449488119942 -0.400351178489595 0.026168656970333 0.126730325510049 -0.718723391059423 -0.378302755284630 -1.126491782308392 6.388652364972836 0.000000000000133
-0.556815836492392 -0.403944795444893 0.024277143193910 0.121097866598507 -0.686780129234558 -0.378302755284629 -1.126491782312833 6.388652364972547 -0.000000000000133
-0.556210347159399 -0.407378696091065 0.022385629417487 0.115465407686943 -0.654836867409696 -0.378302755284630 -1.126491782312833 6.388652364972547 0.000000000000133
-0.555633020120965 -0.410652880428114 0.020494115641064 0.109832948775379 -0.622893605584833 -0.378302755284629 -1.126491782312833 6.388652364972813 0.229274397142154
-0.555083855377088 -0.413767348456038 0.018602601864641 0.104200489863815 -0.590950343759969 -0.377156383298918 -1.126491782308392 6.388652364972547 3.209841559990778
-0.554562852927769 -0.416722100174838 0.016716819948146 0.098568030952273 -0.559007081935106 -0.361107175498964 -1.126491782312833 6.388652364972547 4.126939148559683
-0.554070012773007 -0.419517135584513 0.014911284070651 0.092935572040709 -0.527063820110243 -0.340472479756166 -1.126491782312833 6.388652364972691 4.126939148559461
-0.553605334912804 -0.422152454685065 0.013208921671871 0.087303113129145 -0.495120558285380 -0.319837784013369 -1.126491782308392 6.388652364972680 4.126939148559671
-0.553168819347158 -0.424628057476491 0.011609732751804 0.081670654217603 -0.463177296460517 -0.299203088270570 -1.126491782312833 6.388652364972691 4.126939148559605
-0.552760466076070 -0.426943943958794 0.010113717310451 0.076038195306039 -0.431234034635653 -0.278568392527772 -1.126491782312833 6.388652364972680 4.126939148559472
-0.552380275099540 -0.429100114131972 0.008720875347812 0.070405736394474 -0.399290772810790 -0.257933696784975 -1.126491782312833 6.388652364972547 4.126939148559705
-0.552028246417567 -0.431096567996026 0.007431206863887 0.064773277482910 -0.367347510985927 -0.237299001042176 -1.126491782308392 6.388652364972547 4.126939148559572
-0.551704380030153 -0.432933305550956 0.006244711858676 0.059140818571368 -0.335404249161064 -0.216664305299379 -1.126491782312833 6.388652364972824 4.126939148559572
-0.551408675937296 -0.434610326796761 0.005161390332179 0.053508359659804 -0.303460987336200 -0.196029609556581 -1.126491782312833 6.388652364972547 4.126939148559605
-0.551141134138997 -0.436127631733442 0.004181242284396 0.047875900748240 -0.271517725511337 -0.175394913813783 -1.126491782312833 6.388652364972685 4.126939148559589
-0.550901754635256 -0.437485220360999 0.003304267715328 0.042243441836676 -0.239574463686474 -0.154760218070985 -1.126491782308392 6.388652364972547 4.126939148559577
-0.550690537426072 -0.438683092679431 0.002530466624973 0.036610982925134 -0.207631201861611 -0.134125522328187 -1.126491782312833 6.388652364972757 4.126939148559622
-0.550507482511447 -0.439721248688739 0.001859839013332 0.030978524013570 -0.175687940036747 -0.113490826585389 -1.126491782312833 6.388652364972613 4.126939148559580
-0.550352589891379 -0.440599688388923 0.001292384880405 0.025346065102005 -0.143744678211884 -0.092856130842591 -1.126491782308392 6.388652364972616 4.126939148559591
-0.550225859565869 -0.441318411779982 0.000828104226192 0.019713606190463 -0.111801416387021 -0.072221435099793 -1.126491782312833 6.388652364972685 4.126939148559601
-0.550127291534917 -0.441877418861918 0.000466997050693 0.014081147278899 -0.079858154562158 -0.051586739356995 -1.126491782312833 6.388652364972616 4.126939148559588
-0.550056885798522 -0.442276709634728 0.000209063353908 0.008448688367335 -0.047914892737295 -0.030952043614197 -1.126491782312833 6.388652364972685 4.126939148559601
-0.550014642356685 -0.442516284098415 0.000054303135837 0.008448688367335 -0.047914892737295 -0.030952043614197 -1.126491782312833 6.388652364972616 4.126939148559588
