-0.550004455845834 -0.452217982873800 0.000012176929967 -0.002615813340445 0.014835014641179 0.007098452731025 -0.348775112057886 1.978001952160913 0.946460364136611
-0.550017534912536 -0.452143807800594 0.000047669193622 -0.004359688900735 0.024725024401984 0.011830754551708 -0.348775112062327 1.978001952156472 0.946460364136611
-0.550039333357040 -0.452020182678584 0.000106822966381 -0.006103564461046 0.034615034162766 0.016563056372391 -0.348775112057886 1.978001952158692 0.946460364136612
-0.550069851179345 -0.451847107507770 0.000189638248243 -0.007847440021336 0.044505043923559 0.021295358193074 -0.348775112057886 1.978001952156472 0.946460364136611
-0.550109088379452 -0.451624582288153 0.000296115039208 -0.009591315581625 0.054395053684342 0.026027660013757 -0.348775112062327 1.978001952158692 0.946460364136608
-0.550157044957360 -0.451352607019731 0.000426253339277 -0.011335191141937 0.064285063445135 0.030759961834440 -0.348775112062327 1.978001952158692 0.946460364136616
-0.550213720913070 -0.451031181702505 0.000580053148449 -0.013079066702248 0.074175073205929 0.035492263655123 -0.348775112053445 1.978001952158692 0.946460364136606
-0.550279116246581 -0.450660306336476 0.000757514466725 -0.014822942262516 0.084065082966722 0.040224565475806 -0.348775112062327 1.978001952156472 0.946460364136610
-0.550353230957894 -0.450239980921642 0.000958637294104 -0.016566817822827 0.093955092727505 0.044956867296489 -0.348775112057886 1.978001952158692 0.946460364136610
-0.550436065047008 -0.449770205458005 0.001183421630586 -0.018310693383117 0.103845102488298 0.049689169117172 -0.348775112062327 1.978001952158692 0.946460364136624
-0.550527618513923 -0.449250979945563 0.001431867476172 -0.020054568943428 0.113735112249091 0.054421470937855 -0.348775112057886 1.978001952156472 0.946460364136606
-0.550627891358640 -0.448682304384318 0.001703974830861 -0.021798444503718 0.123625122009874 0.059153772758538 -0.348775112057886 1.978001952160913 0.946460364136605
-0.550736883581159 -0.448064178774268 0.001999743694654 -0.023542320064007 0.133515131770678 0.063886074579221 -0.348775112062327 1.978001952156472 0.946460364136625
-0.550854595181479 -0.447396603115415 0.002319174067550 -0.025286195624319 0.143405141531461 0.068618376399904 -0.348775112057886 1.978001952156472 0.946460364136606
-0.550981026159601 -0.446679577407757 0.002662265949550 -0.027030071184608 0.153295151292243 0.073350678220587 -0.348775112057886 1.978001952160913 0.946460364136606
-0.551116176515524 -0.445913101651296 0.003029019340653 -0.028773946744898 0.163185161053048 0.078082980041270 -0.348775112062327 1.978001952156472 0.946460364136606
-0.551260046249248 -0.445097175846031 0.003419434240859 -0.030517822305209 0.173075170813830 0.082815281861953 -0.348775112057886 1.978001952158692 0.946460364136623
-0.551412635360774 -0.444231799991962 0.003833510650169 -0.032261697865499 0.182965180574624 0.087547583682637 -0.348775112062327 1.978001952156472 0.946460364136606
-0.551573943850102 -0.443316974089089 0.004271248568582 -0.034005573425810 0.192855190335406 0.092279885503320 -0.348775112057886 1.978001952158692 0.946460364136606
-0.551743971717231 -0.442352698137412 0.004732647996098 -0.035749448986100 0.202745200096199 0.097012187324003 -0.348775112057886 1.978001952158692 0.946460364136606
-0.551922718962161 -0.441338972136931 0.005217708932718 -0.037493324546389 0.212635209856993 0.101744489144686 -0.348775112062327 1.978001952158692 0.946460364136639
-0.552110185584893 -0.440275796087646 0.005726431378442 -0.039237200106701 0.222525219617786 0.106476790965369 -0.348775112057886 1.978001952158692 0.946460364136606
-0.552306371585427 -0.439163169989557 0.006258815333269 -0.040981075666990 0.232415229378580 0.111209092786052 -0.348775112057886 1.978001952156472 0.946460364136573
-0.552511276963762 -0.438001093842664 0.006814860797199 -0.042724951227280 0.242305239139362 0.115941394606735 -0.348775112057886 1.978001952158692 0.946460364136639
-0.552724901719898 -0.436789567646967 0.007394567770233 -0.044468826787569 0.252195248900156 0.120673696427418 -0.348775112066768 1.978001952156472 0.946460364136639
-0.552947245853836 -0.435528591402466 0.007997936252370 -0.046212702347903 0.262085258660938 0.125405998248101 -0.348775112053445 1.978001952158692 0.946460364136537
-0.553178309365575 -0.434218165109162 0.008624966243610 -0.047956577908170 0.271975268421731 0.130138300068784 -0.348775112062327 1.978001952160913 0.946460364136675
-0.553418092255116 -0.432858288767053 0.009275657743954 -0.049700453468482 0.281865278182536 0.134870601889467 -0.348775112057886 1.978001952154251 0.946460364136609
-0.553666594522459 -0.431448962376140 0.009950010753402 -0.051444329028771 0.291755287943307 0.139602903710150 -0.348775112057886 1.978001952160913 0.946460364136603
-0.553923816167603 -0.429990185936424 0.010648025271952 -0.053188204589061 0.301645297704112 0.144335205530833 -0.348775112062327 1.978001952156472 0.946460364136609
-0.554189757190548 -0.428481959447903 0.011369701299606 -0.054932080149372 0.311535307464894 0.149067507351516 -0.348775112057886 1.978001952158692 0.946460364136603
-0.554464417591295 -0.426924282910579 0.012115038836364 -0.056675955709662 0.321425317225688 0.153799809172199 -0.348775112062327 1.978001952158692 0.736135838772939
-0.554747797369843 -0.425317156324450 0.012884037882225 -0.058419831269974 0.331315326986481 0.157480488366064 -0.348775112057886 1.978001952156472 0.052581131340868
-0.555039896526193 -0.423660579689518 0.013671440324055 -0.060163706830263 0.341205336747263 0.157743394022768 -0.348775112057886 1.978001952158692 0.000000000000067
-0.555340715060344 -0.421954553005782 0.014460157294169 -0.061907582390552 0.351095346508057 0.157743394022769 -0.348775112062327 1.978001952158692 -0.000000000000067
-0.555650252972297 -0.420199076273241 0.015248874264283 -0.063651457950864 0.360985356268850 0.157743394022768 -0.348775112053445 1.978001952156472 0.000000000000000
-0.555968510262051 -0.418394149491897 0.016037591234397 -0.065395333511131 0.370875366029633 0.157743394022768 -0.348775112066768 1.978001952160913 0.000000000000000
-0.556295486929607 -0.416539772661749 0.016826308204511 -0.067139209071465 0.380765375790437 0.157743394022768 -0.348775112057886 1.978001952154251 0.000000000000139
-0.556631182974964 -0.414635945782797 0.017615025174625 -0.068883084631755 0.390655385551208 0.157743394022769 -0.348775112057886 1.978001952160913 -0.000000000000139
-0.556975598398123 -0.412682668855041 0.018403742144738 -0.070626960192044 0.400545395312013 0.157743394022768 -0.348775112057886 1.978001952158692 0.000000000000000
-0.557328733199083 -0.410679941878481 0.019192459114852 -0.072370835752333 0.410435405072807 0.157743394022768 -0.348775112062327 1.978001952156472 0.000000000000139
-0.557690587377845 -0.408627764853117 0.019981176084966 -0.074114711312645 0.420325414833589 0.157743394022769 -0.348775112057886 1.978001952158692 -0.000000000000139
-0.558061160934408 -0.406526137778949 0.020769893055080 -0.075858586872934 0.430215424594382 0.157743394022768 -0.348775112057886 1.978001952156472 0.000000000000000
-0.558440453868773 -0.404375060655977 0.021558610025194 -0.077602462433224 0.440105434355165 0.157743394022768 -0.348775112062327 1.978001952158692 0.000000000000139
-0.558828466180939 -0.402174533484201 0.022347326995308 -0.079346337993536 0.449995444115958 0.157743394022769 -0.348775112057886 1.978001952160913 -0.000000000000139
-0.559225197870907 -0.399924556263621 0.023136043965421 -0.081090213553825 0.459885453876763 0.157743394022768 -0.348775112062327 1.978001952154251 0.000000000000000
-0.559630648938676 -0.397625128994237 0.023924760935535 -0.082834089114137 0.469775463637534 0.157743394022768 -0.348775112057886 1.978001952160913 0.000000000000000
-0.560044819384246 -0.395276251676050 0.024713477905649 -0.084577964674426 0.479665473398339 0.157743394022768 -0.348775112057886 1.978001952156472 0.000000000000000
-0.560467709207619 -0.392877924309058 0.025502194875763 -0.086321840234715 0.489555483159121 0.157743394022768 -0.348775112062327 1.978001952158692 0.000000000000000
-0.560899318408792 -0.390430146893262 0.026290911845877 -0.088065715795027 0.499445492919914 0.157743394022768 -0.348775112057886 1.978001952156472 0.000000000000139
-0.561339646987767 -0.387932919428663 0.027079628815991 -0.089809591355317 0.509335502680697 0.157743394022769 -0.348775112057886 1.978001952160913 -0.000000000000139
-0.561788694944544 -0.385386241915259 0.027868345786104 -0.091553466915606 0.519225512441501 0.157743394022768 -0.348775112062327 1.978001952156472 0.000000000000000
-0.562246462279122 -0.382790114353052 0.028657062756218 -0.093297342475918 0.529115522202284 0.157743394022768 -0.348775112057886 1.978001952158692 0.000000000000139
-0.562712948991501 -0.380144536742040 0.029445779726332 -0.095041218036207 0.539005531963077 0.157743394022769 -0.348775112062327 1.978001952156472 -0.000000000000139
-0.563188155081683 -0.377449509082225 0.030234496696446 -0.096785093596519 0.548895541723859 0.157743394022768 -0.348775112053445 1.978001952158692 0.000000000000139
-0.563672080549665 -0.374705031373606 0.031023213666560 -0.098528969156786 0.558785551484653 0.157743394022769 -0.348775112066768 1.978001952158692 -0.000000000000278
-0.564164725395449 -0.371911103616182 0.031811930636674 -0.100272844717120 0.568675561245446 0.157743394022768 -0.348775112053445 1.978001952158692 0.000000000000278
-0.564666089619035 -0.369067725809955 0.032600647606788 -0.102016720277387 0.578565571006240 0.157743394022769 -0.348775112062327 1.978001952156472 0.000000000000000
-0.565176173220422 -0.366174897954924 0.033389364576901 -0.103760595837699 0.588455580767022 0.157743394022769 -0.348775112057886 1.978001952158692 -0.000000000000278
-0.565694976199610 -0.363232620051089 0.034178081547015 -0.105504471397988 0.598345590527816 0.157743394022768 -0.348775112062327 1.978001952160913 0.000000000000278
-0.566222498556600 -0.360240892098450 0.034966798517129 -0.107248346958300 0.608235600288620 0.157743394022769 -0.348775112057886 1.978001952154251 0.000000000000000
-0.566758740291392 -0.357199714097007 0.035755515487243 -0.108992222518589 0.618125610049391 0.157743394022769 -0.348775112057886 1.978001952158692 -0.000000000000278
-0.567303701403984 -0.354109086046760 0.036544232457357 -0.110736098078879 0.628015619810185 0.157743394022768 -0.348775112062327 1.978001952158692 0.000000000000278
-0.567857381894379 -0.350969007947709 0.037332949427471 -0.112479973639190 0.637905629570978 0.157743394022769 -0.348775112057886 1.978001952158692 0.000000000000000
-0.568419781762575 -0.347779479799854 0.038121666397584 -0.114223849199480 0.647795639331772 0.157743394022769 -0.329398716942819 1.868112954814816 -0.052581131341212
-0.568990901008572 -0.344540501603195 0.038910383367698 -0.115870842784194 0.657136204105846 0.157480488366063 -0.077505580460269 0.439555989368845 -0.736135838772800
-0.569570255222493 -0.341254820582666 0.039697785809529 -0.116258370686495 0.659333984052690 0.153799809172199 0.000000000000000 0.000000000000000 -0.946460364136537
-0.570151547075926 -0.337958150662402 0.040466784855390 -0.116258370686495 0.659333984052690 0.149067507351516 0.000000000000000 0.000000000000000 -0.946460364136537
-0.570732838929358 -0.334661480742139 0.041212122392147 -0.116258370686495 0.659333984052690 0.144335205530834 0.000000000000000 0.000000000000000 -0.946460364136814
-0.571314130782791 -0.331364810821875 0.041933798419801 -0.116258370686495 0.659333984052690 0.139602903710150 0.000000000000000 0.000000000002220 -0.946460364136537
-0.571895422636223 -0.328068140901612 0.042631812938352 -0.116258370686495 0.659333984052701 0.134870601889467 0.000000000000000 -0.000000000002220 -0.946460364136537
-0.572476714489656 -0.324771470981349 0.043306165947799 -0.116258370686495 0.659333984052690 0.130138300068784 0.000000000000000 0.000000000000000 -0.946460364136537
-0.573058006343088 -0.321474801061085 0.043956857448143 -0.116258370686495 0.659333984052690 0.125405998248102 0.000000000000000 0.000000000000000 -0.946460364136814
-0.573639298196520 -0.318178131140822 0.044583887439384 -0.116258370686495 0.659333984052690 0.120673696427417 0.000000000000000 0.000000000000000 -0.946460364136537
-0.574220590049953 -0.314881461220558 0.045187255921521 -0.116258370686495 0.659333984052690 0.115941394606735 0.000000000000000 0.000000000000000 -0.946460364136537
-0.574801881903385 -0.311584791300295 0.045766962894555 -0.116258370686495 0.659333984052690 0.111209092786052 0.000000000000000 0.000000000000000 -0.946460364136537
-0.575383173756818 -0.308288121380031 0.046323008358485 -0.116258370686495 0.659333984052690 0.106476790965369 0.000000000000000 0.000000000000000 -0.946460364136814
-0.575964465610250 -0.304991451459768 0.046855392313312 -0.116258370686495 0.659333984052690 0.101744489144685 0.000000000000000 0.000000000000000 -0.946460364136537
-0.576545757463683 -0.301694781539504 0.047364114759035 -0.116258370686495 0.659333984052690 0.097012187324003 0.000000000000000 0.000000000000000 -0.946460364136537
-0.577127049317115 -0.298398111619241 0.047849175695655 -0.116258370686495 0.659333984052690 0.092279885503320 0.000000000000000 0.000000000000000 -0.946460364136814
-0.577708341170548 -0.295101441698977 0.048310575123172 -0.116258370686495 0.659333984052690 0.087547583682636 0.000000000000000 0.000000000000000 -0.946460364136259
-0.578289633023980 -0.291804771778714 0.048748313041585 -0.116258370686495 0.659333984052690 0.082815281861955 0.000000000000000 0.000000000000000 -0.946460364136814
-0.578870924877413 -0.288508101858451 0.049162389450895 -0.116258370686495 0.659333984052690 0.078082980041271 0.000000000000000 0.000000000000000 -0.946460364136814
-0.579452216730845 -0.285211431938187 0.049552804351101 -0.116258370686495 0.659333984052690 0.073350678220586 0.000000000000000 0.000000000000000 -0.946460364136259
-0.580033508584278 -0.281914762017924 0.049919557742204 -0.116258370686495 0.659333984052690 0.068618376399905 0.000000000000000 0.000000000000000 -0.946460364136814
-0.580614800437710 -0.278618092097660 0.050262649624204 -0.116258370686495 0.659333984052690 0.063886074579221 0.000000000004441 0.000000000000000 -0.946460364136537
-0.581196092291143 -0.275321422177397 0.050582079997100 -0.116258370686473 0.659333984052690 0.059153772758538 -0.000000000004441 0.000000000000000 -0.946460364136814
-0.581777384144575 -0.272024752257133 0.050877848860892 -0.116258370686495 0.659333984052690 0.054421470937854 0.000000000000000 0.000000000000000 -0.946460364136259
-0.582358675998008 -0.268728082336870 0.051149956215582 -0.116258370686495 0.659333984052690 0.049689169117173 0.000000000000000 0.000000000000000 -0.946460364136814
-0.582939967851440 -0.265431412416606 0.051398402061167 -0.116258370686495 0.659333984052690 0.044956867296489 0.000000000000000 0.000000000000000 -0.946460364136814
-0.583521259704872 -0.262134742496343 0.051623186397650 -0.116258370686495 0.659333984052690 0.040224565475805 0.000000000000000 0.000000000000000 -0.946460364136259
-0.584102551558305 -0.258838072576079 0.051824309225029 -0.116258370686495 0.659333984052690 0.035492263655124 0.000000000000000 0.000000000000000 -0.946460364136814
-0.584683843411737 -0.255541402655816 0.052001770543305 -0.116258370686495 0.659333984052690 0.030759961834440 0.000000000000000 0.000000000001110 -0.946460364136537
-0.585265135265170 -0.252244732735553 0.052155570352477 -0.116258370686495 0.659333984052696 0.026027660013757 0.000000000000000 -0.000000000001110 -0.946460364136537
-0.585846427118602 -0.248948062815289 0.052285708652546 -0.116258370686495 0.659333984052690 0.021295358193074 0.000000000000000 0.000000000000000 -0.946460364136814
-0.586427718972035 -0.245651392895026 0.052392185443511 -0.116258370686495 0.659333984052690 0.016563056372390 0.000000000000000 0.000000000000000 -0.946460364136537
-0.587009010825467 -0.242354722974762 0.052475000725373 -0.116258370686495 0.659333984052690 0.011830754551707 0.000000000000000 0.000000000000000 -0.946460364136537
-0.587590302678900 -0.239058053054499 0.052534154498131 -0.116258370686495 0.659333984052690 0.007098452731025 0.000000000000000 0.000000000000000 -0.946460364136537
-0.588171594532332 -0.235761383134235 0.052569646761787 -0.116258370686495 0.659333984052690 0.002366150910342 0.000000000000000 0.000000000000000 -0.946460364136814
-0.588752886385765 -0.232464713213972 0.052581477516338 -0.116258370686495 0.659333984052690 -0.002366150910342 0.000000000000000 0.000000000000000 -0.946460364136537
-0.589334178239197 -0.229168043293708 0.052569646761787 -0.116258370686495 0.659333984052690 -0.007098452731025 0.000000000000000 0.000000000000000 -0.946460364136537
-0.589915470092630 -0.225871373373445 0.052534154498131 -0.116258370686495 0.659333984052690 -0.011830754551707 0.000000000000000 0.000000000000000 -0.946460364136537
-0.590496761946062 -0.222574703453182 0.052475000725373 -0.116258370686495 0.659333984052690 -0.016563056372390 0.000000000000000 0.000000000000000 -0.946460364136814
-0.591078053799495 -0.219278033532918 0.052392185443511 -0.116258370686495 0.659333984052690 -0.021295358193074 0.000000000000000 0.000000000000000 -0.946460364136537
-0.591659345652927 -0.215981363612655 0.052285708652546 -0.116258370686495 0.659333984052690 -0.026027660013757 0.000000000000000 0.000000000001110 -0.946460364136537
-0.592240637506360 -0.212684693692391 0.052155570352477 -0.116258370686495 0.659333984052696 -0.030759961834440 0.000000000000000 -0.000000000001110 -0.946460364136814
-0.592821929359792 -0.209388023772128 0.052001770543305 -0.116258370686495 0.659333984052690 -0.035492263655124 0.000000000000000 0.000000000000000 -0.946460364136259
-0.593403221213225 -0.206091353851864 0.051824309225029 -0.116258370686495 0.659333984052690 -0.040224565475805 0.000000000000000 0.000000000000000 -0.946460364136814
-0.593984513066657 -0.202794683931601 0.051623186397650 -0.116258370686495 0.659333984052690 -0.044956867296489 0.000000000000000 0.000000000000000 -0.946460364136814
-0.594565804920089 -0.199498014011337 0.051398402061167 -0.116258370686495 0.659333984052690 -0.049689169117173 0.000000000000000 0.000000000000000 -0.946460364136259
-0.595147096773522 -0.196201344091074 0.051149956215582 -0.116258370686495 0.659333984052690 -0.054421470937854 0.000000000000000 0.000000000000000 -0.946460364136814
-0.595728388626954 -0.192904674170810 0.050877848860892 -0.116258370686495 0.659333984052690 -0.059153772758538 0.000000000004441 0.000000000000000 -0.946460364136537
-0.596309680480387 -0.189608004250547 0.050582079997100 -0.116258370686473 0.659333984052690 -0.063886074579221 -0.000000000004441 0.000000000000000 -0.946460364136814
-0.596890972333819 -0.186311334330284 0.050262649624204 -0.116258370686495 0.659333984052690 -0.068618376399905 0.000000000000000 0.000000000000000 -0.946460364136259
-0.597472264187252 -0.183014664410020 0.049919557742204 -0.116258370686495 0.659333984052690 -0.073350678220586 0.000000000000000 0.000000000000000 -0.946460364136814
-0.598053556040684 -0.179717994489757 0.049552804351101 -0.116258370686495 0.659333984052690 -0.078082980041271 0.000000000000000 0.000000000000000 -0.946460364136814
-0.598634847894117 -0.176421324569493 0.049162389450895 -0.116258370686495 0.659333984052690 -0.082815281861955 0.000000000000000 0.000000000000000 -0.946460364136259
-0.599216139747549 -0.173124654649230 0.048748313041585 -0.116258370686495 0.659333984052690 -0.087547583682636 0.000000000000000 0.000000000002220 -0.946460364136814
-0.599797431600982 -0.169827984728966 0.048310575123172 -0.116258370686495 0.659333984052701 -0.092279885503320 0.000000000000000 -0.000000000002220 -0.946460364136537
-0.600378723454414 -0.166531314808703 0.047849175695655 -0.116258370686495 0.659333984052690 -0.097012187324003 0.000000000000000 0.000000000000000 -0.946460364136537
-0.600960015307847 -0.163234644888439 0.047364114759035 -0.116258370686495 0.659333984052690 -0.101744489144685 0.000000000000000 0.000000000000000 -0.946460364136814
-0.601541307161279 -0.159937974968176 0.046855392313312 -0.116258370686495 0.659333984052690 -0.106476790965369 0.000000000000000 0.000000000000000 -0.946460364136537
-0.602122599014712 -0.156641305047912 0.046323008358485 -0.116258370686495 0.659333984052690 -0.111209092786052 0.000000000000000 0.000000000000000 -0.946460364136537
-0.602703890868144 -0.153344635127649 0.045766962894555 -0.116258370686495 0.659333984052690 -0.115941394606735 0.000000000000000 0.000000000000000 -0.946460364136537
-0.603285182721576 -0.150047965207386 0.045187255921521 -0.116258370686495 0.659333984052690 -0.120673696427417 0.000000000000000 0.000000000000000 -0.946460364136814
-0.603866474575009 -0.146751295287122 0.044583887439384 -0.116258370686495 0.659333984052690 -0.125405998248102 0.000000000000000 0.000000000000000 -0.946460364136537
-0.604447766428441 -0.143454625366859 0.043956857448143 -0.116258370686495 0.659333984052690 -0.130138300068784 0.000000000000000 0.000000000000000 -0.946460364136537
-0.605029058281874 -0.140157955446595 0.043306165947799 -0.116258370686495 0.659333984052690 -0.134870601889467 0.000000000000000 0.000000000000000 -0.946460364136537
-0.605610350135306 -0.136861285526332 0.042631812938352 -0.116258370686495 0.659333984052690 -0.139602903710150 0.000000000000000 0.000000000000000 -0.946460364136814
-0.606191641988739 -0.133564615606068 0.041933798419801 -0.116258370686495 0.659333984052690 -0.144335205530834 0.000000000000000 0.000000000000000 -0.946460364136537
-0.606772933842171 -0.130267945685805 0.041212122392147 -0.116258370686495 0.659333984052690 -0.149067507351516 0.000000000000000 0.000000000000000 -0.946460364136537
-0.607354225695604 -0.126971275765541 0.040466784855390 -0.116258370686495 0.659333984052690 -0.153799809172199 0.077505580460269 -0.439555989368290 -0.736135838772800
-0.607935517549036 -0.123674605845278 0.039697785809529 -0.115870842784194 0.657136204105849 -0.157480488366063 0.329398716942819 -1.868112954815926 -0.052581131341212
-0.608514871762957 -0.120388924824749 0.038910383367698 -0.114223849199480 0.647795639331769 -0.157743394022769 0.348775112057886 -1.978001952158137 0.000000000000000
-0.609085991008955 -0.117149946628090 0.038121666397584 -0.112479973639190 0.637905629570978 -0.157743394022769 0.348775112062327 -1.978001952158137 0.000000000000278
-0.609648390877151 -0.113960418480235 0.037332949427471 -0.110736098078879 0.628015619810188 -0.157743394022768 0.348775112057886 -1.978001952158137 -0.000000000000278
-0.610202071367545 -0.110820340381184 0.036544232457357 -0.108992222518589 0.618125610049397 -0.157743394022769 0.348775112057886 -1.978001952157582 0.000000000000000
-0.610747032480138 -0.107729712330937 0.035755515487243 -0.107248346958300 0.608235600288609 -0.157743394022769 0.348775112062327 -1.978001952158692 0.000000000000278
-0.611283274214929 -0.104688534329494 0.034966798517129 -0.105504471397988 0.598345590527816 -0.157743394022768 0.348775112057886 -1.978001952158137 -0.000000000000278
-0.611810796571919 -0.101696806376855 0.034178081547015 -0.103760595837699 0.588455580767025 -0.157743394022769 0.348775112062327 -1.978001952157582 0.000000000000000
-0.612329599551108 -0.098754528473020 0.033389364576901 -0.102016720277387 0.578565571006237 -0.157743394022769 0.348775112053445 -1.978001952158137 0.000000000000278
-0.612839683152495 -0.095861700617989 0.032600647606788 -0.100272844717120 0.568675561245446 -0.157743394022768 0.348775112066768 -1.978001952158137 -0.000000000000278
-0.613341047376080 -0.093018322811761 0.031811930636674 -0.098528969156786 0.558785551484656 -0.157743394022769 0.348775112053445 -1.978001952158137 0.000000000000139
-0.613833692221864 -0.090224395054338 0.031023213666560 -0.096785093596519 0.548895541723865 -0.157743394022768 0.348775112062327 -1.978001952158137 -0.000000000000139
-0.614317617689847 -0.087479917345719 0.030234496696446 -0.095041218036207 0.539005531963074 -0.157743394022769 0.348775112057886 -1.978001952158137 0.000000000000139
-0.614792823780028 -0.084784889685903 0.029445779726332 -0.093297342475918 0.529115522202284 -0.157743394022768 0.348775112062327 -1.978001952158137 0.000000000000000
-0.615259310492408 -0.082139312074892 0.028657062756218 -0.091553466915606 0.519225512441493 -0.157743394022768 0.348775112057886 -1.978001952157582 -0.000000000000139
-0.615717077826986 -0.079543184512684 0.027868345786104 -0.089809591355317 0.509335502680705 -0.157743394022769 0.348775112057886 -1.978001952158692 0.000000000000139
-0.616166125783762 -0.076996506999281 0.027079628815991 -0.088065715795027 0.499445492919912 -0.157743394022768 0.348775112062327 -1.978001952157582 0.000000000000000
-0.616606454362737 -0.074499279534681 0.026290911845877 -0.086321840234715 0.489555483159124 -0.157743394022768 0.348775112057886 -1.978001952158137 0.000000000000000
-0.617038063563911 -0.072051502118886 0.025502194875763 -0.084577964674426 0.479665473398333 -0.157743394022768 0.348775112057886 -1.978001952158137 0.000000000000000
-0.617460953387283 -0.069653174751894 0.024713477905649 -0.082834089114137 0.469775463637542 -0.157743394022768 0.348775112062327 -1.978001952158137 0.000000000000000
-0.617875123832854 -0.067304297433706 0.023924760935535 -0.081090213553825 0.459885453876752 -0.157743394022768 0.348775112057886 -1.978001952158137 -0.000000000000139
-0.618280574900623 -0.065004870164323 0.023136043965421 -0.079346337993536 0.449995444115961 -0.157743394022769 0.348775112062327 -1.978001952157860 0.000000000000139
-0.618677306590591 -0.062754892943743 0.022347326995308 -0.077602462433224 0.440105434355172 -0.157743394022768 0.348775112057886 -1.978001952158137 0.000000000000000
-0.619065318902757 -0.060554365771967 0.021558610025194 -0.075858586872934 0.430215424594381 -0.157743394022768 0.348775112057886 -1.978001952158137 -0.000000000000139
-0.619444611837121 -0.058403288648995 0.020769893055080 -0.074114711312645 0.420325414833590 -0.157743394022769 0.348775112062327 -1.978001952158137 0.000000000000139
-0.619815185393685 -0.056301661574827 0.019981176084966 -0.072370835752333 0.410435405072800 -0.157743394022768 0.348775112057886 -1.978001952157860 0.000000000000000
-0.620177039572446 -0.054249484549463 0.019192459114852 -0.070626960192044 0.400545395312010 -0.157743394022768 0.348775112057886 -1.978001952158415 -0.000000000000139
-0.620530174373406 -0.052246757572903 0.018403742144738 -0.068883084631755 0.390655385551218 -0.157743394022769 0.348775112057886 -1.978001952157860 0.000000000000139
-0.620874589796565 -0.050293480645147 0.017615025174625 -0.067139209071465 0.380765375790429 -0.157743394022768 0.348775112066768 -1.978001952158137 0.000000000000000
-0.621210285841923 -0.048389653766195 0.016826308204511 -0.065395333511131 0.370875366029638 -0.157743394022768 0.348775112053445 -1.978001952157860 0.000000000000000
-0.621537262509478 -0.046535276936047 0.016037591234397 -0.063651457950864 0.360985356268849 -0.157743394022768 0.348775112062327 -1.978001952158415 -0.000000000000067
-0.621855519799232 -0.044730350154702 0.015248874264283 -0.061907582390552 0.351095346508057 -0.157743394022769 0.348775112057886 -1.978001952157582 0.000000000000067
-0.622165057711185 -0.042974873422162 0.014460157294169 -0.060163706830263 0.341205336747269 -0.157743394022768 0.348775112057886 -1.978001952158692 0.052581131340868
-0.622465876245337 -0.041268846738426 0.013671440324055 -0.058419831269974 0.331315326986475 -0.157480488366064 0.348775112062327 -1.978001952157582 0.736135838772939
-0.622757975401686 -0.039612270103493 0.012884037882225 -0.056675955709662 0.321425317225688 -0.153799809172199 0.348775112057886 -1.978001952158137 0.946460364136603
-0.623041355180235 -0.038005143517365 0.012115038836364 -0.054932080149372 0.311535307464897 -0.149067507351516 0.348775112062327 -1.978001952158137 0.946460364136609
-0.623316015580982 -0.036447466980040 0.011369701299606 -0.053188204589061 0.301645297704106 -0.144335205530833 0.348775112057886 -1.978001952158137 0.946460364136603
-0.623581956603927 -0.034939240491520 0.010648025271952 -0.051444329028771 0.291755287943316 -0.139602903710150 0.348775112057886 -1.978001952158137 0.946460364136609
-0.623839178249071 -0.033480464051803 0.009950010753402 -0.049700453468482 0.281865278182525 -0.134870601889467 0.348775112062327 -1.978001952158004 0.946460364136675
-0.624087680516413 -0.032071137660891 0.009275657743954 -0.047956577908170 0.271975268421735 -0.130138300068784 0.348775112053445 -1.978001952158137 0.946460364136537
-0.624327463405954 -0.030711261318782 0.008624966243610 -0.046212702347903 0.262085258660944 -0.125405998248101 0.348775112066768 -1.978001952157993 0.946460364136639
-0.624558526917694 -0.029400835025477 0.007997936252370 -0.044468826787569 0.252195248900154 -0.120673696427418 0.348775112057886 -1.978001952157998 0.946460364136639
-0.624780871051631 -0.028139858780977 0.007394567770233 -0.042724951227280 0.242305239139364 -0.115941394606735 0.348775112057886 -1.978001952158137 0.946460364136573
-0.624994495807768 -0.026928332585280 0.006814860797199 -0.040981075666990 0.232415229378573 -0.111209092786052 0.348775112057886 -1.978001952157998 0.946460364136606
-0.625199401186103 -0.025766256438387 0.006258815333269 -0.039237200106701 0.222525219617783 -0.106476790965369 0.348775112062327 -1.978001952158137 0.946460364136639
-0.625395587186636 -0.024653630340298 0.005726431378442 -0.037493324546389 0.212635209856993 -0.101744489144686 0.348775112057886 -1.978001952158137 0.946460364136606
-0.625583053809368 -0.023590454291013 0.005217708932718 -0.035749448986100 0.202745200096202 -0.097012187324003 0.348775112057886 -1.978001952158137 0.946460364136606
-0.625761801054299 -0.022576728290532 0.004732647996098 -0.034005573425810 0.192855190335411 -0.092279885503320 0.348775112062327 -1.978001952157860 0.946460364136606
-0.625931828921428 -0.021612452338855 0.004271248568582 -0.032261697865499 0.182965180574622 -0.087547583682637 0.348775112057886 -1.978001952158137 0.946460364136623
-0.626093137410755 -0.020697626435982 0.003833510650169 -0.030517822305209 0.173075170813831 -0.082815281861953 0.348775112062327 -1.978001952158137 0.946460364136606
-0.626245726522281 -0.019832250581913 0.003419434240859 -0.028773946744898 0.163185161053041 -0.078082980041270 0.348775112057886 -1.978001952157998 0.946460364136606
-0.626389596256006 -0.019016324776647 0.003029019340653 -0.027030071184608 0.153295151292251 -0.073350678220587 0.348775112057886 -1.978001952158137 0.946460364136606
-0.626524746611929 -0.018249849020186 0.002662265949550 -0.025286195624319 0.143405141531460 -0.068618376399904 0.348775112062327 -1.978001952157998 0.946460364136625
-0.626651177590050 -0.017532823312529 0.002319174067550 -0.023542320064007 0.133515131770670 -0.063886074579221 0.348775112057886 -1.978001952158137 0.946460364136605
-0.626768889190370 -0.016865247653676 0.001999743694654 -0.021798444503718 0.123625122009879 -0.059153772758538 0.348775112057886 -1.978001952158137 0.946460364136606
-0.626877881412889 -0.016247122043626 0.001703974830861 -0.020054568943428 0.113735112249089 -0.054421470937855 0.348775112062327 -1.978001952157929 0.946460364136624
-0.626978154257606 -0.015678446482381 0.001431867476172 -0.018310693383117 0.103845102488299 -0.049689169117172 0.348775112057886 -1.978001952158137 0.946460364136610
-0.627069707724522 -0.015159220969939 0.001183421630586 -0.016566817822827 0.093955092727508 -0.044956867296489 0.348775112062327 -1.978001952158068 0.946460364136610
-0.627152541813636 -0.014689445506302 0.000958637294104 -0.014822942262516 0.084065082966718 -0.040224565475806 0.348775112053445 -1.978001952158068 0.946460364136606
-0.627226656524948 -0.014269120091468 0.000757514466725 -0.013079066702248 0.074175073205928 -0.035492263655123 0.348775112062327 -1.978001952158068 0.946460364136616
-0.627292051858460 -0.013898244725438 0.000580053148449 -0.011335191141937 0.064285063445137 -0.030759961834440 0.348775112062327 -1.978001952158068 0.946460364136608
-0.627348727814169 -0.013576819408213 0.000426253339277 -0.009591315581625 0.054395053684347 -0.026027660013757 0.348775112057886 -1.978001952158068 0.946460364136611
-0.627396684392078 -0.013304844139791 0.000296115039208 -0.007847440021336 0.044505043923557 -0.021295358193074 0.348775112057886 -1.978001952158137 0.946460364136612
-0.627435921592184 -0.013082318920173 0.000189638248243 -0.006103564461046 0.034615034162766 -0.016563056372391 0.348775112062327 -1.978001952157998 0.946460364136611
-0.627466439414489 -0.012909243749359 0.000106822966381 -0.004359688900735 0.024725024401976 -0.011830754551708 0.348775112057886 -1.978001952158137 0.946460364136611
-0.627488237858993 -0.012785618627350 0.000047669193622 -0.002615813340445 0.014835014641185 -0.007098452731025 0.348775112062327 -1.978001952157998 0.946460364136611
-0.627501316925695 -0.012711443554144 0.000012176929967 -0.002615813340445 0.014835014641185 -0.007098452731025 0.348775112057886 -1.978001952158137 0.946460364136611
-0.627501316925695 -0.012711443554144 0.000012176929967 0.002615813340445 -0.014835014641179 0.007098452731025 0.348775112057886 -1.978001952160913 0.946460364136611
-0.627488237858993 -0.012785618627350 0.000047669193622 0.004359688900735 -0.024725024401984 0.011830754551708 0.348775112062327 -1.978001952156472 0.946460364136611
-0.627466439414489 -0.012909243749359 0.000106822966381 0.006103564461046 -0.034615034162766 0.016563056372391 0.348775112057886 -1.978001952158692 0.946460364136612
-0.627435921592184 -0.013082318920173 0.000189638248243 0.007847440021336 -0.044505043923559 0.021295358193074 0.348775112057886 -1.978001952156472 0.946460364136611
-0.627396684392078 -0.013304844139791 0.000296115039208 0.009591315581625 -0.054395053684342 0.026027660013757 0.348775112062327 -1.978001952158692 0.946460364136608
-0.627348727814169 -0.013576819408213 0.000426253339277 0.011335191141937 -0.064285063445135 0.030759961834440 0.348775112062327 -1.978001952158692 0.946460364136616
-0.627292051858460 -0.013898244725438 0.000580053148449 0.013079066702248 -0.074175073205929 0.035492263655123 0.348775112053445 -1.978001952158692 0.946460364136606
-0.627226656524948 -0.014269120091468 0.000757514466725 0.014822942262516 -0.084065082966722 0.040224565475806 0.348775112062327 -1.978001952156472 0.946460364136610
-0.627152541813636 -0.014689445506302 0.000958637294104 0.016566817822827 -0.093955092727505 0.044956867296489 0.348775112057886 -1.978001952158692 0.946460364136610
-0.627069707724522 -0.015159220969939 0.001183421630586 0.018310693383117 -0.103845102488298 0.049689169117172 0.348775112062327 -1.978001952158692 0.946460364136624
-0.626978154257606 -0.015678446482381 0.001431867476172 0.020054568943428 -0.113735112249091 0.054421470937855 0.348775112057886 -1.978001952156472 0.946460364136606
-0.626877881412889 -0.016247122043626 0.001703974830861 0.021798444503718 -0.123625122009874 0.059153772758538 0.348775112057886 -1.978001952160913 0.946460364136605
-0.626768889190370 -0.016865247653676 0.001999743694654 0.023542320064007 -0.133515131770678 0.063886074579221 0.348775112062327 -1.978001952156472 0.946460364136625
-0.626651177590050 -0.017532823312529 0.002319174067550 0.025286195624319 -0.143405141531461 0.068618376399904 0.348775112057886 -1.978001952156472 0.946460364136606
-0.626524746611929 -0.018249849020186 0.002662265949550 0.027030071184608 -0.153295151292243 0.073350678220587 0.348775112057886 -1.978001952160913 0.946460364136606
-0.626389596256006 -0.019016324776647 0.003029019340653 0.028773946744898 -0.163185161053048 0.078082980041270 0.348775112062327 -1.978001952156472 0.946460364136606
-0.626245726522281 -0.019832250581913 0.003419434240859 0.030517822305209 -0.173075170813830 0.082815281861953 0.348775112057886 -1.978001952158692 0.946460364136623
-0.626093137410755 -0.020697626435982 0.003833510650169 0.032261697865499 -0.182965180574624 0.087547583682637 0.348775112062327 -1.978001952156472 0.946460364136606
-0.625931828921428 -0.021612452338855 0.004271248568582 0.034005573425810 -0.192855190335406 0.092279885503320 0.348775112057886 -1.978001952158692 0.946460364136606
-0.625761801054299 -0.022576728290532 0.004732647996098 0.035749448986100 -0.202745200096199 0.097012187324003 0.348775112057886 -1.978001952158692 0.946460364136606
-0.625583053809368 -0.023590454291013 0.005217708932718 0.037493324546389 -0.212635209856993 0.101744489144686 0.348775112062327 -1.978001952158692 0.946460364136639
-0.625395587186636 -0.024653630340298 0.005726431378442 0.039237200106701 -0.222525219617786 0.106476790965369 0.348775112057886 -1.978001952158692 0.946460364136606
-0.625199401186103 -0.025766256438387 0.006258815333269 0.040981075666990 -0.232415229378580 0.111209092786052 0.348775112057886 -1.978001952156472 0.946460364136573
-0.624994495807768 -0.026928332585280 0.006814860797199 0.042724951227280 -0.242305239139362 0.115941394606735 0.348775112057886 -1.978001952158692 0.946460364136639
-0.624780871051631 -0.028139858780977 0.007394567770233 0.044468826787569 -0.252195248900156 0.120673696427418 0.348775112066768 -1.978001952156472 0.946460364136639
-0.624558526917694 -0.029400835025477 0.007997936252370 0.046212702347903 -0.262085258660938 0.125405998248101 0.348775112053445 -1.978001952158692 0.946460364136537
-0.624327463405954 -0.030711261318782 0.008624966243610 0.047956577908170 -0.271975268421731 0.130138300068784 0.348775112062327 -1.978001952160913 0.946460364136675
-0.624087680516413 -0.032071137660891 0.009275657743954 0.049700453468482 -0.281865278182536 0.134870601889467 0.348775112057886 -1.978001952154251 0.946460364136609
-0.623839178249071 -0.033480464051803 0.009950010753402 0.051444329028771 -0.291755287943307 0.139602903710150 0.348775112057886 -1.978001952160913 0.946460364136603
-0.623581956603927 -0.034939240491520 0.010648025271952 0.053188204589061 -0.301645297704112 0.144335205530833 0.348775112062327 -1.978001952156472 0.946460364136609
-0.623316015580982 -0.036447466980040 0.011369701299606 0.054932080149372 -0.311535307464894 0.149067507351516 0.348775112057886 -1.978001952158692 0.946460364136603
-0.623041355180235 -0.038005143517365 0.012115038836364 0.056675955709662 -0.321425317225688 0.153799809172199 0.348775112062327 -1.978001952158692 0.736135838772939
-0.622757975401686 -0.039612270103493 0.012884037882225 0.058419831269974 -0.331315326986481 0.157480488366064 0.348775112057886 -1.978001952156472 0.052581131340868
-0.622465876245337 -0.041268846738426 0.013671440324055 0.060163706830263 -0.341205336747263 0.157743394022768 0.348775112057886 -1.978001952158692 0.000000000000067
-0.622165057711185 -0.042974873422162 0.014460157294169 0.061907582390552 -0.351095346508057 0.157743394022769 0.348775112062327 -1.978001952158692 -0.000000000000067
-0.621855519799232 -0.044730350154702 0.015248874264283 0.063651457950864 -0.360985356268850 0.157743394022768 0.348775112053445 -1.978001952156472 0.000000000000000
-0.621537262509478 -0.046535276936047 0.016037591234397 0.065395333511131 -0.370875366029633 0.157743394022768 0.348775112066768 -1.978001952160913 0.000000000000000
-0.621210285841923 -0.048389653766195 0.016826308204511 0.067139209071465 -0.380765375790437 0.157743394022768 0.348775112057886 -1.978001952154251 0.000000000000139
-0.620874589796565 -0.050293480645147 0.017615025174625 0.068883084631755 -0.390655385551208 0.157743394022769 0.348775112057886 -1.978001952160913 -0.000000000000139
-0.620530174373406 -0.052246757572903 0.018403742144738 0.070626960192044 -0.400545395312013 0.157743394022768 0.348775112057886 -1.978001952158692 0.000000000000000
-0.620177039572446 -0.054249484549463 0.019192459114852 0.072370835752333 -0.410435405072807 0.157743394022768 0.348775112062327 -1.978001952156472 0.000000000000139
-0.619815185393685 -0.056301661574827 0.019981176084966 0.074114711312645 -0.420325414833589 0.157743394022769 0.348775112057886 -1.978001952158692 -0.000000000000139
-0.619444611837121 -0.058403288648995 0.020769893055080 0.075858586872934 -0.430215424594382 0.157743394022768 0.348775112057886 -1.978001952156472 0.000000000000000
-0.619065318902757 -0.060554365771967 0.021558610025194 0.077602462433224 -0.440105434355165 0.157743394022768 0.348775112062327 -1.978001952158692 0.000000000000139
-0.618677306590591 -0.062754892943743 0.022347326995308 0.079346337993536 -0.449995444115958 0.157743394022769 0.348775112057886 -1.978001952160913 -0.000000000000139
-0.618280574900623 -0.065004870164323 0.023136043965421 0.081090213553825 -0.459885453876763 0.157743394022768 0.348775112062327 -1.978001952154251 0.000000000000000
-0.617875123832854 -0.067304297433706 0.023924760935535 0.082834089114137 -0.469775463637534 0.157743394022768 0.348775112057886 -1.978001952160913 0.000000000000000
-0.617460953387283 -0.069653174751894 0.024713477905649 0.084577964674426 -0.479665473398339 0.157743394022768 0.348775112057886 -1.978001952156472 0.000000000000000
-0.617038063563911 -0.072051502118886 0.025502194875763 0.086321840234715 -0.489555483159121 0.157743394022768 0.348775112062327 -1.978001952158692 0.000000000000000
-0.616606454362737 -0.074499279534681 0.026290911845877 0.088065715795027 -0.499445492919914 0.157743394022768 0.348775112057886 -1.978001952156472 0.000000000000139
-0.616166125783762 -0.076996506999281 0.027079628815991 0.089809591355317 -0.509335502680697 0.157743394022769 0.348775112057886 -1.978001952160913 -0.000000000000139
-0.615717077826986 -0.079543184512684 0.027868345786104 0.091553466915606 -0.519225512441501 0.157743394022768 0.348775112062327 -1.978001952156472 0.000000000000000
-0.615259310492408 -0.082139312074892 0.028657062756218 0.093297342475918 -0.529115522202284 0.157743394022768 0.348775112057886 -1.978001952158692 0.000000000000139
-0.614792823780028 -0.084784889685903 0.029445779726332 0.095041218036207 -0.539005531963077 0.157743394022769 0.348775112062327 -1.978001952156472 -0.000000000000139
-0.614317617689847 -0.087479917345719 0.030234496696446 0.096785093596519 -0.548895541723859 0.157743394022768 0.348775112053445 -1.978001952158692 0.000000000000139
-0.613833692221864 -0.090224395054338 0.031023213666560 0.098528969156786 -0.558785551484653 0.157743394022769 0.348775112066768 -1.978001952158692 -0.000000000000278
-0.613341047376080 -0.093018322811761 0.031811930636674 0.100272844717120 -0.568675561245446 0.157743394022768 0.348775112053445 -1.978001952158692 0.000000000000278
-0.612839683152495 -0.095861700617989 0.032600647606788 0.102016720277387 -0.578565571006240 0.157743394022769 0.348775112062327 -1.978001952156472 0.000000000000000
-0.612329599551108 -0.098754528473020 0.033389364576901 0.103760595837699 -0.588455580767022 0.157743394022769 0.348775112057886 -1.978001952158692 -0.000000000000278
-0.611810796571919 -0.101696806376855 0.034178081547015 0.105504471397988 -0.598345590527816 0.157743394022768 0.348775112062327 -1.978001952160913 0.000000000000278
-0.611283274214929 -0.104688534329494 0.034966798517129 0.107248346958300 -0.608235600288620 0.157743394022769 0.348775112057886 -1.978001952154251 0.000000000000000
-0.610747032480138 -0.107729712330937 0.035755515487243 0.108992222518589 -0.618125610049391 0.157743394022769 0.348775112057886 -1.978001952158692 -0.000000000000278
-0.610202071367545 -0.110820340381184 0.036544232457357 0.110736098078879 -0.628015619810185 0.157743394022768 0.348775112062327 -1.978001952158692 0.000000000000278
-0.609648390877151 -0.113960418480235 0.037332949427471 0.112479973639190 -0.637905629570978 0.157743394022769 0.348775112057886 -1.978001952158692 0.000000000000000
-0.609085991008955 -0.117149946628090 0.038121666397584 0.114223849199480 -0.647795639331772 0.157743394022769 0.329398716942819 -1.868112954814816 -0.052581131341212
-0.608514871762957 -0.120388924824749 0.038910383367698 0.115870842784194 -0.657136204105846 0.157480488366063 0.077505580460269 -0.439555989368845 -0.736135838772800
-0.607935517549036 -0.123674605845278 0.039697785809529 0.116258370686495 -0.659333984052690 0.153799809172199 -0.000000000000000 -0.000000000000000 -0.946460364136537
-0.607354225695604 -0.126971275765541 0.040466784855390 0.116258370686495 -0.659333984052690 0.149067507351516 -0.000000000000000 -0.000000000000000 -0.946460364136537
-0.606772933842171 -0.130267945685805 0.041212122392147 0.116258370686495 -0.659333984052690 0.144335205530834 -0.000000000000000 -0.000000000000000 -0.946460364136814
-0.606191641988739 -0.133564615606068 0.041933798419801 0.116258370686495 -0.659333984052690 0.139602903710150 -0.000000000000000 -0.000000000002220 -0.946460364136537
-0.605610350135306 -0.136861285526332 0.042631812938352 0.116258370686495 -0.659333984052701 0.134870601889467 -0.000000000000000 0.000000000002220 -0.946460364136537
-0.605029058281874 -0.140157955446595 0.043306165947799 0.116258370686495 -0.659333984052690 0.130138300068784 -0.000000000000000 -0.000000000000000 -0.946460364136537
-0.604447766428441 -0.143454625366859 0.043956857448143 0.116258370686495 -0.659333984052690 0.125405998248102 -0.000000000000000 -0.000000000000000 -0.946460364136814
-0.603866474575009 -0.146751295287122 0.044583887439384 0.116258370686495 -0.659333984052690 0.120673696427417 -0.000000000000000 -0.000000000000000 -0.946460364136537
-0.603285182721576 -0.150047965207386 0.045187255921521 0.116258370686495 -0.659333984052690 0.115941394606735 -0.000000000000000 -0.000000000000000 -0.946460364136537
-0.602703890868144 -0.153344635127649 0.045766962894555 0.116258370686495 -0.659333984052690 0.111209092786052 -0.000000000000000 -0.000000000000000 -0.946460364136537
-0.602122599014712 -0.156641305047912 0.046323008358485 0.116258370686495 -0.659333984052690 0.106476790965369 -0.000000000000000 -0.000000000000000 -0.946460364136814
-0.601541307161279 -0.159937974968176 0.046855392313312 0.116258370686495 -0.659333984052690 0.101744489144685 -0.000000000000000 -0.000000000000000 -0.946460364136537
-0.600960015307847 -0.163234644888439 0.047364114759035 0.116258370686495 -0.659333984052690 0.097012187324003 -0.000000000000000 -0.000000000000000 -0.946460364136537
-0.600378723454414 -0.166531314808703 0.047849175695655 0.116258370686495 -0.659333984052690 0.092279885503320 -0.000000000000000 -0.000000000000000 -0.946460364136814
-0.599797431600982 -0.169827984728966 0.048310575123172 0.116258370686495 -0.659333984052690 0.087547583682636 -0.000000000000000 -0.000000000000000 -0.946460364136259
-0.599216139747549 -0.173124654649230 0.048748313041585 0.116258370686495 -0.659333984052690 0.082815281861955 -0.000000000000000 -0.000000000000000 -0.946460364136814
-0.598634847894117 -0.176421324569493 0.049162389450895 0.116258370686495 -0.659333984052690 0.078082980041271 -0.000000000000000 -0.000000000000000 -0.946460364136814
-0.598053556040684 -0.179717994489757 0.049552804351101 0.116258370686495 -0.659333984052690 0.073350678220586 -0.000000000000000 -0.000000000000000 -0.946460364136259
-0.597472264187252 -0.183014664410020 0.049919557742204 0.116258370686495 -0.659333984052690 0.068618376399905 -0.000000000000000 -0.000000000000000 -0.946460364136814
-0.596890972333819 -0.186311334330284 0.050262649624204 0.116258370686495 -0.659333984052690 0.063886074579221 -0.000000000004441 -0.000000000000000 -0.946460364136537
-0.596309680480387 -0.189608004250547 0.050582079997100 0.116258370686473 -0.659333984052690 0.059153772758538 0.000000000004441 -0.000000000000000 -0.946460364136814
-0.595728388626954 -0.192904674170810 0.050877848860892 0.116258370686495 -0.659333984052690 0.054421470937854 -0.000000000000000 -0.000000000000000 -0.946460364136259
-0.595147096773522 -0.196201344091074 0.051149956215582 0.116258370686495 -0.659333984052690 0.049689169117173 -0.000000000000000 -0.000000000000000 -0.946460364136814
-0.594565804920089 -0.199498014011337 0.051398402061167 0.116258370686495 -0.659333984052690 0.044956867296489 -0.000000000000000 -0.000000000000000 -0.946460364136814
-0.593984513066657 -0.202794683931601 0.051623186397650 0.116258370686495 -0.659333984052690 0.040224565475805 -0.000000000000000 -0.000000000000000 -0.946460364136259
-0.593403221213225 -0.206091353851864 0.051824309225029 0.116258370686495 -0.659333984052690 0.035492263655124 -0.000000000000000 -0.000000000000000 -0.946460364136814
-0.592821929359792 -0.209388023772128 0.052001770543305 0.116258370686495 -0.659333984052690 0.030759961834440 -0.000000000000000 -0.000000000001110 -0.946460364136537
-0.592240637506360 -0.212684693692391 0.052155570352477 0.116258370686495 -0.659333984052696 0.026027660013757 -0.000000000000000 0.000000000001110 -0.946460364136537
-0.591659345652927 -0.215981363612655 0.052285708652546 0.116258370686495 -0.659333984052690 0.021295358193074 -0.000000000000000 -0.000000000000000 -0.946460364136814
-0.591078053799495 -0.219278033532918 0.052392185443511 0.116258370686495 -0.659333984052690 0.016563056372390 -0.000000000000000 -0.000000000000000 -0.946460364136537
-0.590496761946062 -0.222574703453182 0.052475000725373 0.116258370686495 -0.659333984052690 0.011830754551707 -0.000000000000000 -0.000000000000000 -0.946460364136537
-0.589915470092630 -0.225871373373445 0.052534154498131 0.116258370686495 -0.659333984052690 0.007098452731025 -0.000000000000000 -0.000000000000000 -0.946460364136537
-0.589334178239197 -0.229168043293708 0.052569646761787 0.116258370686495 -0.659333984052690 0.002366150910342 -0.000000000000000 -0.000000000000000 -0.946460364136814
-0.588752886385765 -0.232464713213972 0.052581477516338 0.116258370686495 -0.659333984052690 -0.002366150910342 -0.000000000000000 -0.000000000000000 -0.946460364136537
-0.588171594532332 -0.235761383134235 0.052569646761787 0.116258370686495 -0.659333984052690 -0.007098452731025 -0.000000000000000 -0.000000000000000 -0.946460364136537
-0.587590302678900 -0.239058053054499 0.052534154498131 0.116258370686495 -0.659333984052690 -0.011830754551707 -0.000000000000000 -0.000000000000000 -0.946460364136537
-0.587009010825467 -0.242354722974762 0.052475000725373 0.116258370686495 -0.659333984052690 -0.016563056372390 -0.000000000000000 -0.000000000000000 -0.946460364136814
-0.586427718972035 -0.245651392895026 0.052392185443511 0.116258370686495 -0.659333984052690 -0.021295358193074 -0.000000000000000 -0.000000000000000 -0.946460364136537
-0.585846427118602 -0.248948062815289 0.052285708652546 0.116258370686495 -0.659333984052690 -0.026027660013757 -0.000000000000000 -0.000000000001110 -0.946460364136537
-0.585265135265170 -0.252244732735553 0.052155570352477 0.116258370686495 -0.659333984052696 -0.030759961834440 -0.000000000000000 0.000000000001110 -0.946460364136814
-0.584683843411737 -0.255541402655816 0.052001770543305 0.116258370686495 -0.659333984052690 -0.035492263655124 -0.000000000000000 -0.000000000000000 -0.946460364136259
-0.584102551558305 -0.258838072576079 0.051824309225029 0.116258370686495 -0.659333984052690 -0.040224565475805 -0.000000000000000 -0.000000000000000 -0.946460364136814
-0.583521259704872 -0.262134742496343 0.051623186397650 0.116258370686495 -0.659333984052690 -0.044956867296489 -0.000000000000000 -0.000000000000000 -0.946460364136814
-0.582939967851440 -0.265431412416606 0.051398402061167 0.116258370686495 -0.659333984052690 -0.049689169117173 -0.000000000000000 -0.000000000000000 -0.946460364136259
-0.582358675998008 -0.268728082336870 0.051149956215582 0.116258370686495 -0.659333984052690 -0.054421470937854 -0.000000000000000 -0.000000000000000 -0.946460364136814
-0.581777384144575 -0.272024752257133 0.050877848860892 0.116258370686495 -0.659333984052690 -0.059153772758538 -0.000000000004441 -0.000000000000000 -0.946460364136537
-0.581196092291143 -0.275321422177397 0.050582079997100 0.116258370686473 -0.659333984052690 -0.063886074579221 0.000000000004441 -0.000000000000000 -0.946460364136814
-0.580614800437710 -0.278618092097660 0.050262649624204 0.116258370686495 -0.659333984052690 -0.068618376399905 -0.000000000000000 -0.000000000000000 -0.946460364136259
-0.580033508584278 -0.281914762017924 0.049919557742204 0.116258370686495 -0.659333984052690 -0.073350678220586 -0.000000000000000 -0.000000000000000 -0.946460364136814
-0.579452216730845 -0.285211431938187 0.049552804351101 0.116258370686495 -0.659333984052690 -0.078082980041271 -0.000000000000000 -0.000000000000000 -0.946460364136814
-0.578870924877413 -0.288508101858451 0.049162389450895 0.116258370686495 -0.659333984052690 -0.082815281861955 -0.000000000000000 -0.000000000000000 -0.946460364136259
-0.578289633023980 -0.291804771778714 0.048748313041585 0.116258370686495 -0.659333984052690 -0.087547583682636 -0.000000000000000 -0.000000000002220 -0.946460364136814
-0.577708341170548 -0.295101441698977 0.048310575123172 0.116258370686495 -0.659333984052701 -0.092279885503320 -0.000000000000000 0.000000000002220 -0.946460364136537
-0.577127049317115 -0.298398111619241 0.047849175695655 0.116258370686495 -0.659333984052690 -0.097012187324003 -0.000000000000000 -0.000000000000000 -0.946460364136537
-0.576545757463683 -0.301694781539504 0.047364114759035 0.116258370686495 -0.659333984052690 -0.101744489144685 -0.000000000000000 -0.000000000000000 -0.946460364136814
-0.575964465610250 -0.304991451459768 0.046855392313312 0.116258370686495 -0.659333984052690 -0.106476790965369 -0.000000000000000 -0.000000000000000 -0.946460364136537
-0.575383173756818 -0.308288121380031 0.046323008358485 0.116258370686495 -0.659333984052690 -0.111209092786052 -0.000000000000000 -0.000000000000000 -0.946460364136537
-0.574801881903385 -0.311584791300295 0.045766962894555 0.116258370686495 -0.659333984052690 -0.115941394606735 -0.000000000000000 -0.000000000000000 -0.946460364136537
-0.574220590049953 -0.314881461220558 0.045187255921521 0.116258370686495 -0.659333984052690 -0.120673696427417 -0.000000000000000 -0.000000000000000 -0.946460364136814
-0.573639298196520 -0.318178131140822 0.044583887439384 0.116258370686495 -0.659333984052690 -0.125405998248102 -0.000000000000000 -0.000000000000000 -0.946460364136537
-0.573058006343088 -0.321474801061085 0.043956857448143 0.116258370686495 -0.659333984052690 -0.130138300068784 -0.000000000000000 -0.000000000000000 -0.946460364136537
-0.572476714489656 -0.324771470981349 0.043306165947799 0.116258370686495 -0.659333984052690 -0.134870601889467 -0.000000000000000 -0.000000000000000 -0.946460364136537
-0.571895422636223 -0.328068140901612 0.042631812938352 0.116258370686495 -0.659333984052690 -0.139602903710150 -0.000000000000000 -0.000000000000000 -0.946460364136814
-0.571314130782791 -0.331364810821875 0.041933798419801 0.116258370686495 -0.659333984052690 -0.144335205530834 -0.000000000000000 -0.000000000000000 -0.946460364136537
-0.570732838929358 -0.334661480742139 0.041212122392147 0.116258370686495 -0.659333984052690 -0.149067507351516 -0.000000000000000 -0.000000000000000 -0.946460364136537
-0.570151547075926 -0.337958150662402 0.040466784855390 0.116258370686495 -0.659333984052690 -0.153799809172199 -0.077505580460269 0.439555989368290 -0.736135838772800
-0.569570255222493 -0.341254820582666 0.039697785809529 0.115870842784194 -0.657136204105849 -0.157480488366063 -0.329398716942819 1.868112954815926 -0.052581131341212
-0.568990901008572 -0.344540501603195 0.038910383367698 0.114223849199480 -0.647795639331769 -0.157743394022769 -0.348775112057886 1.978001952158137 0.000000000000000
-0.568419781762575 -0.347779479799854 0.038121666397584 0.112479973639190 -0.637905629570978 -0.157743394022769 -0.348775112062327 1.978001952158137 0.000000000000278
-0.567857381894379 -0.350969007947709 0.037332949427471 0.110736098078879 -0.628015619810188 -0.157743394022768 -0.348775112057886 1.978001952158137 -0.000000000000278
-0.567303701403984 -0.354109086046760 0.036544232457357 0.108992222518589 -0.618125610049397 -0.157743394022769 -0.348775112057886 1.978001952157582 0.000000000000000
-0.566758740291392 -0.357199714097007 0.035755515487243 0.107248346958300 -0.608235600288609 -0.157743394022769 -0.348775112062327 1.978001952158692 0.000000000000278
-0.566222498556600 -0.360240892098450 0.034966798517129 0.105504471397988 -0.598345590527816 -0.157743394022768 -0.348775112057886 1.978001952158137 -0.000000000000278
-0.565694976199610 -0.363232620051089 0.034178081547015 0.103760595837699 -0.588455580767025 -0.157743394022769 -0.348775112062327 1.978001952157582 0.000000000000000
-0.565176173220422 -0.366174897954924 0.033389364576901 0.102016720277387 -0.578565571006237 -0.157743394022769 -0.348775112053445 1.978001952158137 0.000000000000278
-0.564666089619035 -0.369067725809955 0.032600647606788 0.100272844717120 -0.568675561245446 -0.157743394022768 -0.348775112066768 1.978001952158137 -0.000000000000278
-0.564164725395449 -0.371911103616182 0.031811930636674 0.098528969156786 -0.558785551484656 -0.157743394022769 -0.348775112053445 1.978001952158137 0.000000000000139
-0.563672080549665 -0.374705031373606 0.031023213666560 0.096785093596519 -0.548895541723865 -0.157743394022768 -0.348775112062327 1.978001952158137 -0.000000000000139
-0.563188155081683 -0.377449509082225 0.030234496696446 0.095041218036207 -0.539005531963074 -0.157743394022769 -0.348775112057886 1.978001952158137 0.000000000000139
-0.562712948991501 -0.380144536742040 0.029445779726332 0.093297342475918 -0.529115522202284 -0.157743394022768 -0.348775112062327 1.978001952158137 0.000000000000000
-0.562246462279122 -0.382790114353052 0.028657062756218 0.091553466915606 -0.519225512441493 -0.157743394022768 -0.348775112057886 1.978001952157582 -0.000000000000139
-0.561788694944544 -0.385386241915259 0.027868345786104 0.089809591355317 -0.509335502680705 -0.157743394022769 -0.348775112057886 1.978001952158692 0.000000000000139
-0.561339646987767 -0.387932919428663 0.027079628815991 0.088065715795027 -0.499445492919912 -0.157743394022768 -0.348775112062327 1.978001952157582 0.000000000000000
-0.560899318408792 -0.390430146893262 0.026290911845877 0.086321840234715 -0.489555483159124 -0.157743394022768 -0.348775112057886 1.978001952158137 0.000000000000000
-0.560467709207619 -0.392877924309058 0.025502194875763 0.084577964674426 -0.479665473398333 -0.157743394022768 -0.348775112057886 1.978001952158137 0.000000000000000
-0.560044819384246 -0.395276251676050 0.024713477905649 0.082834089114137 -0.469775463637542 -0.157743394022768 -0.348775112062327 1.978001952158137 0.000000000000000
-0.559630648938676 -0.397625128994237 0.023924760935535 0.081090213553825 -0.459885453876752 -0.157743394022768 -0.348775112057886 1.978001952158137 -0.000000000000139
-0.559225197870907 -0.399924556263621 0.023136043965421 0.079346337993536 -0.449995444115961 -0.157743394022769 -0.348775112062327 1.978001952157860 0.000000000000139
-0.558828466180939 -0.402174533484201 0.022347326995308 0.077602462433224 -0.440105434355172 -0.157743394022768 -0.348775112057886 1.978001952158137 0.000000000000000
-0.558440453868773 -0.404375060655977 0.021558610025194 0.075858586872934 -0.430215424594381 -0.157743394022768 -0.348775112057886 1.978001952158137 -0.000000000000139
-0.558061160934408 -0.406526137778949 0.020769893055080 0.074114711312645 -0.420325414833590 -0.157743394022769 -0.348775112062327 1.978001952158137 0.000000000000139
-0.557690587377845 -0.408627764853117 0.019981176084966 0.072370835752333 -0.410435405072800 -0.157743394022768 -0.348775112057886 1.978001952157860 0.000000000000000
-0.557328733199083 -0.410679941878481 0.019192459114852 0.070626960192044 -0.400545395312010 -0.157743394022768 -0.348775112057886 1.978001952158415 -0.000000000000139
-0.556975598398123 -0.412682668855041 0.018403742144738 0.068883084631755 -0.390655385551218 -0.157743394022769 -0.348775112057886 1.978001952157860 0.000000000000139
-0.556631182974964 -0.414635945782797 0.017615025174625 0.067139209071465 -0.380765375790429 -0.157743394022768 -0.348775112066768 1.978001952158137 0.000000000000000
-0.556295486929607 -0.416539772661749 0.016826308204511 0.065395333511131 -0.370875366029638 -0.157743394022768 -0.348775112053445 1.978001952157860 0.000000000000000
-0.555968510262051 -0.418394149491897 0.016037591234397 0.063651457950864 -0.360985356268849 -0.157743394022768 -0.348775112062327 1.978001952158415 -0.000000000000067
-0.555650252972297 -0.420199076273241 0.015248874264283 0.061907582390552 -0.351095346508057 -0.157743394022769 -0.348775112057886 1.978001952157582 0.000000000000067
-0.555340715060344 -0.421954553005782 0.014460157294169 0.060163706830263 -0.341205336747269 -0.157743394022768 -0.348775112057886 1.978001952158692 0.052581131340868
-0.555039896526193 -0.423660579689518 0.013671440324055 0.058419831269974 -0.331315326986475 -0.157480488366064 -0.348775112062327 1.978001952157582 0.736135838772939
-0.554747797369843 -0.425317156324450 0.012884037882225 0.056675955709662 -0.321425317225688 -0.153799809172199 -0.348775112057886 1.978001952158137 0.946460364136603
-0.554464417591295 -0.426924282910579 0.012115038836364 0.054932080149372 -0.311535307464897 -0.149067507351516 -0.348775112062327 1.978001952158137 0.946460364136609
-0.554189757190548 -0.428481959447903 0.011369701299606 0.053188204589061 -0.301645297704106 -0.144335205530833 -0.348775112057886 1.978001952158137 0.946460364136603
-0.553923816167603 -0.429990185936424 0.010648025271952 0.051444329028771 -0.291755287943316 -0.139602903710150 -0.348775112057886 1.978001952158137 0.946460364136609
-0.553666594522459 -0.431448962376140 0.009950010753402 0.049700453468482 -0.281865278182525 -0.134870601889467 -0.348775112062327 1.978001952158004 0.946460364136675
-0.553418092255116 -0.432858288767053 0.009275657743954 0.047956577908170 -0.271975268421735 -0.130138300068784 -0.348775112053445 1.978001952158137 0.946460364136537
-0.553178309365575 -0.434218165109162 0.008624966243610 0.046212702347903 -0.262085258660944 -0.125405998248101 -0.348775112066768 1.978001952157993 0.946460364136639
-0.552947245853836 -0.435528591402466 0.007997936252370 0.044468826787569 -0.252195248900154 -0.120673696427418 -0.348775112057886 1.978001952157998 0.946460364136639
-0.552724901719898 -0.436789567646967 0.007394567770233 0.042724951227280 -0.242305239139364 -0.115941394606735 -0.348775112057886 1.978001952158137 0.946460364136573
-0.552511276963762 -0.438001093842664 0.006814860797199 0.040981075666990 -0.232415229378573 -0.111209092786052 -0.348775112057886 1.978001952157998 0.946460364136606
-0.552306371585427 -0.439163169989557 0.006258815333269 0.039237200106701 -0.222525219617783 -0.106476790965369 -0.348775112062327 1.978001952158137 0.946460364136639
-0.552110185584893 -0.440275796087646 0.005726431378442 0.037493324546389 -0.212635209856993 -0.101744489144686 -0.348775112057886 1.978001952158137 0.946460364136606
-0.551922718962161 -0.441338972136931 0.005217708932718 0.035749448986100 -0.202745200096202 -0.097012187324003 -0.348775112057886 1.978001952158137 0.946460364136606
-0.551743971717231 -0.442352698137412 0.004732647996098 0.034005573425810 -0.192855190335411 -0.092279885503320 -0.348775112062327 1.978001952157860 0.946460364136606
-0.551573943850102 -0.443316974089089 0.004271248568582 0.032261697865499 -0.182965180574622 -0.087547583682637 -0.348775112057886 1.978001952158137 0.946460364136623
-0.551412635360774 -0.444231799991962 0.003833510650169 0.030517822305209 -0.173075170813831 -0.082815281861953 -0.348775112062327 1.978001952158137 0.946460364136606
-0.551260046249248 -0.445097175846031 0.003419434240859 0.028773946744898 -0.163185161053041 -0.078082980041270 -0.348775112057886 1.978001952157998 0.946460364136606
-0.551116176515524 -0.445913101651296 0.003029019340653 0.027030071184608 -0.153295151292251 -0.073350678220587 -0.348775112057886 1.978001952158137 0.946460364136606
-0.550981026159601 -0.446679577407757 0.002662265949550 0.025286195624319 -0.143405141531460 -0.068618376399904 -0.348775112062327 1.978001952157998 0.946460364136625
-0.550854595181479 -0.447396603115415 0.002319174067550 0.023542320064007 -0.133515131770670 -0.063886074579221 -0.348775112057886 1.978001952158137 0.946460364136605
-0.550736883581159 -0.448064178774268 0.001999743694654 0.021798444503718 -0.123625122009879 -0.059153772758538 -0.348775112057886 1.978001952158137 0.946460364136606
-0.550627891358640 -0.448682304384318 0.001703974830861 0.020054568943428 -0.113735112249089 -0.054421470937855 -0.348775112062327 1.978001952157929 0.946460364136624
-0.550527618513923 -0.449250979945563 0.001431867476172 0.018310693383117 -0.103845102488299 -0.049689169117172 -0.348775112057886 1.978001952158137 0.946460364136610
-0.550436065047008 -0.449770205458005 0.001183421630586 0.016566817822827 -0.093955092727508 -0.044956867296489 -0.348775112062327 1.978001952158068 0.946460364136610
-0.550353230957894 -0.450239980921642 0.000958637294104 0.014822942262516 -0.084065082966718 -0.040224565475806 -0.348775112053445 1.978001952158068 0.946460364136606
-0.550279116246581 -0.450660306336476 0.000757514466725 0.013079066702248 -0.074175073205928 -0.035492263655123 -0.348775112062327 1.978001952158068 0.946460364136616
-0.550213720913070 -0.451031181702505 0.000580053148449 0.011335191141937 -0.064285063445137 -0.030759961834440 -0.348775112062327 1.978001952158068 0.946460364136608
-0.550157044957360 -0.451352607019731 0.000426253339277 0.009591315581625 -0.054395053684347 -0.026027660013757 -0.348775112057886 1.978001952158068 0.946460364136611
-0.550109088379452 -0.451624582288153 0.000296115039208 0.007847440021336 -0.044505043923557 -0.021295358193074 -0.348775112057886 1.978001952158137 0.946460364136612
-0.550069851179345 -0.451847107507770 0.000189638248243 0.006103564461046 -0.034615034162766 -0.016563056372391 -0.348775112062327 1.978001952157998 0.946460364136611
-0.550039333357040 -0.452020182678584 0.000106822966381 0.004359688900735 -0.024725024401976 -0.011830754551708 -0.348775112057886 1.978001952158137 0.946460364136611
-0.550017534912536 -0.452143807800594 0.000047669193622 0.002615813340445 -0.014835014641185 -0.007098452731025 -0.348775112062327 1.978001952157998 0.946460364136611
-0.550004455845834 -0.452217982873800 0.000012176929967 0.002615813340445 -0.014835014641185 -0.007098452731025 -0.348775112057886 1.978001952158137 0.946460364136611
