-0.550017785908136 -0.443553295934333 0.000065420201115 -0.010223932177422 0.057982800682921 0.037107659214866 -1.363190956995552 7.731040091056851 4.947687895315493
-0.550068905569023 -0.443263381930919 0.000250958497189 -0.017039886962400 0.096638001138205 0.061846098691444 -1.363190956995552 7.731040091054631 4.947687895315501
-0.550154105003835 -0.442780191925228 0.000560188990646 -0.023855841747378 0.135293201593478 0.086584538168021 -1.363190956986671 7.731040091056851 4.947687895315486
-0.550273384212572 -0.442103725917260 0.000993111681486 -0.030671796532311 0.173948402048762 0.111322977644599 -1.363190956995552 7.731040091056851 4.947687895315492
-0.550426743195233 -0.441233983907017 0.001549726569709 -0.037487751317289 0.212603602504047 0.136061417121176 -1.363190956986671 7.731040091054631 4.947687895315517
-0.550614181951820 -0.440170965894496 0.002230033655315 -0.044303706102222 0.251258802959320 0.160799856597754 -1.363190956995552 7.731040091056851 4.947687895315511
-0.550835700482331 -0.438914671879700 0.003034032938304 -0.051119660887200 0.289914003414604 0.185538296074331 -1.363190956995552 7.731040091054631 4.947687895315473
-0.551091298786767 -0.437465101862627 0.003961724418675 -0.057935615672178 0.328569203869877 0.210276735550909 -1.363190956986671 7.731040091056851 4.947687895315473
-0.551380976865128 -0.435822255843277 0.005013108096430 -0.064751570457111 0.367224404325162 0.235015175027486 -1.363190956995552 7.731040091056851 4.947687895315539
-0.551704734717413 -0.433986133821652 0.006188183971567 -0.071567525242089 0.405879604780446 0.259753614504064 -1.363190956991112 7.731040091054631 4.947687895315444
-0.552062572343624 -0.431956735797749 0.007486952044088 -0.078383480027044 0.444534805235719 0.284492053980641 -1.363190956991112 7.731040091056851 4.947687895315511
-0.552454489743759 -0.429734061771571 0.008909412313991 -0.085199434812000 0.483190005691003 0.309230493457218 -1.363190956991112 7.731040091056851 4.947687895315577
-0.552880486917819 -0.427318111743116 0.010455564781277 -0.092015389596956 0.521845206146287 0.333968932933796 -1.363190956991112 7.731040091054631 4.947687895315434
-0.553340563865804 -0.424708885712384 0.012125409445946 -0.098831344381911 0.560500406601561 0.358707372410373 -1.363190956995552 7.731040091059072 4.947687895315444
-0.553834720587713 -0.421906383679376 0.013918946307998 -0.105647299166889 0.599155607056856 0.383445811886951 -1.363190956991112 7.731040091052410 4.672816345575792
-0.554362957083548 -0.418910605644092 0.015836175367433 -0.112463253951844 0.637810807512118 0.406809893614830 -1.363190956991112 7.731040091059072 1.099486198958977
-0.554925273353307 -0.415721551606532 0.017870224835507 -0.119279208736800 0.676466007967413 0.412307324609625 -1.363190956991112 7.731040091052410 0.000000000000000
-0.555521669396991 -0.412339221566695 0.019931761458555 -0.126095163521756 0.715121208422675 0.412307324609625 -1.363190956995552 7.731040091059072 0.000000000000133
-0.556152145214600 -0.408763615524581 0.021993298081603 -0.132911118306733 0.753776408877971 0.412307324609625 -1.363190956986671 7.731040091054631 -0.000000000000133
-0.556816700806133 -0.404994733480191 0.024054834704651 -0.139727073091667 0.792431609333244 0.412307324609625 -1.363190956995552 7.731040091056851 0.000000000000000
-0.557515336171592 -0.401032575433525 0.026116371327699 -0.146543027876644 0.831086809788528 0.412307324609625 -1.363190956991112 7.731040091056851 0.000000000000000
-0.558248051310975 -0.396877141384582 0.028177907950747 -0.153358982661600 0.869742010243812 0.412307324609625 -1.363190956991112 7.731040091054631 0.000000000000278
-0.559014846224283 -0.392528431333363 0.030239444573796 -0.160174937446556 0.908397210699086 0.412307324609626 -1.363190956995552 7.731040091054631 -0.000000000000555
-0.559815720911516 -0.387986445279868 0.032300981196844 -0.166990892231533 0.947052411154359 0.412307324609623 -1.363190956986671 7.731040091059072 0.000000000000555
-0.560650675372673 -0.383251183224096 0.034362517819892 -0.173806847016467 0.985707611609654 0.412307324609626 -1.363190956995552 7.731040091054631 -0.000000000000278
-0.561519709607756 -0.378322645166048 0.036424054442940 -0.180622801801444 1.024362812064927 0.412307324609625 -1.363190956991112 7.731040091056851 0.000000000000000
-0.562422823616763 -0.373200831105723 0.038485591065988 -0.187438756586400 1.063018012520212 0.412307324609625 -1.363190956995552 7.731040091054631 0.000000000000000
-0.563360017399695 -0.367885741043122 0.040547127689036 -0.194254711371378 1.101673212975485 0.412307324609625 -1.363190956986671 7.731040091056851 0.000000000000000
-0.564331290956552 -0.362377374978245 0.042608664312084 -0.201070666156311 1.140328413430769 0.412307324609625 -1.363190956995552 7.731040091056851 0.000000000000000
-0.565336644287333 -0.356675732911091 0.044670200935132 -0.207886620941289 1.178983613886053 0.412307324609625 -1.363190956991112 7.731040091054631 0.000000000000000
-0.566376077392040 -0.350780814841661 0.046731737558181 -0.214702575726244 1.217638814341326 0.412307324609625 -1.363190956991112 7.731040091056851 0.000000000000000
-0.567449590270671 -0.344692620769954 0.048793274181229 -0.221518530511200 1.256294014796611 0.412307324609625 -1.060259633214322 6.013031181932860 -1.099486198959387
-0.568557182923227 -0.338411150695971 0.050854810804277 -0.226819828677272 1.286359170706275 0.406809893614828 -0.075732830948638 0.429502227279333 -4.672816345575314
-0.569691282066613 -0.331979354842440 0.052888860272351 -0.227198492832015 1.288506681842672 0.383445811886951 0.000000000004441 0.000000000002220 -4.947687895315577
-0.570827274530774 -0.325536821433226 0.054806089331786 -0.227198492831993 1.288506681842683 0.358707372410373 -0.000000000004441 0.000000000000000 -4.947687895315577
-0.571963266994933 -0.319094288024013 0.056599626193838 -0.227198492832015 1.288506681842683 0.333968932933795 0.000000000004441 -0.000000000002220 -4.947687895315300
-0.573099259459094 -0.312651754614799 0.058269470858507 -0.227198492831993 1.288506681842672 0.309230493457219 0.000000000000000 0.000000000000000 -4.947687895315577
-0.574235251923254 -0.306209221205586 0.059815623325793 -0.227198492831993 1.288506681842672 0.284492053980641 -0.000000000004441 0.000000000002220 -4.947687895315577
-0.575371244387413 -0.299766687796373 0.061238083595696 -0.227198492832015 1.288506681842683 0.259753614504063 0.000000000004441 0.000000000000000 -4.947687895315300
-0.576507236851574 -0.293324154387159 0.062536851668216 -0.227198492831993 1.288506681842683 0.235015175027486 -0.000000000004441 -0.000000000002220 -4.947687895315300
-0.577643229315734 -0.286881620977946 0.063711927543354 -0.227198492832015 1.288506681842672 0.210276735550910 0.000000000004441 0.000000000000000 -4.947687895315855
-0.578779221779894 -0.280439087568733 0.064763311221108 -0.227198492831993 1.288506681842672 0.185538296074331 -0.000000000004441 0.000000000002220 -4.947687895315300
-0.579915214244054 -0.273996554159519 0.065691002701480 -0.227198492832015 1.288506681842683 0.160799856597754 0.000000000004441 0.000000000000000 -4.947687895315855
-0.581051206708214 -0.267554020750306 0.066495001984469 -0.227198492831993 1.288506681842683 0.136061417121175 0.000000000000000 -0.000000000002220 -4.947687895315300
-0.582187199172374 -0.261111487341092 0.067175309070074 -0.227198492831993 1.288506681842672 0.111322977644598 -0.000000000004441 0.000000000001110 -4.947687895315300
-0.583323191636534 -0.254668953931879 0.067731923958297 -0.227198492832015 1.288506681842677 0.086584538168022 0.000000000004441 0.000000000000000 -4.947687895315855
-0.584459184100694 -0.248226420522666 0.068164846649138 -0.227198492831993 1.288506681842677 0.061846098691443 -0.000000000004441 -0.000000000001110 -4.947687895315300
-0.585595176564854 -0.241783887113452 0.068474077142595 -0.227198492832015 1.288506681842672 0.037107659214866 0.000000000004441 0.000000000001110 -4.947687895315300
-0.586731169029014 -0.235341353704239 0.068659615438669 -0.227198492831993 1.288506681842677 0.012369219738290 0.000000000000000 0.000000000000000 -4.947687895315855
-0.587867161493174 -0.228898820295025 0.068721461537361 -0.227198492831993 1.288506681842677 -0.012369219738290 -0.000000000004441 0.000000000000000 -4.947687895315300
-0.589003153957334 -0.222456286885812 0.068659615438669 -0.227198492832015 1.288506681842677 -0.037107659214866 0.000000000004441 0.000000000000000 -4.947687895315300
-0.590139146421494 -0.216013753476599 0.068474077142595 -0.227198492831993 1.288506681842677 -0.061846098691443 -0.000000000004441 0.000000000000000 -4.947687895315855
-0.591275138885654 -0.209571220067385 0.068164846649138 -0.227198492832015 1.288506681842677 -0.086584538168022 0.000000000004441 0.000000000000000 -4.947687895315300
-0.592411131349814 -0.203128686658172 0.067731923958297 -0.227198492831993 1.288506681842677 -0.111322977644598 -0.000000000004441 -0.000000000001110 -4.947687895315300
-0.593547123813974 -0.196686153248959 0.067175309070074 -0.227198492832015 1.288506681842672 -0.136061417121175 0.000000000004441 0.000000000002220 -4.947687895315855
-0.594683116278134 -0.190243619839745 0.066495001984469 -0.227198492831993 1.288506681842683 -0.160799856597754 0.000000000000000 -0.000000000002220 -4.947687895315300
-0.595819108742294 -0.183801086430532 0.065691002701480 -0.227198492831993 1.288506681842672 -0.185538296074331 -0.000000000004441 0.000000000002220 -4.947687895315855
-0.596955101206454 -0.177358553021318 0.064763311221108 -0.227198492832015 1.288506681842683 -0.210276735550910 0.000000000004441 -0.000000000002220 -4.947687895315300
-0.598091093670614 -0.170916019612105 0.063711927543354 -0.227198492831993 1.288506681842672 -0.235015175027486 -0.000000000004441 0.000000000002220 -4.947687895315300
-0.599227086134774 -0.164473486202892 0.062536851668216 -0.227198492832015 1.288506681842683 -0.259753614504063 0.000000000004441 -0.000000000002220 -4.947687895315577
-0.600363078598934 -0.158030952793678 0.061238083595696 -0.227198492831993 1.288506681842672 -0.284492053980641 0.000000000000000 0.000000000002220 -4.947687895315577
-0.601499071063094 -0.151588419384465 0.059815623325793 -0.227198492831993 1.288506681842683 -0.309230493457219 -0.000000000004441 -0.000000000002220 -4.947687895315300
-0.602635063527254 -0.145145885975251 0.058269470858507 -0.227198492832015 1.288506681842672 -0.333968932933795 0.000000000004441 0.000000000002220 -4.947687895315577
-0.603771055991414 -0.138703352566038 0.056599626193838 -0.227198492831993 1.288506681842683 -0.358707372410373 -0.000000000004441 -0.000000000002220 -4.947687895315577
-0.604907048455574 -0.132260819156825 0.054806089331786 -0.227198492832015 1.288506681842672 -0.383445811886951 0.075732830948638 -0.429502227279333 -4.672816345575314
-0.606043040919734 -0.125818285747611 0.052888860272351 -0.226819828677272 1.286359170706275 -0.406809893614828 1.060259633214322 -6.013031181932860 -1.099486198959387
-0.607177140063120 -0.119386489894080 0.050854810804277 -0.221518530511200 1.256294014796611 -0.412307324609625 1.363190956991112 -7.731040091056318 0.000000000000000
-0.608284732715676 -0.113105019820097 0.048793274181229 -0.214702575726244 1.217638814341329 -0.412307324609625 1.363190956991112 -7.731040091055741 0.000000000000000
-0.609358245594307 -0.107016825748390 0.046731737558181 -0.207886620941289 1.178983613886050 -0.412307324609625 1.363190956995552 -7.731040091056274 0.000000000000000
-0.610397678699014 -0.101121907678960 0.044670200935132 -0.201070666156311 1.140328413430769 -0.412307324609625 1.363190956986671 -7.731040091056318 0.000000000000000
-0.611403032029795 -0.095420265611806 0.042608664312084 -0.194254711371378 1.101673212975487 -0.412307324609625 1.363190956995552 -7.731040091055741 0.000000000000000
-0.612374305586652 -0.089911899546929 0.040547127689036 -0.187438756586400 1.063018012520209 -0.412307324609625 1.363190956991112 -7.731040091055741 0.000000000000000
-0.613311499369584 -0.084596809484328 0.038485591065988 -0.180622801801444 1.024362812064930 -0.412307324609625 1.363190956995552 -7.731040091056829 -0.000000000000278
-0.614214613378592 -0.079474995424003 0.036424054442940 -0.173806847016467 0.985707611609646 -0.412307324609626 1.363190956986671 -7.731040091055186 0.000000000000555
-0.615083647613674 -0.074546457365955 0.034362517819892 -0.166990892231533 0.947052411154370 -0.412307324609623 1.363190956995552 -7.731040091056851 -0.000000000000555
-0.615918602074832 -0.069811195310183 0.032300981196844 -0.160174937446556 0.908397210699086 -0.412307324609626 1.363190956991112 -7.731040091055741 0.000000000000278
-0.616719476762064 -0.065269209256688 0.030239444573796 -0.153358982661600 0.869742010243807 -0.412307324609625 1.363190956991112 -7.731040091056030 0.000000000000000
-0.617486271675372 -0.060920499205468 0.028177907950747 -0.146543027876644 0.831086809788527 -0.412307324609625 1.363190956995552 -7.731040091056007 0.000000000000000
-0.618218986814756 -0.056765065156526 0.026116371327699 -0.139727073091667 0.792431609333247 -0.412307324609625 1.363190956986671 -7.731040091056296 -0.000000000000133
-0.618917622180214 -0.052802907109860 0.024054834704651 -0.132911118306733 0.753776408877965 -0.412307324609625 1.363190956995552 -7.731040091055741 0.000000000000133
-0.619582177771748 -0.049034025065470 0.021993298081603 -0.126095163521756 0.715121208422687 -0.412307324609625 1.363190956991112 -7.731040091056296 0.000000000000000
-0.620212653589356 -0.045458419023356 0.019931761458555 -0.119279208736800 0.676466007967405 -0.412307324609625 1.363190956991112 -7.731040091056030 1.099486198958977
-0.620809049633040 -0.042076088983519 0.017870224835507 -0.112463253951844 0.637810807512125 -0.406809893614830 1.363190956991112 -7.731040091056007 4.672816345575792
-0.621371365902800 -0.038887034945959 0.015836175367433 -0.105647299166889 0.599155607056845 -0.383445811886951 1.363190956995552 -7.731040091056296 4.947687895315444
-0.621899602398634 -0.035891256910674 0.013918946307998 -0.098831344381911 0.560500406601563 -0.358707372410373 1.363190956991112 -7.731040091055608 4.947687895315434
-0.622393759120544 -0.033088754877667 0.012125409445946 -0.092015389596956 0.521845206146285 -0.333968932933796 1.363190956991112 -7.731040091056296 4.947687895315577
-0.622853836068528 -0.030479528846935 0.010455564781277 -0.085199434812000 0.483190005691004 -0.309230493457218 1.363190956991112 -7.731040091056151 4.947687895315511
-0.623279833242588 -0.028063578818480 0.008909412313991 -0.078383480027044 0.444534805235723 -0.284492053980641 1.363190956991112 -7.731040091056018 4.947687895315444
-0.623671750642724 -0.025840904792302 0.007486952044088 -0.071567525242089 0.405879604780443 -0.259753614504064 1.363190956995552 -7.731040091056018 4.947687895315539
-0.624029588268934 -0.023811506768399 0.006188183971567 -0.064751570457111 0.367224404325163 -0.235015175027486 1.363190956986671 -7.731040091056018 4.947687895315473
-0.624353346121220 -0.021975384746774 0.005013108096430 -0.057935615672178 0.328569203869883 -0.210276735550909 1.363190956995552 -7.731040091056163 4.947687895315473
-0.624643024199580 -0.020332538727424 0.003961724418675 -0.051119660887200 0.289914003414602 -0.185538296074331 1.363190956995552 -7.731040091056018 4.947687895315511
-0.624898622504016 -0.018882968710351 0.003034032938304 -0.044303706102222 0.251258802959322 -0.160799856597754 1.363190956986671 -7.731040091056013 4.947687895315517
-0.625120141034528 -0.017626674695555 0.002230033655315 -0.037487751317289 0.212603602504042 -0.136061417121176 1.363190956995552 -7.731040091056018 4.947687895315492
-0.625307579791114 -0.016563656683034 0.001549726569709 -0.030671796532311 0.173948402048762 -0.111322977644599 1.363190956986671 -7.731040091056229 4.947687895315486
-0.625460938773776 -0.015693914672791 0.000993111681486 -0.023855841747378 0.135293201593481 -0.086584538168021 1.363190956995552 -7.731040091055946 4.947687895315501
-0.625580217982512 -0.015017448664823 0.000560188990646 -0.017039886962400 0.096638001138201 -0.061846098691444 1.363190956995552 -7.731040091056087 4.947687895315493
-0.625665417417324 -0.014534258659132 0.000250958497189 -0.010223932177422 0.057982800682920 -0.037107659214866 1.363190956995552 -7.731040091055946 4.947687895315501
-0.625716537078212 -0.014244344655718 0.000065420201115 -0.010223932177422 0.057982800682920 -0.037107659214866 1.363190956995552 -7.731040091056087 4.947687895315493
-0.625716537078212 -0.014244344655718 0.000065420201115 0.010223932177422 -0.057982800682921 0.037107659214866 1.363190956995552 -7.731040091056851 4.947687895315493
-0.625665417417324 -0.014534258659132 0.000250958497189 0.017039886962400 -0.096638001138205 0.061846098691444 1.363190956995552 -7.731040091054631 4.947687895315501
-0.625580217982512 -0.015017448664823 0.000560188990646 0.023855841747378 -0.135293201593478 0.086584538168021 1.363190956986671 -7.731040091056851 4.947687895315486
-0.625460938773776 -0.015693914672791 0.000993111681486 0.030671796532311 -0.173948402048762 0.111322977644599 1.363190956995552 -7.731040091056851 4.947687895315492
-0.625307579791114 -0.016563656683034 0.001549726569709 0.037487751317289 -0.212603602504047 0.136061417121176 1.363190956986671 -7.731040091054631 4.947687895315517
-0.625120141034528 -0.017626674695555 0.002230033655315 0.044303706102222 -0.251258802959320 0.160799856597754 1.363190956995552 -7.731040091056851 4.947687895315511
-0.624898622504016 -0.018882968710351 0.003034032938304 0.051119660887200 -0.289914003414604 0.185538296074331 1.363190956995552 -7.731040091054631 4.947687895315473
-0.624643024199580 -0.020332538727424 0.003961724418675 0.057935615672178 -0.328569203869877 0.210276735550909 1.363190956986671 -7.731040091056851 4.947687895315473
-0.624353346121220 -0.021975384746774 0.005013108096430 0.064751570457111 -0.367224404325162 0.235015175027486 1.363190956995552 -7.731040091056851 4.947687895315539
-0.624029588268934 -0.023811506768399 0.006188183971567 0.071567525242089 -0.405879604780446 0.259753614504064 1.363190956991112 -7.731040091054631 4.947687895315444
-0.623671750642724 -0.025840904792302 0.007486952044088 0.078383480027044 -0.444534805235719 0.284492053980641 1.363190956991112 -7.731040091056851 4.947687895315511
-0.623279833242588 -0.028063578818480 0.008909412313991 0.085199434812000 -0.483190005691003 0.309230493457218 1.363190956991112 -7.731040091056851 4.947687895315577
-0.622853836068528 -0.030479528846935 0.010455564781277 0.092015389596956 -0.521845206146287 0.333968932933796 1.363190956991112 -7.731040091054631 4.947687895315434
-0.622393759120544 -0.033088754877667 0.012125409445946 0.098831344381911 -0.560500406601561 0.358707372410373 1.363190956995552 -7.731040091059072 4.947687895315444
-0.621899602398634 -0.035891256910674 0.013918946307998 0.105647299166889 -0.599155607056856 0.383445811886951 1.363190956991112 -7.731040091052410 4.672816345575792
-0.621371365902800 -0.038887034945959 0.015836175367433 0.112463253951844 -0.637810807512118 0.406809893614830 1.363190956991112 -7.731040091059072 1.099486198958977
-0.620809049633040 -0.042076088983519 0.017870224835507 0.119279208736800 -0.676466007967413 0.412307324609625 1.363190956991112 -7.731040091052410 0.000000000000000
-0.620212653589356 -0.045458419023356 0.019931761458555 0.126095163521756 -0.715121208422675 0.412307324609625 1.363190956995552 -7.731040091059072 0.000000000000133
-0.619582177771748 -0.049034025065470 0.021993298081603 0.132911118306733 -0.753776408877971 0.412307324609625 1.363190956986671 -7.731040091054631 -0.000000000000133
-0.618917622180214 -0.052802907109860 0.024054834704651 0.139727073091667 -0.792431609333244 0.412307324609625 1.363190956995552 -7.731040091056851 0.000000000000000
-0.618218986814756 -0.056765065156526 0.026116371327699 0.146543027876644 -0.831086809788528 0.412307324609625 1.363190956991112 -7.731040091056851 0.000000000000000
-0.617486271675372 -0.060920499205468 0.028177907950747 0.153358982661600 -0.869742010243812 0.412307324609625 1.363190956991112 -7.731040091054631 0.000000000000278
-0.616719476762064 -0.065269209256688 0.030239444573796 0.160174937446556 -0.908397210699086 0.412307324609626 1.363190956995552 -7.731040091054631 -0.000000000000555
-0.615918602074832 -0.069811195310183 0.032300981196844 0.166990892231533 -0.947052411154359 0.412307324609623 1.363190956986671 -7.731040091059072 0.000000000000555
-0.615083647613674 -0.074546457365955 0.034362517819892 0.173806847016467 -0.985707611609654 0.412307324609626 1.363190956995552 -7.731040091054631 -0.000000000000278
-0.614214613378592 -0.079474995424003 0.036424054442940 0.180622801801444 -1.024362812064927 0.412307324609625 1.363190956991112 -7.731040091056851 0.000000000000000
-0.613311499369584 -0.084596809484328 0.038485591065988 0.187438756586400 -1.063018012520212 0.412307324609625 1.363190956995552 -7.731040091054631 0.000000000000000
-0.612374305586652 -0.089911899546929 0.040547127689036 0.194254711371378 -1.101673212975485 0.412307324609625 1.363190956986671 -7.731040091056851 0.000000000000000
-0.611403032029795 -0.095420265611806 0.042608664312084 0.201070666156311 -1.140328413430769 0.412307324609625 1.363190956995552 -7.731040091056851 0.000000000000000
-0.610397678699014 -0.101121907678960 0.044670200935132 0.207886620941289 -1.178983613886053 0.412307324609625 1.363190956991112 -7.731040091054631 0.000000000000000
-0.609358245594307 -0.107016825748390 0.046731737558181 0.214702575726244 -1.217638814341326 0.412307324609625 1.363190956991112 -7.731040091056851 0.000000000000000
-0.608284732715676 -0.113105019820097 0.048793274181229 0.221518530511200 -1.256294014796611 0.412307324609625 1.060259633214322 -6.013031181932860 -1.099486198959387
-0.607177140063120 -0.119386489894080 0.050854810804277 0.226819828677272 -1.286359170706275 0.406809893614828 0.075732830948638 -0.429502227279333 -4.672816345575314
-0.606043040919734 -0.125818285747611 0.052888860272351 0.227198492832015 -1.288506681842672 0.383445811886951 -0.000000000004441 -0.000000000002220 -4.947687895315577
-0.604907048455574 -0.132260819156825 0.054806089331786 0.227198492831993 -1.288506681842683 0.358707372410373 0.000000000004441 -0.000000000000000 -4.947687895315577
-0.603771055991414 -0.138703352566038 0.056599626193838 0.227198492832015 -1.288506681842683 0.333968932933795 -0.000000000004441 0.000000000002220 -4.947687895315300
-0.602635063527254 -0.145145885975251 0.058269470858507 0.227198492831993 -1.288506681842672 0.309230493457219 -0.000000000000000 -0.000000000000000 -4.947687895315577
-0.601499071063094 -0.151588419384465 0.059815623325793 0.227198492831993 -1.288506681842672 0.284492053980641 0.000000000004441 -0.000000000002220 -4.947687895315577
-0.600363078598934 -0.158030952793678 0.061238083595696 0.227198492832015 -1.288506681842683 0.259753614504063 -0.000000000004441 -0.000000000000000 -4.947687895315300
-0.599227086134774 -0.164473486202892 0.062536851668216 0.227198492831993 -1.288506681842683 0.235015175027486 0.000000000004441 0.000000000002220 -4.947687895315300
-0.598091093670614 -0.170916019612105 0.063711927543354 0.227198492832015 -1.288506681842672 0.210276735550910 -0.000000000004441 -0.000000000000000 -4.947687895315855
-0.596955101206454 -0.177358553021318 0.064763311221108 0.227198492831993 -1.288506681842672 0.185538296074331 0.000000000004441 -0.000000000002220 -4.947687895315300
-0.595819108742294 -0.183801086430532 0.065691002701480 0.227198492832015 -1.288506681842683 0.160799856597754 -0.000000000004441 -0.000000000000000 -4.947687895315855
-0.594683116278134 -0.190243619839745 0.066495001984469 0.227198492831993 -1.288506681842683 0.136061417121175 -0.000000000000000 0.000000000002220 -4.947687895315300
-0.593547123813974 -0.196686153248959 0.067175309070074 0.227198492831993 -1.288506681842672 0.111322977644598 0.000000000004441 -0.000000000001110 -4.947687895315300
-0.592411131349814 -0.203128686658172 0.067731923958297 0.227198492832015 -1.288506681842677 0.086584538168022 -0.000000000004441 -0.000000000000000 -4.947687895315855
-0.591275138885654 -0.209571220067385 0.068164846649138 0.227198492831993 -1.288506681842677 0.061846098691443 0.000000000004441 0.000000000001110 -4.947687895315300
-0.590139146421494 -0.216013753476599 0.068474077142595 0.227198492832015 -1.288506681842672 0.037107659214866 -0.000000000004441 -0.000000000001110 -4.947687895315300
-0.589003153957334 -0.222456286885812 0.068659615438669 0.227198492831993 -1.288506681842677 0.012369219738290 -0.000000000000000 -0.000000000000000 -4.947687895315855
-0.587867161493174 -0.228898820295025 0.068721461537361 0.227198492831993 -1.288506681842677 -0.012369219738290 0.000000000004441 -0.000000000000000 -4.947687895315300
-0.586731169029014 -0.235341353704239 0.068659615438669 0.227198492832015 -1.288506681842677 -0.037107659214866 -0.000000000004441 -0.000000000000000 -4.947687895315300
-0.585595176564854 -0.241783887113452 0.068474077142595 0.227198492831993 -1.288506681842677 -0.061846098691443 0.000000000004441 -0.000000000000000 -4.947687895315855
-0.584459184100694 -0.248226420522666 0.068164846649138 0.227198492832015 -1.288506681842677 -0.086584538168022 -0.000000000004441 -0.000000000000000 -4.947687895315300
-0.583323191636534 -0.254668953931879 0.067731923958297 0.227198492831993 -1.288506681842677 -0.111322977644598 0.000000000004441 0.000000000001110 -4.947687895315300
-0.582187199172374 -0.261111487341092 0.067175309070074 0.227198492832015 -1.288506681842672 -0.136061417121175 -0.000000000004441 -0.000000000002220 -4.947687895315855
-0.581051206708214 -0.267554020750306 0.066495001984469 0.227198492831993 -1.288506681842683 -0.160799856597754 -0.000000000000000 0.000000000002220 -4.947687895315300
-0.579915214244054 -0.273996554159519 0.065691002701480 0.227198492831993 -1.288506681842672 -0.185538296074331 0.000000000004441 -0.000000000002220 -4.947687895315855
-0.578779221779894 -0.280439087568733 0.064763311221108 0.227198492832015 -1.288506681842683 -0.210276735550910 -0.000000000004441 0.000000000002220 -4.947687895315300
-0.577643229315734 -0.286881620977946 0.063711927543354 0.227198492831993 -1.288506681842672 -0.235015175027486 0.000000000004441 -0.000000000002220 -4.947687895315300
-0.576507236851574 -0.293324154387159 0.062536851668216 0.227198492832015 -1.288506681842683 -0.259753614504063 -0.000000000004441 0.000000000002220 -4.947687895315577
-0.575371244387413 -0.299766687796373 0.061238083595696 0.227198492831993 -1.288506681842672 -0.284492053980641 -0.000000000000000 -0.000000000002220 -4.947687895315577
-0.574235251923254 -0.306209221205586 0.059815623325793 0.227198492831993 -1.288506681842683 -0.309230493457219 0.000000000004441 0.000000000002220 -4.947687895315300
-0.573099259459094 -0.312651754614799 0.058269470858507 0.227198492832015 -1.288506681842672 -0.333968932933795 -0.000000000004441 -0.000000000002220 -4.947687895315577
-0.571963266994933 -0.319094288024013 0.056599626193838 0.227198492831993 -1.288506681842683 -0.358707372410373 0.000000000004441 0.000000000002220 -4.947687895315577
-0.570827274530774 -0.325536821433226 0.054806089331786 0.227198492832015 -1.288506681842672 -0.383445811886951 -0.075732830948638 0.429502227279333 -4.672816345575314
-0.569691282066613 -0.331979354842440 0.052888860272351 0.226819828677272 -1.286359170706275 -0.406809893614828 -1.060259633214322 6.013031181932860 -1.099486198959387
-0.568557182923227 -0.338411150695971 0.050854810804277 0.221518530511200 -1.256294014796611 -0.412307324609625 -1.363190956991112 7.731040091056318 0.000000000000000
-0.567449590270671 -0.344692620769954 0.048793274181229 0.214702575726244 -1.217638814341329 -0.412307324609625 -1.363190956991112 7.731040091055741 0.000000000000000
-0.566376077392040 -0.350780814841661 0.046731737558181 0.207886620941289 -1.178983613886050 -0.412307324609625 -1.363190956995552 7.731040091056274 0.000000000000000
-0.565336644287333 -0.356675732911091 0.044670200935132 0.201070666156311 -1.140328413430769 -0.412307324609625 -1.363190956986671 7.731040091056318 0.000000000000000
-0.564331290956552 -0.362377374978245 0.042608664312084 0.194254711371378 -1.101673212975487 -0.412307324609625 -1.363190956995552 7.731040091055741 0.000000000000000
-0.563360017399695 -0.367885741043122 0.040547127689036 0.187438756586400 -1.063018012520209 -0.412307324609625 -1.363190956991112 7.731040091055741 0.000000000000000
-0.562422823616763 -0.373200831105723 0.038485591065988 0.180622801801444 -1.024362812064930 -0.412307324609625 -1.363190956995552 7.731040091056829 -0.000000000000278
-0.561519709607756 -0.378322645166048 0.036424054442940 0.173806847016467 -0.985707611609646 -0.412307324609626 -1.363190956986671 7.731040091055186 0.000000000000555
-0.560650675372673 -0.383251183224096 0.034362517819892 0.166990892231533 -0.947052411154370 -0.412307324609623 -1.363190956995552 7.731040091056851 -0.000000000000555
-0.559815720911516 -0.387986445279868 0.032300981196844 0.160174937446556 -0.908397210699086 -0.412307324609626 -1.363190956991112 7.731040091055741 0.000000000000278
-0.559014846224283 -0.392528431333363 0.030239444573796 0.153358982661600 -0.869742010243807 -0.412307324609625 -1.363190956991112 7.731040091056030 0.000000000000000
-0.558248051310975 -0.396877141384582 0.028177907950747 0.146543027876644 -0.831086809788527 -0.412307324609625 -1.363190956995552 7.731040091056007 0.000000000000000
-0.557515336171592 -0.401032575433525 0.026116371327699 0.139727073091667 -0.792431609333247 -0.412307324609625 -1.363190956986671 7.731040091056296 -0.000000000000133
-0.556816700806133 -0.404994733480191 0.024054834704651 0.132911118306733 -0.753776408877965 -0.412307324609625 -1.363190956995552 7.731040091055741 0.000000000000133
-0.556152145214600 -0.408763615524581 0.021993298081603 0.126095163521756 -0.715121208422687 -0.412307324609625 -1.363190956991112 7.731040091056296 0.000000000000000
-0.555521669396991 -0.412339221566695 0.019931761458555 0.119279208736800 -0.676466007967405 -0.412307324609625 -1.363190956991112 7.731040091056030 1.099486198958977
-0.554925273353307 -0.415721551606532 0.017870224835507 0.112463253951844 -0.637810807512125 -0.406809893614830 -1.363190956991112 7.731040091056007 4.672816345575792
-0.554362957083548 -0.418910605644092 0.015836175367433 0.105647299166889 -0.599155607056845 -0.383445811886951 -1.363190956995552 7.731040091056296 4.947687895315444
-0.553834720587713 -0.421906383679376 0.013918946307998 0.098831344381911 -0.560500406601563 -0.358707372410373 -1.363190956991112 7.731040091055608 4.947687895315434
-0.553340563865804 -0.424708885712384 0.012125409445946 0.092015389596956 -0.521845206146285 -0.333968932933796 -1.363190956991112 7.731040091056296 4.947687895315577
-0.552880486917819 -0.427318111743116 0.010455564781277 0.085199434812000 -0.483190005691004 -0.309230493457218 -1.363190956991112 7.731040091056151 4.947687895315511
-0.552454489743759 -0.429734061771571 0.008909412313991 0.078383480027044 -0.444534805235723 -0.284492053980641 -1.363190956991112 7.731040091056018 4.947687895315444
-0.552062572343624 -0.431956735797749 0.007486952044088 0.071567525242089 -0.405879604780443 -0.259753614504064 -1.363190956995552 7.731040091056018 4.947687895315539
-0.551704734717413 -0.433986133821652 0.006188183971567 0.064751570457111 -0.367224404325163 -0.235015175027486 -1.363190956986671 7.731040091056018 4.947687895315473
-0.551380976865128 -0.435822255843277 0.005013108096430 0.057935615672178 -0.328569203869883 -0.210276735550909 -1.363190956995552 7.731040091056163 4.947687895315473
-0.551091298786767 -0.437465101862627 0.003961724418675 0.051119660887200 -0.289914003414602 -0.185538296074331 -1.363190956995552 7.731040091056018 4.947687895315511
-0.550835700482331 -0.438914671879700 0.003034032938304 0.044303706102222 -0.251258802959322 -0.160799856597754 -1.363190956986671 7.731040091056013 4.947687895315517
-0.550614181951820 -0.440170965894496 0.002230033655315 0.037487751317289 -0.212603602504042 -0.136061417121176 -1.363190956995552 7.731040091056018 4.947687895315492
-0.550426743195233 -0.441233983907017 0.001549726569709 0.030671796532311 -0.173948402048762 -0.111322977644599 -1.363190956986671 7.731040091056229 4.947687895315486
-0.550273384212572 -0.442103725917260 0.000993111681486 0.023855841747378 -0.135293201593481 -0.086584538168021 -1.363190956995552 7.731040091055946 4.947687895315501
-0.550154105003835 -0.442780191925228 0.000560188990646 0.017039886962400 -0.096638001138201 -0.061846098691444 -1.363190956995552 7.731040091056087 4.947687895315493
-0.550068905569023 -0.443263381930919 0.000250958497189 0.010223932177422 -0.057982800682920 -0.037107659214866 -1.363190956995552 7.731040091055946 4.947687895315501
-0.550017785908136 -0.443553295934333 0.000065420201115 0.010223932177422 -0.057982800682920 -0.037107659214866 -1.363190956995552 7.731040091056087 4.947687895315493
