-0.550004931766513 -0.451320855817496 0.000015475094256 -0.002891944913963 0.016401034613833 0.009007793781573 -0.385592655192113 2.186804615180726 1.201039170876455
-0.550019391491083 -0.451238850644427 0.000060514063164 -0.004819908189924 0.027335057689737 0.015012989635956 -0.385592655192113 2.186804615176285 1.201039170876454
-0.550043491032032 -0.451102175355978 0.000135579011344 -0.006747871465884 0.038269080765618 0.021018185490338 -0.385592655196554 2.186804615180726 1.201039170876454
-0.550077230389362 -0.450910829952150 0.000240669938796 -0.008675834741867 0.049203103841522 0.027023381344720 -0.385592655192113 2.186804615178506 1.201039170876458
-0.550120609563071 -0.450664814432942 0.000375786845519 -0.010603798017828 0.060137126917414 0.033028577199103 -0.385592655192113 2.186804615178506 1.201039170876453
-0.550173628553160 -0.450364128798355 0.000540929731515 -0.012531761293788 0.071071149993307 0.039033773053485 -0.385592655196554 2.186804615178506 1.201039170876453
-0.550236287359629 -0.450008773048389 0.000736098596782 -0.014459724569771 0.082005173069200 0.045038968907867 -0.385592655192113 2.186804615178506 1.201039170876453
-0.550308585982478 -0.449598747183043 0.000961293441322 -0.016387687845731 0.092939196145092 0.051044164762249 -0.385592655196554 2.186804615178506 1.201039170876457
-0.550390524421707 -0.449134051202317 0.001216514265133 -0.018315651121714 0.103873219220985 0.057049360616632 -0.385592655192113 2.186804615178506 1.201039170876454
-0.550482102677315 -0.448614685106212 0.001501761068216 -0.020243614397675 0.114807242296877 0.063054556471014 -0.385592655192113 2.186804615178506 1.201039170876461
-0.550583320749304 -0.448040648894728 0.001817033850571 -0.022171577673635 0.125741265372770 0.069059752325396 -0.385592655196554 2.186804615178506 1.201039170876445
-0.550694178637672 -0.447411942567864 0.002162332612198 -0.024099540949618 0.136675288448662 0.075064948179778 -0.385592655192113 2.186804615180726 1.201039170876469
-0.550814676342420 -0.446728566125621 0.002537657353097 -0.026027504225579 0.147609311524566 0.081070144034161 -0.385592655192113 2.186804615176285 1.201039170876436
-0.550944813863548 -0.445990519567998 0.002943008073268 -0.027955467501539 0.158543334600447 0.087075339888543 -0.385592655196554 2.186804615178506 1.201039170876469
-0.551084591201056 -0.445197802894996 0.003378384772710 -0.029883430777522 0.169477357676340 0.093080535742925 -0.385592655192113 2.186804615180726 1.201039170876453
-0.551234008354943 -0.444350416106614 0.003843787451425 -0.031811394053483 0.180411380752243 0.099085731597308 -0.385592655196554 2.186804615176285 1.201039170876453
-0.551393065325211 -0.443448359202853 0.004339216109412 -0.033739357329465 0.191345403828125 0.105090927451690 -0.385592655192113 2.186804615180726 1.201039170876453
-0.551561762111858 -0.442491632183712 0.004864670746670 -0.035667320605426 0.202279426904028 0.111096123306072 -0.385592655192113 2.186804615178506 1.201039170876453
-0.551740098714885 -0.441480235049192 0.005420151363200 -0.037595283881386 0.213213449979921 0.117101319160454 -0.385592655196554 2.186804615176285 1.201039170876453
-0.551928075134292 -0.440414167799292 0.006005657959003 -0.039523247157369 0.224147473055802 0.123106515014837 -0.385592655192113 2.186804615180726 1.201039170876453
-0.552125691370079 -0.439293430434013 0.006621190534077 -0.041451210433330 0.235081496131706 0.129111710869219 -0.385592655196554 2.186804615178506 1.201039170876522
-0.552332947422245 -0.438118022953355 0.007266749088423 -0.043379173709313 0.246015519207599 0.135116906723601 -0.385592655187672 2.186804615178506 1.201039170876383
-0.552549843290792 -0.436887945357317 0.007942333622041 -0.045307136985251 0.256949542283491 0.141122102577983 -0.385592655200995 2.186804615178506 1.201039170876450
-0.552776378975718 -0.435603197645899 0.008647944134931 -0.047235100261256 0.267883565359384 0.147127298432366 -0.385592655187672 2.186804615178506 1.201039170876456
-0.553012554477025 -0.434263779819102 0.009383580627093 -0.049163063537194 0.278817588435276 0.153132494286748 -0.385592655196554 2.186804615178506 1.201039170876450
-0.553258369794711 -0.432869691876926 0.010149243098526 -0.051091026813177 0.289751611511169 0.159137690141130 -0.385592655196554 2.186804615178506 1.201039170876522
-0.553513824928776 -0.431420933819370 0.010944931549232 -0.053018990089160 0.300685634587061 0.165142885995513 -0.385592655187672 2.186804615178506 1.201039170876383
-0.553778919879222 -0.429917505646435 0.011770645979210 -0.054946953365098 0.311619657662954 0.171148081849895 -0.385592655196554 2.186804615178506 1.201039170876456
-0.554053654646048 -0.428359407358120 0.012626386388459 -0.056874916641081 0.322553680738846 0.177153277704277 -0.385592655196554 2.186804615178506 1.201039170876522
-0.554338029229253 -0.426746638954426 0.013512152776980 -0.058802879917064 0.333487703814739 0.183158473558660 -0.385592655192113 2.186804615180726 1.134314772494316
-0.554632043628838 -0.425079200435352 0.014427945144774 -0.060730843193024 0.344421726890642 0.188830047421131 -0.385592655192113 2.186804615176285 0.266897593528059
-0.554935697844804 -0.423357091800899 0.015372095381879 -0.062658806468985 0.355355749966524 0.190164535388771 -0.385592655196554 2.186804615178506 0.000000000000072
-0.555248991877148 -0.421580313051066 0.016322918058823 -0.064586769744968 0.366289773042416 0.190164535388772 -0.385592655192113 2.186804615180726 0.000000000000139
-0.555571925725873 -0.419748864185854 0.017273740735767 -0.066514733020928 0.377223796118320 0.190164535388773 -0.385592655192113 2.186804615178506 -0.000000000000139
-0.555904499390978 -0.417862745205263 0.018224563412711 -0.068442696296889 0.388157819194213 0.190164535388772 -0.385592655196554 2.186804615176285 0.000000000000000
-0.556246712872462 -0.415921956109292 0.019175386089655 -0.070370659572871 0.399091842270094 0.190164535388772 -0.385592655192113 2.186804615180726 0.000000000000139
-0.556598566170327 -0.413926496897941 0.020126208766599 -0.072298622848832 0.410025865345998 0.190164535388773 -0.385592655192113 2.186804615178506 -0.000000000000139
-0.556960059284571 -0.411876367571211 0.021077031443543 -0.074226586124793 0.420959888421890 0.190164535388772 -0.385592655196554 2.186804615176285 0.000000000000000
-0.557331192215195 -0.409771568129102 0.022027854120486 -0.076154549400775 0.431893911497772 0.190164535388772 -0.385592655192113 2.186804615180726 0.000000000000000
-0.557711964962199 -0.407612098571613 0.022978676797430 -0.078082512676736 0.442827934573675 0.190164535388772 -0.385592655196554 2.186804615178506 0.000000000000139
-0.558102377525582 -0.405397958898745 0.023929499474374 -0.080010475952719 0.453761957649568 0.190164535388773 -0.385592655192113 2.186804615178506 -0.000000000000139
-0.558502429905346 -0.403129149110497 0.024880322151318 -0.081938439228679 0.464695980725460 0.190164535388772 -0.385592655192113 2.186804615178506 0.000000000000000
-0.558912122101489 -0.400805669206869 0.025831144828262 -0.083866402504640 0.475630003801353 0.190164535388772 -0.385592655196554 2.186804615178506 0.000000000000139
-0.559331454114013 -0.398427519187863 0.026781967505206 -0.085794365780623 0.486564026877245 0.190164535388773 -0.385592655192113 2.186804615178506 -0.000000000000139
-0.559760425942916 -0.395994699053476 0.027732790182150 -0.087722329056583 0.497498049953138 0.190164535388772 -0.385592655196554 2.186804615180726 0.000000000000000
-0.560199037588199 -0.393507208803711 0.028683612859093 -0.089650292332566 0.508432073029041 0.190164535388772 -0.385592655192113 2.186804615176285 0.000000000000000
-0.560647289049861 -0.390965048438565 0.029634435536037 -0.091578255608527 0.519366096104923 0.190164535388772 -0.385592655192113 2.186804615178506 0.000000000000139
-0.561105180327904 -0.388368217958041 0.030585258212981 -0.093506218884487 0.530300119180815 0.190164535388773 -0.385592655196554 2.186804615180726 -0.000000000000139
-0.561572711422327 -0.385716717362137 0.031536080889925 -0.095434182160470 0.541234142256719 0.190164535388772 -0.385592655192113 2.186804615176285 0.000000000000000
-0.562049882333129 -0.383010546650853 0.032486903566869 -0.097362145436430 0.552168165332600 0.190164535388772 -0.385592655192113 2.186804615178506 0.000000000000000
-0.562536693060311 -0.380249705824190 0.033437726243813 -0.099290108712391 0.563102188408493 0.190164535388772 -0.385592655196554 2.186804615180726 0.000000000000000
-0.563033143603873 -0.377434194882148 0.034388548920757 -0.101218071988374 0.574036211484397 0.190164535388772 -0.385592655192113 2.186804615178506 0.000000000000278
-0.563539233963815 -0.374564013824726 0.035339371597700 -0.103146035264334 0.584970234560289 0.190164535388773 -0.385592655196554 2.186804615176285 -0.000000000000278
-0.564054964140137 -0.371639162651924 0.036290194274644 -0.105073998540317 0.595904257636171 0.190164535388772 -0.385592655187672 2.186804615180726 0.000000000000000
-0.564580334132838 -0.368659641363743 0.037241016951588 -0.107001961816255 0.606838280712074 0.190164535388772 -0.385592655200995 2.186804615178506 0.000000000000000
-0.565115343941919 -0.365625449960183 0.038191839628532 -0.108929925092260 0.617772303787967 0.190164535388772 -0.385592655187672 2.186804615176285 0.000000000000000
-0.565659993567381 -0.362536588441243 0.039142662305476 -0.110857888368199 0.628706326863848 0.190164535388772 -0.385592655196554 2.186804615180726 0.000000000000000
-0.566214283009222 -0.359393056806924 0.040093484982420 -0.112785851644182 0.639640349939752 0.190164535388772 -0.385592655196554 2.186804615178506 0.000000000000000
-0.566778212267443 -0.356194855057225 0.041044307659364 -0.114713814920164 0.650574373015644 0.190164535388772 -0.385592655192113 2.186804615180726 0.000000000000278
-0.567351781342043 -0.352941983192147 0.041995130336307 -0.116641778196125 0.661508396091548 0.190164535388773 -0.385592655192113 2.186804615174065 -0.000000000000278
-0.567934990233024 -0.349634441211689 0.042945953013251 -0.118569741472085 0.672442419167418 0.190164535388772 -0.385592655192113 2.186804615180726 0.000000000000000
-0.568527838940385 -0.346272229115852 0.043896775690195 -0.120497704748046 0.683376442243322 0.190164535388772 -0.299905398488676 1.700848034027480 -0.266897593528270
-0.569130327464125 -0.342855346904636 0.044847598367139 -0.121997231740489 0.691880682413459 0.188830047421130 -0.021421814175859 0.121489145290532 -1.134314772494038
-0.569740313622827 -0.339395943492568 0.045791748604245 -0.122104340811369 0.692488128139912 0.183158473558660 0.000000000004441 -0.000000000002220 -1.201039170876939
-0.570350835326884 -0.335933502851869 0.046707540972038 -0.122104340811346 0.692488128139901 0.177153277704276 -0.000000000004441 0.000000000000000 -1.201039170876106
-0.570961357030941 -0.332471062211169 0.047593307360559 -0.122104340811369 0.692488128139901 0.171148081849895 0.000000000000000 -0.000000000002220 -1.201039170876383
-0.571571878734998 -0.329008621570470 0.048449047769809 -0.122104340811369 0.692488128139890 0.165142885995513 0.000000000000000 0.000000000004441 -1.201039170876661
-0.572182400439054 -0.325546180929770 0.049274762199786 -0.122104340811369 0.692488128139912 0.159137690141130 0.000000000000000 -0.000000000004441 -1.201039170876383
-0.572792922143111 -0.322083740289071 0.050070450650492 -0.122104340811369 0.692488128139890 0.153132494286748 0.000000000000000 0.000000000004441 -1.201039170876383
-0.573403443847168 -0.318621299648371 0.050836113121926 -0.122104340811369 0.692488128139912 0.147127298432366 0.000000000004441 -0.000000000004441 -1.201039170876661
-0.574013965551225 -0.315158859007672 0.051571749614088 -0.122104340811346 0.692488128139890 0.141122102577983 -0.000000000004441 0.000000000004441 -1.201039170876106
-0.574624487255282 -0.311696418366972 0.052277360126978 -0.122104340811369 0.692488128139912 0.135116906723602 0.000000000000000 -0.000000000004441 -1.201039170876661
-0.575235008959339 -0.308233977726273 0.052952944660596 -0.122104340811369 0.692488128139890 0.129111710869219 0.000000000000000 0.000000000004441 -1.201039170876383
-0.575845530663395 -0.304771537085573 0.053598503214942 -0.122104340811369 0.692488128139912 0.123106515014837 0.000000000000000 -0.000000000004441 -1.201039170876661
-0.576456052367452 -0.301309096444874 0.054214035790016 -0.122104340811369 0.692488128139890 0.117101319160454 0.000000000000000 0.000000000004441 -1.201039170876383
-0.577066574071509 -0.297846655804174 0.054799542385818 -0.122104340811369 0.692488128139912 0.111096123306072 0.000000000000000 -0.000000000004441 -1.201039170876383
-0.577677095775566 -0.294384215163475 0.055355023002348 -0.122104340811369 0.692488128139890 0.105090927451690 0.000000000004441 0.000000000004441 -1.201039170876383
-0.578287617479623 -0.290921774522775 0.055880477639607 -0.122104340811346 0.692488128139912 0.099085731597308 -0.000000000004441 -0.000000000004441 -1.201039170876383
-0.578898139183679 -0.287459333882076 0.056375906297593 -0.122104340811369 0.692488128139890 0.093080535742926 0.000000000000000 0.000000000004441 -1.201039170876661
-0.579508660887736 -0.283996893241376 0.056841308976308 -0.122104340811369 0.692488128139912 0.087075339888543 0.000000000000000 -0.000000000002220 -1.201039170876383
-0.580119182591793 -0.280534452600677 0.057276685675751 -0.122104340811369 0.692488128139901 0.081070144034161 0.000000000000000 0.000000000000000 -1.201039170876661
-0.580729704295850 -0.277072011959977 0.057682036395922 -0.122104340811369 0.692488128139901 0.075064948179777 0.000000000000000 0.000000000000000 -1.201039170876106
-0.581340225999907 -0.273609571319278 0.058057361136821 -0.122104340811369 0.692488128139901 0.069059752325397 0.000000000004441 0.000000000000000 -1.201039170876661
-0.581950747703964 -0.270147130678578 0.058402659898447 -0.122104340811346 0.692488128139901 0.063054556471014 -0.000000000004441 0.000000000000000 -1.201039170876383
-0.582561269408020 -0.266684690037879 0.058717932680803 -0.122104340811369 0.692488128139901 0.057049360616632 0.000000000000000 0.000000000000000 -1.201039170876383
-0.583171791112077 -0.263222249397179 0.059003179483886 -0.122104340811369 0.692488128139901 0.051044164762250 0.000000000000000 0.000000000000000 -1.201039170876661
-0.583782312816134 -0.259759808756480 0.059258400307697 -0.122104340811369 0.692488128139901 0.045038968907866 0.000000000000000 0.000000000000000 -1.201039170876383
-0.584392834520191 -0.256297368115780 0.059483595152236 -0.122104340811369 0.692488128139901 0.039033773053485 0.000000000000000 0.000000000000000 -1.201039170876383
-0.585003356224248 -0.252834927475081 0.059678764017504 -0.122104340811369 0.692488128139901 0.033028577199103 0.000000000000000 0.000000000000000 -1.201039170876383
-0.585613877928305 -0.249372486834381 0.059843906903499 -0.122104340811369 0.692488128139901 0.027023381344721 0.000000000004441 0.000000000000000 -1.201039170876661
-0.586224399632362 -0.245910046193682 0.059979023810223 -0.122104340811346 0.692488128139901 0.021018185490337 -0.000000000004441 0.000000000000000 -1.201039170876383
-0.586834921336418 -0.242447605552982 0.060084114737675 -0.122104340811369 0.692488128139901 0.015012989635955 0.000000000000000 0.000000000000000 -1.201039170876383
-0.587445443040475 -0.238985164912283 0.060159179685854 -0.122104340811369 0.692488128139901 0.009007793781574 0.000000000000000 0.000000000000000 -1.201039170876383
-0.588055964744532 -0.235522724271583 0.060204218654762 -0.122104340811369 0.692488128139901 0.003002597927192 0.000000000000000 0.000000000000000 -1.201039170876661
-0.588666486448589 -0.232060283630884 0.060219231644398 -0.122104340811369 0.692488128139901 -0.003002597927192 0.000000000000000 0.000000000000000 -1.201039170876383
-0.589277008152646 -0.228597842990184 0.060204218654762 -0.122104340811369 0.692488128139901 -0.009007793781574 0.000000000000000 0.000000000000000 -1.201039170876383
-0.589887529856702 -0.225135402349485 0.060159179685854 -0.122104340811369 0.692488128139901 -0.015012989635955 0.000000000004441 0.000000000000000 -1.201039170876383
-0.590498051560759 -0.221672961708785 0.060084114737675 -0.122104340811346 0.692488128139901 -0.021018185490337 -0.000000000004441 0.000000000000000 -1.201039170876661
-0.591108573264816 -0.218210521068086 0.059979023810223 -0.122104340811369 0.692488128139901 -0.027023381344721 0.000000000000000 0.000000000000000 -1.201039170876383
-0.591719094968873 -0.214748080427386 0.059843906903499 -0.122104340811369 0.692488128139901 -0.033028577199103 0.000000000000000 0.000000000000000 -1.201039170876383
-0.592329616672930 -0.211285639786687 0.059678764017504 -0.122104340811369 0.692488128139901 -0.039033773053485 0.000000000000000 0.000000000000000 -1.201039170876383
-0.592940138376987 -0.207823199145987 0.059483595152236 -0.122104340811369 0.692488128139901 -0.045038968907866 0.000000000000000 0.000000000000000 -1.201039170876661
-0.593550660081043 -0.204360758505288 0.059258400307697 -0.122104340811369 0.692488128139901 -0.051044164762250 0.000000000004441 0.000000000000000 -1.201039170876383
-0.594161181785100 -0.200898317864588 0.059003179483886 -0.122104340811346 0.692488128139901 -0.057049360616632 -0.000000000004441 0.000000000000000 -1.201039170876383
-0.594771703489157 -0.197435877223889 0.058717932680803 -0.122104340811369 0.692488128139901 -0.063054556471014 0.000000000000000 0.000000000000000 -1.201039170876661
-0.595382225193214 -0.193973436583189 0.058402659898447 -0.122104340811369 0.692488128139901 -0.069059752325397 0.000000000000000 0.000000000000000 -1.201039170876106
-0.595992746897271 -0.190510995942490 0.058057361136821 -0.122104340811369 0.692488128139901 -0.075064948179777 0.000000000000000 0.000000000000000 -1.201039170876661
-0.596603268601328 -0.187048555301790 0.057682036395922 -0.122104340811369 0.692488128139901 -0.081070144034161 0.000000000000000 0.000000000000000 -1.201039170876383
-0.597213790305384 -0.183586114661091 0.057276685675751 -0.122104340811369 0.692488128139901 -0.087075339888543 0.000000000000000 0.000000000000000 -1.201039170876661
-0.597824312009441 -0.180123674020391 0.056841308976308 -0.122104340811369 0.692488128139901 -0.093080535742926 0.000000000004441 0.000000000000000 -1.201039170876383
-0.598434833713498 -0.176661233379692 0.056375906297593 -0.122104340811346 0.692488128139901 -0.099085731597308 -0.000000000004441 0.000000000000000 -1.201039170876383
-0.599045355417555 -0.173198792738992 0.055880477639607 -0.122104340811369 0.692488128139901 -0.105090927451690 0.000000000000000 0.000000000000000 -1.201039170876383
-0.599655877121612 -0.169736352098293 0.055355023002348 -0.122104340811369 0.692488128139901 -0.111096123306072 0.000000000000000 0.000000000000000 -1.201039170876383
-0.600266398825668 -0.166273911457593 0.054799542385818 -0.122104340811369 0.692488128139901 -0.117101319160454 0.000000000000000 0.000000000000000 -1.201039170876661
-0.600876920529725 -0.162811470816894 0.054214035790016 -0.122104340811369 0.692488128139901 -0.123106515014837 0.000000000000000 0.000000000000000 -1.201039170876383
-0.601487442233782 -0.159349030176194 0.053598503214942 -0.122104340811369 0.692488128139901 -0.129111710869219 0.000000000000000 0.000000000000000 -1.201039170876661
-0.602097963937839 -0.155886589535495 0.052952944660596 -0.122104340811369 0.692488128139901 -0.135116906723602 0.000000000004441 0.000000000000000 -1.201039170876106
-0.602708485641896 -0.152424148894795 0.052277360126978 -0.122104340811346 0.692488128139901 -0.141122102577983 -0.000000000004441 0.000000000000000 -1.201039170876661
-0.603319007345953 -0.148961708254095 0.051571749614088 -0.122104340811369 0.692488128139901 -0.147127298432366 0.000000000000000 0.000000000000000 -1.201039170876383
-0.603929529050009 -0.145499267613396 0.050836113121926 -0.122104340811369 0.692488128139901 -0.153132494286748 0.000000000000000 0.000000000000000 -1.201039170876383
-0.604540050754066 -0.142036826972696 0.050070450650492 -0.122104340811369 0.692488128139901 -0.159137690141130 0.000000000000000 0.000000000000000 -1.201039170876661
-0.605150572458123 -0.138574386331997 0.049274762199786 -0.122104340811369 0.692488128139901 -0.165142885995513 0.000000000000000 0.000000000000000 -1.201039170876383
-0.605761094162180 -0.135111945691297 0.048449047769809 -0.122104340811369 0.692488128139901 -0.171148081849895 0.000000000004441 0.000000000000000 -1.201039170876106
-0.606371615866237 -0.131649505050598 0.047593307360559 -0.122104340811346 0.692488128139901 -0.177153277704276 -0.000000000004441 0.000000000000000 -1.201039170876939
-0.606982137570294 -0.128187064409898 0.046707540972038 -0.122104340811369 0.692488128139901 -0.183158473558660 0.021421814175859 -0.121489145287201 -1.134314772494038
-0.607592659274350 -0.124724623769199 0.045791748604245 -0.121997231740489 0.691880682413465 -0.188830047421130 0.299905398488676 -1.700848034028590 -0.266897593528270
-0.608202645433053 -0.121265220357132 0.044847598367139 -0.120497704748046 0.683376442243322 -0.190164535388772 0.385592655192113 -2.186804615178506 0.000000000000000
-0.608805133956793 -0.117848338145915 0.043896775690195 -0.118569741472085 0.672442419167429 -0.190164535388772 0.385592655192113 -2.186804615177951 -0.000000000000278
-0.609397982664153 -0.114486126050078 0.042945953013251 -0.116641778196125 0.661508396091540 -0.190164535388773 0.385592655192113 -2.186804615179616 0.000000000000278
-0.609981191555134 -0.111178584069620 0.041995130336307 -0.114713814920164 0.650574373015642 -0.190164535388772 0.385592655196554 -2.186804615177951 0.000000000000000
-0.610554760629735 -0.107925712204542 0.041044307659364 -0.112785851644182 0.639640349939752 -0.190164535388772 0.385592655196554 -2.186804615179061 0.000000000000000
-0.611118689887956 -0.104727510454843 0.040093484982420 -0.110857888368199 0.628706326863857 -0.190164535388772 0.385592655187672 -2.186804615178506 0.000000000000000
-0.611672979329797 -0.101583978820524 0.039142662305476 -0.108929925092260 0.617772303787964 -0.190164535388772 0.385592655200995 -2.186804615178506 0.000000000000000
-0.612217628955258 -0.098495117301584 0.038191839628532 -0.107001961816255 0.606838280712071 -0.190164535388772 0.385592655187672 -2.186804615178506 0.000000000000000
-0.612752638764339 -0.095460925898024 0.037241016951588 -0.105073998540317 0.595904257636179 -0.190164535388772 0.385592655196554 -2.186804615179061 -0.000000000000278
-0.613278008757041 -0.092481404609843 0.036290194274644 -0.103146035264334 0.584970234560284 -0.190164535388773 0.385592655192113 -2.186804615178506 0.000000000000278
-0.613793738933363 -0.089556553437041 0.035339371597700 -0.101218071988374 0.574036211484391 -0.190164535388772 0.385592655196554 -2.186804615178506 0.000000000000000
-0.614299829293305 -0.086686372379619 0.034388548920757 -0.099290108712391 0.563102188408499 -0.190164535388772 0.385592655192113 -2.186804615178506 0.000000000000000
-0.614796279836866 -0.083870861437577 0.033437726243813 -0.097362145436430 0.552168165332606 -0.190164535388772 0.385592655192113 -2.186804615178506 0.000000000000000
-0.615283090564049 -0.081110020610914 0.032486903566869 -0.095434182160470 0.541234142256714 -0.190164535388772 0.385592655196554 -2.186804615179061 -0.000000000000139
-0.615760261474851 -0.078403849899630 0.031536080889925 -0.093506218884487 0.530300119180818 -0.190164535388773 0.385592655192113 -2.186804615178506 0.000000000000139
-0.616227792569273 -0.075752349303726 0.030585258212981 -0.091578255608527 0.519366096104926 -0.190164535388772 0.385592655192113 -2.186804615179061 0.000000000000000
-0.616685683847316 -0.073155518823202 0.029634435536037 -0.089650292332566 0.508432073029030 -0.190164535388772 0.385592655196554 -2.186804615177951 0.000000000000000
-0.617133935308979 -0.070613358458057 0.028683612859093 -0.087722329056583 0.497498049953141 -0.190164535388772 0.385592655192113 -2.186804615178506 -0.000000000000139
-0.617572546954262 -0.068125868208291 0.027732790182150 -0.085794365780623 0.486564026877248 -0.190164535388773 0.385592655196554 -2.186804615179061 0.000000000000139
-0.618001518783165 -0.065693048073905 0.026781967505206 -0.083866402504640 0.475630003801353 -0.190164535388772 0.385592655192113 -2.186804615178783 0.000000000000000
-0.618420850795688 -0.063314898054898 0.025831144828262 -0.081938439228679 0.464695980725459 -0.190164535388772 0.385592655192113 -2.186804615178506 -0.000000000000139
-0.618830542991831 -0.060991418151271 0.024880322151318 -0.080010475952719 0.453761957649566 -0.190164535388773 0.385592655196554 -2.186804615178506 0.000000000000139
-0.619230595371595 -0.058722608363023 0.023929499474374 -0.078082512676736 0.442827934573674 -0.190164535388772 0.385592655192113 -2.186804615178783 0.000000000000000
-0.619621007934979 -0.056508468690154 0.022978676797430 -0.076154549400775 0.431893911497780 -0.190164535388772 0.385592655196554 -2.186804615178506 0.000000000000000
-0.620001780681983 -0.054348999132665 0.022027854120486 -0.074226586124793 0.420959888421887 -0.190164535388772 0.385592655192113 -2.186804615178783 -0.000000000000139
-0.620372913612607 -0.052244199690556 0.021077031443543 -0.072298622848832 0.410025865345993 -0.190164535388773 0.385592655192113 -2.186804615178506 0.000000000000139
-0.620734406726851 -0.050194070363826 0.020126208766599 -0.070370659572871 0.399091842270101 -0.190164535388772 0.385592655196554 -2.186804615178506 0.000000000000000
-0.621086260024715 -0.048198611152476 0.019175386089655 -0.068442696296889 0.388157819194208 -0.190164535388772 0.385592655192113 -2.186804615178783 -0.000000000000139
-0.621428473506200 -0.046257822056504 0.018224563412711 -0.066514733020928 0.377223796118314 -0.190164535388773 0.385592655192113 -2.186804615178506 0.000000000000139
-0.621761047171304 -0.044371703075913 0.017273740735767 -0.064586769744968 0.366289773042422 -0.190164535388772 0.385592655196554 -2.186804615179061 0.000000000000072
-0.622083981020029 -0.042540254210701 0.016322918058823 -0.062658806468985 0.355355749966527 -0.190164535388771 0.385592655192113 -2.186804615178228 0.266897593528059
-0.622397275052374 -0.040763475460868 0.015372095381879 -0.060730843193024 0.344421726890635 -0.188830047421131 0.385592655192113 -2.186804615178506 1.134314772494316
-0.622700929268339 -0.039041366826415 0.014427945144774 -0.058802879917064 0.333487703814743 -0.183158473558660 0.385592655196554 -2.186804615179061 1.201039170876522
-0.622994943667924 -0.037373928307341 0.013512152776980 -0.056874916641081 0.322553680738848 -0.177153277704277 0.385592655196554 -2.186804615178506 1.201039170876456
-0.623279318251130 -0.035761159903647 0.012626386388459 -0.054946953365098 0.311619657662955 -0.171148081849895 0.385592655187672 -2.186804615178506 1.201039170876383
-0.623554053017955 -0.034203061615332 0.011770645979210 -0.053018990089160 0.300685634587063 -0.165142885995513 0.385592655196554 -2.186804615178783 1.201039170876522
-0.623819147968401 -0.032699633442397 0.010944931549232 -0.051091026813177 0.289751611511169 -0.159137690141130 0.385592655196554 -2.186804615178506 1.201039170876450
-0.624074603102467 -0.031250875384841 0.010149243098526 -0.049163063537194 0.278817588435276 -0.153132494286748 0.385592655187672 -2.186804615178650 1.201039170876456
-0.624320418420153 -0.029856787442665 0.009383580627093 -0.047235100261256 0.267883565359383 -0.147127298432366 0.385592655200995 -2.186804615178783 1.201039170876450
-0.624556593921459 -0.028517369615868 0.008647944134931 -0.045307136985251 0.256949542283489 -0.141122102577983 0.385592655187672 -2.186804615178362 1.201039170876383
-0.624783129606385 -0.027232621904450 0.007942333622041 -0.043379173709313 0.246015519207597 -0.135116906723601 0.385592655196554 -2.186804615178783 1.201039170876522
-0.625000025474932 -0.026002544308412 0.007266749088423 -0.041451210433330 0.235081496131703 -0.129111710869219 0.385592655192113 -2.186804615178783 1.201039170876453
-0.625207281527099 -0.024827136827754 0.006621190534077 -0.039523247157369 0.224147473055809 -0.123106515014837 0.385592655196554 -2.186804615178506 1.201039170876453
-0.625404897762886 -0.023706399462475 0.006005657959003 -0.037595283881386 0.213213449979917 -0.117101319160454 0.385592655192113 -2.186804615178506 1.201039170876453
-0.625592874182292 -0.022640332212575 0.005420151363200 -0.035667320605426 0.202279426904024 -0.111096123306072 0.385592655192113 -2.186804615178783 1.201039170876453
-0.625771210785320 -0.021628935078055 0.004864670746670 -0.033739357329465 0.191345403828130 -0.105090927451690 0.385592655196554 -2.186804615178644 1.201039170876453
-0.625939907571967 -0.020672208058914 0.004339216109412 -0.031811394053483 0.180411380752237 -0.099085731597308 0.385592655192113 -2.186804615178506 1.201039170876453
-0.626098964542234 -0.019770151155153 0.003843787451425 -0.029883430777522 0.169477357676345 -0.093080535742925 0.385592655196554 -2.186804615178783 1.201039170876469
-0.626248381696122 -0.018922764366772 0.003378384772710 -0.027955467501539 0.158543334600451 -0.087075339888543 0.385592655192113 -2.186804615178506 1.201039170876436
-0.626388159033630 -0.018130047693769 0.002943008073268 -0.026027504225579 0.147609311524558 -0.081070144034161 0.385592655192113 -2.186804615178783 1.201039170876469
-0.626518296554758 -0.017392001136146 0.002537657353097 -0.024099540949618 0.136675288448664 -0.075064948179778 0.385592655196554 -2.186804615178506 1.201039170876445
-0.626638794259506 -0.016708624693903 0.002162332612198 -0.022171577673635 0.125741265372772 -0.069059752325396 0.385592655192113 -2.186804615178714 1.201039170876461
-0.626749652147874 -0.016079918367039 0.001817033850571 -0.020243614397675 0.114807242296878 -0.063054556471014 0.385592655192113 -2.186804615178575 1.201039170876454
-0.626850870219862 -0.015505882155555 0.001501761068216 -0.018315651121714 0.103873219220985 -0.057049360616632 0.385592655196554 -2.186804615178644 1.201039170876457
-0.626942448475471 -0.014986516059450 0.001216514265133 -0.016387687845731 0.092939196145092 -0.051044164762249 0.385592655192113 -2.186804615178714 1.201039170876453
-0.627024386914699 -0.014521820078725 0.000961293441322 -0.014459724569771 0.082005173069198 -0.045038968907867 0.385592655196554 -2.186804615178506 1.201039170876453
-0.627096685537548 -0.014111794213379 0.000736098596782 -0.012531761293788 0.071071149993306 -0.039033773053485 0.385592655192113 -2.186804615178714 1.201039170876453
-0.627159344344017 -0.013756438463412 0.000540929731515 -0.010603798017828 0.060137126917412 -0.033028577199103 0.385592655192113 -2.186804615178644 1.201039170876458
-0.627212363334106 -0.013455752828825 0.000375786845519 -0.008675834741867 0.049203103841519 -0.027023381344720 0.385592655196554 -2.186804615178575 1.201039170876454
-0.627255742507816 -0.013209737309617 0.000240669938796 -0.006747871465884 0.038269080765626 -0.021018185490338 0.385592655192113 -2.186804615178714 1.201039170876454
-0.627289481865145 -0.013018391905789 0.000135579011344 -0.004819908189924 0.027335057689733 -0.015012989635956 0.385592655192113 -2.186804615178575 1.201039170876455
-0.627313581406095 -0.012881716617341 0.000060514063164 -0.002891944913963 0.016401034613840 -0.009007793781573 0.385592655192113 -2.186804615178714 1.201039170876454
-0.627328041130665 -0.012799711444271 0.000015475094256 -0.002891944913963 0.016401034613840 -0.009007793781573 0.385592655192113 -2.186804615178575 1.201039170876455
-0.627328041130665 -0.012799711444271 0.000015475094256 0.002891944913963 -0.016401034613833 0.009007793781573 0.385592655192113 -2.186804615180726 1.201039170876455
-0.627313581406095 -0.012881716617341 0.000060514063164 0.004819908189924 -0.027335057689737 0.015012989635956 0.385592655192113 -2.186804615176285 1.201039170876454
-0.627289481865145 -0.013018391905789 0.000135579011344 0.006747871465884 -0.038269080765618 0.021018185490338 0.385592655196554 -2.186804615180726 1.201039170876454
-0.627255742507816 -0.013209737309617 0.000240669938796 0.008675834741867 -0.049203103841522 0.027023381344720 0.385592655192113 -2.186804615178506 1.201039170876458
-0.627212363334106 -0.013455752828825 0.000375786845519 0.010603798017828 -0.060137126917414 0.033028577199103 0.385592655192113 -2.186804615178506 1.201039170876453
-0.627159344344017 -0.013756438463412 0.000540929731515 0.012531761293788 -0.071071149993307 0.039033773053485 0.385592655196554 -2.186804615178506 1.201039170876453
-0.627096685537548 -0.014111794213379 0.000736098596782 0.014459724569771 -0.082005173069200 0.045038968907867 0.385592655192113 -2.186804615178506 1.201039170876453
-0.627024386914699 -0.014521820078725 0.000961293441322 0.016387687845731 -0.092939196145092 0.051044164762249 0.385592655196554 -2.186804615178506 1.201039170876457
-0.626942448475471 -0.014986516059450 0.001216514265133 0.018315651121714 -0.103873219220985 0.057049360616632 0.385592655192113 -2.186804615178506 1.201039170876454
-0.626850870219862 -0.015505882155555 0.001501761068216 0.020243614397675 -0.114807242296877 0.063054556471014 0.385592655192113 -2.186804615178506 1.201039170876461
-0.626749652147874 -0.016079918367039 0.001817033850571 0.022171577673635 -0.125741265372770 0.069059752325396 0.385592655196554 -2.186804615178506 1.201039170876445
-0.626638794259506 -0.016708624693903 0.002162332612198 0.024099540949618 -0.136675288448662 0.075064948179778 0.385592655192113 -2.186804615180726 1.201039170876469
-0.626518296554758 -0.017392001136146 0.002537657353097 0.026027504225579 -0.147609311524566 0.081070144034161 0.385592655192113 -2.186804615176285 1.201039170876436
-0.626388159033630 -0.018130047693769 0.002943008073268 0.027955467501539 -0.158543334600447 0.087075339888543 0.385592655196554 -2.186804615178506 1.201039170876469
-0.626248381696122 -0.018922764366772 0.003378384772710 0.029883430777522 -0.169477357676340 0.093080535742925 0.385592655192113 -2.186804615180726 1.201039170876453
-0.626098964542234 -0.019770151155153 0.003843787451425 0.031811394053483 -0.180411380752243 0.099085731597308 0.385592655196554 -2.186804615176285 1.201039170876453
-0.625939907571967 -0.020672208058914 0.004339216109412 0.033739357329465 -0.191345403828125 0.105090927451690 0.385592655192113 -2.186804615180726 1.201039170876453
-0.625771210785320 -0.021628935078055 0.004864670746670 0.035667320605426 -0.202279426904028 0.111096123306072 0.385592655192113 -2.186804615178506 1.201039170876453
-0.625592874182292 -0.022640332212575 0.005420151363200 0.037595283881386 -0.213213449979921 0.117101319160454 0.385592655196554 -2.186804615176285 1.201039170876453
-0.625404897762886 -0.023706399462475 0.006005657959003 0.039523247157369 -0.224147473055802 0.123106515014837 0.385592655192113 -2.186804615180726 1.201039170876453
-0.625207281527099 -0.024827136827754 0.006621190534077 0.041451210433330 -0.235081496131706 0.129111710869219 0.385592655196554 -2.186804615178506 1.201039170876522
-0.625000025474932 -0.026002544308412 0.007266749088423 0.043379173709313 -0.246015519207599 0.135116906723601 0.385592655187672 -2.186804615178506 1.201039170876383
-0.624783129606385 -0.027232621904450 0.007942333622041 0.045307136985251 -0.256949542283491 0.141122102577983 0.385592655200995 -2.186804615178506 1.201039170876450
-0.624556593921459 -0.028517369615868 0.008647944134931 0.047235100261256 -0.267883565359384 0.147127298432366 0.385592655187672 -2.186804615178506 1.201039170876456
-0.624320418420153 -0.029856787442665 0.009383580627093 0.049163063537194 -0.278817588435276 0.153132494286748 0.385592655196554 -2.186804615178506 1.201039170876450
-0.624074603102467 -0.031250875384841 0.010149243098526 0.051091026813177 -0.289751611511169 0.159137690141130 0.385592655196554 -2.186804615178506 1.201039170876522
-0.623819147968401 -0.032699633442397 0.010944931549232 0.053018990089160 -0.300685634587061 0.165142885995513 0.385592655187672 -2.186804615178506 1.201039170876383
-0.623554053017955 -0.034203061615332 0.011770645979210 0.054946953365098 -0.311619657662954 0.171148081849895 0.385592655196554 -2.186804615178506 1.201039170876456
-0.623279318251130 -0.035761159903647 0.012626386388459 0.056874916641081 -0.322553680738846 0.177153277704277 0.385592655196554 -2.186804615178506 1.201039170876522
-0.622994943667924 -0.037373928307341 0.013512152776980 0.058802879917064 -0.333487703814739 0.183158473558660 0.385592655192113 -2.186804615180726 1.134314772494316
-0.622700929268339 -0.039041366826415 0.014427945144774 0.060730843193024 -0.344421726890642 0.188830047421131 0.385592655192113 -2.186804615176285 0.266897593528059
-0.622397275052374 -0.040763475460868 0.015372095381879 0.062658806468985 -0.355355749966524 0.190164535388771 0.385592655196554 -2.186804615178506 0.000000000000072
-0.622083981020029 -0.042540254210701 0.016322918058823 0.064586769744968 -0.366289773042416 0.190164535388772 0.385592655192113 -2.186804615180726 0.000000000000139
-0.621761047171304 -0.044371703075913 0.017273740735767 0.066514733020928 -0.377223796118320 0.190164535388773 0.385592655192113 -2.186804615178506 -0.000000000000139
-0.621428473506200 -0.046257822056504 0.018224563412711 0.068442696296889 -0.388157819194213 0.190164535388772 0.385592655196554 -2.186804615176285 0.000000000000000
-0.621086260024715 -0.048198611152476 0.019175386089655 0.070370659572871 -0.399091842270094 0.190164535388772 0.385592655192113 -2.186804615180726 0.000000000000139
-0.620734406726851 -0.050194070363826 0.020126208766599 0.072298622848832 -0.410025865345998 0.190164535388773 0.385592655192113 -2.186804615178506 -0.000000000000139
-0.620372913612607 -0.052244199690556 0.021077031443543 0.074226586124793 -0.420959888421890 0.190164535388772 0.385592655196554 -2.186804615176285 0.000000000000000
-0.620001780681983 -0.054348999132665 0.022027854120486 0.076154549400775 -0.431893911497772 0.190164535388772 0.385592655192113 -2.186804615180726 0.000000000000000
-0.619621007934979 -0.056508468690154 0.022978676797430 0.078082512676736 -0.442827934573675 0.190164535388772 0.385592655196554 -2.186804615178506 0.000000000000139
-0.619230595371595 -0.058722608363023 0.023929499474374 0.080010475952719 -0.453761957649568 0.190164535388773 0.385592655192113 -2.186804615178506 -0.000000000000139
-0.618830542991831 -0.060991418151271 0.024880322151318 0.081938439228679 -0.464695980725460 0.190164535388772 0.385592655192113 -2.186804615178506 0.000000000000000
-0.618420850795688 -0.063314898054898 0.025831144828262 0.083866402504640 -0.475630003801353 0.190164535388772 0.385592655196554 -2.186804615178506 0.000000000000139
-0.618001518783165 -0.065693048073905 0.026781967505206 0.085794365780623 -0.486564026877245 0.190164535388773 0.385592655192113 -2.186804615178506 -0.000000000000139
-0.617572546954262 -0.068125868208291 0.027732790182150 0.087722329056583 -0.497498049953138 0.190164535388772 0.385592655196554 -2.186804615180726 0.000000000000000
-0.617133935308979 -0.070613358458057 0.028683612859093 0.089650292332566 -0.508432073029041 0.190164535388772 0.385592655192113 -2.186804615176285 0.000000000000000
-0.616685683847316 -0.073155518823202 0.029634435536037 0.091578255608527 -0.519366096104923 0.190164535388772 0.385592655192113 -2.186804615178506 0.000000000000139
-0.616227792569273 -0.075752349303726 0.030585258212981 0.093506218884487 -0.530300119180815 0.190164535388773 0.385592655196554 -2.186804615180726 -0.000000000000139
-0.615760261474851 -0.078403849899630 0.031536080889925 0.095434182160470 -0.541234142256719 0.190164535388772 0.385592655192113 -2.186804615176285 0.000000000000000
-0.615283090564049 -0.081110020610914 0.032486903566869 0.097362145436430 -0.552168165332600 0.190164535388772 0.385592655192113 -2.186804615178506 0.000000000000000
-0.614796279836866 -0.083870861437577 0.033437726243813 0.099290108712391 -0.563102188408493 0.190164535388772 0.385592655196554 -2.186804615180726 0.000000000000000
-0.614299829293305 -0.086686372379619 0.034388548920757 0.101218071988374 -0.574036211484397 0.190164535388772 0.385592655192113 -2.186804615178506 0.000000000000278
-0.613793738933363 -0.089556553437041 0.035339371597700 0.103146035264334 -0.584970234560289 0.190164535388773 0.385592655196554 -2.186804615176285 -0.000000000000278
-0.613278008757041 -0.092481404609843 0.036290194274644 0.105073998540317 -0.595904257636171 0.190164535388772 0.385592655187672 -2.186804615180726 0.000000000000000
-0.612752638764339 -0.095460925898024 0.037241016951588 0.107001961816255 -0.606838280712074 0.190164535388772 0.385592655200995 -2.186804615178506 0.000000000000000
-0.612217628955258 -0.098495117301584 0.038191839628532 0.108929925092260 -0.617772303787967 0.190164535388772 0.385592655187672 -2.186804615176285 0.000000000000000
-0.611672979329797 -0.101583978820524 0.039142662305476 0.110857888368199 -0.628706326863848 0.190164535388772 0.385592655196554 -2.186804615180726 0.000000000000000
-0.611118689887956 -0.104727510454843 0.040093484982420 0.112785851644182 -0.639640349939752 0.190164535388772 0.385592655196554 -2.186804615178506 0.000000000000000
-0.610554760629735 -0.107925712204542 0.041044307659364 0.114713814920164 -0.650574373015644 0.190164535388772 0.385592655192113 -2.186804615180726 0.000000000000278
-0.609981191555134 -0.111178584069620 0.041995130336307 0.116641778196125 -0.661508396091548 0.190164535388773 0.385592655192113 -2.186804615174065 -0.000000000000278
-0.609397982664153 -0.114486126050078 0.042945953013251 0.118569741472085 -0.672442419167418 0.190164535388772 0.385592655192113 -2.186804615180726 0.000000000000000
-0.608805133956793 -0.117848338145915 0.043896775690195 0.120497704748046 -0.683376442243322 0.190164535388772 0.299905398488676 -1.700848034027480 -0.266897593528270
-0.608202645433053 -0.121265220357132 0.044847598367139 0.121997231740489 -0.691880682413459 0.188830047421130 0.021421814175859 -0.121489145290532 -1.134314772494038
-0.607592659274350 -0.124724623769199 0.045791748604245 0.122104340811369 -0.692488128139912 0.183158473558660 -0.000000000004441 0.000000000002220 -1.201039170876939
-0.606982137570294 -0.128187064409898 0.046707540972038 0.122104340811346 -0.692488128139901 0.177153277704276 0.000000000004441 -0.000000000000000 -1.201039170876106
-0.606371615866237 -0.131649505050598 0.047593307360559 0.122104340811369 -0.692488128139901 0.171148081849895 -0.000000000000000 0.000000000002220 -1.201039170876383
-0.605761094162180 -0.135111945691297 0.048449047769809 0.122104340811369 -0.692488128139890 0.165142885995513 -0.000000000000000 -0.000000000004441 -1.201039170876661
-0.605150572458123 -0.138574386331997 0.049274762199786 0.122104340811369 -0.692488128139912 0.159137690141130 -0.000000000000000 0.000000000004441 -1.201039170876383
-0.604540050754066 -0.142036826972696 0.050070450650492 0.122104340811369 -0.692488128139890 0.153132494286748 -0.000000000000000 -0.000000000004441 -1.201039170876383
-0.603929529050009 -0.145499267613396 0.050836113121926 0.122104340811369 -0.692488128139912 0.147127298432366 -0.000000000004441 0.000000000004441 -1.201039170876661
-0.603319007345953 -0.148961708254095 0.051571749614088 0.122104340811346 -0.692488128139890 0.141122102577983 0.000000000004441 -0.000000000004441 -1.201039170876106
-0.602708485641896 -0.152424148894795 0.052277360126978 0.122104340811369 -0.692488128139912 0.135116906723602 -0.000000000000000 0.000000000004441 -1.201039170876661
-0.602097963937839 -0.155886589535495 0.052952944660596 0.122104340811369 -0.692488128139890 0.129111710869219 -0.000000000000000 -0.000000000004441 -1.201039170876383
-0.601487442233782 -0.159349030176194 0.053598503214942 0.122104340811369 -0.692488128139912 0.123106515014837 -0.000000000000000 0.000000000004441 -1.201039170876661
-0.600876920529725 -0.162811470816894 0.054214035790016 0.122104340811369 -0.692488128139890 0.117101319160454 -0.000000000000000 -0.000000000004441 -1.201039170876383
-0.600266398825668 -0.166273911457593 0.054799542385818 0.122104340811369 -0.692488128139912 0.111096123306072 -0.000000000000000 0.000000000004441 -1.201039170876383
-0.599655877121612 -0.169736352098293 0.055355023002348 0.122104340811369 -0.692488128139890 0.105090927451690 -0.000000000004441 -0.000000000004441 -1.201039170876383
-0.599045355417555 -0.173198792738992 0.055880477639607 0.122104340811346 -0.692488128139912 0.099085731597308 0.000000000004441 0.000000000004441 -1.201039170876383
-0.598434833713498 -0.176661233379692 0.056375906297593 0.122104340811369 -0.692488128139890 0.093080535742926 -0.000000000000000 -0.000000000004441 -1.201039170876661
-0.597824312009441 -0.180123674020391 0.056841308976308 0.122104340811369 -0.692488128139912 0.087075339888543 -0.000000000000000 0.000000000002220 -1.201039170876383
-0.597213790305384 -0.183586114661091 0.057276685675751 0.122104340811369 -0.692488128139901 0.081070144034161 -0.000000000000000 -0.000000000000000 -1.201039170876661
-0.596603268601328 -0.187048555301790 0.057682036395922 0.122104340811369 -0.692488128139901 0.075064948179777 -0.000000000000000 -0.000000000000000 -1.201039170876106
-0.595992746897271 -0.190510995942490 0.058057361136821 0.122104340811369 -0.692488128139901 0.069059752325397 -0.000000000004441 -0.000000000000000 -1.201039170876661
-0.595382225193214 -0.193973436583189 0.058402659898447 0.122104340811346 -0.692488128139901 0.063054556471014 0.000000000004441 -0.000000000000000 -1.201039170876383
-0.594771703489157 -0.197435877223889 0.058717932680803 0.122104340811369 -0.692488128139901 0.057049360616632 -0.000000000000000 -0.000000000000000 -1.201039170876383
-0.594161181785100 -0.200898317864588 0.059003179483886 0.122104340811369 -0.692488128139901 0.051044164762250 -0.000000000000000 -0.000000000000000 -1.201039170876661
-0.593550660081043 -0.204360758505288 0.059258400307697 0.122104340811369 -0.692488128139901 0.045038968907866 -0.000000000000000 -0.000000000000000 -1.201039170876383
-0.592940138376987 -0.207823199145987 0.059483595152236 0.122104340811369 -0.692488128139901 0.039033773053485 -0.000000000000000 -0.000000000000000 -1.201039170876383
-0.592329616672930 -0.211285639786687 0.059678764017504 0.122104340811369 -0.692488128139901 0.033028577199103 -0.000000000000000 -0.000000000000000 -1.201039170876383
-0.591719094968873 -0.214748080427386 0.059843906903499 0.122104340811369 -0.692488128139901 0.027023381344721 -0.000000000004441 -0.000000000000000 -1.201039170876661
-0.591108573264816 -0.218210521068086 0.059979023810223 0.122104340811346 -0.692488128139901 0.021018185490337 0.000000000004441 -0.000000000000000 -1.201039170876383
-0.590498051560759 -0.221672961708785 0.060084114737675 0.122104340811369 -0.692488128139901 0.015012989635955 -0.000000000000000 -0.000000000000000 -1.201039170876383
-0.589887529856702 -0.225135402349485 0.060159179685854 0.122104340811369 -0.692488128139901 0.009007793781574 -0.000000000000000 -0.000000000000000 -1.201039170876383
-0.589277008152646 -0.228597842990184 0.060204218654762 0.122104340811369 -0.692488128139901 0.003002597927192 -0.000000000000000 -0.000000000000000 -1.201039170876661
-0.588666486448589 -0.232060283630884 0.060219231644398 0.122104340811369 -0.692488128139901 -0.003002597927192 -0.000000000000000 -0.000000000000000 -1.201039170876383
-0.588055964744532 -0.235522724271583 0.060204218654762 0.122104340811369 -0.692488128139901 -0.009007793781574 -0.000000000000000 -0.000000000000000 -1.201039170876383
-0.587445443040475 -0.238985164912283 0.060159179685854 0.122104340811369 -0.692488128139901 -0.015012989635955 -0.000000000004441 -0.000000000000000 -1.201039170876383
-0.586834921336418 -0.242447605552982 0.060084114737675 0.122104340811346 -0.692488128139901 -0.021018185490337 0.000000000004441 -0.000000000000000 -1.201039170876661
-0.586224399632362 -0.245910046193682 0.059979023810223 0.122104340811369 -0.692488128139901 -0.027023381344721 -0.000000000000000 -0.000000000000000 -1.201039170876383
-0.585613877928305 -0.249372486834381 0.059843906903499 0.122104340811369 -0.692488128139901 -0.033028577199103 -0.000000000000000 -0.000000000000000 -1.201039170876383
-0.585003356224248 -0.252834927475081 0.059678764017504 0.122104340811369 -0.692488128139901 -0.039033773053485 -0.000000000000000 -0.000000000000000 -1.201039170876383
-0.584392834520191 -0.256297368115780 0.059483595152236 0.122104340811369 -0.692488128139901 -0.045038968907866 -0.000000000000000 -0.000000000000000 -1.201039170876661
-0.583782312816134 -0.259759808756480 0.059258400307697 0.122104340811369 -0.692488128139901 -0.051044164762250 -0.000000000004441 -0.000000000000000 -1.201039170876383
-0.583171791112077 -0.263222249397179 0.059003179483886 0.122104340811346 -0.692488128139901 -0.057049360616632 0.000000000004441 -0.000000000000000 -1.201039170876383
-0.582561269408020 -0.266684690037879 0.058717932680803 0.122104340811369 -0.692488128139901 -0.063054556471014 -0.000000000000000 -0.000000000000000 -1.201039170876661
-0.581950747703964 -0.270147130678578 0.058402659898447 0.122104340811369 -0.692488128139901 -0.069059752325397 -0.000000000000000 -0.000000000000000 -1.201039170876106
-0.581340225999907 -0.273609571319278 0.058057361136821 0.122104340811369 -0.692488128139901 -0.075064948179777 -0.000000000000000 -0.000000000000000 -1.201039170876661
-0.580729704295850 -0.277072011959977 0.057682036395922 0.122104340811369 -0.692488128139901 -0.081070144034161 -0.000000000000000 -0.000000000000000 -1.201039170876383
-0.580119182591793 -0.280534452600677 0.057276685675751 0.122104340811369 -0.692488128139901 -0.087075339888543 -0.000000000000000 -0.000000000000000 -1.201039170876661
-0.579508660887736 -0.283996893241376 0.056841308976308 0.122104340811369 -0.692488128139901 -0.093080535742926 -0.000000000004441 -0.000000000000000 -1.201039170876383
-0.578898139183679 -0.287459333882076 0.056375906297593 0.122104340811346 -0.692488128139901 -0.099085731597308 0.000000000004441 -0.000000000000000 -1.201039170876383
-0.578287617479623 -0.290921774522775 0.055880477639607 0.122104340811369 -0.692488128139901 -0.105090927451690 -0.000000000000000 -0.000000000000000 -1.201039170876383
-0.577677095775566 -0.294384215163475 0.055355023002348 0.122104340811369 -0.692488128139901 -0.111096123306072 -0.000000000000000 -0.000000000000000 -1.201039170876383
-0.577066574071509 -0.297846655804174 0.054799542385818 0.122104340811369 -0.692488128139901 -0.117101319160454 -0.000000000000000 -0.000000000000000 -1.201039170876661
-0.576456052367452 -0.301309096444874 0.054214035790016 0.122104340811369 -0.692488128139901 -0.123106515014837 -0.000000000000000 -0.000000000000000 -1.201039170876383
-0.575845530663395 -0.304771537085573 0.053598503214942 0.122104340811369 -0.692488128139901 -0.129111710869219 -0.000000000000000 -0.000000000000000 -1.201039170876661
-0.575235008959339 -0.308233977726273 0.052952944660596 0.122104340811369 -0.692488128139901 -0.135116906723602 -0.000000000004441 -0.000000000000000 -1.201039170876106
-0.574624487255282 -0.311696418366972 0.052277360126978 0.122104340811346 -0.692488128139901 -0.141122102577983 0.000000000004441 -0.000000000000000 -1.201039170876661
-0.574013965551225 -0.315158859007672 0.051571749614088 0.122104340811369 -0.692488128139901 -0.147127298432366 -0.000000000000000 -0.000000000000000 -1.201039170876383
-0.573403443847168 -0.318621299648371 0.050836113121926 0.122104340811369 -0.692488128139901 -0.153132494286748 -0.000000000000000 -0.000000000000000 -1.201039170876383
-0.572792922143111 -0.322083740289071 0.050070450650492 0.122104340811369 -0.692488128139901 -0.159137690141130 -0.000000000000000 -0.000000000000000 -1.201039170876661
-0.572182400439054 -0.325546180929770 0.049274762199786 0.122104340811369 -0.692488128139901 -0.165142885995513 -0.000000000000000 -0.000000000000000 -1.201039170876383
-0.571571878734998 -0.329008621570470 0.048449047769809 0.122104340811369 -0.692488128139901 -0.171148081849895 -0.000000000004441 -0.000000000000000 -1.201039170876106
-0.570961357030941 -0.332471062211169 0.047593307360559 0.122104340811346 -0.692488128139901 -0.177153277704276 0.000000000004441 -0.000000000000000 -1.201039170876939
-0.570350835326884 -0.335933502851869 0.046707540972038 0.122104340811369 -0.692488128139901 -0.183158473558660 -0.021421814175859 0.121489145287201 -1.134314772494038
-0.569740313622827 -0.339395943492568 0.045791748604245 0.121997231740489 -0.691880682413465 -0.188830047421130 -0.299905398488676 1.700848034028590 -0.266897593528270
-0.569130327464125 -0.342855346904636 0.044847598367139 0.120497704748046 -0.683376442243322 -0.190164535388772 -0.385592655192113 2.186804615178506 0.000000000000000
-0.568527838940385 -0.346272229115852 0.043896775690195 0.118569741472085 -0.672442419167429 -0.190164535388772 -0.385592655192113 2.186804615177951 -0.000000000000278
-0.567934990233024 -0.349634441211689 0.042945953013251 0.116641778196125 -0.661508396091540 -0.190164535388773 -0.385592655192113 2.186804615179616 0.000000000000278
-0.567351781342043 -0.352941983192147 0.041995130336307 0.114713814920164 -0.650574373015642 -0.190164535388772 -0.385592655196554 2.186804615177951 0.000000000000000
-0.566778212267443 -0.356194855057225 0.041044307659364 0.112785851644182 -0.639640349939752 -0.190164535388772 -0.385592655196554 2.186804615179061 0.000000000000000
-0.566214283009222 -0.359393056806924 0.040093484982420 0.110857888368199 -0.628706326863857 -0.190164535388772 -0.385592655187672 2.186804615178506 0.000000000000000
-0.565659993567381 -0.362536588441243 0.039142662305476 0.108929925092260 -0.617772303787964 -0.190164535388772 -0.385592655200995 2.186804615178506 0.000000000000000
-0.565115343941919 -0.365625449960183 0.038191839628532 0.107001961816255 -0.606838280712071 -0.190164535388772 -0.385592655187672 2.186804615178506 0.000000000000000
-0.564580334132838 -0.368659641363743 0.037241016951588 0.105073998540317 -0.595904257636179 -0.190164535388772 -0.385592655196554 2.186804615179061 -0.000000000000278
-0.564054964140137 -0.371639162651924 0.036290194274644 0.103146035264334 -0.584970234560284 -0.190164535388773 -0.385592655192113 2.186804615178506 0.000000000000278
-0.563539233963815 -0.374564013824726 0.035339371597700 0.101218071988374 -0.574036211484391 -0.190164535388772 -0.385592655196554 2.186804615178506 0.000000000000000
-0.563033143603873 -0.377434194882148 0.034388548920757 0.099290108712391 -0.563102188408499 -0.190164535388772 -0.385592655192113 2.186804615178506 0.000000000000000
-0.562536693060311 -0.380249705824190 0.033437726243813 0.097362145436430 -0.552168165332606 -0.190164535388772 -0.385592655192113 2.186804615178506 0.000000000000000
-0.562049882333129 -0.383010546650853 0.032486903566869 0.095434182160470 -0.541234142256714 -0.190164535388772 -0.385592655196554 2.186804615179061 -0.000000000000139
-0.561572711422327 -0.385716717362137 0.031536080889925 0.093506218884487 -0.530300119180818 -0.190164535388773 -0.385592655192113 2.186804615178506 0.000000000000139
-0.561105180327904 -0.388368217958041 0.030585258212981 0.091578255608527 -0.519366096104926 -0.190164535388772 -0.385592655192113 2.186804615179061 0.000000000000000
-0.560647289049861 -0.390965048438565 0.029634435536037 0.089650292332566 -0.508432073029030 -0.190164535388772 -0.385592655196554 2.186804615177951 0.000000000000000
-0.560199037588199 -0.393507208803711 0.028683612859093 0.087722329056583 -0.497498049953141 -0.190164535388772 -0.385592655192113 2.186804615178506 -0.000000000000139
-0.559760425942916 -0.395994699053476 0.027732790182150 0.085794365780623 -0.486564026877248 -0.190164535388773 -0.385592655196554 2.186804615179061 0.000000000000139
-0.559331454114013 -0.398427519187863 0.026781967505206 0.083866402504640 -0.475630003801353 -0.190164535388772 -0.385592655192113 2.186804615178783 0.000000000000000
-0.558912122101489 -0.400805669206869 0.025831144828262 0.081938439228679 -0.464695980725459 -0.190164535388772 -0.385592655192113 2.186804615178506 -0.000000000000139
-0.558502429905346 -0.403129149110497 0.024880322151318 0.080010475952719 -0.453761957649566 -0.190164535388773 -0.385592655196554 2.186804615178506 0.000000000000139
-0.558102377525582 -0.405397958898745 0.023929499474374 0.078082512676736 -0.442827934573674 -0.190164535388772 -0.385592655192113 2.186804615178783 0.000000000000000
-0.557711964962199 -0.407612098571613 0.022978676797430 0.076154549400775 -0.431893911497780 -0.190164535388772 -0.385592655196554 2.186804615178506 0.000000000000000
-0.557331192215195 -0.409771568129102 0.022027854120486 0.074226586124793 -0.420959888421887 -0.190164535388772 -0.385592655192113 2.186804615178783 -0.000000000000139
-0.556960059284571 -0.411876367571211 0.021077031443543 0.072298622848832 -0.410025865345993 -0.190164535388773 -0.385592655192113 2.186804615178506 0.000000000000139
-0.556598566170327 -0.413926496897941 0.020126208766599 0.070370659572871 -0.399091842270101 -0.190164535388772 -0.385592655196554 2.186804615178506 0.000000000000000
-0.556246712872462 -0.415921956109292 0.019175386089655 0.068442696296889 -0.388157819194208 -0.190164535388772 -0.385592655192113 2.186804615178783 -0.000000000000139
-0.555904499390978 -0.417862745205263 0.018224563412711 0.066514733020928 -0.377223796118314 -0.190164535388773 -0.385592655192113 2.186804615178506 0.000000000000139
-0.555571925725873 -0.419748864185854 0.017273740735767 0.064586769744968 -0.366289773042422 -0.190164535388772 -0.385592655196554 2.186804615179061 0.000000000000072
-0.555248991877148 -0.421580313051066 0.016322918058823 0.062658806468985 -0.355355749966527 -0.190164535388771 -0.385592655192113 2.186804615178228 0.266897593528059
-0.554935697844804 -0.423357091800899 0.015372095381879 0.060730843193024 -0.344421726890635 -0.188830047421131 -0.385592655192113 2.186804615178506 1.134314772494316
-0.554632043628838 -0.425079200435352 0.014427945144774 0.058802879917064 -0.333487703814743 -0.183158473558660 -0.385592655196554 2.186804615179061 1.201039170876522
-0.554338029229253 -0.426746638954426 0.013512152776980 0.056874916641081 -0.322553680738848 -0.177153277704277 -0.385592655196554 2.186804615178506 1.201039170876456
-0.554053654646048 -0.428359407358120 0.012626386388459 0.054946953365098 -0.311619657662955 -0.171148081849895 -0.385592655187672 2.186804615178506 1.201039170876383
-0.553778919879222 -0.429917505646435 0.011770645979210 0.053018990089160 -0.300685634587063 -0.165142885995513 -0.385592655196554 2.186804615178783 1.201039170876522
-0.553513824928776 -0.431420933819370 0.010944931549232 0.051091026813177 -0.289751611511169 -0.159137690141130 -0.385592655196554 2.186804615178506 1.201039170876450
-0.553258369794711 -0.432869691876926 0.010149243098526 0.049163063537194 -0.278817588435276 -0.153132494286748 -0.385592655187672 2.186804615178650 1.201039170876456
-0.553012554477025 -0.434263779819102 0.009383580627093 0.047235100261256 -0.267883565359383 -0.147127298432366 -0.385592655200995 2.186804615178783 1.201039170876450
-0.552776378975718 -0.435603197645899 0.008647944134931 0.045307136985251 -0.256949542283489 -0.141122102577983 -0.385592655187672 2.186804615178362 1.201039170876383
-0.552549843290792 -0.436887945357317 0.007942333622041 0.043379173709313 -0.246015519207597 -0.135116906723601 -0.385592655196554 2.186804615178783 1.201039170876522
-0.552332947422245 -0.438118022953355 0.007266749088423 0.041451210433330 -0.235081496131703 -0.129111710869219 -0.385592655192113 2.186804615178783 1.201039170876453
-0.552125691370079 -0.439293430434013 0.006621190534077 0.039523247157369 -0.224147473055809 -0.123106515014837 -0.385592655196554 2.186804615178506 1.201039170876453
-0.551928075134292 -0.440414167799292 0.006005657959003 0.037595283881386 -0.213213449979917 -0.117101319160454 -0.385592655192113 2.186804615178506 1.201039170876453
-0.551740098714885 -0.441480235049192 0.005420151363200 0.035667320605426 -0.202279426904024 -0.111096123306072 -0.385592655192113 2.186804615178783 1.201039170876453
-0.551561762111858 -0.442491632183712 0.004864670746670 0.033739357329465 -0.191345403828130 -0.105090927451690 -0.385592655196554 2.186804615178644 1.201039170876453
-0.551393065325211 -0.443448359202853 0.004339216109412 0.031811394053483 -0.180411380752237 -0.099085731597308 -0.385592655192113 2.186804615178506 1.201039170876453
-0.551234008354943 -0.444350416106614 0.003843787451425 0.029883430777522 -0.169477357676345 -0.093080535742925 -0.385592655196554 2.186804615178783 1.201039170876469
-0.551084591201056 -0.445197802894996 0.003378384772710 0.027955467501539 -0.158543334600451 -0.087075339888543 -0.385592655192113 2.186804615178506 1.201039170876436
-0.550944813863548 -0.445990519567998 0.002943008073268 0.026027504225579 -0.147609311524558 -0.081070144034161 -0.385592655192113 2.186804615178783 1.201039170876469
-0.550814676342420 -0.446728566125621 0.002537657353097 0.024099540949618 -0.136675288448664 -0.075064948179778 -0.385592655196554 2.186804615178506 1.201039170876445
-0.550694178637672 -0.447411942567864 0.002162332612198 0.022171577673635 -0.125741265372772 -0.069059752325396 -0.385592655192113 2.186804615178714 1.201039170876461
-0.550583320749304 -0.448040648894728 0.001817033850571 0.020243614397675 -0.114807242296878 -0.063054556471014 -0.385592655192113 2.186804615178575 1.201039170876454
-0.550482102677315 -0.448614685106212 0.001501761068216 0.018315651121714 -0.103873219220985 -0.057049360616632 -0.385592655196554 2.186804615178644 1.201039170876457
-0.550390524421707 -0.449134051202317 0.001216514265133 0.016387687845731 -0.092939196145092 -0.051044164762249 -0.385592655192113 2.186804615178714 1.201039170876453
-0.550308585982478 -0.449598747183043 0.000961293441322 0.014459724569771 -0.082005173069198 -0.045038968907867 -0.385592655196554 2.186804615178506 1.201039170876453
-0.550236287359629 -0.450008773048389 0.000736098596782 0.012531761293788 -0.071071149993306 -0.039033773053485 -0.385592655192113 2.186804615178714 1.201039170876453
-0.550173628553160 -0.450364128798355 0.000540929731515 0.010603798017828 -0.060137126917412 -0.033028577199103 -0.385592655192113 2.186804615178644 1.201039170876458
-0.550120609563071 -0.450664814432942 0.000375786845519 0.008675834741867 -0.049203103841519 -0.027023381344720 -0.385592655196554 2.186804615178575 1.201039170876454
-0.550077230389362 -0.450910829952150 0.000240669938796 0.006747871465884 -0.038269080765626 -0.021018185490338 -0.385592655192113 2.186804615178714 1.201039170876454
-0.550043491032032 -0.451102175355978 0.000135579011344 0.004819908189924 -0.027335057689733 -0.015012989635956 -0.385592655192113 2.186804615178575 1.201039170876455
-0.550019391491083 -0.451238850644427 0.000060514063164 0.002891944913963 -0.016401034613840 -0.009007793781573 -0.385592655192113 2.186804615178714 1.201039170876454
-0.550004931766513 -0.451320855817496 0.000015475094256 0.002891944913963 -0.016401034613840 -0.009007793781573 -0.385592655192113 2.186804615178575 1.201039170876455
