-0.550022062958513 -0.445638719180509 0.000079748394000 -0.012624670798678 0.071598065979206 0.044969538229456 -1.683289439822211 9.546408797229677 5.995938430594068
-0.550085186312507 -0.445280728850613 0.000304596085147 -0.021041117997789 0.119330109965354 0.074949230382426 -1.683289439826652 9.546408797227457 5.995938430594061
-0.550190391902496 -0.444684078300787 0.000679342237059 -0.029457565196922 0.167062153951492 0.104928922535396 -1.683289439822211 9.546408797227457 5.995938430594083
-0.550337679728480 -0.443848767531029 0.001203986849736 -0.037874012396033 0.214794197937629 0.134908614688367 -1.683289439826652 9.546408797227457 5.995938430594050
-0.550527049790460 -0.442774796541341 0.001878529923178 -0.046290459595166 0.262526241923766 0.164888306841337 -1.683289439822211 9.546408797227457 5.995938430594094
-0.550758502088436 -0.441462165331722 0.002702971457385 -0.054706906794277 0.310258285909903 0.194867998994307 -1.683289439822211 9.546408797229677 5.995938430594022
-0.551032036622408 -0.439910873902173 0.003677311452356 -0.063123353993388 0.357990329896052 0.224847691147277 -1.683289439826652 9.546408797227457 5.995938430594111
-0.551347653392374 -0.438120922252692 0.004801549908093 -0.071539801192522 0.405722373882189 0.254827383300248 -1.683289439822211 9.546408797227457 5.995938430594061
-0.551705352398337 -0.436092310383282 0.006075686824594 -0.079956248391633 0.453454417868326 0.284807075453218 -1.683289439826652 9.546408797227457 5.995938430594094
-0.552105133640295 -0.433825038293940 0.007499722201860 -0.088372695590766 0.501186461854464 0.314786767606189 -1.683289439822211 9.546408797229677 5.995938430593994
-0.552546997118249 -0.431319105984668 0.009073656039891 -0.096789142789877 0.548918505840612 0.344766459759159 -1.683289439822211 9.546408797225236 5.995938430594161
-0.553030942832198 -0.428574513455464 0.010797488338687 -0.105205589988988 0.596650549826738 0.374746151912130 -1.683289439826652 9.546408797229677 5.995938430594028
-0.553556970782143 -0.425591260706331 0.012671219098247 -0.113622037188121 0.644382593812887 0.404725844065100 -1.683289439822211 9.546408797227457 5.995938430593883
-0.554125080968084 -0.422369347737266 0.014694848318573 -0.122038484387232 0.692114637799024 0.434705536218069 -1.683289439826652 9.546408797229677 2.997969215297325
-0.554735273390020 -0.418908774548271 0.016868375999663 -0.130454931586366 0.739846681785172 0.449695382294556 -1.683289439817770 9.546408797225236 -0.000000000000144
-0.555387548047952 -0.415209541139345 0.019116852911136 -0.138871378785455 0.787578725771299 0.449695382294555 -1.683289439831093 9.546408797229677 0.000000000000000
-0.556081904941879 -0.411271647510489 0.021365329822609 -0.147287825984610 0.835310769757447 0.449695382294555 -1.683289439817770 9.546408797227457 0.000000000000000
-0.556818344071802 -0.407095093661702 0.023613806734081 -0.155704273183699 0.883042813743584 0.449695382294555 -1.683289439826652 9.546408797227457 0.000000000000000
-0.557596865437721 -0.402679879592984 0.025862283645554 -0.164120720382832 0.930774857729721 0.449695382294555 -1.683289439826652 9.546408797229677 0.000000000000000
-0.558417469039635 -0.398026005304335 0.028110760557027 -0.172537167581965 0.978506901715870 0.449695382294555 -1.683289439822211 9.546408797225236 0.000000000000144
-0.559280154877545 -0.393133470795756 0.030359237468500 -0.180953614781076 1.026238945701996 0.449695382294556 -1.683289439822211 9.546408797229677 0.000000000000000
-0.560184922951450 -0.388002276067246 0.032607714379973 -0.189370061980187 1.073970989688144 0.449695382294556 -1.683289439826652 9.546408797227457 -0.000000000000278
-0.561131773261351 -0.382632421118805 0.034856191291445 -0.197786509179321 1.121703033674282 0.449695382294554 -1.683289439822211 9.546408797229677 0.000000000000278
-0.562120705807248 -0.377023905950434 0.037104668202918 -0.206202956378432 1.169435077660430 0.449695382294556 -1.683289439822211 9.546408797225236 -0.000000000000278
-0.563151720589140 -0.371176730562132 0.039353145114391 -0.214619403577543 1.217167121646556 0.449695382294554 -1.683289439826652 9.546408797229677 0.000000000000278
-0.564224817607028 -0.365090894953899 0.041601622025864 -0.223035850776676 1.264899165632705 0.449695382294556 -1.683289439822211 9.546408797227457 0.000000000000000
-0.565339996860911 -0.358766399125735 0.043850098937336 -0.231452297975787 1.312631209618842 0.449695382294556 -1.683289439822211 9.546408797227457 -0.000000000000278
-0.566497258350790 -0.352203243077641 0.046098575848809 -0.239868745174898 1.360363253604979 0.449695382294554 -1.683289439826652 9.546408797227457 0.000000000000000
-0.567696602076664 -0.345401426809616 0.048347052760282 -0.248285192374031 1.408095297591117 0.449695382294554 -0.841644719913326 4.773204398615949 -2.997969215296770
-0.568938028038535 -0.338360950321661 0.050595529671755 -0.252493415973598 1.431961319584196 0.434705536218070 0.000000000000000 -0.000000000002220 -5.995938430594371
-0.570200495118403 -0.331201143723740 0.052769057352845 -0.252493415973598 1.431961319584185 0.404725844065099 0.000000000004441 0.000000000000000 -5.995938430593816
-0.571462962198271 -0.324041337125819 0.054792686573171 -0.252493415973576 1.431961319584185 0.374746151912130 -0.000000000004441 0.000000000002220 -5.995938430594094
-0.572725429278138 -0.316881530527898 0.056666417332731 -0.252493415973598 1.431961319584196 0.344766459759159 0.000000000004441 0.000000000000000 -5.995938430594094
-0.573987896358006 -0.309721723929977 0.058390249631527 -0.252493415973576 1.431961319584196 0.314786767606189 -0.000000000004441 -0.000000000002220 -5.995938430594094
-0.575250363437874 -0.302561917332056 0.059964183469558 -0.252493415973598 1.431961319584185 0.284807075453218 0.000000000000000 0.000000000000000 -5.995938430593816
-0.576512830517742 -0.295402110734135 0.061388218846824 -0.252493415973598 1.431961319584185 0.254827383300249 0.000000000004441 0.000000000002220 -5.995938430594649
-0.577775297597610 -0.288242304136214 0.062662355763325 -0.252493415973576 1.431961319584196 0.224847691147276 -0.000000000004441 0.000000000000000 -5.995938430593539
-0.579037764677478 -0.281082497538293 0.063786594219062 -0.252493415973598 1.431961319584196 0.194867998994308 0.000000000004441 -0.000000000002220 -5.995938430594094
-0.580300231757346 -0.273922690940372 0.064760934214033 -0.252493415973576 1.431961319584185 0.164888306841338 -0.000000000004441 0.000000000000000 -5.995938430594649
-0.581562698837214 -0.266762884342451 0.065585375748240 -0.252493415973598 1.431961319584185 0.134908614688364 0.000000000000000 0.000000000002220 -5.995938430593539
-0.582825165917082 -0.259603077744530 0.066259918821682 -0.252493415973598 1.431961319584196 0.104928922535397 0.000000000004441 -0.000000000001110 -5.995938430594094
-0.584087632996950 -0.252443271146609 0.066784563434359 -0.252493415973576 1.431961319584191 0.074949230382426 -0.000000000004441 0.000000000000000 -5.995938430594094
-0.585350100076818 -0.245283464548688 0.067159309586271 -0.252493415973598 1.431961319584191 0.044969538229456 0.000000000004441 0.000000000000000 -5.995938430594094
-0.586612567156686 -0.238123657950767 0.067384157277418 -0.252493415973576 1.431961319584191 0.014989846076485 -0.000000000004441 0.000000000000000 -5.995938430594094
-0.587875034236554 -0.230963851352846 0.067459106507801 -0.252493415973598 1.431961319584191 -0.014989846076485 0.000000000000000 0.000000000000000 -5.995938430594094
-0.589137501316422 -0.223804044754925 0.067384157277418 -0.252493415973598 1.431961319584191 -0.044969538229456 0.000000000004441 0.000000000000000 -5.995938430594094
-0.590399968396290 -0.216644238157004 0.067159309586271 -0.252493415973576 1.431961319584191 -0.074949230382426 -0.000000000004441 0.000000000000000 -5.995938430594094
-0.591662435476158 -0.209484431559083 0.066784563434359 -0.252493415973598 1.431961319584191 -0.104928922535397 0.000000000000000 0.000000000000000 -5.995938430593539
-0.592924902556026 -0.202324624961162 0.066259918821682 -0.252493415973598 1.431961319584191 -0.134908614688364 0.000000000004441 -0.000000000001110 -5.995938430594649
-0.594187369635894 -0.195164818363241 0.065585375748240 -0.252493415973576 1.431961319584185 -0.164888306841338 -0.000000000004441 0.000000000002220 -5.995938430594094
-0.595449836715761 -0.188005011765321 0.064760934214033 -0.252493415973598 1.431961319584196 -0.194867998994308 0.000000000004441 -0.000000000002220 -5.995938430593539
-0.596712303795629 -0.180845205167400 0.063786594219062 -0.252493415973576 1.431961319584185 -0.224847691147276 -0.000000000004441 0.000000000002220 -5.995938430594649
-0.597974770875497 -0.173685398569479 0.062662355763325 -0.252493415973598 1.431961319584196 -0.254827383300249 0.000000000000000 -0.000000000002220 -5.995938430593816
-0.599237237955365 -0.166525591971558 0.061388218846824 -0.252493415973598 1.431961319584185 -0.284807075453218 0.000000000004441 0.000000000002220 -5.995938430594094
-0.600499705035233 -0.159365785373637 0.059964183469558 -0.252493415973576 1.431961319584196 -0.314786767606189 -0.000000000004441 -0.000000000002220 -5.995938430594094
-0.601762172115101 -0.152205978775716 0.058390249631527 -0.252493415973598 1.431961319584185 -0.344766459759159 0.000000000000000 0.000000000002220 -5.995938430594094
-0.603024639194969 -0.145046172177795 0.056666417332731 -0.252493415973598 1.431961319584196 -0.374746151912130 0.000000000004441 -0.000000000002220 -5.995938430593816
-0.604287106274837 -0.137886365579874 0.054792686573171 -0.252493415973576 1.431961319584185 -0.404725844065099 -0.000000000004441 0.000000000001643 -5.995938430594371
-0.605549573354705 -0.130726558981953 0.052769057352845 -0.252493415973598 1.431961319584193 -0.434705536218070 0.841644719913326 -4.773204398614839 -2.997969215296770
-0.606812040434573 -0.123566752384032 0.050595529671755 -0.248285192374031 1.408095297591119 -0.449695382294554 1.683289439826652 -9.546408797227457 0.000000000000000
-0.608053466396443 -0.116526275896076 0.048347052760282 -0.239868745174898 1.360363253604982 -0.449695382294554 1.683289439822211 -9.546408797227990 -0.000000000000278
-0.609252810122318 -0.109724459628051 0.046098575848809 -0.231452297975787 1.312631209618842 -0.449695382294556 1.683289439822211 -9.546408797228034 0.000000000000000
-0.610410071612197 -0.103161303579957 0.043850098937336 -0.223035850776676 1.264899165632702 -0.449695382294556 1.683289439826652 -9.546408797227990 0.000000000000278
-0.611525250866080 -0.096836807751794 0.041601622025864 -0.214619403577543 1.217167121646562 -0.449695382294554 1.683289439822211 -9.546408797228034 -0.000000000000278
-0.612598347883968 -0.090750972143561 0.039353145114391 -0.206202956378432 1.169435077660422 -0.449695382294556 1.683289439822211 -9.546408797227990 0.000000000000278
-0.613629362665860 -0.084903796755259 0.037104668202918 -0.197786509179321 1.121703033674282 -0.449695382294554 1.683289439826652 -9.546408797228034 -0.000000000000278
-0.614618295211756 -0.079295281586887 0.034856191291445 -0.189370061980187 1.073970989688142 -0.449695382294556 1.683289439822211 -9.546408797227457 0.000000000000000
-0.615565145521657 -0.073925426638447 0.032607714379973 -0.180953614781076 1.026238945702004 -0.449695382294556 1.683289439822211 -9.546408797227990 0.000000000000144
-0.616469913595563 -0.068794231909937 0.030359237468500 -0.172537167581965 0.978506901715864 -0.449695382294555 1.683289439826652 -9.546408797228011 0.000000000000000
-0.617332599433473 -0.063901697401357 0.028110760557027 -0.164120720382832 0.930774857729724 -0.449695382294555 1.683289439826652 -9.546408797228011 0.000000000000000
-0.618153203035387 -0.059247823112709 0.025862283645554 -0.155704273183699 0.883042813743584 -0.449695382294555 1.683289439817770 -9.546408797228011 0.000000000000000
-0.618931724401305 -0.054832609043991 0.023613806734081 -0.147287825984610 0.835310769757444 -0.449695382294555 1.683289439831093 -9.546408797228011 0.000000000000000
-0.619668163531228 -0.050656055195204 0.021365329822609 -0.138871378785455 0.787578725771304 -0.449695382294555 1.683289439817770 -9.546408797227457 -0.000000000000144
-0.620362520425156 -0.046718161566347 0.019116852911136 -0.130454931586366 0.739846681785167 -0.449695382294556 1.683289439826652 -9.546408797228567 2.997969215297325
-0.621014795083087 -0.043018928157421 0.016868375999663 -0.122038484387232 0.692114637799024 -0.434705536218069 1.683289439822211 -9.546408797227457 5.995938430593883
-0.621624987505024 -0.039558354968426 0.014694848318573 -0.113622037188121 0.644382593812887 -0.404725844065100 1.683289439826652 -9.546408797228011 5.995938430594028
-0.622193097690964 -0.036336441999362 0.012671219098247 -0.105205589988988 0.596650549826747 -0.374746151912130 1.683289439822211 -9.546408797228301 5.995938430594161
-0.622719125640909 -0.033353189250228 0.010797488338687 -0.096789142789877 0.548918505840605 -0.344766459759159 1.683289439822211 -9.546408797227590 5.995938430593994
-0.623203071354859 -0.030608596721025 0.009073656039891 -0.088372695590766 0.501186461854467 -0.314786767606189 1.683289439826652 -9.546408797228011 5.995938430594094
-0.623644934832812 -0.028102664411753 0.007499722201860 -0.079956248391633 0.453454417868327 -0.284807075453218 1.683289439822211 -9.546408797228011 5.995938430594061
-0.624044716074771 -0.025835392322411 0.006075686824594 -0.071539801192522 0.405722373882187 -0.254827383300248 1.683289439826652 -9.546408797227867 5.995938430594111
-0.624402415080733 -0.023806780453000 0.004801549908093 -0.063123353993388 0.357990329896048 -0.224847691147277 1.683289439822211 -9.546408797227878 5.995938430594022
-0.624718031850700 -0.022016828803520 0.003677311452356 -0.054706906794277 0.310258285909908 -0.194867998994307 1.683289439822211 -9.546408797228011 5.995938430594094
-0.624991566384671 -0.020465537373970 0.002702971457385 -0.046290459595166 0.262526241923768 -0.164888306841337 1.683289439826652 -9.546408797228006 5.995938430594050
-0.625223018682647 -0.019152906164351 0.001878529923178 -0.037874012396033 0.214794197937628 -0.134908614688367 1.683289439822211 -9.546408797227873 5.995938430594083
-0.625412388744627 -0.018078935174663 0.001203986849736 -0.029457565196922 0.167062153951489 -0.104928922535396 1.683289439826652 -9.546408797227873 5.995938430594061
-0.625559676570612 -0.017243624404906 0.000679342237059 -0.021041117997789 0.119330109965349 -0.074949230382426 1.683289439822211 -9.546408797228011 5.995938430594068
-0.625664882160601 -0.016646973855079 0.000304596085147 -0.012624670798678 0.071598065979209 -0.044969538229456 1.683289439826652 -9.546408797227873 5.995938430594061
-0.625728005514594 -0.016288983525183 0.000079748394000 -0.012624670798678 0.071598065979209 -0.044969538229456 1.683289439822211 -9.546408797228011 5.995938430594068
-0.625728005514594 -0.016288983525183 0.000079748394000 0.012624670798678 -0.071598065979206 0.044969538229456 1.683289439822211 -9.546408797229677 5.995938430594068
-0.625664882160601 -0.016646973855079 0.000304596085147 0.021041117997789 -0.119330109965354 0.074949230382426 1.683289439826652 -9.546408797227457 5.995938430594061
-0.625559676570612 -0.017243624404906 0.000679342237059 0.029457565196922 -0.167062153951492 0.104928922535396 1.683289439822211 -9.546408797227457 5.995938430594083
-0.625412388744627 -0.018078935174663 0.001203986849736 0.037874012396033 -0.214794197937629 0.134908614688367 1.683289439826652 -9.546408797227457 5.995938430594050
-0.625223018682647 -0.019152906164351 0.001878529923178 0.046290459595166 -0.262526241923766 0.164888306841337 1.683289439822211 -9.546408797227457 5.995938430594094
-0.624991566384671 -0.020465537373970 0.002702971457385 0.054706906794277 -0.310258285909903 0.194867998994307 1.683289439822211 -9.546408797229677 5.995938430594022
-0.624718031850700 -0.022016828803520 0.003677311452356 0.063123353993388 -0.357990329896052 0.224847691147277 1.683289439826652 -9.546408797227457 5.995938430594111
-0.624402415080733 -0.023806780453000 0.004801549908093 0.071539801192522 -0.405722373882189 0.254827383300248 1.683289439822211 -9.546408797227457 5.995938430594061
-0.624044716074771 -0.025835392322411 0.006075686824594 0.079956248391633 -0.453454417868326 0.284807075453218 1.683289439826652 -9.546408797227457 5.995938430594094
-0.623644934832812 -0.028102664411753 0.007499722201860 0.088372695590766 -0.501186461854464 0.314786767606189 1.683289439822211 -9.546408797229677 5.995938430593994
-0.623203071354859 -0.030608596721025 0.009073656039891 0.096789142789877 -0.548918505840612 0.344766459759159 1.683289439822211 -9.546408797225236 5.995938430594161
-0.622719125640909 -0.033353189250228 0.010797488338687 0.105205589988988 -0.596650549826738 0.374746151912130 1.683289439826652 -9.546408797229677 5.995938430594028
-0.622193097690964 -0.036336441999362 0.012671219098247 0.113622037188121 -0.644382593812887 0.404725844065100 1.683289439822211 -9.546408797227457 5.995938430593883
-0.621624987505024 -0.039558354968426 0.014694848318573 0.122038484387232 -0.692114637799024 0.434705536218069 1.683289439826652 -9.546408797229677 2.997969215297325
-0.621014795083087 -0.043018928157421 0.016868375999663 0.130454931586366 -0.739846681785172 0.449695382294556 1.683289439817770 -9.546408797225236 -0.000000000000144
-0.620362520425156 -0.046718161566347 0.019116852911136 0.138871378785455 -0.787578725771299 0.449695382294555 1.683289439831093 -9.546408797229677 0.000000000000000
-0.619668163531228 -0.050656055195204 0.021365329822609 0.147287825984610 -0.835310769757447 0.449695382294555 1.683289439817770 -9.546408797227457 0.000000000000000
-0.618931724401305 -0.054832609043991 0.023613806734081 0.155704273183699 -0.883042813743584 0.449695382294555 1.683289439826652 -9.546408797227457 0.000000000000000
-0.618153203035387 -0.059247823112709 0.025862283645554 0.164120720382832 -0.930774857729721 0.449695382294555 1.683289439826652 -9.546408797229677 0.000000000000000
-0.617332599433473 -0.063901697401357 0.028110760557027 0.172537167581965 -0.978506901715870 0.449695382294555 1.683289439822211 -9.546408797225236 0.000000000000144
-0.616469913595563 -0.068794231909937 0.030359237468500 0.180953614781076 -1.026238945701996 0.449695382294556 1.683289439822211 -9.546408797229677 0.000000000000000
-0.615565145521657 -0.073925426638447 0.032607714379973 0.189370061980187 -1.073970989688144 0.449695382294556 1.683289439826652 -9.546408797227457 -0.000000000000278
-0.614618295211756 -0.079295281586887 0.034856191291445 0.197786509179321 -1.121703033674282 0.449695382294554 1.683289439822211 -9.546408797229677 0.000000000000278
-0.613629362665860 -0.084903796755259 0.037104668202918 0.206202956378432 -1.169435077660430 0.449695382294556 1.683289439822211 -9.546408797225236 -0.000000000000278
-0.612598347883968 -0.090750972143561 0.039353145114391 0.214619403577543 -1.217167121646556 0.449695382294554 1.683289439826652 -9.546408797229677 0.000000000000278
-0.611525250866080 -0.096836807751794 0.041601622025864 0.223035850776676 -1.264899165632705 0.449695382294556 1.683289439822211 -9.546408797227457 0.000000000000000
-0.610410071612197 -0.103161303579957 0.043850098937336 0.231452297975787 -1.312631209618842 0.449695382294556 1.683289439822211 -9.546408797227457 -0.000000000000278
-0.609252810122318 -0.109724459628051 0.046098575848809 0.239868745174898 -1.360363253604979 0.449695382294554 1.683289439826652 -9.546408797227457 0.000000000000000
-0.608053466396443 -0.116526275896076 0.048347052760282 0.248285192374031 -1.408095297591117 0.449695382294554 0.841644719913326 -4.773204398615949 -2.997969215296770
-0.606812040434573 -0.123566752384032 0.050595529671755 0.252493415973598 -1.431961319584196 0.434705536218070 -0.000000000000000 0.000000000002220 -5.995938430594371
-0.605549573354705 -0.130726558981953 0.052769057352845 0.252493415973598 -1.431961319584185 0.404725844065099 -0.000000000004441 -0.000000000000000 -5.995938430593816
-0.604287106274837 -0.137886365579874 0.054792686573171 0.252493415973576 -1.431961319584185 0.374746151912130 0.000000000004441 -0.000000000002220 -5.995938430594094
-0.603024639194969 -0.145046172177795 0.056666417332731 0.252493415973598 -1.431961319584196 0.344766459759159 -0.000000000004441 -0.000000000000000 -5.995938430594094
-0.601762172115101 -0.152205978775716 0.058390249631527 0.252493415973576 -1.431961319584196 0.314786767606189 0.000000000004441 0.000000000002220 -5.995938430594094
-0.600499705035233 -0.159365785373637 0.059964183469558 0.252493415973598 -1.431961319584185 0.284807075453218 -0.000000000000000 -0.000000000000000 -5.995938430593816
-0.599237237955365 -0.166525591971558 0.061388218846824 0.252493415973598 -1.431961319584185 0.254827383300249 -0.000000000004441 -0.000000000002220 -5.995938430594649
-0.597974770875497 -0.173685398569479 0.062662355763325 0.252493415973576 -1.431961319584196 0.224847691147276 0.000000000004441 -0.000000000000000 -5.995938430593539
-0.596712303795629 -0.180845205167400 0.063786594219062 0.252493415973598 -1.431961319584196 0.194867998994308 -0.000000000004441 0.000000000002220 -5.995938430594094
-0.595449836715761 -0.188005011765321 0.064760934214033 0.252493415973576 -1.431961319584185 0.164888306841338 0.000000000004441 -0.000000000000000 -5.995938430594649
-0.594187369635894 -0.195164818363241 0.065585375748240 0.252493415973598 -1.431961319584185 0.134908614688364 -0.000000000000000 -0.000000000002220 -5.995938430593539
-0.592924902556026 -0.202324624961162 0.066259918821682 0.252493415973598 -1.431961319584196 0.104928922535397 -0.000000000004441 0.000000000001110 -5.995938430594094
-0.591662435476158 -0.209484431559083 0.066784563434359 0.252493415973576 -1.431961319584191 0.074949230382426 0.000000000004441 -0.000000000000000 -5.995938430594094
-0.590399968396290 -0.216644238157004 0.067159309586271 0.252493415973598 -1.431961319584191 0.044969538229456 -0.000000000004441 -0.000000000000000 -5.995938430594094
-0.589137501316422 -0.223804044754925 0.067384157277418 0.252493415973576 -1.431961319584191 0.014989846076485 0.000000000004441 -0.000000000000000 -5.995938430594094
-0.587875034236554 -0.230963851352846 0.067459106507801 0.252493415973598 -1.431961319584191 -0.014989846076485 -0.000000000000000 -0.000000000000000 -5.995938430594094
-0.586612567156686 -0.238123657950767 0.067384157277418 0.252493415973598 -1.431961319584191 -0.044969538229456 -0.000000000004441 -0.000000000000000 -5.995938430594094
-0.585350100076818 -0.245283464548688 0.067159309586271 0.252493415973576 -1.431961319584191 -0.074949230382426 0.000000000004441 -0.000000000000000 -5.995938430594094
-0.584087632996950 -0.252443271146609 0.066784563434359 0.252493415973598 -1.431961319584191 -0.104928922535397 -0.000000000000000 -0.000000000000000 -5.995938430593539
-0.582825165917082 -0.259603077744530 0.066259918821682 0.252493415973598 -1.431961319584191 -0.134908614688364 -0.000000000004441 0.000000000001110 -5.995938430594649
-0.581562698837214 -0.266762884342451 0.065585375748240 0.252493415973576 -1.431961319584185 -0.164888306841338 0.000000000004441 -0.000000000002220 -5.995938430594094
-0.580300231757346 -0.273922690940372 0.064760934214033 0.252493415973598 -1.431961319584196 -0.194867998994308 -0.000000000004441 0.000000000002220 -5.995938430593539
-0.579037764677478 -0.281082497538293 0.063786594219062 0.252493415973576 -1.431961319584185 -0.224847691147276 0.000000000004441 -0.000000000002220 -5.995938430594649
-0.577775297597610 -0.288242304136214 0.062662355763325 0.252493415973598 -1.431961319584196 -0.254827383300249 -0.000000000000000 0.000000000002220 -5.995938430593816
-0.576512830517742 -0.295402110734135 0.061388218846824 0.252493415973598 -1.431961319584185 -0.284807075453218 -0.000000000004441 -0.000000000002220 -5.995938430594094
-0.575250363437874 -0.302561917332056 0.059964183469558 0.252493415973576 -1.431961319584196 -0.314786767606189 0.000000000004441 0.000000000002220 -5.995938430594094
-0.573987896358006 -0.309721723929977 0.058390249631527 0.252493415973598 -1.431961319584185 -0.344766459759159 -0.000000000000000 -0.000000000002220 -5.995938430594094
-0.572725429278138 -0.316881530527898 0.056666417332731 0.252493415973598 -1.431961319584196 -0.374746151912130 -0.000000000004441 0.000000000002220 -5.995938430593816
-0.571462962198271 -0.324041337125819 0.054792686573171 0.252493415973576 -1.431961319584185 -0.404725844065099 0.000000000004441 -0.000000000001643 -5.995938430594371
-0.570200495118403 -0.331201143723740 0.052769057352845 0.252493415973598 -1.431961319584193 -0.434705536218070 -0.841644719913326 4.773204398614839 -2.997969215296770
-0.568938028038535 -0.338360950321661 0.050595529671755 0.248285192374031 -1.408095297591119 -0.449695382294554 -1.683289439826652 9.546408797227457 0.000000000000000
-0.567696602076664 -0.345401426809616 0.048347052760282 0.239868745174898 -1.360363253604982 -0.449695382294554 -1.683289439822211 9.546408797227990 -0.000000000000278
-0.566497258350790 -0.352203243077641 0.046098575848809 0.231452297975787 -1.312631209618842 -0.449695382294556 -1.683289439822211 9.546408797228034 0.000000000000000
-0.565339996860911 -0.358766399125735 0.043850098937336 0.223035850776676 -1.264899165632702 -0.449695382294556 -1.683289439826652 9.546408797227990 0.000000000000278
-0.564224817607028 -0.365090894953899 0.041601622025864 0.214619403577543 -1.217167121646562 -0.449695382294554 -1.683289439822211 9.546408797228034 -0.000000000000278
-0.563151720589140 -0.371176730562132 0.039353145114391 0.206202956378432 -1.169435077660422 -0.449695382294556 -1.683289439822211 9.546408797227990 0.000000000000278
-0.562120705807248 -0.377023905950434 0.037104668202918 0.197786509179321 -1.121703033674282 -0.449695382294554 -1.683289439826652 9.546408797228034 -0.000000000000278
-0.561131773261351 -0.382632421118805 0.034856191291445 0.189370061980187 -1.073970989688142 -0.449695382294556 -1.683289439822211 9.546408797227457 0.000000000000000
-0.560184922951450 -0.388002276067246 0.032607714379973 0.180953614781076 -1.026238945702004 -0.449695382294556 -1.683289439822211 9.546408797227990 0.000000000000144
-0.559280154877545 -0.393133470795756 0.030359237468500 0.172537167581965 -0.978506901715864 -0.449695382294555 -1.683289439826652 9.546408797228011 0.000000000000000
-0.558417469039635 -0.398026005304335 0.028110760557027 0.164120720382832 -0.930774857729724 -0.449695382294555 -1.683289439826652 9.546408797228011 0.000000000000000
-0.557596865437721 -0.402679879592984 0.025862283645554 0.155704273183699 -0.883042813743584 -0.449695382294555 -1.683289439817770 9.546408797228011 0.000000000000000
-0.556818344071802 -0.407095093661702 0.023613806734081 0.147287825984610 -0.835310769757444 -0.449695382294555 -1.683289439831093 9.546408797228011 0.000000000000000
-0.556081904941879 -0.411271647510489 0.021365329822609 0.138871378785455 -0.787578725771304 -0.449695382294555 -1.683289439817770 9.546408797227457 -0.000000000000144
-0.555387548047952 -0.415209541139345 0.019116852911136 0.130454931586366 -0.739846681785167 -0.449695382294556 -1.683289439826652 9.546408797228567 2.997969215297325
-0.554735273390020 -0.418908774548271 0.016868375999663 0.122038484387232 -0.692114637799024 -0.434705536218069 -1.683289439822211 9.546408797227457 5.995938430593883
-0.554125080968084 -0.422369347737266 0.014694848318573 0.113622037188121 -0.644382593812887 -0.404725844065100 -1.683289439826652 9.546408797228011 5.995938430594028
-0.553556970782143 -0.425591260706331 0.012671219098247 0.105205589988988 -0.596650549826747 -0.374746151912130 -1.683289439822211 9.546408797228301 5.995938430594161
-0.553030942832198 -0.428574513455464 0.010797488338687 0.096789142789877 -0.548918505840605 -0.344766459759159 -1.683289439822211 9.546408797227590 5.995938430593994
-0.552546997118249 -0.431319105984668 0.009073656039891 0.088372695590766 -0.501186461854467 -0.314786767606189 -1.683289439826652 9.546408797228011 5.995938430594094
-0.552105133640295 -0.433825038293940 0.007499722201860 0.079956248391633 -0.453454417868327 -0.284807075453218 -1.683289439822211 9.546408797228011 5.995938430594061
-0.551705352398337 -0.436092310383282 0.006075686824594 0.071539801192522 -0.405722373882187 -0.254827383300248 -1.683289439826652 9.546408797227867 5.995938430594111
-0.551347653392374 -0.438120922252692 0.004801549908093 0.063123353993388 -0.357990329896048 -0.224847691147277 -1.683289439822211 9.546408797227878 5.995938430594022
-0.551032036622408 -0.439910873902173 0.003677311452356 0.054706906794277 -0.310258285909908 -0.194867998994307 -1.683289439822211 9.546408797228011 5.995938430594094
-0.550758502088436 -0.441462165331722 0.002702971457385 0.046290459595166 -0.262526241923768 -0.164888306841337 -1.683289439826652 9.546408797228006 5.995938430594050
-0.550527049790460 -0.442774796541341 0.001878529923178 0.037874012396033 -0.214794197937628 -0.134908614688367 -1.683289439822211 9.546408797227873 5.995938430594083
-0.550337679728480 -0.443848767531029 0.001203986849736 0.029457565196922 -0.167062153951489 -0.104928922535396 -1.683289439826652 9.546408797227873 5.995938430594061
-0.550190391902496 -0.444684078300787 0.000679342237059 0.021041117997789 -0.119330109965349 -0.074949230382426 -1.683289439822211 9.546408797228011 5.995938430594068
-0.550085186312507 -0.445280728850613 0.000304596085147 0.012624670798678 -0.071598065979209 -0.044969538229456 -1.683289439826652 9.546408797227873 5.995938430594061
-0.550022062958513 -0.445638719180509 0.000079748394000 0.012624670798678 -0.071598065979209 -0.044969538229456 -1.683289439822211 9.546408797228011 5.995938430594068
