-0.007588428089427 -0.422200384748756 0.000000000000000 0.108165697431961 0.007749373418364 0.268593080162405 -2.949988870949785 10.063744198196556 0.299590237511360
-0.007047599602267 -0.422161637881664 0.001342965400812 0.093415753077212 0.058068094409347 0.270091031349962 -2.888526413658901 9.852728426684720 0.259234396038366
-0.006580520836881 -0.421871297409618 0.002693420557562 0.078973121008918 0.107331736542771 0.271387203330153 -2.827110534858804 9.641928943007194 0.218878554569812
-0.006185655231837 -0.421334638726904 0.004050356574213 0.064837568334624 0.155541381257807 0.272481596103002 -2.765741234582729 9.431345747268338 0.178522713096818
-0.005861467390164 -0.420556931820615 0.005412764554728 0.051008862161710 0.202698109994148 0.273374209668487 -2.704418512797235 9.220978839330485 0.138166871628265
-0.005606423079355 -0.419543441270644 0.006779635603070 0.037486769597724 0.248803004190801 0.274065044026628 -2.643142369524419 9.010828219313538 0.097811030155270
-0.005418989231367 -0.418299426249690 0.008149960823203 0.024271057750102 0.293857145287368 0.274554099177404 -2.581912804762408 8.800893887173089 0.057455188684497
-0.005297633942616 -0.416830140523253 0.009522731319090 0.011361493726290 0.337861614723234 0.274841375120827 -2.520729818497325 8.591175842878052 0.017099347211502
-0.005240826473985 -0.415140832449637 0.010896938194694 -0.001242155366197 0.380817493937624 0.274926871856884 -2.459593410745753 8.381674086488378 -0.023256494254831
-0.005247037250816 -0.413236744979949 0.012271572553979 -0.013540122419925 0.422725864370066 0.274810589385610 -2.398503581494231 8.172388617944115 -0.063612335730046
-0.005314737862915 -0.411123115658099 0.013645625500907 -0.025532640327397 0.463587807459787 0.274492527706960 -2.337460330756359 7.963319437307437 -0.103968177198599
-0.005442401064552 -0.408805176620800 0.015018088139442 -0.037219941981178 0.503404404646324 0.273972686820967 -2.276463658518225 7.754466544518390 -0.144324018671593
-0.005628500774458 -0.406288154597568 0.016387951573546 -0.048602260273770 0.542176737368916 0.273251066727609 -2.215513564791660 7.545829939621385 -0.184679860140147
-0.005871512075827 -0.403577270910724 0.017754206907184 -0.059679828097728 0.579905887067023 0.272327667426908 -2.154610049564970 7.337409622589774 -0.225035701613141
-0.006169911216316 -0.400677741475388 0.019115845244319 -0.070452878345553 0.616592935179971 0.271202488918842 -2.093753112849053 7.129205593430221 -0.265391543079474
-0.006522175608043 -0.397594776799489 0.020471857688913 -0.080921643909798 0.652238963147123 0.269875531203445 -2.032942754640818 6.921217852162709 -0.305747384561350
-0.006926783827592 -0.394333581983753 0.021821235344930 -0.091086357683002 0.686845052407936 0.268346794280638 -1.972178974934263 6.713446398753931 -0.346103226018801
-0.007382215616007 -0.390899356721713 0.023162969316334 -0.100947252557673 0.720412284401706 0.266616278150544 -1.911461773736225 6.505891233217209 -0.386459067500677
-0.007886951878796 -0.387297295299705 0.024496050707086 -0.110504561426355 0.752941740567792 0.264683982813041 -1.850791151046041 6.298552355576970 -0.426814908967010
-0.008439474685927 -0.383532586596866 0.025819470621152 -0.119758517181585 0.784434502345677 0.262549908268206 -1.790167106859514 6.091429765791023 -0.467170750437784
-0.009038267271835 -0.379610414085137 0.027132220162493 -0.128709352715882 0.814891651174632 0.260214054516017 -1.729589641178281 5.884523463883795 -0.507526591906338
-0.009681814035415 -0.375535955829264 0.028433290435073 -0.137357300921774 0.844314268494051 0.257676421556485 -1.669058754006569 5.677833449855285 -0.547882433383773
-0.010368600540024 -0.371314384486794 0.029721672542855 -0.145702594691807 0.872703435743327 0.254937009389566 -1.608574445341526 5.471359723709934 -0.588238274852326
-0.011097113513483 -0.366950867308077 0.030996357589803 -0.153745466918514 0.900060234361877 0.251995818015305 -1.548136715176301 5.265102285412215 -0.628594116320880
-0.011865840848075 -0.362450566136268 0.032256336679879 -0.161486150494396 0.926385745788938 0.248852847433700 -1.487745563524057 5.059061135019860 -0.668949957793874
-0.012673271600547 -0.357818637407323 0.033500600917048 -0.168924878312016 0.951681051464037 0.245508097644731 -1.427400990377320 4.853236272490680 -0.709305799264648
-0.013517895992107 -0.353060232150003 0.034728141405272 -0.176061883263903 0.975947232826491 0.241961568648408 -1.367102995733088 4.647627697831336 -0.749661640735422
-0.014398205408427 -0.348180495985871 0.035937949248514 -0.182897398242568 0.999185371315647 0.238213260444731 -1.306851579599144 4.442235411050710 -0.790017482206196
-0.015312692399640 -0.343184569129292 0.037129015550737 -0.189431656140564 1.021396548370901 0.234263173033700 -1.246646741967505 4.237059412146582 -0.830373323676969
-0.016259850680342 -0.338077586387438 0.038300331415906 -0.195664889850401 1.042581845431634 0.230111306415315 -1.186488482847470 4.032099701125613 -0.870729165149964
-0.017238175129595 -0.332864677160280 0.039450887947982 -0.201597332264639 1.062742343937262 0.225757660589565 -1.126376802225854 3.827356277950056 -0.911085006618517
-0.018246161790918 -0.327550965440593 0.040579676250930 -0.207229216275768 1.081879125327012 0.221202235556472 -1.066311700117506 3.622829142682082 -0.951440848091512
-0.019282307872297 -0.322141569813958 0.041685687428713 -0.212560774776355 1.099993271040423 0.216445031316015 -1.006293176513545 3.418518295281725 -0.991796689560065
-0.020345111746178 -0.316641603458756 0.042767912585293 -0.217592240658923 1.117085862516831 0.211486047868215 -0.946321231415220 3.214423735740102 -1.032152531035280
-0.021433072949473 -0.311056174146172 0.043825342824634 -0.222323846815999 1.133157981195532 0.206325285213038 -0.886395864818507 3.010545464083858 -1.072508372501613
-0.022544692183553 -0.305390384240194 0.044856969250699 -0.226755826140092 1.148210708515951 0.200962743350530 -0.826517076739086 2.806883480312994 -1.112864213974607
-0.023678471314253 -0.299649330697615 0.045861782967452 -0.230888411523787 1.162245125917516 0.195398422280657 -0.766684867154893 2.603437784394202 -1.153220055443160
-0.024832913371872 -0.293838105068027 0.046838775078855 -0.234721835859562 1.175262314839487 0.189632322003441 -0.706899236084108 2.400208376376334 -1.193575896920596
-0.026006522551170 -0.287961793493830 0.047786936688872 -0.238256332039982 1.187263356721369 0.183664442518838 -0.647160183515488 2.197195256206097 -1.233931738386929
-0.027197804211370 -0.282025476710223 0.048705258901466 -0.241492132957560 1.198249333002399 0.177494783826904 -0.587467709455836 1.994398423939003 -1.274287579857702
-0.028405264876158 -0.276034230045211 0.049592732820601 -0.244429471504839 1.208221325122094 0.171123345927615 -0.527821813898766 1.791817879521762 -1.314643421328476
-0.029627412233682 -0.269993123419600 0.050448349550239 -0.247068580574333 1.217180414519703 0.164550128820973 -0.468222496852189 1.589453622989900 -1.354999262801471
-0.030862755136554 -0.263907221347002 0.051271100194344 -0.249409693058594 1.225127682634652 0.157775132506965 -0.408669758309582 1.387305654343418 -1.395355104272245
-0.032109803601847 -0.257781582933829 0.052059975856879 -0.251453041850142 1.232064210906370 0.150798356985604 -0.349163598272195 1.185373973549009 -1.435710945743018
-0.033367068811097 -0.251621261879297 0.052813967641807 -0.253198859841502 1.237991080774115 0.143619802256889 -0.289704016744330 0.983658580649971 -1.476066787213792
-0.034633063110305 -0.245431306475426 0.053532066653091 -0.254647379925224 1.242909373677364 0.136239468320820 -0.230291013719464 0.782159475614108 -1.516422628682346
-0.035906300009931 -0.239216759607039 0.054213263994695 -0.255798834993821 1.246820171055435 0.128657355177408 -0.170924589203425 0.580876658458074 -1.556778470157560
-0.037185294184900 -0.232982658751762 0.054856550770582 -0.256653457939839 1.249724554347725 0.120873462826621 -0.111604743190108 0.379810129176317 -1.597134311626114
-0.038468561474599 -0.226734035980024 0.055460918084715 -0.257211481655789 1.251623604993607 0.112887791268490 -0.052331475687284 0.178959887767727 -1.637490153096888
-0.039754618882878 -0.220475917955056 0.056025357041058 -0.257473139034226 1.252518404432446 0.104700340503006 0.006895213311431 -0.021674065764365 -1.677845994569882
-0.041041984578049 -0.214213325932893 0.056548858743573 -0.257438662967668 1.252410034103624 0.096311110530156 0.066075323805204 -0.222091731421070 -1.718201836038435
-0.042329177892888 -0.207951275762375 0.057030414296224 -0.257108286348642 1.251299575446518 0.087720101349964 0.125208855790704 -0.422293109206828 -1.758557677511430
-0.043614719324631 -0.201694777885143 0.057469014802973 -0.256482242069689 1.249188109900484 0.078927312962407 0.184295809270707 -0.622278199111648 -1.798913518982204
-0.044897130534979 -0.195448837335640 0.057863651367785 -0.255560763023335 1.246076718904926 0.069932745367496 0.243336184243548 -0.822047001146631 -1.839269360452978
-0.046174934350096 -0.189218453741116 0.058213315094623 -0.254344082102118 1.241966483899193 0.060736398565231 0.302329980711447 -1.021599515301785 -1.879625201923751
-0.047446654760607 -0.183008621321620 0.058516997087449 -0.252832432198560 1.236858486322684 0.051338272555612 0.361277198673848 -1.220935741588214 -1.919981043392305
-0.048710816921599 -0.176824328890006 0.058773688450227 -0.251026046205191 1.230753807614743 0.041738367338651 0.420177838127422 -1.420055679995924 -1.960336884867520
-0.049965947152625 -0.170670559851932 0.058982380286920 -0.248925157014554 1.223653529214763 0.031936682914313 0.479031899076054 -1.618959330531577 -2.000692726336073
-0.051210572937698 -0.164552292205859 0.059142063701492 -0.246529997519174 1.215558732562105 0.021933219282633 0.537839381520300 -1.817646693185182 -2.041048567809067
-0.052443222925294 -0.158474498543048 0.059251729797905 -0.243840800611572 1.206470499096179 0.011727976443587 0.596600285454607 -2.016117767973391 -2.081404409277621
-0.053662426928352 -0.152442146047567 0.059310369680123 -0.240857799184299 1.196389910256312 0.001320954397199 0.655314610885638 -2.214372554878441 -2.121760250750615
-0.054866715924273 -0.146460196496286 0.059316974452109 -0.237581226129871 1.185318047481920 -0.009287846856554 0.713982357809506 -2.412411053913655 -2.162116092219168
-0.056054622054923 -0.140533606258876 0.059270535217826 -0.234011314340823 1.173255992212352 -0.020098427317650 0.772603526227322 -2.610233265076811 -2.202471933694383
-0.057224678626627 -0.134667326297814 0.059170043081238 -0.230148296709687 1.160204825886968 -0.031110786986122 0.831178116137421 -2.807839188352368 -2.242827775160716
-0.058375420110175 -0.128866302168379 0.059014489146307 -0.225992406129000 1.146165629945206 -0.042324925861925 0.889706127544243 -3.005228823769190 -2.283183616633710
-0.059505382140820 -0.123135474018653 0.058802864516998 -0.221543875491279 1.131139485826360 -0.053740843945094 0.948187560441682 -3.202402171302854 -2.323539458106705
-0.060613101518277 -0.117479776589522 0.058534160297272 -0.216802937689070 1.115127474969846 -0.065358541235627 1.006622414834180 -3.399359230955579 -2.363895299573038
-0.061697116206722 -0.111904139214672 0.058207367591094 -0.211769825614899 1.098130678815068 -0.077178017733492 1.065010690722290 -3.596100002747349 -2.404251141048253
-0.062755965334797 -0.106413485820597 0.057821477502427 -0.206444772161288 1.080150178801331 -0.089199273438734 1.123352388101018 -3.792624486653740 -2.444606982519026
-0.063788189195603 -0.101012734926590 0.057375481135233 -0.200828010220783 1.061187056368063 -0.101422308351329 1.181647506975358 -3.988932682690294 -2.484962823985359
-0.064792329246707 -0.095706799644750 0.056868369593476 -0.194919772685906 1.041242392954611 -0.113847122471256 1.239896047343092 -4.185024590850350 -2.525318665465015
-0.065766928110136 -0.090500587679977 0.056299133981120 -0.188720292449190 1.020317270000359 -0.126473715798581 1.298098009204218 -4.380900211131689 -2.565674506926907
-0.066710529572382 -0.085399001329975 0.055666765402127 -0.182229802403169 0.998412768944701 -0.139302088333215 1.356253392559292 -4.576559543545411 -2.606030348399901
-0.067621678584398 -0.080406937485252 0.054970254960461 -0.175448535440373 0.975529971226974 -0.152332240075215 1.414362197409980 -4.772002588082636 -2.646386189879557
-0.068498921261600 -0.075529287629117 0.054208593760085 -0.168376724453323 0.951669958286561 -0.165564171024613 1.472424423750174 -4.967229344734481 -2.686742031339229
-0.069340804883867 -0.070770937837684 0.053380772904962 -0.161014602334572 0.926833811562888 -0.178997881181309 1.530440071589312 -5.162239813529812 -2.727097872814443
-0.070145877895540 -0.066136768779870 0.052485783499055 -0.153362401976626 0.901022612495239 -0.192633370545381 1.588409140916847 -5.357033994435323 -2.767453714287438
-0.070912689905423 -0.061631655717393 0.051522616646329 -0.145420356272041 0.874237442523063 -0.206470639116818 1.646331631743325 -5.551611887468777 -2.807809555755991
-0.071639791686783 -0.057260468504778 0.050490263450744 -0.137188698113325 0.846479383085719 -0.220509686895598 1.704207544060421 -5.745973492634615 -2.848165397228986
-0.072325735177350 -0.053028071589349 0.049387715016266 -0.128667660393023 0.817749515622546 -0.234750513881743 1.762036877870909 -5.940118809919515 -2.888521238699759
-0.072969073479315 -0.048939324011237 0.048213962446858 -0.119857476003668 0.788048921572948 -0.249193120075242 1.819819633177566 -6.134047839327916 -2.928877080168313
-0.073568360859333 -0.044999079403372 0.046967996846482 -0.110758377837780 0.757378682376308 -0.263837505476083 1.877555809976506 -6.327760580866482 -2.969232921639087
-0.074122152748522 -0.041212185991490 0.045648809319101 -0.101370598787898 0.725739879471976 -0.278683670084279 1.935245408268838 -6.521257034521888 -3.009588763114301
-0.074629005742461 -0.037583486594131 0.044255390968680 -0.091694371746553 0.693133594299367 -0.293731613899850 1.992888428054562 -6.714537200318560 -3.049944604582855
-0.075087477601194 -0.034117818622634 0.042786732899180 -0.081729929606281 0.659560908297774 -0.308981336922765 2.050484869337565 -6.907601078223191 -3.090300446053629
-0.075496127249226 -0.030820014081145 0.041241826214567 -0.071477505259593 0.625022902906658 -0.324432839153033 2.108034732109521 -7.100448668257986 -3.130656287526623
-0.075853514775523 -0.027694899566612 0.039619662018801 -0.060937331599045 0.589520659565368 -0.340086120590666 2.165538016379309 -7.293079970427385 -3.171012128992956
-0.076158201433519 -0.024747296268785 0.037919231415848 -0.050109641517149 0.553055259713231 -0.355941181235631 2.222994722139160 -7.485494984709185 -3.211367970468171
-0.076408749641104 -0.021982019970219 0.036139525509670 -0.038994667906453 0.515627784789685 -0.371998021087971 2.280404849395179 -7.677693711116707 -3.251723811938945
-0.076603722980637 -0.019403881046270 0.034279535404230 -0.027592643659477 0.477239316234102 -0.388256640147666 2.337768398145146 -7.869676149661053 -3.292079653405278
-0.076741686198934 -0.017017684465100 0.032338252203492 -0.015903801668751 0.437890935485796 -0.404717038414693 2.395085368388505 -8.061442300320021 -3.332435494887154
-0.076821205207278 -0.014828229787671 0.030314667011418 -0.003928374826809 0.397583723984196 -0.421379215889128 2.452355760122482 -8.252992163109152 -3.372791336344605
-0.076840847081412 -0.012840311167750 0.028207770931973 0.008333403973804 0.356318763168650 -0.438243172570851 2.509579573355958 -8.444325738017344 -3.413147177824261
-0.076799180061543 -0.011058717351906 0.026016555069118 0.020881301840583 0.314097134478564 -0.455308908459973 2.566756808079496 -8.635443025057921 -3.453503019292814
-0.076694773552340 -0.009488231679514 0.023740010526819 0.033715085880981 0.270919919353274 -0.472576423556437 2.623887464297536 -8.826344024221999 -3.493858860761367
-0.076526198122935 -0.008133632082747 0.021377128409036 0.046834523202469 0.226788199232164 -0.490045717860244 2.680971542007304 -9.017028735505139 -3.534214702241023
-0.076292025506923 -0.006999691086586 0.018926899819735 0.060239380912505 0.181703055554638 -0.507716791371449 2.738009041216016 -9.207497158918443 -3.574570543700695
-0.075990828602360 -0.006091175808813 0.016388315862878 0.073929426118585 0.135665569760046 -0.525589644089952 2.794999961913680 -9.397749294464131 -3.614926385180350
-0.075621181471767 -0.005412847960013 0.013760367642428 0.087904425928154 0.088676823287726 -0.543664276015854 2.851944304108622 -9.587785142115557 -3.655282226646683
-0.075181659342127 -0.004969463843574 0.011042046262349 0.102164147448697 0.040737897577148 -0.561940687149087 2.908842067791961 -9.777604701910469 -3.695638068117457
-0.074670838604883 -0.004765774355689 0.008232342826603 0.116708357787657 -0.008150125932405 -0.580418877489675 2.965693252975909 -9.967207973824443 -3.735993909592672
-0.074087296815945 -0.004806524985351 0.005330248439155 0.131536824052536 -0.057986165801527 -0.599098847037638 2.965693252975909 -9.967207973824443 -3.735993909592672
-0.073429612695682 -0.005096455814358 0.002334754203967 -0.131536824052536 0.057986165801527 0.599098847037638 2.908842067791961 -9.777604701910469 -3.695638068117457
-0.074087296815945 -0.004806524985351 0.005330248439155 -0.116708357787657 0.008150125932405 0.580418877489675 2.851944304108622 -9.587785142115557 -3.655282226646683
-0.074670838604883 -0.004765774355689 0.008232342826603 -0.102164147448697 -0.040737897577148 0.561940687149087 2.794999961913680 -9.397749294464131 -3.614926385180350
-0.075181659342127 -0.004969463843574 0.011042046262349 -0.087904425928154 -0.088676823287726 0.543664276015854 2.738009041216016 -9.207497158918443 -3.574570543700695
-0.075621181471767 -0.005412847960013 0.013760367642428 -0.073929426118585 -0.135665569760046 0.525589644089952 2.680971542007304 -9.017028735505139 -3.534214702241023
-0.075990828602360 -0.006091175808813 0.016388315862878 -0.060239380912505 -0.181703055554638 0.507716791371449 2.623887464297536 -8.826344024221999 -3.493858860761367
-0.076292025506923 -0.006999691086586 0.018926899819735 -0.046834523202469 -0.226788199232164 0.490045717860244 2.566756808079496 -8.635443025057921 -3.453503019292814
-0.076526198122935 -0.008133632082747 0.021377128409036 -0.033715085880981 -0.270919919353274 0.472576423556437 2.509579573355958 -8.444325738017344 -3.413147177824261
-0.076694773552340 -0.009488231679514 0.023740010526819 -0.020881301840583 -0.314097134478564 0.455308908459973 2.452355760122482 -8.252992163109152 -3.372791336344605
-0.076799180061543 -0.011058717351906 0.026016555069118 -0.008333403973804 -0.356318763168650 0.438243172570851 2.395085368388505 -8.061442300320021 -3.332435494887154
-0.076840847081412 -0.012840311167750 0.028207770931973 0.003928374826809 -0.397583723984196 0.421379215889128 2.337768398145146 -7.869676149661053 -3.292079653405278
-0.076821205207278 -0.014828229787671 0.030314667011418 0.015903801668751 -0.437890935485796 0.404717038414693 2.280404849395179 -7.677693711116707 -3.251723811938945
-0.076741686198934 -0.017017684465100 0.032338252203492 0.027592643659477 -0.477239316234102 0.388256640147666 2.222994722139160 -7.485494984709185 -3.211367970468171
-0.076603722980637 -0.019403881046270 0.034279535404230 0.038994667906453 -0.515627784789685 0.371998021087971 2.165538016379309 -7.293079970427385 -3.171012128992956
-0.076408749641104 -0.021982019970219 0.036139525509670 0.050109641517149 -0.553055259713231 0.355941181235631 2.108034732109521 -7.100448668257986 -3.130656287526623
-0.076158201433519 -0.024747296268785 0.037919231415848 0.060937331599045 -0.589520659565368 0.340086120590666 2.050484869337565 -6.907601078223191 -3.090300446053629
-0.075853514775523 -0.027694899566612 0.039619662018801 0.071477505259593 -0.625022902906658 0.324432839153033 1.992888428054562 -6.714537200318560 -3.049944604582855
-0.075496127249226 -0.030820014081145 0.041241826214567 0.081729929606281 -0.659560908297774 0.308981336922765 1.935245408268838 -6.521257034521888 -3.009588763114301
-0.075087477601194 -0.034117818622634 0.042786732899180 0.091694371746553 -0.693133594299367 0.293731613899850 1.877555809976506 -6.327760580866482 -2.969232921639087
-0.074629005742461 -0.037583486594131 0.044255390968680 0.101370598787898 -0.725739879471976 0.278683670084279 1.819819633177566 -6.134047839327916 -2.928877080168313
-0.074122152748522 -0.041212185991490 0.045648809319101 0.110758377837780 -0.757378682376308 0.263837505476083 1.762036877870909 -5.940118809919515 -2.888521238699759
-0.073568360859333 -0.044999079403372 0.046967996846482 0.119857476003668 -0.788048921572948 0.249193120075242 1.704207544060421 -5.745973492634615 -2.848165397228986
-0.072969073479315 -0.048939324011237 0.048213962446858 0.128667660393023 -0.817749515622546 0.234750513881743 1.646331631743325 -5.551611887468777 -2.807809555755991
-0.072325735177350 -0.053028071589349 0.049387715016266 0.137188698113325 -0.846479383085719 0.220509686895598 1.588409140916847 -5.357033994435323 -2.767453714287438
-0.071639791686783 -0.057260468504778 0.050490263450744 0.145420356272041 -0.874237442523063 0.206470639116818 1.530440071589312 -5.162239813529812 -2.727097872814443
-0.070912689905423 -0.061631655717393 0.051522616646329 0.153362401976626 -0.901022612495239 0.192633370545381 1.472424423750174 -4.967229344734481 -2.686742031339229
-0.070145877895540 -0.066136768779870 0.052485783499055 0.161014602334572 -0.926833811562888 0.178997881181309 1.414362197409980 -4.772002588082636 -2.646386189879557
-0.069340804883867 -0.070770937837684 0.053380772904962 0.168376724453323 -0.951669958286561 0.165564171024613 1.356253392559292 -4.576559543545411 -2.606030348399901
-0.068498921261600 -0.075529287629117 0.054208593760085 0.175448535440373 -0.975529971226974 0.152332240075215 1.298098009204218 -4.380900211131689 -2.565674506926907
-0.067621678584398 -0.080406937485252 0.054970254960461 0.182229802403169 -0.998412768944701 0.139302088333215 1.239896047343092 -4.185024590850350 -2.525318665465015
-0.066710529572382 -0.085399001329975 0.055666765402127 0.188720292449190 -1.020317270000359 0.126473715798581 1.181647506975358 -3.988932682690294 -2.484962823985359
-0.065766928110136 -0.090500587679977 0.056299133981120 0.194919772685906 -1.041242392954611 0.113847122471256 1.123352388101018 -3.792624486653740 -2.444606982519026
-0.064792329246707 -0.095706799644750 0.056868369593476 0.200828010220783 -1.061187056368063 0.101422308351329 1.065010690722290 -3.596100002747349 -2.404251141048253
-0.063788189195603 -0.101012734926590 0.057375481135233 0.206444772161288 -1.080150178801331 0.089199273438734 1.006622414834180 -3.399359230955579 -2.363895299573038
-0.062755965334797 -0.106413485820597 0.057821477502427 0.211769825614899 -1.098130678815068 0.077178017733492 0.948187560441682 -3.202402171302854 -2.323539458106705
-0.061697116206722 -0.111904139214672 0.058207367591094 0.216802937689070 -1.115127474969846 0.065358541235627 0.889706127544243 -3.005228823769190 -2.283183616633710
-0.060613101518277 -0.117479776589522 0.058534160297272 0.221543875491279 -1.131139485826360 0.053740843945094 0.831178116137421 -2.807839188352368 -2.242827775160716
-0.059505382140820 -0.123135474018653 0.058802864516998 0.225992406129000 -1.146165629945206 0.042324925861925 0.772603526227322 -2.610233265076811 -2.202471933694383
-0.058375420110175 -0.128866302168379 0.059014489146307 0.230148296709687 -1.160204825886968 0.031110786986122 0.713982357809506 -2.412411053913655 -2.162116092219168
-0.057224678626627 -0.134667326297814 0.059170043081238 0.234011314340823 -1.173255992212352 0.020098427317650 0.655314610885638 -2.214372554878441 -2.121760250750615
-0.056054622054923 -0.140533606258876 0.059270535217826 0.237581226129871 -1.185318047481920 0.009287846856554 0.596600285454607 -2.016117767973391 -2.081404409277621
-0.054866715924273 -0.146460196496286 0.059316974452109 0.240857799184299 -1.196389910256312 -0.001320954397199 0.537839381520300 -1.817646693185182 -2.041048567809067
-0.053662426928352 -0.152442146047567 0.059310369680123 0.243840800611572 -1.206470499096179 -0.011727976443587 0.479031899076054 -1.618959330531577 -2.000692726336073
-0.052443222925294 -0.158474498543048 0.059251729797905 0.246529997519174 -1.215558732562105 -0.021933219282633 0.420177838127422 -1.420055679995924 -1.960336884867520
-0.051210572937698 -0.164552292205859 0.059142063701492 0.248925157014554 -1.223653529214763 -0.031936682914313 0.361277198673848 -1.220935741588214 -1.919981043392305
-0.049965947152625 -0.170670559851932 0.058982380286920 0.251026046205191 -1.230753807614743 -0.041738367338651 0.302329980711447 -1.021599515301785 -1.879625201923751
-0.048710816921599 -0.176824328890006 0.058773688450227 0.252832432198560 -1.236858486322684 -0.051338272555612 0.243336184243548 -0.822047001146631 -1.839269360452978
-0.047446654760607 -0.183008621321620 0.058516997087449 0.254344082102118 -1.241966483899193 -0.060736398565231 0.184295809270707 -0.622278199111648 -1.798913518982204
-0.046174934350096 -0.189218453741116 0.058213315094623 0.255560763023335 -1.246076718904926 -0.069932745367496 0.125208855790704 -0.422293109206828 -1.758557677511430
-0.044897130534979 -0.195448837335640 0.057863651367785 0.256482242069689 -1.249188109900484 -0.078927312962407 0.066075323805204 -0.222091731421070 -1.718201836038435
-0.043614719324631 -0.201694777885143 0.057469014802973 0.257108286348642 -1.251299575446518 -0.087720101349964 0.006895213311431 -0.021674065764365 -1.677845994569882
-0.042329177892888 -0.207951275762375 0.057030414296224 0.257438662967668 -1.252410034103624 -0.096311110530156 -0.052331475687284 0.178959887767727 -1.637490153096888
-0.041041984578049 -0.214213325932893 0.056548858743573 0.257473139034226 -1.252518404432446 -0.104700340503006 -0.111604743190108 0.379810129176317 -1.597134311626114
-0.039754618882878 -0.220475917955056 0.056025357041058 0.257211481655789 -1.251623604993607 -0.112887791268490 -0.170924589203425 0.580876658458074 -1.556778470157560
-0.038468561474599 -0.226734035980024 0.055460918084715 0.256653457939839 -1.249724554347725 -0.120873462826621 -0.230291013719464 0.782159475614108 -1.516422628682346
-0.037185294184900 -0.232982658751762 0.054856550770582 0.255798834993821 -1.246820171055435 -0.128657355177408 -0.289704016744330 0.983658580649971 -1.476066787213792
-0.035906300009931 -0.239216759607039 0.054213263994695 0.254647379925224 -1.242909373677364 -0.136239468320820 -0.349163598272195 1.185373973549009 -1.435710945743018
-0.034633063110305 -0.245431306475426 0.053532066653091 0.253198859841502 -1.237991080774115 -0.143619802256889 -0.408669758309582 1.387305654343418 -1.395355104272245
-0.033367068811097 -0.251621261879297 0.052813967641807 0.251453041850142 -1.232064210906370 -0.150798356985604 -0.468222496852189 1.589453622989900 -1.354999262801471
-0.032109803601847 -0.257781582933829 0.052059975856879 0.249409693058594 -1.225127682634652 -0.157775132506965 -0.527821813898766 1.791817879521762 -1.314643421328476
-0.030862755136554 -0.263907221347002 0.051271100194344 0.247068580574333 -1.217180414519703 -0.164550128820973 -0.587467709455836 1.994398423939003 -1.274287579857702
-0.029627412233682 -0.269993123419600 0.050448349550239 0.244429471504839 -1.208221325122094 -0.171123345927615 -0.647160183515488 2.197195256206097 -1.233931738386929
-0.028405264876158 -0.276034230045211 0.049592732820601 0.241492132957560 -1.198249333002399 -0.177494783826904 -0.706899236084108 2.400208376376334 -1.193575896920596
-0.027197804211370 -0.282025476710223 0.048705258901466 0.238256332039982 -1.187263356721369 -0.183664442518838 -0.766684867154893 2.603437784394202 -1.153220055443160
-0.026006522551170 -0.287961793493830 0.047786936688872 0.234721835859562 -1.175262314839487 -0.189632322003441 -0.826517076739086 2.806883480312994 -1.112864213974607
-0.024832913371872 -0.293838105068027 0.046838775078855 0.230888411523787 -1.162245125917516 -0.195398422280657 -0.886395864818507 3.010545464083858 -1.072508372501613
-0.023678471314253 -0.299649330697615 0.045861782967452 0.226755826140092 -1.148210708515951 -0.200962743350530 -0.946321231415220 3.214423735740102 -1.032152531035280
-0.022544692183553 -0.305390384240194 0.044856969250699 0.222323846815999 -1.133157981195532 -0.206325285213038 -1.006293176513545 3.418518295281725 -0.991796689560065
-0.021433072949473 -0.311056174146172 0.043825342824634 0.217592240658923 -1.117085862516831 -0.211486047868215 -1.066311700117506 3.622829142682082 -0.951440848091512
-0.020345111746178 -0.316641603458756 0.042767912585293 0.212560774776355 -1.099993271040423 -0.216445031316015 -1.126376802225854 3.827356277950056 -0.911085006618517
-0.019282307872297 -0.322141569813958 0.041685687428713 0.207229216275768 -1.081879125327012 -0.221202235556472 -1.186488482847470 4.032099701125613 -0.870729165149964
-0.018246161790918 -0.327550965440593 0.040579676250930 0.201597332264639 -1.062742343937262 -0.225757660589565 -1.246646741967505 4.237059412146582 -0.830373323676969
-0.017238175129595 -0.332864677160280 0.039450887947982 0.195664889850401 -1.042581845431634 -0.230111306415315 -1.306851579599144 4.442235411050710 -0.790017482206196
-0.016259850680342 -0.338077586387438 0.038300331415906 0.189431656140564 -1.021396548370901 -0.234263173033700 -1.367102995733088 4.647627697831336 -0.749661640735422
-0.015312692399640 -0.343184569129292 0.037129015550737 0.182897398242568 -0.999185371315647 -0.238213260444731 -1.427400990377320 4.853236272490680 -0.709305799264648
-0.014398205408427 -0.348180495985871 0.035937949248514 0.176061883263903 -0.975947232826491 -0.241961568648408 -1.487745563524057 5.059061135019860 -0.668949957793874
-0.013517895992107 -0.353060232150003 0.034728141405272 0.168924878312016 -0.951681051464037 -0.245508097644731 -1.548136715176301 5.265102285412215 -0.628594116320880
-0.012673271600547 -0.357818637407323 0.033500600917048 0.161486150494396 -0.926385745788938 -0.248852847433700 -1.608574445341526 5.471359723709934 -0.588238274852326
-0.011865840848075 -0.362450566136268 0.032256336679879 0.153745466918514 -0.900060234361877 -0.251995818015305 -1.669058754006569 5.677833449855285 -0.547882433383773
-0.011097113513483 -0.366950867308077 0.030996357589803 0.145702594691807 -0.872703435743327 -0.254937009389566 -1.729589641178281 5.884523463883795 -0.507526591906338
-0.010368600540024 -0.371314384486794 0.029721672542855 0.137357300921774 -0.844314268494051 -0.257676421556485 -1.790167106859514 6.091429765791023 -0.467170750437784
-0.009681814035415 -0.375535955829264 0.028433290435073 0.128709352715882 -0.814891651174632 -0.260214054516017 -1.850791151046041 6.298552355576970 -0.426814908967010
-0.009038267271835 -0.379610414085137 0.027132220162493 0.119758517181585 -0.784434502345677 -0.262549908268206 -1.911461773736225 6.505891233217209 -0.386459067500677
-0.008439474685927 -0.383532586596866 0.025819470621152 0.110504561426355 -0.752941740567792 -0.264683982813041 -1.972178974934263 6.713446398753931 -0.346103226018801
-0.007886951878796 -0.387297295299705 0.024496050707086 0.100947252557673 -0.720412284401706 -0.266616278150544 -2.032942754640818 6.921217852162709 -0.305747384561350
-0.007382215616007 -0.390899356721713 0.023162969316334 0.091086357683002 -0.686845052407936 -0.268346794280638 -2.093753112849053 7.129205593430221 -0.265391543079474
-0.006926783827592 -0.394333581983753 0.021821235344930 0.080921643909798 -0.652238963147123 -0.269875531203445 -2.154610049564970 7.337409622589774 -0.225035701613141
-0.006522175608043 -0.397594776799489 0.020471857688913 0.070452878345553 -0.616592935179971 -0.271202488918842 -2.215513564791660 7.545829939621385 -0.184679860140147
-0.006169911216316 -0.400677741475388 0.019115845244319 0.059679828097728 -0.579905887067023 -0.272327667426908 -2.276463658518225 7.754466544518390 -0.144324018671593
-0.005871512075827 -0.403577270910724 0.017754206907184 0.048602260273770 -0.542176737368916 -0.273251066727609 -2.337460330756359 7.963319437307437 -0.103968177198599
-0.005628500774458 -0.406288154597568 0.016387951573546 0.037219941981178 -0.503404404646324 -0.273972686820967 -2.398503581494231 8.172388617944115 -0.063612335730046
-0.005442401064552 -0.408805176620800 0.015018088139442 0.025532640327397 -0.463587807459787 -0.274492527706960 -2.459593410745753 8.381674086488378 -0.023256494254831
-0.005314737862915 -0.411123115658099 0.013645625500907 0.013540122419925 -0.422725864370066 -0.274810589385610 -2.520729818497325 8.591175842878052 0.017099347211502
-0.005247037250816 -0.413236744979949 0.012271572553979 0.001242155366197 -0.380817493937624 -0.274926871856884 -2.581912804762408 8.800893887173089 0.057455188684497
-0.005240826473985 -0.415140832449637 0.010896938194694 -0.011361493726290 -0.337861614723234 -0.274841375120827 -2.643142369524419 9.010828219313538 0.097811030155270
-0.005297633942616 -0.416830140523253 0.009522731319090 -0.024271057750102 -0.293857145287368 -0.274554099177404 -2.704418512797235 9.220978839330485 0.138166871628265
-0.005418989231367 -0.418299426249690 0.008149960823203 -0.037486769597724 -0.248803004190801 -0.274065044026628 -2.765741234582729 9.431345747268338 0.178522713096818
-0.005606423079355 -0.419543441270644 0.006779635603070 -0.051008862161710 -0.202698109994148 -0.273374209668487 -2.827110534858804 9.641928943007194 0.218878554569812
-0.005861467390164 -0.420556931820615 0.005412764554728 -0.064837568334624 -0.155541381257807 -0.272481596103002 -2.888526413658901 9.852728426684720 0.259234396038366
