-0.013575400186150 -0.448135177518016 0.000000000000000 0.152696983172011 -0.211940500683494 0.341750264832497 -1.344691509496815 4.398287744888929 -0.343447565387400
-0.012811915270290 -0.449194880021434 0.001708751324162 0.145973525624527 -0.189949061959049 0.340033027005560 -1.337751661293074 4.375588524225815 -0.353134366073427
-0.012082047642167 -0.450144625331229 0.003408916459190 0.139284767318062 -0.168071119337920 0.338267355175192 -1.330624306203204 4.352275996168942 -0.362821166759453
-0.011385623805577 -0.450984980927919 0.005100253235066 0.132631645787046 -0.146309739357076 0.336453249341395 -1.323309444186060 4.328350160573979 -0.372507967445479
-0.010722465576642 -0.451716529624704 0.006782519481773 0.126015098566115 -0.124667988554206 0.334590709504168 -1.315807075260644 4.303811017536407 -0.382194768122623
-0.010092390083811 -0.452339869567475 0.008455473029294 0.119436063189812 -0.103148933466524 0.332679735663555 -1.308117199410388 4.278658566971849 -0.391881568817531
-0.009495209767862 -0.452855614234808 0.010118871707612 0.112895477192760 -0.081755640631664 0.330720327819467 -1.300239816664911 4.252892809000208 -0.401568369499117
-0.008930732381898 -0.453264392437966 0.011772473346709 0.106394278109436 -0.060491176586663 0.328712485971971 -1.292174926992642 4.226513743494920 -0.411255170180702
-0.008398760991351 -0.453566848320899 0.013416035776569 0.099933403474473 -0.039358607869189 0.326656210121068 -1.283922530422207 4.199521370562564 -0.420941970866728
-0.007899093973979 -0.453763641360245 0.015049316827174 0.093513790822362 -0.018361001016376 0.324551500266734 -1.275482626923347 4.171915690101002 -0.430628771552755
-0.007431525019867 -0.453855446365327 0.016672074328508 0.087136377687745 0.002498577434129 0.322398356408971 -1.266855216538085 4.143696702252342 -0.440315572238781
-0.006995843131428 -0.453842953478156 0.018284066110553 0.080802101605054 0.023217060945391 0.320196778547777 -1.258040299208332 4.114864406825625 -0.450002372915925
-0.006591832623403 -0.453726868173429 0.019885050003292 0.074511900109013 0.043791382979519 0.317946766683197 -1.249037874991865 4.085418804005148 -0.459689173610833
-0.006219273122858 -0.453507911258532 0.021474783836708 0.068266710734053 0.064218476999545 0.315648320815143 -1.239847943844269 4.055359893639920 -0.469375974292419
-0.005877939569188 -0.453186818873534 0.023053025440783 0.062067471014832 0.084495276467744 0.313301440943681 -1.230470505792155 4.024687675845406 -0.479062774974004
-0.005567602214114 -0.452764342491195 0.024619532645502 0.055915118485871 0.104618714846971 0.310906127068811 -1.220905560846419 3.993402150610503 -0.488749575660030
-0.005288026621684 -0.452241248916961 0.026174063280846 0.049810590681639 0.124585725600024 0.308462379190511 -1.211153108945442 3.961503317779780 -0.498436376341616
-0.005038973668276 -0.451618320288960 0.027716375176798 0.043754825136912 0.144393242188923 0.305970197308802 -1.201213150179361 3.928991177624130 -0.508123177036524
-0.004820199542591 -0.450896354078016 0.029246226163342 0.037748759386015 0.164038198077043 0.303429581423620 -1.191085684466783 3.895865729874881 -0.517809977709227
-0.004631455745661 -0.450076163087631 0.030763374070461 0.031793330963681 0.183517526726418 0.300840531535074 -1.180770711854476 3.862126974703006 -0.527496778404135
-0.004472489090843 -0.449158575453999 0.032267576728136 0.025889477404409 0.202828161599933 0.298203047643053 -1.170268232338761 3.827774912068538 -0.537183579081280
-0.004343041703821 -0.448144434645999 0.033758591966351 0.020038136242715 0.221967036160275 0.295517129747647 -1.159578245885362 3.792809541893760 -0.546870379771747
-0.004242851022607 -0.447034599465197 0.035236177615089 0.014240245013288 0.240931083869744 0.292782777848788 -1.148700752548748 3.757230864329664 -0.556557180448891
-0.004171649797541 -0.445829944045849 0.036700091504333 0.008496741250544 0.259717238191393 0.289999991946543 -1.137635752285482 3.721038879243022 -0.566243981143799
-0.004129166091288 -0.444531357854892 0.038150091464066 0.002808562489117 0.278322432587608 0.287168772040824 -1.126383245107221 3.684233586678243 -0.575930781820944
-0.004115123278843 -0.443139745691954 0.039585935324270 -0.002823353736419 0.296743600520999 0.284289118131720 -1.114943231024096 3.646814986653091 -0.585617582506970
-0.004129240047525 -0.441656027689349 0.041007380914929 -0.008398069891540 0.314977675454264 0.281361030219185 -1.103315710019523 3.608783079129818 -0.595304383192996
-0.004171230396982 -0.440081139312077 0.042414186066025 -0.013914648441637 0.333021590849913 0.278384508303220 -1.091500682119037 3.570137864188361 -0.604991183879022
-0.004240803639191 -0.438416031357828 0.043806108607541 -0.019372151852232 0.350872280170855 0.275359552383825 -1.079498147282740 3.530879341691051 -0.614677984560608
-0.004337664398452 -0.436661669956974 0.045182906369460 -0.024769642588646 0.368526676879311 0.272286162461022 -1.067308105560522 3.491007511802202 -0.624364785246634
-0.004461512611395 -0.434819036572577 0.046544337181765 -0.030106183116449 0.385981714438322 0.269164338534789 -1.054930556901729 3.450522374359721 -0.634051585932660
-0.004612043526977 -0.432889128000385 0.047890158874439 -0.035380835900957 0.403234326310120 0.265994080605125 -1.042365501349451 3.409423929503497 -0.643738386614245
-0.004788947706482 -0.430872956368835 0.049220129277465 -0.040592663407705 0.420281445957638 0.262775388672054 -1.029612938875449 3.367712177146931 -0.653425187304713
-0.004991911023520 -0.428771549139047 0.050534006220825 -0.045740728102082 0.437120006843372 0.259508262735531 -1.016672869484647 3.325387117298906 -0.663111987986298
-0.005220614664031 -0.426585949104830 0.051831547534503 -0.050824092449505 0.453746942429867 0.256192702795599 -1.003545293191965 3.282448750006051 -0.672798788667883
-0.005474735126278 -0.424317214392680 0.053112511048481 -0.055841818915465 0.470159186179897 0.252828708852260 -0.990230209982693 3.238897075219516 -0.682485589358350
-0.005753944220856 -0.421966418461781 0.054376654592742 -0.060792969965378 0.486353671555995 0.249416280905468 -0.976727619860679 3.194732092965946 -0.692172390035495
-0.006057909070683 -0.419534650104001 0.055623735997269 -0.065676608064682 0.502327332020824 0.245955418955290 -0.963037522824334 3.149953803227579 -0.701859190725962
-0.006386292111006 -0.417023013443897 0.056853513092046 -0.070491795678803 0.518077101036962 0.242446123001661 -0.949159918884543 3.104562206051042 -0.711545991411988
-0.006738751089400 -0.414432627938712 0.058065743707054 -0.075237595273226 0.533599912067217 0.238888393044601 -0.935094808020009 3.058557301334197 -0.721232792093573
-0.007114939065766 -0.411764628378376 0.059260185672277 -0.079913069313326 0.548892698573888 0.235282229084133 -0.920842190251547 3.011939089203608 -0.730919592779600
-0.007514504412333 -0.409020164885507 0.060436596817698 -0.084517280264584 0.563952394019906 0.231627631120235 -0.906402065566811 2.964707569552694 -0.740606393465626
-0.007937090813656 -0.406200402915407 0.061594734973299 -0.089049290592418 0.578775931867670 0.227924599152907 -0.891774433970649 2.916862742452508 -0.750293194147211
-0.008382337266618 -0.403306523256069 0.062734357969063 -0.093508162762271 0.593360245579932 0.224173133182171 -0.876959295467161 2.868404607883068 -0.759979994828797
-0.008849878080429 -0.400339722028169 0.063855223634974 -0.097892959239607 0.607702268619348 0.220373233208027 -0.861956650046597 2.819333165822169 -0.769666795523705
-0.009339342876627 -0.397301210685072 0.064957089801014 -0.102202742489840 0.621798934448459 0.216524899230408 -0.846766497707360 2.769648416274251 -0.779353596200849
-0.009850356589076 -0.394192216012830 0.066039714297166 -0.106436574978377 0.635647176529830 0.212628131249404 -0.831388838471864 2.719350359290384 -0.789040396886875
-0.010382539463968 -0.391013980130181 0.067102854953413 -0.110593519170736 0.649243928326282 0.208682929264969 -0.815823672307911 2.668438994790634 -0.798727197572902
-0.010935507059822 -0.387767760488549 0.068146269599738 -0.114672637532276 0.662586123300235 0.204689293277105 -0.800070999241939 2.616914322846053 -0.808413998258928
-0.011508870247483 -0.384454829872048 0.069169716066124 -0.118672992528485 0.675670694914465 0.200647223285810 -0.784130819260279 2.564776343410013 -0.818100798940513
-0.012102235210126 -0.381076476397476 0.070172952182553 -0.122593646624787 0.688494576631515 0.196556719291108 -0.768003132363346 2.512025056498057 -0.827787599626539
-0.012715203443250 -0.377634003514318 0.071155735779008 -0.126433662286603 0.701054701914006 0.192417781292975 -0.751687938567930 2.458660462143492 -0.837474400312566
-0.013347371754683 -0.374128730004748 0.072117824685473 -0.130192101979443 0.713348004224723 0.188230409291412 -0.735185237837682 2.404682560250837 -0.847161200994151
-0.013998332264580 -0.370561989983625 0.073058976731930 -0.133868028168631 0.725371417025977 0.183994603286441 -0.718495030208599 2.350091350931116 -0.856848001680177
-0.014667672405423 -0.366935132898495 0.073978949748362 -0.137460503319674 0.737121873780633 0.179710363278041 -0.701617315669101 2.294886834126597 -0.866534802366203
-0.015354974922021 -0.363249523529592 0.074877501564753 -0.140968589898020 0.748596307951266 0.175377689266210 -0.684552094214269 2.239069009850603 -0.876221603052230
-0.016059817871512 -0.359506541989835 0.075754390011084 -0.144391350369091 0.759791653000519 0.170996581250948 -0.667299365843810 2.182637878083149 -0.885908403733815
-0.016781774623357 -0.355707583724833 0.076609372917338 -0.147727847198310 0.770704842390935 0.166567039232279 -0.649859130565367 2.125593438853102 -0.895595204419841
-0.017520413859349 -0.351854059512878 0.077442208113500 -0.150977142851137 0.781332809585200 0.162089063210180 -0.632231388374149 2.067935692153799 -0.905282005105867
-0.018275299573604 -0.347947395464952 0.078252653429551 -0.154138299793008 0.791672488045969 0.157562653184651 -0.614416139270713 2.009664637974140 -0.914968805787453
-0.019045991072569 -0.343989033024722 0.079040466695474 -0.157210380489362 0.801720811235840 0.152987809155714 -0.596413383248118 1.950780276289699 -0.924655606473479
-0.019832042975016 -0.339980428968543 0.079805405741253 -0.160192447405602 0.811474712617288 0.148364531123346 -0.578223120324406 1.891282607189293 -0.934342407159505
-0.020633005212044 -0.335923055405457 0.080547228396869 -0.163083563007224 0.820931125653235 0.143692819087549 -0.559845350482091 1.831171630564121 -0.944029207845531
-0.021448423027080 -0.331818399777190 0.081265692492307 -0.165882789759635 0.830086983806055 0.138972673048321 -0.541280073727002 1.770447346487458 -0.953716008527117
-0.022277836975878 -0.327667964858160 0.081960555857549 -0.168589190128270 0.838939220538493 0.134204093005685 -0.522527290061081 1.709109754925997 -0.963402809208702
-0.023120782926520 -0.323473268755468 0.082631576322577 -0.171201826578575 0.847484769313123 0.129387078959642 -0.503586999484607 1.647158855895281 -0.973089609903610
-0.023976792059413 -0.319235844908902 0.083278511717375 -0.173719761575998 0.855720563592599 0.124521630910124 -0.484459201992860 1.584594649388649 -0.982776410580755
-0.024845390867293 -0.314957242090939 0.083901119871926 -0.176142057585962 0.863643536839542 0.119607748857220 -0.465143897590836 1.521417135408321 -0.992463211266781
-0.025726101155222 -0.310639024406741 0.084499158616212 -0.178467777073917 0.871250622516584 0.114645432800886 -0.445641086276871 1.457626313947635 -1.002150011952807
-0.026618440040592 -0.306282771294158 0.085072385780216 -0.180695982505301 0.878538754086322 0.109634682741122 -0.425950768044719 1.393222185011034 -1.011836812634392
-0.027521919953119 -0.301890077523727 0.085620559193922 -0.182825736345524 0.885504865011377 0.104575498677950 -0.406072942910063 1.328204748609618 -1.021523613324860
-0.028436048634846 -0.297462553198670 0.086143436687312 -0.184856101060075 0.892145888754425 0.099467880611326 -0.386007610854305 1.262574004718964 -1.031210414002004
-0.029360329140147 -0.293001823754898 0.086640776090368 -0.186786139114346 0.898458758778020 0.094311828541316 -0.365754771896182 1.196329953379038 -1.040897214696912
-0.030294259835718 -0.288509529961008 0.087112335233075 -0.188614912973827 0.904440408544915 0.089107342467831 -0.345314426013210 1.129472594525449 -1.050584015369616
-0.031237334400587 -0.283987327918283 0.087557871945414 -0.190341485103893 0.910087771517543 0.083854422390983 -0.324686573223848 1.062001928215928 -1.060270816060083
-0.032189041826107 -0.279436889060695 0.087977144057369 -0.191964917970013 0.915397781158622 0.078553068310683 -0.303871213527818 0.993917954448253 -1.069957616750550
-0.033148866415957 -0.274859900154902 0.088369909398923 -0.193484274037652 0.920367370930864 0.073203280226930 -0.282868346908605 0.925220673175797 -1.079644417427694
-0.034116287786145 -0.270258063300248 0.088735925800057 -0.194898615772195 0.924993474296743 0.067805058139792 -0.261677973388830 0.855910084456291 -1.089331218113720
-0.035090780865006 -0.265633095928764 0.089074951090756 -0.196207005639139 0.929273024719024 0.062358402049223 -0.240300092948231 0.785986188238663 -1.099018018799747
-0.036071815893202 -0.260986730805169 0.089386743101002 -0.197408506103880 0.933202955660217 0.056863311955224 -0.218734705595136 0.715448984554001 -1.108704819485773
-0.037058858423721 -0.256320716026868 0.089671059660778 -0.198502179631856 0.936780200582987 0.051319787857795 -0.196981811337038 0.644298473402305 -1.118391620167358
-0.038051369321881 -0.251636815023953 0.089927658600067 -0.199487088688541 0.940001692949999 0.045727829756959 -0.175041410158117 0.572534654763590 -1.128078420853385
-0.039048804765323 -0.246936806559203 0.090156297748852 -0.200362295739331 0.942864366223817 0.040087437652692 -0.152913502073637 0.500157528654510 -1.137765221539411
-0.040050616244020 -0.242222484728084 0.090356734937116 -0.201126863249700 0.945365153867089 0.034398611544995 -0.130598087074996 0.427167095078396 -1.147452022220996
-0.041056250560268 -0.237495658958749 0.090528727994841 -0.201779853685075 0.947500989342481 0.028661351433890 -0.108095165158029 0.353563354004161 -1.157138822911463
-0.042065149828694 -0.232758154012036 0.090672034752010 -0.202320329510865 0.949268806112502 0.022875657319332 -0.085404736338002 0.279346305481765 -1.166825623593049
-0.043076751476248 -0.228011809981474 0.090786413038607 -0.202747353192555 0.950665537639911 0.017041529201367 -0.062526800600204 0.204515949470130 -1.176512424274634
-0.044090488242211 -0.223258482293274 0.090871620684614 -0.203059987195556 0.951688117387262 0.011158967079994 -0.039461357952408 0.129072285984799 -1.186199224960660
-0.045105788178189 -0.218500041706338 0.090927415520013 -0.203257293985318 0.952333478817186 0.005227970955191 -0.016208408390728 0.053015315026883 -1.195886025651127
-0.046122074648115 -0.213738374312252 0.090953555374789 -0.203338336027271 0.952598555392320 -0.000751459173065 0.007232048080397 -0.023654963400288 -1.205572826328272
-0.047138766328252 -0.208975381535290 0.090949798078924 -0.203302175786869 0.952480280575319 -0.006779323304706 0.030860011469014 -0.100938549320029 -1.215259627018739
-0.048155277207186 -0.204212980132414 0.090915901462401 -0.203147875729524 0.951975587828718 -0.012855621439800 0.054675481766520 -0.178835442704584 -1.224946427700324
-0.049171016585834 -0.199453102193270 0.090851623355202 -0.202874498320692 0.951081410615195 -0.018980353578302 0.078678458976245 -0.257345643557283 -1.234633228386350
-0.050185389077437 -0.194697695140194 0.090756721587310 -0.202481106025811 0.949794682397409 -0.025153519720233 0.102868943098466 -0.336469151895891 -1.244320029067936
-0.051197794607566 -0.189948721728207 0.090630953988709 -0.201966761310318 0.948112336637930 -0.031375119865573 0.127246934134295 -0.416205967708194 -1.254006829758403
-0.052207628414118 -0.185208160045017 0.090474078389381 -0.201330526639647 0.946031306799389 -0.037645154014365 0.151812432078735 -0.496556090978650 -1.263693630439988
-0.053214281047316 -0.180478003511020 0.090285852619309 -0.200571464479253 0.943548526344495 -0.043963622166565 0.176565436939280 -0.577519521753889 -1.273380431121574
-0.054217138369712 -0.175760260879298 0.090066034508476 -0.199688637294557 0.940660928735726 -0.050330524322173 0.201505948712599 -0.659096259980618 -1.283067231812041
-0.055215581556185 -0.171056956235619 0.089814381886866 -0.198681107550994 0.937365447435823 -0.056745860481233 0.226633967396750 -0.741286305701028 -1.292754032493626
-0.056208987093940 -0.166370128998440 0.089530652584459 -0.197547937714010 0.933659015907318 -0.063209630643701 0.251949492991455 -0.824089658872929 -1.302440833179652
-0.057196726782510 -0.161701833918904 0.089214604431241 -0.196288190249053 0.929538567612953 -0.069721834809600 0.277452525498656 -0.907506319536289 -1.312127633865678
-0.058178167733755 -0.157054141080839 0.088865995257193 -0.194900927621559 0.925001036015272 -0.076282472978928 0.303143064922240 -0.991536287677786 -1.321814434542823
-0.059152672371863 -0.152429135900763 0.088484582892298 -0.193385212296948 0.920043354576883 -0.082891545151642 0.329021111254435 -1.076179563275215 -1.331501235237731
-0.060119598433348 -0.147828919127878 0.088070125166540 -0.191740106740676 0.914662456760507 -0.089549051327831 0.355086664498849 -1.161436146370765 -1.341188035919316
-0.061078298967051 -0.143255606844076 0.087622379909901 -0.189964673418182 0.908855276028653 -0.096254991507427 0.381339724658536 -1.247306036933349 -1.350874836600902
-0.062028122334142 -0.138711330463932 0.087141104952364 -0.188057974794889 0.902618745843986 -0.103009365690432 0.407780291726834 -1.333789234956306 -1.360561637286928
-0.062968412208116 -0.134198236734712 0.086626058123912 -0.186019073336255 0.895949799669205 -0.109812173876866 0.434408365709849 -1.420885740475164 -1.370248437972954
-0.063898507574798 -0.129718487736366 0.086076997254527 -0.183847031507706 0.888845370966829 -0.116663416066731 0.461223946605638 -1.508595553461056 -1.379935238654539
-0.064817742732336 -0.125274260881532 0.085493680174194 -0.181540911774677 0.881302393199523 -0.123563092260004 0.488227034410871 -1.596918673920644 -1.389622039345006
-0.065725447291210 -0.120867748915535 0.084875864712894 -0.179099776602623 0.873317799829920 -0.130511202456729 0.515417629129988 -1.685855101853928 -1.399308840026592
-0.066620946174223 -0.116501159916385 0.084223308700610 -0.176522688456973 0.864888524320651 -0.137507746656862 0.542795730763546 -1.775404837263128 -1.408995640712618
-0.067503559616508 -0.112176717294782 0.083535769967326 -0.173808709803155 0.856011500134335 -0.144552724860425 0.570361339304881 -1.865567880152685 -1.418682441389763
-0.068372603165523 -0.107896659794110 0.082813006343023 -0.170956903106631 0.846683660733571 -0.151646137067374 0.598114454762877 -1.956344230511498 -1.428369242084671
-0.069227387681057 -0.103663241490442 0.082054775657687 -0.167966330832817 0.836901939581014 -0.158787983277797 0.626055077129761 -2.047733888348446 -1.438056042766256
-0.070067219335221 -0.099478731792537 0.081260835741298 -0.164836055447168 0.826663270139272 -0.165978263491628 0.654183206411085 -2.139736853656871 -1.447742843452282
-0.070891399612457 -0.095345415441841 0.080430944423839 -0.161565139415112 0.815964585870987 -0.173216977708890 0.682498842605739 -2.232353126445652 -1.457429644129427
-0.071699225309532 -0.091265592512486 0.079564859535295 -0.158152645202084 0.804802820238759 -0.180504125929537 0.711001985707616 -2.325582706705909 -1.467116444824335
-0.072489988535543 -0.087241578411292 0.078662338905647 -0.154597635273546 0.793174906705230 -0.187839708153659 0.739692635728373 -2.419425594437641 -1.476803245501479
-0.073262976711910 -0.083275703877766 0.077723140364879 -0.150899172094904 0.781077778733041 -0.195223724381166 0.768570792656353 -2.513881789658612 -1.486490046191946
-0.074017472572385 -0.079370314984101 0.076747021742973 -0.147056318131622 0.768508369784748 -0.202656174612126 0.797636456498219 -2.608951292333295 -1.496176846873531
-0.074752754163043 -0.075527773135177 0.075733740869913 -0.143068135849131 0.755463613323082 -0.210137058846493 0.826889627255079 -2.704634102501657 -1.505863647555117
-0.075468094842289 -0.071750455068562 0.074683055575680 -0.138933687712856 0.741940442810574 -0.217666377084269 0.856330304919717 -2.800930220137055 -1.515550448250025
-0.076162763280853 -0.068040752854509 0.073594723690259 -0.134652036188257 0.727935791709888 -0.225244129325519 0.885958489498795 -2.897839645243927 -1.525237248918287
-0.076836023461794 -0.064401073895959 0.072468503043631 -0.130222243740763 0.713446593483669 -0.232870315570111 0.915774180991757 -2.995362377835598 -1.534924049622077
-0.077487134680498 -0.060833840928541 0.071304151465781 -0.125643372835804 0.698469781594491 -0.240544935818221 0.945777379393609 -3.093498417896523 -1.544610850294781
-0.078115351544677 -0.057341492020568 0.070101426786690 -0.120914485938836 0.683002289505008 -0.248267990069695 0.975968084711010 -3.192247765428924 -1.554297650980807
-0.078719923974371 -0.053926480573043 0.068860086836341 -0.116034645515281 0.667041050677863 -0.256039478324599 1.006346296937299 -3.291610420443902 -1.563984451671274
-0.079300097201948 -0.050591275319654 0.067579889444718 -0.111002914030595 0.650582998575644 -0.263859400582955 1.036912016080249 -3.391586382930356 -1.573671252348419
-0.079855111772100 -0.047338360326776 0.066260592441803 -0.105818353950193 0.633625066660992 -0.271727756844697 1.067665242132088 -3.492175652892726 -1.583358053038886
-0.080384203541851 -0.044170234993471 0.064901953657580 -0.100480027739533 0.616164188396529 -0.279644547109892 1.098605975096145 -3.593378230328792 -1.593044853716030
-0.080886603680549 -0.041089414051488 0.063503730922030 -0.094986997864052 0.598197297244885 -0.287609771378472 1.129734214974643 -3.695194115240774 -1.602731654410938
-0.081361538669869 -0.038098427565264 0.062065682065138 -0.089338326789179 0.579721326668681 -0.295623429650527 1.161049961765359 -3.797623307624232 -1.612418455092524
-0.081808230303815 -0.035199820931920 0.060587564916885 -0.083533076980352 0.560733210130560 -0.303685521925989 1.192553215464409 -3.900665807492487 -1.622105255769668
-0.082225895688717 -0.032396154881268 0.059069137307255 -0.077570310903030 0.541229881093097 -0.311796048204838 1.224243976082340 -4.004321614823336 -1.631792056464576
-0.082613747243232 -0.029690005475802 0.057510157066231 -0.071449091022618 0.521208273018980 -0.319955008487161 1.256122243605828 -4.108590729641204 -1.641478857146161
-0.082970992698345 -0.027083964110707 0.055910382023795 -0.065168479804589 0.500665319370774 -0.328162402772891 1.288188018045977 -4.213473151923885 -1.651165657827747
-0.083296835097368 -0.024580637513853 0.054269570009931 -0.058727539714359 0.479597953611155 -0.336418231062030 1.320441299397790 -4.318968881689145 -1.660852458513773
-0.083590472795940 -0.022182647745798 0.052587478854621 -0.052125333217370 0.458003109202709 -0.344722493354599 1.352882087659601 -4.425077918923659 -1.670539259199799
-0.083851099462027 -0.019892632199784 0.050863866387848 -0.045360922779072 0.435877719608091 -0.353075189650598 1.385510382838073 -4.531800263638530 -1.680226059885825
-0.084077904075922 -0.017713243601744 0.049098490439595 -0.038433370864882 0.413218718289898 -0.361476319950027 1.418326184923213 -4.639135915827097 -1.689912860567411
-0.084270070930247 -0.015647150010294 0.047291108839845 -0.031341739940266 0.390023038710763 -0.369925884252864 1.451329493924458 -4.747084875482699 -1.699599661257878
-0.084426779629948 -0.013697034816740 0.045441479418580 -0.024085092470644 0.366287614333349 -0.378423882559153 1.484520309839588 -4.855647142625319 -1.709286461930581
-0.084547205092301 -0.011865596745074 0.043549360005785 -0.016662490921446 0.342009378620223 -0.386970314868806 1.517898632661385 -4.964822717241635 -1.718973262629930
-0.084630517546908 -0.010155549851972 0.041614508431441 -0.009072997758139 0.317185265034015 -0.395565181181956 1.551464462399843 -5.074611599322765 -1.728660063307075
-0.084675882535699 -0.008569623526802 0.039636682525531 -0.001315675446140 0.291812207037401 -0.404208481498491 1.585217799048300 -5.185013788888693 -1.738346863988660
-0.084682460912930 -0.007110562491615 0.037615640118038 0.006610413549102 0.265887138092957 -0.412900215818435 1.619158642612306 -5.296029285926096 -1.748033664679127
-0.084649408845184 -0.005781126801151 0.035551139038946 0.014706206762163 0.239406991663327 -0.421640384141830 1.653286993085201 -5.407658090439416 -1.757720465360713
-0.084575877811373 -0.004584091842834 0.033442937118237 0.022972641727589 0.212368701211130 -0.430428986468634 1.687602850471426 -5.519900202424211 -1.767407266046739
-0.084461014602736 -0.003522248336778 0.031290792185894 0.031410655979947 0.184769200199009 -0.439266022798868 1.722106214769870 -5.632755621891583 -1.777094066737206
-0.084303961322836 -0.002598402335783 0.029094462071899 0.040021187053796 0.156605422089551 -0.448151493132554 1.756797085982198 -5.746224348825990 -1.786780867409909
-0.084103855387567 -0.001815375225335 0.026853704606237 0.048805172483707 0.127874300345421 -0.457085397469603 1.791675464104525 -5.860306383242975 -1.796467668104818
-0.083859829525148 -0.001176003723608 0.024568277618889 0.057763549804229 0.098572768429206 -0.466067735810127 1.826741349141292 -5.975001725129214 -1.806154468786403
-0.083571011776127 -0.000683139881462 0.022237938939838 0.066897256549936 0.068697759803560 -0.475098508154059 1.861994741086948 -6.090310374491370 -1.815841269467988
-0.083236525493377 -0.000339651082445 0.019862446399068 0.076207230255371 0.038246207931103 -0.484177714501399 1.897435639949818 -6.206232331333883 -1.825528070154014
-0.082855489342101 -0.000148420042789 0.017441557826561 0.085694408455120 0.007215046274434 -0.493305354852169 1.933064045720467 -6.322767595641210 -1.835214870844482
-0.082427017299825 -0.000112344811417 0.014975031052300 0.095359728683722 -0.024398791703772 -0.502481429206392 1.968879958405556 -6.439916167433335 -1.844901671521626
-0.081950218656406 -0.000234338769936 0.012462623906268 0.105204128475750 -0.056598372540939 -0.511705937564000 2.004883378002864 -6.557678046694715 -1.854588472207652
-0.081424198014028 -0.000517330632640 0.009904094218448 0.115228545365764 -0.089386762774413 -0.520978879925038 2.041074304513502 -6.676053233438672 -1.864275272898119
-0.080848055287199 -0.000964264446512 0.007299199818823 0.125433916888332 -0.122767028941606 -0.530300256289529 2.077452737931917 -6.795041727645224 -1.873962073579705
-0.080220885702757 -0.001578099591221 0.004647698537375 0.135821180577991 -0.156742237579832 -0.539670066657427 2.114018678270879 -6.914643529338793 -1.883648874256849
-0.079541779799867 -0.002361810779120 0.001949348204088 0.146391273969346 -0.191315455226526 -0.549088311028711 2.150772125512068 -7.034858638499397 -1.893335674956198
-0.078809823430020 -0.003318388055252 -0.000796093351056 0.157145134596906 -0.226489748419023 -0.558554989403492 2.150772125512068 -7.034858638499397 -1.893335674956198
-0.078024097757036 -0.004450836797347 -0.003588868298073 -0.157145134596906 0.226489748419023 0.558554989403492 2.114018678270879 -6.914643529338793 -1.883648874256849
-0.078809823430020 -0.003318388055252 -0.000796093351056 -0.146391273969346 0.191315455226526 0.549088311028711 2.077452737931917 -6.795041727645224 -1.873962073579705
-0.079541779799867 -0.002361810779120 0.001949348204088 -0.135821180577991 0.156742237579832 0.539670066657427 2.041074304513502 -6.676053233438672 -1.864275272898119
-0.080220885702757 -0.001578099591221 0.004647698537375 -0.125433916888332 0.122767028941606 0.530300256289529 2.004883378002864 -6.557678046694715 -1.854588472207652
-0.080848055287199 -0.000964264446512 0.007299199818823 -0.115228545365764 0.089386762774413 0.520978879925038 1.968879958405556 -6.439916167433335 -1.844901671521626
-0.081424198014028 -0.000517330632640 0.009904094218448 -0.105204128475750 0.056598372540939 0.511705937564000 1.933064045720467 -6.322767595641210 -1.835214870844482
-0.081950218656406 -0.000234338769936 0.012462623906268 -0.095359728683722 0.024398791703772 0.502481429206392 1.897435639949818 -6.206232331333883 -1.825528070154014
-0.082427017299825 -0.000112344811417 0.014975031052300 -0.085694408455120 -0.007215046274434 0.493305354852169 1.861994741086948 -6.090310374491370 -1.815841269467988
-0.082855489342101 -0.000148420042789 0.017441557826561 -0.076207230255371 -0.038246207931103 0.484177714501399 1.826741349141292 -5.975001725129214 -1.806154468786403
-0.083236525493377 -0.000339651082445 0.019862446399068 -0.066897256549936 -0.068697759803560 0.475098508154059 1.791675464104525 -5.860306383242975 -1.796467668104818
-0.083571011776127 -0.000683139881462 0.022237938939838 -0.057763549804229 -0.098572768429206 0.466067735810127 1.756797085982198 -5.746224348825990 -1.786780867409909
-0.083859829525148 -0.001176003723608 0.024568277618889 -0.048805172483707 -0.127874300345421 0.457085397469603 1.722106214769870 -5.632755621891583 -1.777094066737206
-0.084103855387567 -0.001815375225335 0.026853704606237 -0.040021187053796 -0.156605422089551 0.448151493132554 1.687602850471426 -5.519900202424211 -1.767407266046739
-0.084303961322836 -0.002598402335783 0.029094462071899 -0.031410655979947 -0.184769200199009 0.439266022798868 1.653286993085201 -5.407658090439416 -1.757720465360713
-0.084461014602736 -0.003522248336778 0.031290792185894 -0.022972641727589 -0.212368701211130 0.430428986468634 1.619158642612306 -5.296029285926096 -1.748033664679127
-0.084575877811373 -0.004584091842834 0.033442937118237 -0.014706206762163 -0.239406991663327 0.421640384141830 1.585217799048300 -5.185013788888693 -1.738346863988660
-0.084649408845184 -0.005781126801151 0.035551139038946 -0.006610413549102 -0.265887138092957 0.412900215818435 1.551464462399843 -5.074611599322765 -1.728660063307075
-0.084682460912930 -0.007110562491615 0.037615640118038 0.001315675446140 -0.291812207037401 0.404208481498491 1.517898632661385 -4.964822717241635 -1.718973262629930
-0.084675882535699 -0.008569623526802 0.039636682525531 0.009072997758139 -0.317185265034015 0.395565181181956 1.484520309839588 -4.855647142625319 -1.709286461930581
-0.084630517546908 -0.010155549851972 0.041614508431441 0.016662490921446 -0.342009378620223 0.386970314868806 1.451329493924458 -4.747084875482699 -1.699599661257878
-0.084547205092301 -0.011865596745074 0.043549360005785 0.024085092470644 -0.366287614333349 0.378423882559153 1.418326184923213 -4.639135915827097 -1.689912860567411
-0.084426779629948 -0.013697034816740 0.045441479418580 0.031341739940266 -0.390023038710763 0.369925884252864 1.385510382838073 -4.531800263638530 -1.680226059885825
-0.084270070930247 -0.015647150010294 0.047291108839845 0.038433370864882 -0.413218718289898 0.361476319950027 1.352882087659601 -4.425077918923659 -1.670539259199799
-0.084077904075922 -0.017713243601744 0.049098490439595 0.045360922779072 -0.435877719608091 0.353075189650598 1.320441299397790 -4.318968881689145 -1.660852458513773
-0.083851099462027 -0.019892632199784 0.050863866387848 0.052125333217370 -0.458003109202709 0.344722493354599 1.288188018045977 -4.213473151923885 -1.651165657827747
-0.083590472795940 -0.022182647745798 0.052587478854621 0.058727539714359 -0.479597953611155 0.336418231062030 1.256122243605828 -4.108590729641204 -1.641478857146161
-0.083296835097368 -0.024580637513853 0.054269570009931 0.065168479804589 -0.500665319370774 0.328162402772891 1.224243976082340 -4.004321614823336 -1.631792056464576
-0.082970992698345 -0.027083964110707 0.055910382023795 0.071449091022618 -0.521208273018980 0.319955008487161 1.192553215464409 -3.900665807492487 -1.622105255769668
-0.082613747243232 -0.029690005475802 0.057510157066231 0.077570310903030 -0.541229881093097 0.311796048204838 1.161049961765359 -3.797623307624232 -1.612418455092524
-0.082225895688717 -0.032396154881268 0.059069137307255 0.083533076980352 -0.560733210130560 0.303685521925989 1.129734214974643 -3.695194115240774 -1.602731654410938
-0.081808230303815 -0.035199820931920 0.060587564916885 0.089338326789179 -0.579721326668681 0.295623429650527 1.098605975096145 -3.593378230328792 -1.593044853716030
-0.081361538669869 -0.038098427565264 0.062065682065138 0.094986997864052 -0.598197297244885 0.287609771378472 1.067665242132088 -3.492175652892726 -1.583358053038886
-0.080886603680549 -0.041089414051488 0.063503730922030 0.100480027739533 -0.616164188396529 0.279644547109892 1.036912016080249 -3.391586382930356 -1.573671252348419
-0.080384203541851 -0.044170234993471 0.064901953657580 0.105818353950193 -0.633625066660992 0.271727756844697 1.006346296937299 -3.291610420443902 -1.563984451671274
-0.079855111772100 -0.047338360326776 0.066260592441803 0.111002914030595 -0.650582998575644 0.263859400582955 0.975968084711010 -3.192247765428924 -1.554297650980807
-0.079300097201948 -0.050591275319654 0.067579889444718 0.116034645515281 -0.667041050677863 0.256039478324599 0.945777379393609 -3.093498417896523 -1.544610850294781
-0.078719923974371 -0.053926480573043 0.068860086836341 0.120914485938836 -0.683002289505008 0.248267990069695 0.915774180991757 -2.995362377835598 -1.534924049622077
-0.078115351544677 -0.057341492020568 0.070101426786690 0.125643372835804 -0.698469781594491 0.240544935818221 0.885958489498795 -2.897839645243927 -1.525237248918287
-0.077487134680498 -0.060833840928541 0.071304151465781 0.130222243740763 -0.713446593483669 0.232870315570111 0.856330304919717 -2.800930220137055 -1.515550448250025
-0.076836023461794 -0.064401073895959 0.072468503043631 0.134652036188257 -0.727935791709888 0.225244129325519 0.826889627255079 -2.704634102501657 -1.505863647555117
-0.076162763280853 -0.068040752854509 0.073594723690259 0.138933687712856 -0.741940442810574 0.217666377084269 0.797636456498219 -2.608951292333295 -1.496176846873531
-0.075468094842289 -0.071750455068562 0.074683055575680 0.143068135849131 -0.755463613323082 0.210137058846493 0.768570792656353 -2.513881789658612 -1.486490046191946
-0.074752754163043 -0.075527773135177 0.075733740869913 0.147056318131622 -0.768508369784748 0.202656174612126 0.739692635728373 -2.419425594437641 -1.476803245501479
-0.074017472572385 -0.079370314984101 0.076747021742973 0.150899172094904 -0.781077778733041 0.195223724381166 0.711001985707616 -2.325582706705909 -1.467116444824335
-0.073262976711910 -0.083275703877766 0.077723140364879 0.154597635273546 -0.793174906705230 0.187839708153659 0.682498842605739 -2.232353126445652 -1.457429644129427
-0.072489988535543 -0.087241578411292 0.078662338905647 0.158152645202084 -0.804802820238759 0.180504125929537 0.654183206411085 -2.139736853656871 -1.447742843452282
-0.071699225309532 -0.091265592512486 0.079564859535295 0.161565139415112 -0.815964585870987 0.173216977708890 0.626055077129761 -2.047733888348446 -1.438056042766256
-0.070891399612457 -0.095345415441841 0.080430944423839 0.164836055447168 -0.826663270139272 0.165978263491628 0.598114454762877 -1.956344230511498 -1.428369242084671
-0.070067219335221 -0.099478731792537 0.081260835741298 0.167966330832817 -0.836901939581014 0.158787983277797 0.570361339304881 -1.865567880152685 -1.418682441389763
-0.069227387681057 -0.103663241490442 0.082054775657687 0.170956903106631 -0.846683660733571 0.151646137067374 0.542795730763546 -1.775404837263128 -1.408995640712618
-0.068372603165523 -0.107896659794110 0.082813006343023 0.173808709803155 -0.856011500134335 0.144552724860425 0.515417629129988 -1.685855101853928 -1.399308840026592
-0.067503559616508 -0.112176717294782 0.083535769967326 0.176522688456973 -0.864888524320651 0.137507746656862 0.488227034410871 -1.596918673920644 -1.389622039345006
-0.066620946174223 -0.116501159916385 0.084223308700610 0.179099776602623 -0.873317799829920 0.130511202456729 0.461223946605638 -1.508595553461056 -1.379935238654539
-0.065725447291210 -0.120867748915535 0.084875864712894 0.181540911774677 -0.881302393199523 0.123563092260004 0.434408365709849 -1.420885740475164 -1.370248437972954
-0.064817742732336 -0.125274260881532 0.085493680174194 0.183847031507706 -0.888845370966829 0.116663416066731 0.407780291726834 -1.333789234956306 -1.360561637286928
-0.063898507574798 -0.129718487736366 0.086076997254527 0.186019073336255 -0.895949799669205 0.109812173876866 0.381339724658536 -1.247306036933349 -1.350874836600902
-0.062968412208116 -0.134198236734712 0.086626058123912 0.188057974794889 -0.902618745843986 0.103009365690432 0.355086664498849 -1.161436146370765 -1.341188035919316
-0.062028122334142 -0.138711330463932 0.087141104952364 0.189964673418182 -0.908855276028653 0.096254991507427 0.329021111254435 -1.076179563275215 -1.331501235237731
-0.061078298967051 -0.143255606844076 0.087622379909901 0.191740106740676 -0.914662456760507 0.089549051327831 0.303143064922240 -0.991536287677786 -1.321814434542823
-0.060119598433348 -0.147828919127878 0.088070125166540 0.193385212296948 -0.920043354576883 0.082891545151642 0.277452525498656 -0.907506319536289 -1.312127633865678
-0.059152672371863 -0.152429135900763 0.088484582892298 0.194900927621559 -0.925001036015272 0.076282472978928 0.251949492991455 -0.824089658872929 -1.302440833179652
-0.058178167733755 -0.157054141080839 0.088865995257193 0.196288190249053 -0.929538567612953 0.069721834809600 0.226633967396750 -0.741286305701028 -1.292754032493626
-0.057196726782510 -0.161701833918904 0.089214604431241 0.197547937714010 -0.933659015907318 0.063209630643701 0.201505948712599 -0.659096259980618 -1.283067231812041
-0.056208987093940 -0.166370128998440 0.089530652584459 0.198681107550994 -0.937365447435823 0.056745860481233 0.176565436939280 -0.577519521753889 -1.273380431121574
-0.055215581556185 -0.171056956235619 0.089814381886866 0.199688637294557 -0.940660928735726 0.050330524322173 0.151812432078735 -0.496556090978650 -1.263693630439988
-0.054217138369712 -0.175760260879298 0.090066034508476 0.200571464479253 -0.943548526344495 0.043963622166565 0.127246934134295 -0.416205967708194 -1.254006829758403
-0.053214281047316 -0.180478003511020 0.090285852619309 0.201330526639647 -0.946031306799389 0.037645154014365 0.102868943098466 -0.336469151895891 -1.244320029067936
-0.052207628414118 -0.185208160045017 0.090474078389381 0.201966761310318 -0.948112336637930 0.031375119865573 0.078678458976245 -0.257345643557283 -1.234633228386350
-0.051197794607566 -0.189948721728207 0.090630953988709 0.202481106025811 -0.949794682397409 0.025153519720233 0.054675481766520 -0.178835442704584 -1.224946427700324
-0.050185389077437 -0.194697695140194 0.090756721587310 0.202874498320692 -0.951081410615195 0.018980353578302 0.030860011469014 -0.100938549320029 -1.215259627018739
-0.049171016585834 -0.199453102193270 0.090851623355202 0.203147875729524 -0.951975587828718 0.012855621439800 0.007232048080397 -0.023654963400288 -1.205572826328272
-0.048155277207186 -0.204212980132414 0.090915901462401 0.203302175786869 -0.952480280575319 0.006779323304706 -0.016208408390728 0.053015315026883 -1.195886025651127
-0.047138766328252 -0.208975381535290 0.090949798078924 0.203338336027271 -0.952598555392320 0.000751459173065 -0.039461357952408 0.129072285984799 -1.186199224960660
-0.046122074648115 -0.213738374312252 0.090953555374789 0.203257293985318 -0.952333478817186 -0.005227970955191 -0.062526800600204 0.204515949470130 -1.176512424274634
-0.045105788178189 -0.218500041706338 0.090927415520013 0.203059987195556 -0.951688117387262 -0.011158967079994 -0.085404736338002 0.279346305481765 -1.166825623593049
-0.044090488242211 -0.223258482293274 0.090871620684614 0.202747353192555 -0.950665537639911 -0.017041529201367 -0.108095165158029 0.353563354004161 -1.157138822911463
-0.043076751476248 -0.228011809981474 0.090786413038607 0.202320329510865 -0.949268806112502 -0.022875657319332 -0.130598087074996 0.427167095078396 -1.147452022220996
-0.042065149828694 -0.232758154012036 0.090672034752010 0.201779853685075 -0.947500989342481 -0.028661351433890 -0.152913502073637 0.500157528654510 -1.137765221539411
-0.041056250560268 -0.237495658958749 0.090528727994841 0.201126863249700 -0.945365153867089 -0.034398611544995 -0.175041410158117 0.572534654763590 -1.128078420853385
-0.040050616244020 -0.242222484728084 0.090356734937116 0.200362295739331 -0.942864366223817 -0.040087437652692 -0.196981811337038 0.644298473402305 -1.118391620167358
-0.039048804765323 -0.246936806559203 0.090156297748852 0.199487088688541 -0.940001692949999 -0.045727829756959 -0.218734705595136 0.715448984554001 -1.108704819485773
-0.038051369321881 -0.251636815023953 0.089927658600067 0.198502179631856 -0.936780200582987 -0.051319787857795 -0.240300092948231 0.785986188238663 -1.099018018799747
-0.037058858423721 -0.256320716026868 0.089671059660778 0.197408506103880 -0.933202955660217 -0.056863311955224 -0.261677973388830 0.855910084456291 -1.089331218113720
-0.036071815893202 -0.260986730805169 0.089386743101002 0.196207005639139 -0.929273024719024 -0.062358402049223 -0.282868346908605 0.925220673175797 -1.079644417427694
-0.035090780865006 -0.265633095928764 0.089074951090756 0.194898615772195 -0.924993474296743 -0.067805058139792 -0.303871213527818 0.993917954448253 -1.069957616750550
-0.034116287786145 -0.270258063300248 0.088735925800057 0.193484274037652 -0.920367370930864 -0.073203280226930 -0.324686573223848 1.062001928215928 -1.060270816060083
-0.033148866415957 -0.274859900154902 0.088369909398923 0.191964917970013 -0.915397781158622 -0.078553068310683 -0.345314426013210 1.129472594525449 -1.050584015369616
-0.032189041826107 -0.279436889060695 0.087977144057369 0.190341485103893 -0.910087771517543 -0.083854422390983 -0.365754771896182 1.196329953379038 -1.040897214696912
-0.031237334400587 -0.283987327918283 0.087557871945414 0.188614912973827 -0.904440408544915 -0.089107342467831 -0.386007610854305 1.262574004718964 -1.031210414002004
-0.030294259835718 -0.288509529961008 0.087112335233075 0.186786139114346 -0.898458758778020 -0.094311828541316 -0.406072942910063 1.328204748609618 -1.021523613324860
-0.029360329140147 -0.293001823754898 0.086640776090368 0.184856101060075 -0.892145888754425 -0.099467880611326 -0.425950768044719 1.393222185011034 -1.011836812634392
-0.028436048634846 -0.297462553198670 0.086143436687312 0.182825736345524 -0.885504865011377 -0.104575498677950 -0.445641086276871 1.457626313947635 -1.002150011952807
-0.027521919953119 -0.301890077523727 0.085620559193922 0.180695982505301 -0.878538754086322 -0.109634682741122 -0.465143897590836 1.521417135408321 -0.992463211266781
-0.026618440040592 -0.306282771294158 0.085072385780216 0.178467777073917 -0.871250622516584 -0.114645432800886 -0.484459201992860 1.584594649388649 -0.982776410580755
-0.025726101155222 -0.310639024406741 0.084499158616212 0.176142057585962 -0.863643536839542 -0.119607748857220 -0.503586999484607 1.647158855895281 -0.973089609903610
-0.024845390867293 -0.314957242090939 0.083901119871926 0.173719761575998 -0.855720563592599 -0.124521630910124 -0.522527290061081 1.709109754925997 -0.963402809208702
-0.023976792059413 -0.319235844908902 0.083278511717375 0.171201826578575 -0.847484769313123 -0.129387078959642 -0.541280073727002 1.770447346487458 -0.953716008527117
-0.023120782926520 -0.323473268755468 0.082631576322577 0.168589190128270 -0.838939220538493 -0.134204093005685 -0.559845350482091 1.831171630564121 -0.944029207845531
-0.022277836975878 -0.327667964858160 0.081960555857549 0.165882789759635 -0.830086983806055 -0.138972673048321 -0.578223120324406 1.891282607189293 -0.934342407159505
-0.021448423027080 -0.331818399777190 0.081265692492307 0.163083563007224 -0.820931125653235 -0.143692819087549 -0.596413383248118 1.950780276289699 -0.924655606473479
-0.020633005212044 -0.335923055405457 0.080547228396869 0.160192447405602 -0.811474712617288 -0.148364531123346 -0.614416139270713 2.009664637974140 -0.914968805787453
-0.019832042975016 -0.339980428968543 0.079805405741253 0.157210380489362 -0.801720811235840 -0.152987809155714 -0.632231388374149 2.067935692153799 -0.905282005105867
-0.019045991072569 -0.343989033024722 0.079040466695474 0.154138299793008 -0.791672488045969 -0.157562653184651 -0.649859130565367 2.125593438853102 -0.895595204419841
-0.018275299573604 -0.347947395464952 0.078252653429551 0.150977142851137 -0.781332809585200 -0.162089063210180 -0.667299365843810 2.182637878083149 -0.885908403733815
-0.017520413859349 -0.351854059512878 0.077442208113500 0.147727847198310 -0.770704842390935 -0.166567039232279 -0.684552094214269 2.239069009850603 -0.876221603052230
-0.016781774623357 -0.355707583724833 0.076609372917338 0.144391350369091 -0.759791653000519 -0.170996581250948 -0.701617315669101 2.294886834126597 -0.866534802366203
-0.016059817871512 -0.359506541989835 0.075754390011084 0.140968589898020 -0.748596307951266 -0.175377689266210 -0.718495030208599 2.350091350931116 -0.856848001680177
-0.015354974922021 -0.363249523529592 0.074877501564753 0.137460503319674 -0.737121873780633 -0.179710363278041 -0.735185237837682 2.404682560250837 -0.847161200994151
-0.014667672405423 -0.366935132898495 0.073978949748362 0.133868028168631 -0.725371417025977 -0.183994603286441 -0.751687938567930 2.458660462143492 -0.837474400312566
-0.013998332264580 -0.370561989983625 0.073058976731930 0.130192101979443 -0.713348004224723 -0.188230409291412 -0.768003132363346 2.512025056498057 -0.827787599626539
-0.013347371754683 -0.374128730004748 0.072117824685473 0.126433662286603 -0.701054701914006 -0.192417781292975 -0.784130819260279 2.564776343410013 -0.818100798940513
-0.012715203443250 -0.377634003514318 0.071155735779008 0.122593646624787 -0.688494576631515 -0.196556719291108 -0.800070999241939 2.616914322846053 -0.808413998258928
-0.012102235210126 -0.381076476397476 0.070172952182553 0.118672992528485 -0.675670694914465 -0.200647223285810 -0.815823672307911 2.668438994790634 -0.798727197572902
-0.011508870247483 -0.384454829872048 0.069169716066124 0.114672637532276 -0.662586123300235 -0.204689293277105 -0.831388838471864 2.719350359290384 -0.789040396886875
-0.010935507059822 -0.387767760488549 0.068146269599738 0.110593519170736 -0.649243928326282 -0.208682929264969 -0.846766497707360 2.769648416274251 -0.779353596200849
-0.010382539463968 -0.391013980130181 0.067102854953413 0.106436574978377 -0.635647176529830 -0.212628131249404 -0.861956650046597 2.819333165822169 -0.769666795523705
-0.009850356589076 -0.394192216012830 0.066039714297166 0.102202742489840 -0.621798934448459 -0.216524899230408 -0.876959295467161 2.868404607883068 -0.759979994828797
-0.009339342876627 -0.397301210685072 0.064957089801014 0.097892959239607 -0.607702268619348 -0.220373233208027 -0.891774433970649 2.916862742452508 -0.750293194147211
-0.008849878080429 -0.400339722028169 0.063855223634974 0.093508162762271 -0.593360245579932 -0.224173133182171 -0.906402065566811 2.964707569552694 -0.740606393465626
-0.008382337266618 -0.403306523256069 0.062734357969063 0.089049290592418 -0.578775931867670 -0.227924599152907 -0.920842190251547 3.011939089203608 -0.730919592779600
-0.007937090813656 -0.406200402915407 0.061594734973299 0.084517280264584 -0.563952394019906 -0.231627631120235 -0.935094808020009 3.058557301334197 -0.721232792093573
-0.007514504412333 -0.409020164885507 0.060436596817698 0.079913069313326 -0.548892698573888 -0.235282229084133 -0.949159918884543 3.104562206051042 -0.711545991411988
-0.007114939065766 -0.411764628378376 0.059260185672277 0.075237595273226 -0.533599912067217 -0.238888393044601 -0.963037522824334 3.149953803227579 -0.701859190725962
-0.006738751089400 -0.414432627938712 0.058065743707054 0.070491795678803 -0.518077101036962 -0.242446123001661 -0.976727619860679 3.194732092965946 -0.692172390035495
-0.006386292111006 -0.417023013443897 0.056853513092046 0.065676608064682 -0.502327332020824 -0.245955418955290 -0.990230209982693 3.238897075219516 -0.682485589358350
-0.006057909070683 -0.419534650104001 0.055623735997269 0.060792969965378 -0.486353671555995 -0.249416280905468 -1.003545293191965 3.282448750006051 -0.672798788667883
-0.005753944220856 -0.421966418461781 0.054376654592742 0.055841818915465 -0.470159186179897 -0.252828708852260 -1.016672869484647 3.325387117298906 -0.663111987986298
-0.005474735126278 -0.424317214392680 0.053112511048481 0.050824092449505 -0.453746942429867 -0.256192702795599 -1.029612938875449 3.367712177146931 -0.653425187304713
-0.005220614664031 -0.426585949104830 0.051831547534503 0.045740728102082 -0.437120006843372 -0.259508262735531 -1.042365501349451 3.409423929503497 -0.643738386614245
-0.004991911023520 -0.428771549139047 0.050534006220825 0.040592663407705 -0.420281445957638 -0.262775388672054 -1.054930556901729 3.450522374359721 -0.634051585932660
-0.004788947706482 -0.430872956368835 0.049220129277465 0.035380835900957 -0.403234326310120 -0.265994080605125 -1.067308105560522 3.491007511802202 -0.624364785246634
-0.004612043526977 -0.432889128000385 0.047890158874439 0.030106183116449 -0.385981714438322 -0.269164338534789 -1.079498147282740 3.530879341691051 -0.614677984560608
-0.004461512611395 -0.434819036572577 0.046544337181765 0.024769642588646 -0.368526676879311 -0.272286162461022 -1.091500682119037 3.570137864188361 -0.604991183879022
-0.004337664398452 -0.436661669956974 0.045182906369460 0.019372151852232 -0.350872280170855 -0.275359552383825 -1.103315710019523 3.608783079129818 -0.595304383192996
-0.004240803639191 -0.438416031357828 0.043806108607541 0.013914648441637 -0.333021590849913 -0.278384508303220 -1.114943231024096 3.646814986653091 -0.585617582506970
-0.004171230396982 -0.440081139312077 0.042414186066025 0.008398069891540 -0.314977675454264 -0.281361030219185 -1.126383245107221 3.684233586678243 -0.575930781820944
-0.004129240047525 -0.441656027689349 0.041007380914929 0.002823353736419 -0.296743600520999 -0.284289118131720 -1.137635752285482 3.721038879243022 -0.566243981143799
-0.004115123278843 -0.443139745691954 0.039585935324270 -0.002808562489117 -0.278322432587608 -0.287168772040824 -1.148700752548748 3.757230864329664 -0.556557180448891
-0.004129166091288 -0.444531357854892 0.038150091464066 -0.008496741250544 -0.259717238191393 -0.289999991946543 -1.159578245885362 3.792809541893760 -0.546870379771747
-0.004171649797541 -0.445829944045849 0.036700091504333 -0.014240245013288 -0.240931083869744 -0.292782777848788 -1.170268232338761 3.827774912068538 -0.537183579081280
-0.004242851022607 -0.447034599465197 0.035236177615089 -0.020038136242715 -0.221967036160275 -0.295517129747647 -1.180770711854476 3.862126974703006 -0.527496778404135
-0.004343041703821 -0.448144434645999 0.033758591966351 -0.025889477404409 -0.202828161599933 -0.298203047643053 -1.191085684466783 3.895865729874881 -0.517809977709227
-0.004472489090843 -0.449158575453999 0.032267576728136 -0.031793330963681 -0.183517526726418 -0.300840531535074 -1.201213150179361 3.928991177624130 -0.508123177036524
-0.004631455745661 -0.450076163087631 0.030763374070461 -0.037748759386015 -0.164038198077043 -0.303429581423620 -1.211153108945442 3.961503317779780 -0.498436376341616
-0.004820199542591 -0.450896354078016 0.029246226163342 -0.043754825136912 -0.144393242188923 -0.305970197308802 -1.220905560846419 3.993402150610503 -0.488749575660030
-0.005038973668276 -0.451618320288960 0.027716375176798 -0.049810590681639 -0.124585725600024 -0.308462379190511 -1.230470505792155 4.024687675845406 -0.479062774974004
-0.005288026621684 -0.452241248916961 0.026174063280846 -0.055915118485871 -0.104618714846971 -0.310906127068811 -1.239847943844269 4.055359893639920 -0.469375974292419
-0.005567602214114 -0.452764342491195 0.024619532645502 -0.062067471014832 -0.084495276467744 -0.313301440943681 -1.249037874991865 4.085418804005148 -0.459689173610833
-0.005877939569188 -0.453186818873534 0.023053025440783 -0.068266710734053 -0.064218476999545 -0.315648320815143 -1.258040299208332 4.114864406825625 -0.450002372915925
-0.006219273122858 -0.453507911258532 0.021474783836708 -0.074511900109013 -0.043791382979519 -0.317946766683197 -1.266855216538085 4.143696702252342 -0.440315572238781
-0.006591832623403 -0.453726868173429 0.019885050003292 -0.080802101605054 -0.023217060945391 -0.320196778547777 -1.275482626923347 4.171915690101002 -0.430628771552755
-0.006995843131428 -0.453842953478156 0.018284066110553 -0.087136377687745 -0.002498577434129 -0.322398356408971 -1.283922530422207 4.199521370562564 -0.420941970866728
-0.007431525019867 -0.453855446365327 0.016672074328508 -0.093513790822362 0.018361001016376 -0.324551500266734 -1.292174926992642 4.226513743494920 -0.411255170180702
-0.007899093973979 -0.453763641360245 0.015049316827174 -0.099933403474473 0.039358607869189 -0.326656210121068 -1.300239816664911 4.252892809000208 -0.401568369499117
-0.008398760991351 -0.453566848320899 0.013416035776569 -0.106394278109436 0.060491176586663 -0.328712485971971 -1.308117199410388 4.278658566971849 -0.391881568817531
-0.008930732381898 -0.453264392437966 0.011772473346709 -0.112895477192760 0.081755640631664 -0.330720327819467 -1.315807075260644 4.303811017536407 -0.382194768122623
-0.009495209767862 -0.452855614234808 0.010118871707612 -0.119436063189812 0.103148933466524 -0.332679735663555 -1.323309444186060 4.328350160573979 -0.372507967445479
-0.010092390083811 -0.452339869567475 0.008455473029294 -0.126015098566115 0.124667988554206 -0.334590709504168 -1.330624306203204 4.352275996168942 -0.362821166759453
-0.010722465576642 -0.451716529624704 0.006782519481773 -0.132631645787046 0.146309739357076 -0.336453249341395 -1.337751661293074 4.375588524225815 -0.353134366073427
