-0.013841886720901 -0.443154188755990 0.000000000000000 0.159678017923442 -0.224728746837077 0.370951540330838 -1.168934061092153 3.730694240431376 -0.492112813391676
-0.013043496631284 -0.444277832490176 0.001854757701654 0.153833347617981 -0.206075275634920 0.368490976263880 -1.167663810171043 3.725356916743916 -0.499251789173316
-0.012274329893194 -0.445308208868350 0.003697212582974 0.147995028567126 -0.187448491051201 0.365994717318013 -1.166161077356398 3.719301897417981 -0.506390764961617
-0.011534354750358 -0.446245451323606 0.005527186169564 0.142164223180344 -0.168851981564111 0.363462763493205 -1.164425862578283 3.712529182275937 -0.513529740746588
-0.010823533634457 -0.447089711231427 0.007344499987030 0.136342093867453 -0.150289335652731 0.360895114789472 -1.162458165882213 3.705038771448788 -0.520668716532668
-0.010141823165119 -0.447841157909690 0.009148975560977 0.130529803038042 -0.131764141795487 0.358291771206809 -1.160257987233640 3.696830664823292 -0.527807692316529
-0.009489174149929 -0.448499978618668 0.010940434417011 0.124728513101873 -0.113279988471371 0.355652732745226 -1.157825326686679 3.687904862574864 -0.534946668102609
-0.008865531584420 -0.449066378561025 0.012718698080737 0.118939386468440 -0.094840464158497 0.352977999404713 -1.155160184168336 3.678261364474800 -0.542085643892021
-0.008270834652078 -0.449540580881817 0.014483588077761 0.113163585547598 -0.076449157336123 0.350267571185253 -1.152262559741893 3.667900170711835 -0.549224619671440
-0.007705016724340 -0.449922826668498 0.016234925933687 0.107402272748889 -0.058109656482563 0.347521448086896 -1.149132453373419 3.656821281194933 -0.556363595460851
-0.007168005360595 -0.450213374950911 0.017972533174122 0.101656610482022 -0.039825550076589 0.344739630109592 -1.145769865070964 3.645024695948518 -0.563502571249153
-0.006659722308185 -0.450412502701294 0.019696231324669 0.095927761156667 -0.021600426596846 0.341922117253346 -1.142174794839801 3.632510414954826 -0.570641547029682
-0.006180083502402 -0.450520504834278 0.021405841910936 0.090216887182468 -0.003437874522072 0.339068909518198 -1.138347242666954 3.619278438238283 -0.577780522814653
-0.005728999066489 -0.450537694206888 0.023101186458527 0.084525150969133 0.014658517669119 0.336180006904124 -1.134287208579207 3.605328765818872 -0.584919498605174
-0.005306373311644 -0.450464401618543 0.024782086493048 0.078853714926237 0.032685161498214 0.333255409411098 -1.129994692533054 3.590661397596673 -0.592058474391255
-0.004912104737013 -0.450300975811051 0.026448363540103 0.073203741463572 0.050638468486197 0.330295117039142 -1.125469694566311 3.575276333671606 -0.599197450171784
-0.004546086029695 -0.450047783468620 0.028099839125299 0.067576392990740 0.068514850154555 0.327299129788283 -1.120712214672248 3.559173574048113 -0.606336425962306
-0.004208204064741 -0.449705209217848 0.029736334774240 0.061972831917379 0.086310718024796 0.324267447658472 -1.115722252844203 3.542353118670682 -0.613475401745056
-0.003898339905154 -0.449273655627724 0.031357672012533 0.056394220653158 0.104022483618149 0.321200070649746 -1.110499809060389 3.524814967494905 -0.620614377532247
-0.003616368801888 -0.448753543209633 0.032963672365782 0.050841721607856 0.121646558455624 0.318096998762085 -1.105044883377981 3.506559120698416 -0.627753353312777
-0.003362160193849 -0.448145310417355 0.034554157359592 0.045316497190966 0.139179354059116 0.314958231995521 -1.099357475738416 3.487585578092478 -0.634892329106629
-0.003135577707894 -0.447449413647059 0.036128948519570 0.039819709812274 0.156617281949578 0.311783770349988 -1.093437586172641 3.467894339763689 -0.642031304888269
-0.002936479158833 -0.446666327237311 0.037687867371320 0.034352521881411 0.173956753648397 0.308573613825547 -1.087285214674757 3.447485405714268 -0.649170280675460
-0.002764716549426 -0.445796543469069 0.039230735440447 0.028916095808037 0.191194180676968 0.305327762422170 -1.080900361236092 3.426358775908689 -0.656309256458210
-0.002620136070386 -0.444840572565685 0.040757374252558 0.023511594001857 0.208325974556511 0.302046216139878 -1.074283025883221 3.404514450422447 -0.663448232243180
-0.002502578100376 -0.443798942692902 0.042267605333257 0.018140178872441 0.225348546808624 0.298728974978663 -1.067433208579577 3.381952429153401 -0.670587208034812
-0.002411877206014 -0.442672199958859 0.043761250208151 0.012803012829543 0.242258308954391 0.295376038938489 -1.060350909340632 3.358672712139299 -0.677726183814231
-0.002347862141866 -0.441460908414087 0.045238130402843 0.007501258282840 0.259051672515087 0.291987408019417 -1.053036128175547 3.334675299411227 -0.684865159605863
-0.002310355850452 -0.440165650051511 0.046698067442940 0.002236077641962 0.275725049012143 0.288563082221388 -1.045488865088900 3.309960190995831 -0.692004135386393
-0.002299175462242 -0.438787024806451 0.048140882854047 -0.002991366683483 0.292274849967122 0.285103061544456 -1.037709120053423 3.284527386788749 -0.699143111173584
-0.002314132295660 -0.437325650556615 0.049566398161770 -0.008179912283750 0.308697486901066 0.281607345988588 -1.029696893080356 3.258376886836611 -0.706282086958554
-0.002355031857079 -0.435782163122110 0.050974434891712 -0.013328396749152 0.324989371335249 0.278075935553795 -1.021452184188920 3.231508691201590 -0.713421062747965
-0.002421673840824 -0.434157216265434 0.052364814569481 -0.018435657670096 0.341146914791257 0.274508830240056 -1.012974993360935 3.203922799812631 -0.720560038528495
-0.002513852129175 -0.432451481691477 0.053737358720682 -0.023500532636901 0.357166528790320 0.270906030047413 -1.004265320587519 3.175619212658631 -0.727699014317906
-0.002631354792359 -0.430665649047526 0.055091888870919 -0.028521859239838 0.373044624853613 0.267267534975824 -0.995323165898301 3.146597929828410 -0.734837990100656
-0.002773964088559 -0.428800425923258 0.056428226545798 -0.033498475069330 0.388777614502755 0.263593345025320 -0.986148529262473 3.116858951210943 -0.741976965887847
-0.002941456463905 -0.426856537850744 0.057746193270925 -0.038429217715642 0.404361909258810 0.259883460195881 -0.976741410700990 3.086402276892830 -0.749115941676148
-0.003133602552483 -0.424834728304450 0.059045610571904 -0.043312924769147 0.419793920643274 0.256137880487500 -0.967101810205734 3.055227906840763 -0.756254917460009
-0.003350167176329 -0.422735758701233 0.060326299974341 -0.048148433820176 0.435070060177478 0.252356605900200 -0.957229727771639 3.023335841021435 -0.763393893242759
-0.003590909345430 -0.420560408400346 0.061588083003842 -0.052934582459034 0.450186739382585 0.248539636433986 -0.947125163409113 2.990726079508121 -0.770532869029950
-0.003855582257725 -0.418309474703433 0.062830781186012 -0.057670208276080 0.465140369780126 0.244686972088837 -0.936788117114479 2.957398622240870 -0.777671844817140
-0.004143933299106 -0.415983772854532 0.064054216046457 -0.062354148861652 0.479927362891330 0.240798612864751 -0.926218588883573 2.923353469248546 -0.784810820602111
-0.004455704043414 -0.413584136040076 0.065258209110780 -0.066985241806070 0.494544130237573 0.236874558761740 -0.915416578716327 2.888590620500064 -0.791949796388192
-0.004790630252444 -0.411111415388888 0.066442581904589 -0.071562324699652 0.508987083340073 0.232914809779800 -0.904382086629532 2.853110076064258 -0.799088772172052
-0.005148441875942 -0.408566479972188 0.067607155953488 -0.076084235132799 0.523252633720395 0.228919365918939 -0.893115112592241 2.816911835836766 -0.806227747961463
-0.005528863051606 -0.405950216803586 0.068751752783083 -0.080549810695760 0.537337192899578 0.224888227179132 -0.881615656629536 2.779995899915289 -0.813366723743103
-0.005931612105085 -0.403263530839088 0.069876193918978 -0.084957888978908 0.551237172399155 0.220821393560416 -0.869883718737469 2.742362268253196 -0.820505699528074
-0.006356401549980 -0.400507344977092 0.070980300886780 -0.089307307572595 0.564948983740421 0.216718865062776 -0.857919298907805 2.704010940854928 -0.827644675320816
-0.006802938087843 -0.397682600058390 0.072063895212094 -0.093596904067134 0.578469038444696 0.212580641686172 -0.845722397141044 2.664941917700503 -0.834783651098014
-0.007270922608178 -0.394790254866166 0.073126798420525 -0.097825516052840 0.591793748033198 0.208406723430682 -0.833293013453584 2.625155198865414 -0.841922626889646
-0.007760050188443 -0.391831286126000 0.074168832037679 -0.101991981120108 0.604919524027525 0.204197110296234 -0.820631147819759 2.584650784247522 -0.849061602671286
-0.008270010094043 -0.388806688505863 0.075189817589160 -0.106095136859206 0.617842777948763 0.199951802282877 -0.807736800256323 2.543428673897896 -0.856200578458477
-0.008800485778339 -0.385717474616119 0.076189576600574 -0.110133820860488 0.630559921318252 0.195670799390585 -0.794609970764595 2.501488867849844 -0.863339554246778
-0.009351154882642 -0.382564675009528 0.077167930597527 -0.114106870714311 0.643067365657501 0.191354101619351 -0.781250659336735 2.458831366045633 -0.870478530025087
-0.009921689236213 -0.379349338181240 0.078124701105624 -0.118013124010995 0.655361522487730 0.187001708969226 -0.767658865970938 2.415456168491925 -0.877617505820050
-0.010511754856268 -0.376072530568802 0.079059709650470 -0.121851418340849 0.667438803330189 0.182613621440125 -0.753834590680319 2.371363275233129 -0.884756481600579
-0.011121011947972 -0.372735336552151 0.079972777757671 -0.125620591294251 0.679295619706355 0.178189839032122 -0.739777833451138 2.326552686235939 -0.891895457388880
-0.011749114904444 -0.369338858453619 0.080863726952831 -0.129319480461507 0.690928383137535 0.173730361745178 -0.725488594291512 2.281024401487031 -0.899034433170520
-0.012395712306751 -0.365884216537931 0.081732378761557 -0.132946923432964 0.702333505144970 0.169235189579325 -0.710966873197150 2.234778421024153 -0.906173408958821
-0.013060446923916 -0.362372549012206 0.082578554709454 -0.136501757798950 0.713507397250090 0.164704322534531 -0.696212670165047 2.187814744798455 -0.913312384744902
-0.013742955712911 -0.358805012025956 0.083402076322126 -0.139982821149775 0.724446470974083 0.160137760610807 -0.681225985210077 2.140133372880992 -0.920451360527652
-0.014442869818660 -0.355182779671085 0.084202765125180 -0.143388951075826 0.735147137838488 0.155535503808168 -0.666006818310982 2.091734305194048 -0.927590336319284
-0.015159814574039 -0.351507043981893 0.084980442644221 -0.146718985167380 0.745605809364458 0.150897552126572 -0.650555169491379 2.042617541804237 -0.934729312095373
-0.015893409499876 -0.347779014935071 0.085734930404854 -0.149971761014837 0.755818897073479 0.146223905566095 -0.634871038724810 1.992783082644944 -0.941868287892556
-0.016643268304950 -0.343999920449703 0.086466049932685 -0.153146116208461 0.765782812486704 0.141514564126632 -0.618954426033214 1.942230927780564 -0.949007263669754
-0.017408998885992 -0.340171006387270 0.087173622753318 -0.156240888338628 0.775493967125607 0.136769527808284 -0.602805331406248 1.890961077164466 -0.956146239460276
-0.018190203327685 -0.336293536551642 0.087857470392359 -0.159254914995659 0.784948772511429 0.131988796610982 -0.586423754849186 1.838973530834398 -0.963285215240806
-0.018986477902664 -0.332368792689085 0.088517414375414 -0.162187033769905 0.794143640165601 0.127172370534778 -0.569809696350509 1.786268288741510 -0.970424191031327
-0.019797413071513 -0.328398074488257 0.089153276228088 -0.165036082251657 0.803074981609309 0.122320249579622 -0.552963155930064 1.732845350947976 -0.977563166814077
-0.020622593482771 -0.324382699580210 0.089764877475986 -0.167800898031308 0.811739208364048 0.117432433745551 -0.535884133568143 1.678704717398283 -0.984702142602378
-0.021461597972928 -0.320324003538390 0.090352039644714 -0.170480318699148 0.820132731951040 0.112508923032539 -0.518572629273351 1.623846388112415 -0.991841118384018
-0.022313999566424 -0.316223339878635 0.090914584259877 -0.173073181845515 0.828251963891602 0.107549717440619 -0.501028643053597 1.568270363119240 -0.998980094172319
-0.023179365475651 -0.312082080059177 0.091452332847080 -0.175578325060783 0.836093315707198 0.102554816969758 -0.483252174885707 1.511976642352142 -1.006119069962841
-0.024057257100955 -0.307901613480641 0.091965106931928 -0.177994585935212 0.843653198918959 0.097524221619943 -0.465243224802708 1.454965225895499 -1.013258045737819
-0.024947230030631 -0.303683347486046 0.092452728040028 -0.180320802059225 0.850928025048436 0.092457931391254 -0.447001792771295 1.397236113667155 -1.020397021531672
-0.025848834040927 -0.299428707360804 0.092915017696984 -0.182555811023082 0.857914205616772 0.087355946283596 -0.428527878812424 1.338789305722621 -1.027535997315532
-0.026761613096043 -0.295139136332720 0.093351797428402 -0.184698450417144 0.864608152145385 0.082218266297018 -0.409821482925121 1.279624802050794 -1.034674973100502
-0.027685105348129 -0.290816095571993 0.093762888759887 -0.186747557831769 0.871006276155639 0.077044891431516 -0.390882605098009 1.219742602631690 -1.041813948886583
-0.028618843137287 -0.286461064191215 0.094148113217045 -0.188701970857259 0.877104989168798 0.071835821687083 -0.371711245338024 1.159142707483074 -1.048952924667113
-0.029562352991574 -0.282075539245371 0.094507292325480 -0.190560527083949 0.882900702706213 0.066591057063747 -0.352307403649610 1.097825116604945 -1.056091900463185
-0.030515155626993 -0.277661035731840 0.094840247610799 -0.192322064102197 0.888389828289238 0.061310597561431 -0.332671080020275 1.035789829981759 -1.063230876240384
-0.031476765947504 -0.273219086590393 0.095146800598606 -0.193985419502299 0.893568777439147 0.055994443180230 -0.312802274467228 0.973036847642383 -1.070369852032016
-0.032446693045016 -0.268751242703198 0.095426772814508 -0.195549430874635 0.898433961677358 0.050642593920069 -0.292700986975203 0.909566169553511 -1.077508827811435
-0.033424440199389 -0.264259072894811 0.095679985784108 -0.197012935809511 0.902981792525126 0.045255049781012 -0.272367217548641 0.845377795737345 -1.084647803601957
-0.034409504878437 -0.259744163932185 0.095906261033013 -0.198374771897254 0.907208681503813 0.039831810763002 -0.251800966195037 0.780471726191667 -1.091786779385817
-0.035401378737923 -0.255208120524666 0.096105420086828 -0.199633776728229 0.911111040134771 0.034372876866073 -0.231002232900790 0.714847960899823 -1.098925755169677
-0.036399547621564 -0.250652565323992 0.096277284471158 -0.200788787892733 0.914685279939270 0.028878248090225 -0.209971017679778 0.648506499888457 -1.106064730957979
-0.037403491561028 -0.246079138924296 0.096421675711609 -0.201838642981132 0.917927812438712 0.023347924435435 -0.188707320519232 0.581447343128705 -1.113203706742949
-0.038412684775933 -0.241489499862102 0.096538415333787 -0.202782179583728 0.920835049154356 0.017781905901720 -0.167211141431922 0.513670490648321 -1.120342682532360
-0.039426595673852 -0.236885324616331 0.096627324863295 -0.203618235290888 0.923403401607598 0.012180192489059 -0.145482480409242 0.445175942431764 -1.127481658310669
-0.040444686850306 -0.232268307608293 0.096688225825740 -0.204345647692934 0.925629281319756 0.006542784197505 -0.123521337450361 0.375963698469040 -1.134620634100081
-0.041466415088771 -0.227640161201694 0.096720939746728 -0.204963254380186 0.927509099812102 0.000869681027005 -0.101327712560828 0.306033758791235 -1.141759609888382
-0.042491231360672 -0.223002615702633 0.096725288151863 -0.205469892942990 0.929039268606058 -0.004839117022437 -0.078901605739257 0.235386123365044 -1.148898585668912
-0.043518580825387 -0.218357419359603 0.096701092566751 -0.205864400971686 0.930216199222883 -0.010583609950782 -0.056243016982593 0.164020792212671 -1.156037561458323
-0.044547902830245 -0.213706338363489 0.096648174516997 -0.206145616056599 0.931036303183946 -0.016363797758073 -0.033351946293059 0.091937765326344 -1.163176537241073
-0.045578630910528 -0.209051156847569 0.096566355528207 -0.206312375788065 0.931495992010578 -0.022179680444279 -0.010228393669820 0.019137042699402 -1.170315513030484
-0.046610192789469 -0.204393676887516 0.096455457125985 -0.206363517756414 0.931591677224075 -0.028031258009431 0.013127640886568 -0.054381375660384 -1.177454488811014
-0.047642010378251 -0.199735718501396 0.096315300835938 -0.206297879551981 0.931319770345773 -0.033918530453486 0.036716157372496 -0.128617489736360 -1.184593464602646
-0.048673499776011 -0.195079119649667 0.096145708183671 -0.206114298765118 0.930676682897091 -0.039841497776499 0.060537155798512 -0.203571299577376 -1.191732440384285
-0.049704071269836 -0.190425736235181 0.095946500694788 -0.205811612986126 0.929658826399204 -0.045800159978421 0.084590636151294 -0.279242805121260 -1.198871416171476
-0.050733129334767 -0.185777442103185 0.095717499894896 -0.205388659805369 0.928262612373598 -0.051794517059278 0.108876598439722 -0.355632006416862 -1.206010391953116
-0.051760072633794 -0.181136129041317 0.095458527309600 -0.204844276813171 0.926484452341514 -0.057824569019044 0.133395042662965 -0.432738903441976 -1.213149367745858
-0.052784294017860 -0.176503706779610 0.095169404464504 -0.204177301599856 0.924320757824304 -0.063890315857773 0.158145968818524 -0.510563496203265 -1.220288343527498
-0.053805180525859 -0.171882102990488 0.094849952885216 -0.203386571755763 0.921767940343288 -0.069991757575411 0.183129376904456 -0.589105784696287 -1.227427319314689
-0.054822113384638 -0.167273263288772 0.094499994097338 -0.202470924871241 0.918822411419806 -0.076128894171984 0.208345266926868 -0.668365768918822 -1.234566295097439
-0.055834468008994 -0.162679151231673 0.094119349626479 -0.201429198536607 0.915480582575212 -0.082301725647471 0.233793638881874 -0.748343448879751 -1.241705270887961
-0.056841614001677 -0.158101748318797 0.093707840998241 -0.200260230342197 0.911738865330813 -0.088510252001911 0.259474492770029 -0.829038824574635 -1.248844246670711
-0.057842915153388 -0.153543053992143 0.093265289738232 -0.198962857878347 0.907593671207940 -0.094754473235265 0.285387828588834 -0.910451896003472 -1.255983222455681
-0.058837729442780 -0.149005085636103 0.092791517372055 -0.197535918735403 0.903041411727923 -0.101034389347543 0.311533646345785 -0.992582663168484 -1.263122198240652
-0.059825409036457 -0.144489878577463 0.092286345425318 -0.195978250503674 0.898078498412080 -0.107350000338746 0.337911946030334 -1.075431126051907 -1.270261174030063
-0.060805300288975 -0.139999486085403 0.091749595423624 -0.194288690773523 0.892701342781821 -0.113701306208897 0.364522727654137 -1.158997284695928 -1.277400149811703
-0.061776743742843 -0.135535979371494 0.091181088892579 -0.192466077135252 0.886906356358341 -0.120088306957955 0.391365991204984 -1.243281139049479 -1.284539125600004
-0.062739074128519 -0.131101447589702 0.090580647357790 -0.190509247179227 0.880689950663094 -0.126511002585955 0.418441736693143 -1.328282689150306 -1.291678101383864
-0.063691620364415 -0.126697997836387 0.089948092344860 -0.188417038495761 0.874048537217342 -0.132969393092874 0.445749964113618 -1.414001934978426 -1.298817077168835
-0.064633705556894 -0.122327755150300 0.089283245379395 -0.186188288675193 0.866978527542450 -0.139463478478719 0.473290673466686 -1.500438876544941 -1.305956052959356
-0.065564647000270 -0.117992862512588 0.088585927987002 -0.183821835307860 0.859476333159725 -0.145993258743515 0.501063864752904 -1.587593513843188 -1.313095028740996
-0.066483756176809 -0.113695480846789 0.087855961693284 -0.181316515984095 0.851538365590510 -0.152558733887220 0.529069537972826 -1.675465846873170 -1.320234004528187
-0.067390338756730 -0.109437789018836 0.087093168023848 -0.178671168294231 0.843161036356144 -0.159159903909861 0.557307693125897 -1.764055875639325 -1.327372980312047
-0.068283694598201 -0.105221983837056 0.086297368504299 -0.175884629828602 0.834340756977947 -0.165796768811421 0.585778330213227 -1.853363600141655 -1.334511956100348
-0.069163117747344 -0.101050280052166 0.085468384660242 -0.172955738177535 0.825073938977239 -0.172469328591923 0.614481449229820 -1.943389020375719 -1.341650931881988
-0.070027896438231 -0.096924910357280 0.084606038017282 -0.169883330931386 0.815356993875360 -0.179177583251333 0.643417050184558 -2.034132136337075 -1.348789907674730
-0.070877313092888 -0.092848125387903 0.083710150101026 -0.166666245680464 0.805186333193675 -0.185921532789707 0.672585133070780 -2.125592948043487 -1.355928883450819
-0.071710644321291 -0.088822193721935 0.082780542437077 -0.163303320015110 0.794558368453457 -0.192701177206961 0.701985697887375 -2.217771455472750 -1.363067859243561
-0.072527160921366 -0.084849401879667 0.081817036551042 -0.159793391525673 0.783469511176094 -0.199516516503179 0.731618744640450 -2.310667658651511 -1.370206835026311
-0.073326127878995 -0.080932054323787 0.080819453968526 -0.156135297802470 0.771916172882836 -0.206367550678310 0.761484273327229 -2.404281557544241 -1.377345810813502
-0.074106804368007 -0.077072473459373 0.079787616215135 -0.152327876435834 0.759894765095115 -0.213254279732378 0.791582283944936 -2.498613152179807 -1.384484786599582
-0.074868443750186 -0.073272999633897 0.078721344816473 -0.148369965016110 0.747401699334216 -0.220176703665376 0.821912776495792 -2.593662442558209 -1.391623762384553
-0.075610293575267 -0.069535991137226 0.077620461298146 -0.144260401133631 0.734433387121425 -0.227134822477298 0.852475750980908 -2.689429428657242 -1.398762738169523
-0.076331595580935 -0.065863824201619 0.076484787185759 -0.139998022378726 0.720986239978139 -0.234128636168146 0.883271207400282 -2.785914110494669 -1.405901713955604
-0.077031585692829 -0.062258893001728 0.075314144004919 -0.135581666341725 0.707056669425665 -0.241158144737924 0.914299145751141 -2.883116488066051 -1.413040689740575
-0.077709494024537 -0.058723609654600 0.074108353281229 -0.131010170612969 0.692641086985335 -0.248223348186627 0.945559566034593 -2.981036561371386 -1.420179665526655
-0.078364544877602 -0.055260404219673 0.072867236540296 -0.126282372782796 0.677735904178478 -0.255324246514260 0.977052468253414 -3.079674330408455 -1.427318641314956
-0.078995956741516 -0.051871724698781 0.071590615307725 -0.121397110441529 0.662337532526436 -0.262460839720835 1.008777852403719 -3.179029795188359 -1.434457617093265
-0.079602942293724 -0.048560037036149 0.070278311109121 -0.116353221179510 0.646442383550494 -0.269633127806301 1.040735718489394 -3.279102955684454 -1.441596592890448
-0.080184708399621 -0.045327825118396 0.068930145470089 -0.111149542587063 0.630046868772072 -0.276841110770754 1.072926066503777 -3.379893811932266 -1.448735568664317
-0.080740456112556 -0.042177590774536 0.067545939916235 -0.105784912254545 0.613147399712410 -0.284084788614075 1.105348896456859 -3.481402363907371 -1.455874544455948
-0.081269380673829 -0.039111853775974 0.066125515973165 -0.100258167772260 0.595740387892874 -0.291364161336355 1.138004208340315 -3.583628611609768 -1.463013520246470
-0.081770671512690 -0.036133151836509 0.064668695166483 -0.094568146730559 0.577822244834825 -0.298679228937587 1.170892002156920 -3.686572555055001 -1.470152496019228
-0.082243512246343 -0.033244040612335 0.063175299021795 -0.088713686719774 0.559389382059550 -0.306029991417683 1.204012277905564 -3.790234194229747 -1.477291471816411
-0.082687080679942 -0.030447093702038 0.061645149064707 -0.082693625330246 0.540438211088401 -0.313416448776765 1.237365035591242 -3.894613529138446 -1.484430447601381
-0.083100548806593 -0.027744902646596 0.060078066820823 -0.076506800152290 0.520965143442709 -0.320838601014772 1.270950275206739 -3.999710559781100 -1.491569423377470
-0.083483082807355 -0.025140076929382 0.058473873815749 -0.070152048776256 0.500966590643803 -0.328296448131660 1.304767996755940 -4.105525286164369 -1.498708399172433
-0.083833843051236 -0.022635243976163 0.056832391575091 -0.063628208792477 0.480438964212981 -0.335789990127522 1.338818200238845 -4.212057708266048 -1.505847374951852
-0.084151984095199 -0.020233049155098 0.055153441624453 -0.056934117791282 0.459378675671651 -0.343319227002281 1.373100885655454 -4.319307826115004 -1.512986350745704
-0.084436654684155 -0.017936155776740 0.053436845489442 -0.050068613363005 0.437782136541076 -0.350884158756010 1.407616053005767 -4.427275639691253 -1.520125326524013
-0.084686997750970 -0.015747245094034 0.051682424695662 -0.043030533097976 0.415645758342620 -0.358484785388630 1.442363702286453 -4.535961149008116 -1.527264302311204
-0.084902150416460 -0.013669016302321 0.049890000768719 -0.035818714586544 0.392965952597579 -0.366121106900186 1.477343833503064 -4.645364354050052 -1.534403278097285
-0.085081243989393 -0.011704186539333 0.048059395234218 -0.028431995419029 0.369739130827329 -0.373793123290672 1.512556446652269 -4.755485254828162 -1.541542253884476
-0.085223403966488 -0.009855490885197 0.046190429617764 -0.020869213185767 0.345961704553188 -0.381500834560095 1.548001541734068 -4.866323851344667 -1.548681229670557
-0.085327750032417 -0.008125682362431 0.044282925444964 -0.013129205477097 0.321630085296465 -0.389244240708447 1.583679118748460 -4.977880143592905 -1.555820205452196
-0.085393396059802 -0.006517531935949 0.042336704241422 -0.005210809883355 0.296740684578500 -0.397023341735708 1.619589177697667 -5.090154131572877 -1.562959181243828
-0.085419450109219 -0.005033828513056 0.040351587532743 0.002887136005134 0.271289913920636 -0.404838137641927 1.655731718581133 -5.203145815286803 -1.570098157022137
-0.085405014429193 -0.003677378943453 0.038327396844533 0.011165794598039 0.245274184844202 -0.412688628427038 1.692106741393307 -5.316855194736902 -1.577237132815990
-0.085349185456203 -0.002451008019232 0.036263953702398 0.019626328305006 0.218689908870517 -0.420574814091118 1.728714246141960 -5.431282269916515 -1.584376108592078
-0.085251053814678 -0.001357558474879 0.034161079631943 0.028269899535716 0.191533497520935 -0.428496694634078 1.765554232824318 -5.546427040838964 -1.591515084383710
-0.085109704316999 -0.000399890987275 0.032018596158772 0.037097670699837 0.163801362316740 -0.436454270055997 1.802626701438714 -5.662289507482043 -1.598654060173121
-0.084924215963500 0.000419115824309 0.029836324808492 0.046110804207031 0.135489914779330 -0.444447540356863 1.839931651985705 -5.778869669870179 -1.605793035952541
-0.084693661942465 0.001096565398206 0.027614087106708 0.055310462466959 0.106595566429979 -0.452476505536625 1.877469084466954 -5.896167527983387 -1.612932011740842
-0.084417109630130 0.001629543230356 0.025351704579025 0.064697807889294 0.077114728790062 -0.460541165595330 1.915238998880797 -6.014183081841651 -1.620070987522482
-0.084093620590684 0.002015116874306 0.023048998751048 0.074274002883698 0.047043813380854 -0.468641520532942 1.953241395228345 -6.132916331422766 -1.627209963315224
-0.083722250576265 0.002250335941210 0.020705791148383 0.084040209859840 0.016379231723740 -0.476777570349518 1.991476273508486 -6.252367276740056 -1.634348939096864
-0.083302049526966 0.002332232099829 0.018321903296636 0.093997591227382 -0.014882604659960 -0.484949315045002 2.029943633722886 -6.372535917797961 -1.641487914881834
-0.082832061570829 0.002257819076529 0.015897156721411 0.104147309395997 -0.046745284248950 -0.493156754619412 2.068643475868770 -6.493422254583159 -1.648626890670135
-0.082311325023849 0.002024092655284 0.013431372948314 0.114490526775340 -0.079212395521866 -0.501399889072762 2.107575799950023 -6.615026287097869 -1.655765866449554
-0.081738872389972 0.001628030677675 0.010924373502950 0.125028405775091 -0.112287526957355 -0.509678718405010 2.146740605962760 -6.737348015362077 -1.662904842246737
-0.081113730361097 0.001066593042888 0.008375979910925 0.135762108804904 -0.145974267034166 -0.517993242616244 2.186137893908646 -6.860387439342475 -1.670043818021716
-0.080434919817072 0.000336721707717 0.005786013697844 0.146692798274448 -0.180276204230878 -0.526343461706352 2.225767663788791 -6.984144559065708 -1.677182793808907
-0.079701455825700 -0.000564659313437 0.003154296389312 0.157821636593392 -0.215196927026207 -0.534729375675397 2.265629915602640 -7.108619374522895 -1.684321769599428
-0.078912347642733 -0.001640643948568 0.000480649510935 0.169149786171405 -0.250740023898821 -0.543150984523394 2.305724649347418 -7.233811885714037 -1.691460745384399
-0.078066598711876 -0.002894344068062 -0.002235105411682 0.180678409418142 -0.286909083327391 -0.551608288250316 2.305724649347418 -7.233811885714037 -1.691460745384399
-0.077163206664786 -0.004328889484699 -0.004993146852934 -0.180678409418142 0.286909083327391 0.551608288250316 2.265629915602640 -7.108619374522895 -1.684321769599428
-0.078066598711876 -0.002894344068062 -0.002235105411682 -0.169149786171405 0.250740023898821 0.543150984523394 2.225767663788791 -6.984144559065708 -1.677182793808907
-0.078912347642733 -0.001640643948568 0.000480649510935 -0.157821636593392 0.215196927026207 0.534729375675397 2.186137893908646 -6.860387439342475 -1.670043818021716
-0.079701455825700 -0.000564659313437 0.003154296389312 -0.146692798274448 0.180276204230878 0.526343461706352 2.146740605962760 -6.737348015362077 -1.662904842246737
-0.080434919817072 0.000336721707717 0.005786013697844 -0.135762108804904 0.145974267034166 0.517993242616244 2.107575799950023 -6.615026287097869 -1.655765866449554
-0.081113730361097 0.001066593042888 0.008375979910925 -0.125028405775091 0.112287526957355 0.509678718405010 2.068643475868770 -6.493422254583159 -1.648626890670135
-0.081738872389972 0.001628030677675 0.010924373502950 -0.114490526775340 0.079212395521866 0.501399889072762 2.029943633722886 -6.372535917797961 -1.641487914881834
-0.082311325023849 0.002024092655284 0.013431372948314 -0.104147309395997 0.046745284248950 0.493156754619412 1.991476273508486 -6.252367276740056 -1.634348939096864
-0.082832061570829 0.002257819076529 0.015897156721411 -0.093997591227382 0.014882604659960 0.484949315045002 1.953241395228345 -6.132916331422766 -1.627209963315224
-0.083302049526966 0.002332232099829 0.018321903296636 -0.084040209859840 -0.016379231723740 0.476777570349518 1.915238998880797 -6.014183081841651 -1.620070987522482
-0.083722250576265 0.002250335941210 0.020705791148383 -0.074274002883698 -0.047043813380854 0.468641520532942 1.877469084466954 -5.896167527983387 -1.612932011740842
-0.084093620590684 0.002015116874306 0.023048998751048 -0.064697807889294 -0.077114728790062 0.460541165595330 1.839931651985705 -5.778869669870179 -1.605793035952541
-0.084417109630130 0.001629543230356 0.025351704579025 -0.055310462466959 -0.106595566429979 0.452476505536625 1.802626701438714 -5.662289507482043 -1.598654060173121
-0.084693661942465 0.001096565398206 0.027614087106708 -0.046110804207031 -0.135489914779330 0.444447540356863 1.765554232824318 -5.546427040838964 -1.591515084383710
-0.084924215963500 0.000419115824309 0.029836324808492 -0.037097670699837 -0.163801362316740 0.436454270055997 1.728714246141960 -5.431282269916515 -1.584376108592078
-0.085109704316999 -0.000399890987275 0.032018596158772 -0.028269899535716 -0.191533497520935 0.428496694634078 1.692106741393307 -5.316855194736902 -1.577237132815990
-0.085251053814678 -0.001357558474879 0.034161079631943 -0.019626328305006 -0.218689908870517 0.420574814091118 1.655731718581133 -5.203145815286803 -1.570098157022137
-0.085349185456203 -0.002451008019232 0.036263953702398 -0.011165794598039 -0.245274184844202 0.412688628427038 1.619589177697667 -5.090154131572877 -1.562959181243828
-0.085405014429193 -0.003677378943453 0.038327396844533 -0.002887136005134 -0.271289913920636 0.404838137641927 1.583679118748460 -4.977880143592905 -1.555820205452196
-0.085419450109219 -0.005033828513056 0.040351587532743 0.005210809883355 -0.296740684578500 0.397023341735708 1.548001541734068 -4.866323851344667 -1.548681229670557
-0.085393396059802 -0.006517531935949 0.042336704241422 0.013129205477097 -0.321630085296465 0.389244240708447 1.512556446652269 -4.755485254828162 -1.541542253884476
-0.085327750032417 -0.008125682362431 0.044282925444964 0.020869213185767 -0.345961704553188 0.381500834560095 1.477343833503064 -4.645364354050052 -1.534403278097285
-0.085223403966488 -0.009855490885197 0.046190429617764 0.028431995419029 -0.369739130827329 0.373793123290672 1.442363702286453 -4.535961149008116 -1.527264302311204
-0.085081243989393 -0.011704186539333 0.048059395234218 0.035818714586544 -0.392965952597579 0.366121106900186 1.407616053005767 -4.427275639691253 -1.520125326524013
-0.084902150416460 -0.013669016302321 0.049890000768719 0.043030533097976 -0.415645758342620 0.358484785388630 1.373100885655454 -4.319307826115004 -1.512986350745704
-0.084686997750970 -0.015747245094034 0.051682424695662 0.050068613363005 -0.437782136541076 0.350884158756010 1.338818200238845 -4.212057708266048 -1.505847374951852
-0.084436654684155 -0.017936155776740 0.053436845489442 0.056934117791282 -0.459378675671651 0.343319227002281 1.304767996755940 -4.105525286164369 -1.498708399172433
-0.084151984095199 -0.020233049155098 0.055153441624453 0.063628208792477 -0.480438964212981 0.335789990127522 1.270950275206739 -3.999710559781100 -1.491569423377470
-0.083833843051236 -0.022635243976163 0.056832391575091 0.070152048776256 -0.500966590643803 0.328296448131660 1.237365035591242 -3.894613529138446 -1.484430447601381
-0.083483082807355 -0.025140076929382 0.058473873815749 0.076506800152290 -0.520965143442709 0.320838601014772 1.204012277905564 -3.790234194229747 -1.477291471816411
-0.083100548806593 -0.027744902646596 0.060078066820823 0.082693625330246 -0.540438211088401 0.313416448776765 1.170892002156920 -3.686572555055001 -1.470152496019228
-0.082687080679942 -0.030447093702038 0.061645149064707 0.088713686719774 -0.559389382059550 0.306029991417683 1.138004208340315 -3.583628611609768 -1.463013520246470
-0.082243512246343 -0.033244040612335 0.063175299021795 0.094568146730559 -0.577822244834825 0.298679228937587 1.105348896456859 -3.481402363907371 -1.455874544455948
-0.081770671512690 -0.036133151836509 0.064668695166483 0.100258167772260 -0.595740387892874 0.291364161336355 1.072926066503777 -3.379893811932266 -1.448735568664317
-0.081269380673829 -0.039111853775974 0.066125515973165 0.105784912254545 -0.613147399712410 0.284084788614075 1.040735718489394 -3.279102955684454 -1.441596592890448
-0.080740456112556 -0.042177590774536 0.067545939916235 0.111149542587063 -0.630046868772072 0.276841110770754 1.008777852403719 -3.179029795188359 -1.434457617093265
-0.080184708399621 -0.045327825118396 0.068930145470089 0.116353221179510 -0.646442383550494 0.269633127806301 0.977052468253414 -3.079674330408455 -1.427318641314956
-0.079602942293724 -0.048560037036149 0.070278311109121 0.121397110441529 -0.662337532526436 0.262460839720835 0.945559566034593 -2.981036561371386 -1.420179665526655
-0.078995956741516 -0.051871724698781 0.071590615307725 0.126282372782796 -0.677735904178478 0.255324246514260 0.914299145751141 -2.883116488066051 -1.413040689740575
-0.078364544877602 -0.055260404219673 0.072867236540296 0.131010170612969 -0.692641086985335 0.248223348186627 0.883271207400282 -2.785914110494669 -1.405901713955604
-0.077709494024537 -0.058723609654600 0.074108353281229 0.135581666341725 -0.707056669425665 0.241158144737924 0.852475750980908 -2.689429428657242 -1.398762738169523
-0.077031585692829 -0.062258893001728 0.075314144004919 0.139998022378726 -0.720986239978139 0.234128636168146 0.821912776495792 -2.593662442558209 -1.391623762384553
-0.076331595580935 -0.065863824201619 0.076484787185759 0.144260401133631 -0.734433387121425 0.227134822477298 0.791582283944936 -2.498613152179807 -1.384484786599582
-0.075610293575267 -0.069535991137226 0.077620461298146 0.148369965016110 -0.747401699334216 0.220176703665376 0.761484273327229 -2.404281557544241 -1.377345810813502
-0.074868443750186 -0.073272999633897 0.078721344816473 0.152327876435834 -0.759894765095115 0.213254279732378 0.731618744640450 -2.310667658651511 -1.370206835026311
-0.074106804368007 -0.077072473459373 0.079787616215135 0.156135297802470 -0.771916172882836 0.206367550678310 0.701985697887375 -2.217771455472750 -1.363067859243561
-0.073326127878995 -0.080932054323787 0.080819453968526 0.159793391525673 -0.783469511176094 0.199516516503179 0.672585133070780 -2.125592948043487 -1.355928883450819
-0.072527160921366 -0.084849401879667 0.081817036551042 0.163303320015110 -0.794558368453457 0.192701177206961 0.643417050184558 -2.034132136337075 -1.348789907674730
-0.071710644321291 -0.088822193721935 0.082780542437077 0.166666245680464 -0.805186333193675 0.185921532789707 0.614481449229820 -1.943389020375719 -1.341650931881988
-0.070877313092888 -0.092848125387903 0.083710150101026 0.169883330931386 -0.815356993875360 0.179177583251333 0.585778330213227 -1.853363600141655 -1.334511956100348
-0.070027896438231 -0.096924910357280 0.084606038017282 0.172955738177535 -0.825073938977239 0.172469328591923 0.557307693125897 -1.764055875639325 -1.327372980312047
-0.069163117747344 -0.101050280052166 0.085468384660242 0.175884629828602 -0.834340756977947 0.165796768811421 0.529069537972826 -1.675465846873170 -1.320234004528187
-0.068283694598201 -0.105221983837056 0.086297368504299 0.178671168294231 -0.843161036356144 0.159159903909861 0.501063864752904 -1.587593513843188 -1.313095028740996
-0.067390338756730 -0.109437789018836 0.087093168023848 0.181316515984095 -0.851538365590510 0.152558733887220 0.473290673466686 -1.500438876544941 -1.305956052959356
-0.066483756176809 -0.113695480846789 0.087855961693284 0.183821835307860 -0.859476333159725 0.145993258743515 0.445749964113618 -1.414001934978426 -1.298817077168835
-0.065564647000270 -0.117992862512588 0.088585927987002 0.186188288675193 -0.866978527542450 0.139463478478719 0.418441736693143 -1.328282689150306 -1.291678101383864
-0.064633705556894 -0.122327755150300 0.089283245379395 0.188417038495761 -0.874048537217342 0.132969393092874 0.391365991204984 -1.243281139049479 -1.284539125600004
-0.063691620364415 -0.126697997836387 0.089948092344860 0.190509247179227 -0.880689950663094 0.126511002585955 0.364522727654137 -1.158997284695928 -1.277400149811703
-0.062739074128519 -0.131101447589702 0.090580647357790 0.192466077135252 -0.886906356358341 0.120088306957955 0.337911946030334 -1.075431126051907 -1.270261174030063
-0.061776743742843 -0.135535979371494 0.091181088892579 0.194288690773523 -0.892701342781821 0.113701306208897 0.311533646345785 -0.992582663168484 -1.263122198240652
-0.060805300288975 -0.139999486085403 0.091749595423624 0.195978250503674 -0.898078498412080 0.107350000338746 0.285387828588834 -0.910451896003472 -1.255983222455681
-0.059825409036457 -0.144489878577463 0.092286345425318 0.197535918735403 -0.903041411727923 0.101034389347543 0.259474492770029 -0.829038824574635 -1.248844246670711
-0.058837729442780 -0.149005085636103 0.092791517372055 0.198962857878347 -0.907593671207940 0.094754473235265 0.233793638881874 -0.748343448879751 -1.241705270887961
-0.057842915153388 -0.153543053992143 0.093265289738232 0.200260230342197 -0.911738865330813 0.088510252001911 0.208345266926868 -0.668365768918822 -1.234566295097439
-0.056841614001677 -0.158101748318797 0.093707840998241 0.201429198536607 -0.915480582575212 0.082301725647471 0.183129376904456 -0.589105784696287 -1.227427319314689
-0.055834468008994 -0.162679151231673 0.094119349626479 0.202470924871241 -0.918822411419806 0.076128894171984 0.158145968818524 -0.510563496203265 -1.220288343527498
-0.054822113384638 -0.167273263288772 0.094499994097338 0.203386571755763 -0.921767940343288 0.069991757575411 0.133395042662965 -0.432738903441976 -1.213149367745858
-0.053805180525859 -0.171882102990488 0.094849952885216 0.204177301599856 -0.924320757824304 0.063890315857773 0.108876598439722 -0.355632006416862 -1.206010391953116
-0.052784294017860 -0.176503706779610 0.095169404464504 0.204844276813171 -0.926484452341514 0.057824569019044 0.084590636151294 -0.279242805121260 -1.198871416171476
-0.051760072633794 -0.181136129041317 0.095458527309600 0.205388659805369 -0.928262612373598 0.051794517059278 0.060537155798512 -0.203571299577376 -1.191732440384285
-0.050733129334767 -0.185777442103185 0.095717499894896 0.205811612986126 -0.929658826399204 0.045800159978421 0.036716157372496 -0.128617489736360 -1.184593464602646
-0.049704071269836 -0.190425736235181 0.095946500694788 0.206114298765118 -0.930676682897091 0.039841497776499 0.013127640886568 -0.054381375660384 -1.177454488811014
-0.048673499776011 -0.195079119649667 0.096145708183671 0.206297879551981 -0.931319770345773 0.033918530453486 -0.010228393669820 0.019137042699402 -1.170315513030484
-0.047642010378251 -0.199735718501396 0.096315300835938 0.206363517756414 -0.931591677224075 0.028031258009431 -0.033351946293059 0.091937765326344 -1.163176537241073
-0.046610192789469 -0.204393676887516 0.096455457125985 0.206312375788065 -0.931495992010578 0.022179680444279 -0.056243016982593 0.164020792212671 -1.156037561458323
-0.045578630910528 -0.209051156847569 0.096566355528207 0.206145616056599 -0.931036303183946 0.016363797758073 -0.078901605739257 0.235386123365044 -1.148898585668912
-0.044547902830245 -0.213706338363489 0.096648174516997 0.205864400971686 -0.930216199222883 0.010583609950782 -0.101327712560828 0.306033758791235 -1.141759609888382
-0.043518580825387 -0.218357419359603 0.096701092566751 0.205469892942990 -0.929039268606058 0.004839117022437 -0.123521337450361 0.375963698469040 -1.134620634100081
-0.042491231360672 -0.223002615702633 0.096725288151863 0.204963254380186 -0.927509099812102 -0.000869681027005 -0.145482480409242 0.445175942431764 -1.127481658310669
-0.041466415088771 -0.227640161201694 0.096720939746728 0.204345647692934 -0.925629281319756 -0.006542784197505 -0.167211141431922 0.513670490648321 -1.120342682532360
-0.040444686850306 -0.232268307608293 0.096688225825740 0.203618235290888 -0.923403401607598 -0.012180192489059 -0.188707320519232 0.581447343128705 -1.113203706742949
-0.039426595673852 -0.236885324616331 0.096627324863295 0.202782179583728 -0.920835049154356 -0.017781905901720 -0.209971017679778 0.648506499888457 -1.106064730957979
-0.038412684775933 -0.241489499862102 0.096538415333787 0.201838642981132 -0.917927812438712 -0.023347924435435 -0.231002232900790 0.714847960899823 -1.098925755169677
-0.037403491561028 -0.246079138924296 0.096421675711609 0.200788787892733 -0.914685279939270 -0.028878248090225 -0.251800966195037 0.780471726191667 -1.091786779385817
-0.036399547621564 -0.250652565323992 0.096277284471158 0.199633776728229 -0.911111040134771 -0.034372876866073 -0.272367217548641 0.845377795737345 -1.084647803601957
-0.035401378737923 -0.255208120524666 0.096105420086828 0.198374771897254 -0.907208681503813 -0.039831810763002 -0.292700986975203 0.909566169553511 -1.077508827811435
-0.034409504878437 -0.259744163932185 0.095906261033013 0.197012935809511 -0.902981792525126 -0.045255049781012 -0.312802274467228 0.973036847642383 -1.070369852032016
-0.033424440199389 -0.264259072894811 0.095679985784108 0.195549430874635 -0.898433961677358 -0.050642593920069 -0.332671080020275 1.035789829981759 -1.063230876240384
-0.032446693045016 -0.268751242703198 0.095426772814508 0.193985419502299 -0.893568777439147 -0.055994443180230 -0.352307403649610 1.097825116604945 -1.056091900463185
-0.031476765947504 -0.273219086590393 0.095146800598606 0.192322064102197 -0.888389828289238 -0.061310597561431 -0.371711245338024 1.159142707483074 -1.048952924667113
-0.030515155626993 -0.277661035731840 0.094840247610799 0.190560527083949 -0.882900702706213 -0.066591057063747 -0.390882605098009 1.219742602631690 -1.041813948886583
-0.029562352991574 -0.282075539245371 0.094507292325480 0.188701970857259 -0.877104989168798 -0.071835821687083 -0.409821482925121 1.279624802050794 -1.034674973100502
-0.028618843137287 -0.286461064191215 0.094148113217045 0.186747557831769 -0.871006276155639 -0.077044891431516 -0.428527878812424 1.338789305722621 -1.027535997315532
-0.027685105348129 -0.290816095571993 0.093762888759887 0.184698450417144 -0.864608152145385 -0.082218266297018 -0.447001792771295 1.397236113667155 -1.020397021531672
-0.026761613096043 -0.295139136332720 0.093351797428402 0.182555811023082 -0.857914205616772 -0.087355946283596 -0.465243224802708 1.454965225895499 -1.013258045737819
-0.025848834040927 -0.299428707360804 0.092915017696984 0.180320802059225 -0.850928025048436 -0.092457931391254 -0.483252174885707 1.511976642352142 -1.006119069962841
-0.024947230030631 -0.303683347486046 0.092452728040028 0.177994585935212 -0.843653198918959 -0.097524221619943 -0.501028643053597 1.568270363119240 -0.998980094172319
-0.024057257100955 -0.307901613480641 0.091965106931928 0.175578325060783 -0.836093315707198 -0.102554816969758 -0.518572629273351 1.623846388112415 -0.991841118384018
-0.023179365475651 -0.312082080059177 0.091452332847080 0.173073181845515 -0.828251963891602 -0.107549717440619 -0.535884133568143 1.678704717398283 -0.984702142602378
-0.022313999566424 -0.316223339878635 0.090914584259877 0.170480318699148 -0.820132731951040 -0.112508923032539 -0.552963155930064 1.732845350947976 -0.977563166814077
-0.021461597972928 -0.320324003538390 0.090352039644714 0.167800898031308 -0.811739208364048 -0.117432433745551 -0.569809696350509 1.786268288741510 -0.970424191031327
-0.020622593482771 -0.324382699580210 0.089764877475986 0.165036082251657 -0.803074981609309 -0.122320249579622 -0.586423754849186 1.838973530834398 -0.963285215240806
-0.019797413071513 -0.328398074488257 0.089153276228088 0.162187033769905 -0.794143640165601 -0.127172370534778 -0.602805331406248 1.890961077164466 -0.956146239460276
-0.018986477902664 -0.332368792689085 0.088517414375414 0.159254914995659 -0.784948772511429 -0.131988796610982 -0.618954426033214 1.942230927780564 -0.949007263669754
-0.018190203327685 -0.336293536551642 0.087857470392359 0.156240888338628 -0.775493967125607 -0.136769527808284 -0.634871038724810 1.992783082644944 -0.941868287892556
-0.017408998885992 -0.340171006387270 0.087173622753318 0.153146116208461 -0.765782812486704 -0.141514564126632 -0.650555169491379 2.042617541804237 -0.934729312095373
-0.016643268304950 -0.343999920449703 0.086466049932685 0.149971761014837 -0.755818897073479 -0.146223905566095 -0.666006818310982 2.091734305194048 -0.927590336319284
-0.015893409499876 -0.347779014935071 0.085734930404854 0.146718985167380 -0.745605809364458 -0.150897552126572 -0.681225985210077 2.140133372880992 -0.920451360527652
-0.015159814574039 -0.351507043981893 0.084980442644221 0.143388951075826 -0.735147137838488 -0.155535503808168 -0.696212670165047 2.187814744798455 -0.913312384744902
-0.014442869818660 -0.355182779671085 0.084202765125180 0.139982821149775 -0.724446470974083 -0.160137760610807 -0.710966873197150 2.234778421024153 -0.906173408958821
-0.013742955712911 -0.358805012025956 0.083402076322126 0.136501757798950 -0.713507397250090 -0.164704322534531 -0.725488594291512 2.281024401487031 -0.899034433170520
-0.013060446923916 -0.362372549012206 0.082578554709454 0.132946923432964 -0.702333505144970 -0.169235189579325 -0.739777833451138 2.326552686235939 -0.891895457388880
-0.012395712306751 -0.365884216537931 0.081732378761557 0.129319480461507 -0.690928383137535 -0.173730361745178 -0.753834590680319 2.371363275233129 -0.884756481600579
-0.011749114904444 -0.369338858453619 0.080863726952831 0.125620591294251 -0.679295619706355 -0.178189839032122 -0.767658865970938 2.415456168491925 -0.877617505820050
-0.011121011947972 -0.372735336552151 0.079972777757671 0.121851418340849 -0.667438803330189 -0.182613621440125 -0.781250659336735 2.458831366045633 -0.870478530025087
-0.010511754856268 -0.376072530568802 0.079059709650470 0.118013124010995 -0.655361522487730 -0.187001708969226 -0.794609970764595 2.501488867849844 -0.863339554246778
-0.009921689236213 -0.379349338181240 0.078124701105624 0.114106870714311 -0.643067365657501 -0.191354101619351 -0.807736800256323 2.543428673897896 -0.856200578458477
-0.009351154882642 -0.382564675009528 0.077167930597527 0.110133820860488 -0.630559921318252 -0.195670799390585 -0.820631147819759 2.584650784247522 -0.849061602671286
-0.008800485778339 -0.385717474616119 0.076189576600574 0.106095136859206 -0.617842777948763 -0.199951802282877 -0.833293013453584 2.625155198865414 -0.841922626889646
-0.008270010094043 -0.388806688505863 0.075189817589160 0.101991981120108 -0.604919524027525 -0.204197110296234 -0.845722397141044 2.664941917700503 -0.834783651098014
-0.007760050188443 -0.391831286126000 0.074168832037679 0.097825516052840 -0.591793748033198 -0.208406723430682 -0.857919298907805 2.704010940854928 -0.827644675320816
-0.007270922608178 -0.394790254866166 0.073126798420525 0.093596904067134 -0.578469038444696 -0.212580641686172 -0.869883718737469 2.742362268253196 -0.820505699528074
-0.006802938087843 -0.397682600058390 0.072063895212094 0.089307307572595 -0.564948983740421 -0.216718865062776 -0.881615656629536 2.779995899915289 -0.813366723743103
-0.006356401549980 -0.400507344977092 0.070980300886780 0.084957888978908 -0.551237172399155 -0.220821393560416 -0.893115112592241 2.816911835836766 -0.806227747961463
-0.005931612105085 -0.403263530839088 0.069876193918978 0.080549810695760 -0.537337192899578 -0.224888227179132 -0.904382086629532 2.853110076064258 -0.799088772172052
-0.005528863051606 -0.405950216803586 0.068751752783083 0.076084235132799 -0.523252633720395 -0.228919365918939 -0.915416578716327 2.888590620500064 -0.791949796388192
-0.005148441875942 -0.408566479972188 0.067607155953488 0.071562324699652 -0.508987083340073 -0.232914809779800 -0.926218588883573 2.923353469248546 -0.784810820602111
-0.004790630252444 -0.411111415388888 0.066442581904589 0.066985241806070 -0.494544130237573 -0.236874558761740 -0.936788117114479 2.957398622240870 -0.777671844817140
-0.004455704043414 -0.413584136040076 0.065258209110780 0.062354148861652 -0.479927362891330 -0.240798612864751 -0.947125163409113 2.990726079508121 -0.770532869029950
-0.004143933299106 -0.415983772854532 0.064054216046457 0.057670208276080 -0.465140369780126 -0.244686972088837 -0.957229727771639 3.023335841021435 -0.763393893242759
-0.003855582257725 -0.418309474703433 0.062830781186012 0.052934582459034 -0.450186739382585 -0.248539636433986 -0.967101810205734 3.055227906840763 -0.756254917460009
-0.003590909345430 -0.420560408400346 0.061588083003842 0.048148433820176 -0.435070060177478 -0.252356605900200 -0.976741410700990 3.086402276892830 -0.749115941676148
-0.003350167176329 -0.422735758701233 0.060326299974341 0.043312924769147 -0.419793920643274 -0.256137880487500 -0.986148529262473 3.116858951210943 -0.741976965887847
-0.003133602552483 -0.424834728304450 0.059045610571904 0.038429217715642 -0.404361909258810 -0.259883460195881 -0.995323165898301 3.146597929828410 -0.734837990100656
-0.002941456463905 -0.426856537850744 0.057746193270925 0.033498475069330 -0.388777614502755 -0.263593345025320 -1.004265320587519 3.175619212658631 -0.727699014317906
-0.002773964088559 -0.428800425923258 0.056428226545798 0.028521859239838 -0.373044624853613 -0.267267534975824 -1.012974993360935 3.203922799812631 -0.720560038528495
-0.002631354792359 -0.430665649047526 0.055091888870919 0.023500532636901 -0.357166528790320 -0.270906030047413 -1.021452184188920 3.231508691201590 -0.713421062747965
-0.002513852129175 -0.432451481691477 0.053737358720682 0.018435657670096 -0.341146914791257 -0.274508830240056 -1.029696893080356 3.258376886836611 -0.706282086958554
-0.002421673840824 -0.434157216265434 0.052364814569481 0.013328396749152 -0.324989371335249 -0.278075935553795 -1.037709120053423 3.284527386788749 -0.699143111173584
-0.002355031857079 -0.435782163122110 0.050974434891712 0.008179912283750 -0.308697486901066 -0.281607345988588 -1.045488865088900 3.309960190995831 -0.692004135386393
-0.002314132295660 -0.437325650556615 0.049566398161770 0.002991366683483 -0.292274849967122 -0.285103061544456 -1.053036128175547 3.334675299411227 -0.684865159605863
-0.002299175462242 -0.438787024806451 0.048140882854047 -0.002236077641962 -0.275725049012143 -0.288563082221388 -1.060350909340632 3.358672712139299 -0.677726183814231
-0.002310355850452 -0.440165650051511 0.046698067442940 -0.007501258282840 -0.259051672515087 -0.291987408019417 -1.067433208579577 3.381952429153401 -0.670587208034812
-0.002347862141866 -0.441460908414087 0.045238130402843 -0.012803012829543 -0.242258308954391 -0.295376038938489 -1.074283025883221 3.404514450422447 -0.663448232243180
-0.002411877206014 -0.442672199958859 0.043761250208151 -0.018140178872441 -0.225348546808624 -0.298728974978663 -1.080900361236092 3.426358775908689 -0.656309256458210
-0.002502578100376 -0.443798942692902 0.042267605333257 -0.023511594001857 -0.208325974556511 -0.302046216139878 -1.087285214674757 3.447485405714268 -0.649170280675460
-0.002620136070386 -0.444840572565685 0.040757374252558 -0.028916095808037 -0.191194180676968 -0.305327762422170 -1.093437586172641 3.467894339763689 -0.642031304888269
-0.002764716549426 -0.445796543469069 0.039230735440447 -0.034352521881411 -0.173956753648397 -0.308573613825547 -1.099357475738416 3.487585578092478 -0.634892329106629
-0.002936479158833 -0.446666327237311 0.037687867371320 -0.039819709812274 -0.156617281949578 -0.311783770349988 -1.105044883377981 3.506559120698416 -0.627753353312777
-0.003135577707894 -0.447449413647059 0.036128948519570 -0.045316497190966 -0.139179354059116 -0.314958231995521 -1.110499809060389 3.524814967494905 -0.620614377532247
-0.003362160193849 -0.448145310417355 0.034554157359592 -0.050841721607856 -0.121646558455624 -0.318096998762085 -1.115722252844203 3.542353118670682 -0.613475401745056
-0.003616368801888 -0.448753543209633 0.032963672365782 -0.056394220653158 -0.104022483618149 -0.321200070649746 -1.120712214672248 3.559173574048113 -0.606336425962306
-0.003898339905154 -0.449273655627724 0.031357672012533 -0.061972831917379 -0.086310718024796 -0.324267447658472 -1.125469694566311 3.575276333671606 -0.599197450171784
-0.004208204064741 -0.449705209217848 0.029736334774240 -0.067576392990740 -0.068514850154555 -0.327299129788283 -1.129994692533054 3.590661397596673 -0.592058474391255
-0.004546086029695 -0.450047783468620 0.028099839125299 -0.073203741463572 -0.050638468486197 -0.330295117039142 -1.134287208579207 3.605328765818872 -0.584919498605174
-0.004912104737013 -0.450300975811051 0.026448363540103 -0.078853714926237 -0.032685161498214 -0.333255409411098 -1.138347242666954 3.619278438238283 -0.577780522814653
-0.005306373311644 -0.450464401618543 0.024782086493048 -0.084525150969133 -0.014658517669119 -0.336180006904124 -1.142174794839801 3.632510414954826 -0.570641547029682
-0.005728999066489 -0.450537694206888 0.023101186458527 -0.090216887182468 0.003437874522072 -0.339068909518198 -1.145769865070964 3.645024695948518 -0.563502571249153
-0.006180083502402 -0.450520504834278 0.021405841910936 -0.095927761156667 0.021600426596846 -0.341922117253346 -1.149132453373419 3.656821281194933 -0.556363595460851
-0.006659722308185 -0.450412502701294 0.019696231324669 -0.101656610482022 0.039825550076589 -0.344739630109592 -1.152262559741893 3.667900170711835 -0.549224619671440
-0.007168005360595 -0.450213374950911 0.017972533174122 -0.107402272748889 0.058109656482563 -0.347521448086896 -1.155160184168336 3.678261364474800 -0.542085643892021
-0.007705016724340 -0.449922826668498 0.016234925933687 -0.113163585547598 0.076449157336123 -0.350267571185253 -1.157825326686679 3.687904862574864 -0.534946668102609
-0.008270834652078 -0.449540580881817 0.014483588077761 -0.118939386468440 0.094840464158497 -0.352977999404713 -1.160257987233640 3.696830664823292 -0.527807692316529
-0.008865531584420 -0.449066378561025 0.012718698080737 -0.124728513101873 0.113279988471371 -0.355652732745226 -1.162458165882213 3.705038771448788 -0.520668716532668
-0.009489174149929 -0.448499978618668 0.010940434417011 -0.130529803038042 0.131764141795487 -0.358291771206809 -1.164425862578283 3.712529182275937 -0.513529740746588
-0.010141823165119 -0.447841157909690 0.009148975560977 -0.136342093867453 0.150289335652731 -0.360895114789472 -1.166161077356398 3.719301897417981 -0.506390764961617
-0.010823533634457 -0.447089711231427 0.007344499987030 -0.142164223180344 0.168851981564111 -0.363462763493205 -1.167663810171043 3.725356916743916 -0.499251789173316
