-0.014374859790401 -0.433192211231962 0.000000000000000 0.168200424602544 -0.241672865320153 0.413070204887989 -0.851083053933221 2.561396041462771 -0.682800018787511
-0.013533857667389 -0.434400575558563 0.002065351024440 0.163945009332878 -0.228865885112839 0.409656204794051 -0.856984246783360 2.578142414535467 -0.686131984882765
-0.012714132620724 -0.435544904984127 0.004113632048410 0.159660088098961 -0.215975173040162 0.406225544869637 -0.862636651000132 2.594157169633071 -0.689463950971358
-0.011915832180229 -0.436624780849328 0.006144759772758 0.155346904843960 -0.203004387191996 0.402778225114780 -0.868040266564019 2.609440306682309 -0.692795917067723
-0.011139097656010 -0.437639802785288 0.008158650898332 0.151006703511140 -0.189957185658585 0.399314245529442 -0.873195093495094 2.623991825763117 -0.696127883154096
-0.010384064138454 -0.438589588713581 0.010155222125979 0.146640728043665 -0.176837226529769 0.395833606113671 -0.878101131742209 2.637811726713402 -0.699459849249351
-0.009650860498236 -0.439473774846230 0.012134390156548 0.142250222384954 -0.163648167896202 0.392336306867425 -0.882758381338455 2.650900009626422 -0.702791815341275
-0.008939609386311 -0.440292015685711 0.014096071690885 0.137836430478262 -0.150393667848070 0.388822347790718 -0.887166842313408 2.663256674606540 -0.706123781427648
-0.008250427233919 -0.441043984024951 0.016040183429839 0.133400596266695 -0.137077384475037 0.385291728883580 -0.891326514614393 2.674881721480560 -0.709455747522902
-0.007583424252586 -0.441729370947326 0.017966642074256 0.128943963693623 -0.123702975867634 0.381744450145965 -0.895237398268325 2.685775150332859 -0.712787713615937
-0.006938704434118 -0.442347885826664 0.019875364324986 0.124467776702281 -0.110274100115970 0.378180511577886 -0.898899493268282 2.695936961150114 -0.716119679704530
-0.006316365550606 -0.442899256327244 0.021766266882876 0.119973279235940 -0.096794415310220 0.374599913179363 -0.902312799624869 2.705367153956750 -0.719451645797564
-0.005716499154427 -0.443383228403795 0.023639266448773 0.115461715237815 -0.083267579540436 0.371002654950375 -0.905477317331010 2.714065728735005 -0.722783611889488
-0.005139190578238 -0.443799566301497 0.025494279723524 0.110934328651160 -0.069697250896761 0.367388736890928 -0.908393046354858 2.722032685387177 -0.726115577979192
-0.004584518934982 -0.444148052555981 0.027331223407979 0.106392363419386 -0.056087087469825 0.363758159001032 -0.911059986756849 2.729268024090903 -0.729447544071116
-0.004052557117885 -0.444428487993330 0.029150014202984 0.101837063485602 -0.042440747349370 0.360110921280676 -0.913478138520607 2.735771744806215 -0.732779510164150
-0.003543371800457 -0.444640691730077 0.030950568809388 0.097269672792999 -0.028761888625339 0.356447023729856 -0.915647501611438 2.741543847426531 -0.736111476254964
-0.003057023436492 -0.444784501173204 0.032732803928037 0.092691435284941 -0.015054169388207 0.352766466348581 -0.917568076033298 2.746584331954072 -0.739443442345777
-0.002593566260067 -0.444859772020145 0.034496636259780 0.088103594904775 -0.001321247728436 0.349069249136852 -0.919239861843293 2.750893198582016 -0.742775408437701
-0.002153048285543 -0.444866378258787 0.036241982505464 0.083507395595558 0.012433218264474 0.345355372094663 -0.920662858962876 2.754470447046131 -0.746107374530736
-0.001735511307566 -0.444804212167465 0.037968759365937 0.078904081300744 0.026205570499704 0.341624835222010 -0.921837067457132 2.757316077550698 -0.749439340618219
-0.001340990901062 -0.444673184314966 0.039676883542047 0.074294895963458 0.039992150887458 0.337877638518919 -0.922762487303858 2.759430090055748 -0.752771306715694
-0.000969516421245 -0.444473223560529 0.041366271734642 0.069681083526939 0.053789301337737 0.334113781985340 -0.923439118478003 2.760812484448039 -0.756103272804287
-0.000621111003610 -0.444204277053840 0.043036840644569 0.065063887934549 0.067593363759977 0.330333265621319 -0.923866961001843 2.761463260816388 -0.759435238891770
-0.000295791563937 -0.443866310235040 0.044688506972675 0.060444553129540 0.081400680064059 0.326536089426860 -0.924046014899108 2.761382419229630 -0.762767204987025
0.000006431201711 -0.443459306834720 0.046321187419810 0.055824323055044 0.095207592160207 0.322722253401925 -0.923976280121364 2.760569959530113 -0.766099171084500
0.000285552816986 -0.442983268873919 0.047934798686819 0.051204441654438 0.109010441957857 0.318891757546502 -0.923657756693383 2.759025881811095 -0.769431137164212
0.000541575025258 -0.442438216664130 0.049529257474552 0.046586152870971 0.122805571366913 0.315044601860681 -0.923090444625227 2.756750186085899 -0.772763103265017
0.000774505789613 -0.441824188807295 0.051104480483855 0.041970700647844 0.136589322297342 0.311180786344356 -0.922274343895871 2.753742872305676 -0.776095069349170
0.000984359292852 -0.441141242195808 0.052660384415577 0.037359328928365 0.150358036658871 0.307300310997610 -0.921209454517943 2.750003940499290 -0.779427035448865
0.001171155937494 -0.440389452012514 0.054196885970565 0.032753281655775 0.164108056361367 0.303403175820366 -0.919895776490473 2.745533390664523 -0.782759001536348
0.001334922345773 -0.439568911730707 0.055713901849667 0.028153802773323 0.177835723314690 0.299489380812684 -0.918333309812697 2.740331222792491 -0.786090967626052
0.001475691359639 -0.438679733114134 0.057211348753730 0.023562136224260 0.191537379428652 0.295558925974554 -0.916522054475316 2.734397436878755 -0.789422933717976
0.001593502040761 -0.437722046216991 0.058689143383603 0.018979525951883 0.205209366613046 0.291611811305964 -0.914462010500605 2.727732032963281 -0.792754899814341
0.001688399670520 -0.436695999383925 0.060147202440133 0.014407215899380 0.218848026777863 0.287648036806892 -0.912153177851788 2.720335010955033 -0.796086865900714
0.001760435750017 -0.435601759250036 0.061585442624167 0.009846450010121 0.232449701832638 0.283667602477389 -0.909595556570497 2.712206370967252 -0.799418831992638
0.001809668000068 -0.434439510740873 0.063003780636554 0.005298472227269 0.246010733687474 0.279670508317426 -0.906789146637582 2.703346112942207 -0.802750798087892
0.001836160361204 -0.433209457072435 0.064402133178141 0.000764526494081 0.259527464252185 0.275656754326986 -0.903733948043606 2.693754236857693 -0.806082764177596
0.001839982993674 -0.431911819751174 0.065780416949776 -0.003754143246137 0.272996235436473 0.271626340506098 -0.900429960798421 2.683430742747017 -0.809414730266189
0.001821212277444 -0.430546838573992 0.067138548652307 -0.008256293050130 0.286413389150209 0.267579266854767 -0.896877184907441 2.672375630614621 -0.812746696359223
0.001779930812193 -0.429114771628241 0.068476444986581 -0.012740678974667 0.299775267303282 0.263515533372971 -0.893075620365807 2.660588900456062 -0.816078662453368
0.001716227417320 -0.427615895291725 0.069794022653445 -0.017206057076496 0.313078211805562 0.259435140060704 -0.889025267167137 2.648070552244697 -0.819410628541961
0.001630197131937 -0.426050504232697 0.071091198353749 -0.021651183412331 0.326318564566785 0.255338086917994 -0.884726125314900 2.634820585989406 -0.822742594636106
0.001521941214876 -0.424418911409863 0.072367888788339 -0.026074814038906 0.339492667496732 0.251224373944814 -0.880178194829009 2.620839001765685 -0.826074560724699
0.001391567144681 -0.422721448072379 0.073624010658063 -0.030475705013051 0.352596862505561 0.247094001141190 -0.875381475665959 2.606125799424763 -0.829406526818843
0.001239188619616 -0.420958463759851 0.074859480663769 -0.034852612391381 0.365627491502685 0.242946968507096 -0.870335967857391 2.590680979071003 -0.832738492909657
0.001064925557659 -0.419130326302338 0.076074215506304 -0.039204292230668 0.378580896398040 0.238783276042548 -0.865041671419611 2.574504540755473 -0.836070458998250
0.000868904096505 -0.417237421820348 0.077268131886517 -0.043529500587766 0.391453419101817 0.234602923747557 -0.859498586302104 2.557596484313862 -0.839402425093505
0.000651256593567 -0.415280154724839 0.078441146505255 -0.047826993519276 0.404241401523386 0.230405911622089 -0.853706712546365 2.539956809883837 -0.842734391186539
0.000412121625970 -0.413258947717222 0.079593176063365 -0.052095527082008 0.416941185572806 0.226192239666156 -0.847666050141291 2.521585517427649 -0.846066357274022
0.000151643990560 -0.411174241789358 0.080724137261696 -0.056333857332715 0.429549113159944 0.221961907879786 -0.841376599076613 2.502482606911993 -0.849398323364836
-0.000130025296103 -0.409026496223558 0.081833946801095 -0.060540740328098 0.442061526194504 0.217714916262962 -0.834838359367249 2.482648078387939 -0.852730289458981
-0.000432728997744 -0.406816188592586 0.082922521382410 -0.064714932124934 0.454474766586443 0.213451264815667 -0.828051330996338 2.462081931799975 -0.856062255550905
-0.000756303658368 -0.404543814759653 0.083989777706488 -0.068855188779916 0.466785176245443 0.209170953537913 -0.821015513995660 2.440784167239141 -0.859394221641718
-0.001100579602268 -0.402209888878426 0.085035632474178 -0.072960266349894 0.478989097081639 0.204873982429704 -0.813730908316088 2.418754784569987 -0.862726187733642
-0.001465380934018 -0.399814943393018 0.086060002386326 -0.077028920891474 0.491082871004489 0.200560351491036 -0.806197513998630 2.395993783901318 -0.866058153824456
-0.001850525538475 -0.397359529037995 0.087062804143782 -0.081059908461468 0.503062839923996 0.196230060721914 -0.798415331032740 2.372501165215368 -0.869390119913049
-0.002255825080782 -0.394844214838376 0.088043954447391 -0.085051985116631 0.514925345750072 0.191883110122348 -0.790384359409119 2.348276928481052 -0.872722086009414
-0.002681085006365 -0.392269588109625 0.089003369998003 -0.089003906913677 0.526666730392478 0.187519499692301 -0.782104599139286 2.323321073713913 -0.876054052102448
-0.003126104540934 -0.389636254457663 0.089940967496464 -0.092914429909373 0.538283335761047 0.183139229431789 -0.773576050209085 2.297633600905069 -0.879386018184380
-0.003590676690481 -0.386944837778858 0.090856663643623 -0.096782310160419 0.549771503765573 0.178742299340867 -0.764798712632603 2.271214510076724 -0.882717984287407
-0.004074588241283 -0.384195980260030 0.091750375140328 -0.100606303723582 0.561127576315956 0.174328709419430 -0.755772586409215 2.244063801213336 -0.886049950371559
-0.004577619759901 -0.381390342378450 0.092622018687425 -0.104385166655628 0.572347895322023 0.169898459667572 -0.746497671526639 2.216181474308243 -0.889381916465704
-0.005099545593179 -0.378528602901840 0.093471510985763 -0.108117655013261 0.583428802693564 0.165451550085244 -0.736973967996324 2.187567529385870 -0.892713882557628
-0.005640133868245 -0.375611458888372 0.094298768736189 -0.111802524853243 0.594366640340493 0.160987980672456 -0.727201475810499 2.158221966404028 -0.896045848649552
-0.006199146492511 -0.372639625686669 0.095103708639551 -0.115438532232295 0.605157750172514 0.156507751429208 -0.717180194979364 2.128144785416008 -0.899377814739255
-0.006776339153673 -0.369613836935807 0.095886247396697 -0.119024433207192 0.615798474099594 0.152010862355512 -0.706910125494106 2.097335986384063 -0.902709780827848
-0.007371461319709 -0.366534844565309 0.096646301708475 -0.122558983834662 0.626285154031514 0.147497313451372 -0.696391267353683 2.065795569314854 -0.906041746927544
-0.007984256238882 -0.363403418795151 0.097383788275732 -0.126040940171431 0.636614131878088 0.142967104716735 -0.685623620570941 2.033523534230586 -0.909373713012807
-0.008614460939739 -0.360220348135761 0.098098623799315 -0.129469058274286 0.646781749549241 0.138420236151671 -0.674607185117204 2.000519881069085 -0.912705679105841
-0.009261806231111 -0.356986439388015 0.098790724980074 -0.132842094199872 0.656784348954587 0.133856707756141 -0.663341961039537 1.966784609936933 -0.916037645194434
-0.009926016702110 -0.353702517643242 0.099460008518854 -0.136158804005069 0.666618272004271 0.129276519530169 -0.651827948285960 1.932317720720889 -0.919369611294130
-0.010606810722135 -0.350369426283220 0.100106391116505 -0.139417943746499 0.676279860607876 0.124679671473699 -0.640065146895530 1.897119213496445 -0.922701577378282
-0.011303900440868 -0.346988026980181 0.100729789473874 -0.142618269480977 0.685765456675358 0.120066163586807 -0.628053556843494 1.861189088221415 -0.926033543473537
-0.012016991788273 -0.343559199696804 0.101330120291808 -0.145758537265194 0.695071402116465 0.115435995869440 -0.615793178154467 1.824527344953530 -0.929365509559910
-0.012745784474599 -0.340083842686222 0.101907300271155 -0.148837503155966 0.704194038841233 0.110789168321640 -0.603284010792793 1.787133983590650 -0.932697475657385
-0.013489971990379 -0.336562872492016 0.102461246112763 -0.151853923209930 0.713129708759186 0.106125680943353 -0.590526054796842 1.749009004243796 -0.936029441748198
-0.014249241606428 -0.332997223948220 0.102991874517480 -0.154806553483915 0.721874753780405 0.101445533734612 -0.577519310143226 1.710152406841914 -0.939361407835682
-0.015023274373848 -0.329387850179318 0.103499102186153 -0.157694150034631 0.730425515814614 0.096748726695434 -0.564263776841256 1.670564191424972 -0.942693373934267
-0.015811745124021 -0.325735722600245 0.103982845819630 -0.160515468918837 0.738778336771739 0.092035259825762 -0.550759454877037 1.630244357941901 -0.946025340016199
-0.016614322468615 -0.322041830916386 0.104443022118759 -0.163269266193222 0.746929558561449 0.087305133125681 -0.537006344275004 1.589192906463754 -0.949357306115894
-0.017430668799581 -0.318307183123579 0.104879547784387 -0.165954297914597 0.754875523093768 0.082558346595102 -0.523004445016073 1.547409836930580 -0.952689272204488
-0.018260440289154 -0.314532805508110 0.105292339517363 -0.168569320139678 0.762612572278420 0.077794900234079 -0.508753757099967 1.504895149360141 -0.956021238294191
-0.019103286889853 -0.310719742646718 0.105681314018533 -0.171113088925177 0.770137048025221 0.073014794042608 -0.494254280537232 1.461648843767982 -0.959353204389446
-0.019958852334478 -0.306869057406592 0.106046387988746 -0.173584360327864 0.777445292244061 0.068218028020661 -0.479506015328701 1.417670920149661 -0.962685170479149
-0.020826774136118 -0.302981830945371 0.106387478128850 -0.175981890404507 0.784533646844809 0.063404602168265 -0.464508961457721 1.372961378476312 -0.966017136571073
-0.021706683588140 -0.299059162711147 0.106704501139691 -0.178304435211796 0.791398453737191 0.058574516485410 -0.449263118944693 1.327520218801226 -0.969349102656336
-0.022598205764199 -0.295102170442461 0.106997373722118 -0.180550750806519 0.798036054831197 0.053727770972128 -0.433768487766717 1.281347441040026 -0.972681068760473
-0.023500959518232 -0.291111990168305 0.107266012576979 -0.182719593245353 0.804442792036397 0.048864365628326 -0.418025067955435 1.234443045310396 -0.976013034841294
-0.024414557484459 -0.287089776208123 0.107510334405120 -0.184809718585130 0.810615007262949 0.043984300454120 -0.402032859477819 1.186807031499093 -0.979345000937659
-0.025338606077384 -0.283036701171809 0.107730255907391 -0.186819882882519 0.816549042420445 0.039087575449431 -0.385791862356766 1.138439399681612 -0.982676967029583
-0.026272705491797 -0.278953955959707 0.107925693784638 -0.188748842194303 0.822241239418853 0.034174190614283 -0.369302076579925 1.089340149817986 -0.986008933119287
-0.027216449702768 -0.274842749762612 0.108096564737709 -0.190595352577203 0.827687940167943 0.029244145948687 -0.352563502151876 1.039509281923756 -0.989340899208990
-0.028169426465654 -0.270704310061773 0.108242785467453 -0.192358170087962 0.832885486577561 0.024297441452642 -0.335576139075255 0.988946796001144 -0.992672865304245
-0.029131217316094 -0.266539882628885 0.108364272674716 -0.194036050783338 0.837830220557567 0.019334077126121 -0.318339987343957 0.937652692041269 -0.996004831396169
-0.030101397570011 -0.262350731526097 0.108460943060347 -0.195627750720058 0.842518484017774 0.014354052969140 -0.300855046962423 0.885626970041908 -0.999336797481432
-0.031079536323611 -0.258138139106008 0.108532713325192 -0.197132025954870 0.846946618867983 0.009357368981733 -0.283121317928570 0.832869630020827 -1.002668763582237
-0.032065196453386 -0.253903406011668 0.108579500170101 -0.198547632544513 0.851110967018087 0.004344025163822 -0.265138800242815 0.779380671960261 -1.006000729666390
-0.033057934616108 -0.249647851176578 0.108601220295920 -0.199873326545727 0.855007870377889 -0.000685978484510 -0.246907493906823 0.725160095866872 -1.009332695760534
-0.034057301248837 -0.245372811824688 0.108597790403498 -0.201107864015261 0.858633670857223 -0.005732641963313 -0.228427398921704 0.670207901756203 -1.012664661851348
-0.035062840568913 -0.241079643470402 0.108569127193681 -0.202250001009870 0.861984710366004 -0.010795965272570 -0.209698515277190 0.614524089576074 -1.015996627944382
-0.036074090573962 -0.236769719918572 0.108515147367318 -0.203298493586256 0.865057330813884 -0.015875948412292 -0.190720842989378 0.558108659400869 -1.019328594037416
-0.037090583041894 -0.232444433264503 0.108435767625257 -0.204252097801202 0.867847874110889 -0.020972591382479 -0.171494382045501 0.500961611169526 -1.022660560122679
-0.038111843530900 -0.228105193893948 0.108330904668344 -0.205109569711430 0.870352682166736 -0.026085894183092 -0.152019132449721 0.443082944914241 -1.025992526222375
-0.039137391379457 -0.223753430483115 0.108200475197429 -0.205869665373679 0.872568096891307 -0.031215856814204 -0.132295094205370 0.384472660619473 -1.029324492306527
-0.040166739706325 -0.219390589998658 0.108044395913358 -0.206531140844705 0.874490460194405 -0.036362479275737 -0.112322267306619 0.325130758300762 -1.032656458400671
-0.041199395410549 -0.215018137697686 0.107862583516979 -0.207092752181239 0.876116113985909 -0.041525761567740 -0.092100651758464 0.265057237942568 -1.035988424494816
-0.042234859171455 -0.210637557127756 0.107654954709140 -0.207553255440031 0.877441400175621 -0.046705703690214 -0.071630247556465 0.204252099547109 -1.039320390582299
-0.043272625448655 -0.206250350126878 0.107421426190689 -0.207911406677813 0.878462660673357 -0.051902305643126 -0.050911054704228 0.142715343131039 -1.042652356677554
-0.044312182482044 -0.201858036823512 0.107161914662474 -0.208165961951334 0.879176237389012 -0.057115567426513 -0.029943073202032 0.080446968674375 -1.045984322766147
-0.045353012291801 -0.197462155636566 0.106876336825341 -0.208315677317344 0.879578472232384 -0.062345489040344 -0.008726303044604 0.017446976180446 -1.049316288862512
-0.046394590678388 -0.193064263275405 0.106564609380139 -0.208359308832567 0.879665707113286 -0.067592070484657 0.012739255760841 -0.046284634339644 -1.052648254944444
-0.047436387222550 -0.188665934739838 0.106226649027716 -0.208295612553763 0.879434283941588 -0.072855311759379 0.034453603222073 -0.110747862896998 -1.055980221046360
-0.048477865285319 -0.184268763320130 0.105862372468919 -0.208123344537653 0.878880544627103 -0.078135212864611 0.056416739328546 -0.175942709481625 -1.059312187130512
-0.049518482008007 -0.179874360596995 0.105471696404596 -0.207841260841010 0.878000831079695 -0.083431773800263 0.078628664096081 -0.241869174111287 -1.062644153224657
-0.050557688312213 -0.175484356441596 0.105054537535595 -0.207448117520530 0.876791485209139 -0.088744994566387 0.101089377503305 -0.308527256756008 -1.065976119322132
-0.051594928899815 -0.171100399015551 0.104610812562763 -0.206942670633013 0.875248848925358 -0.094074875162997 0.123798879574089 -0.375916957455757 -1.069308085401843
-0.052629642252980 -0.166724154770924 0.104140438186948 -0.206323676235143 0.873369264138080 -0.099421415590006 0.146757170284562 -0.444038276168346 -1.072640051501539
-0.053661260634156 -0.162357308450233 0.103643331108998 -0.205589890383720 0.871149072757238 -0.104784615847514 0.169964249657206 -0.512891212924860 -1.075972017593463
-0.054689210086075 -0.158001563086447 0.103119408029760 -0.204740069135434 0.868584616692614 -0.110164475935481 0.193420117676757 -0.582475767718638 -1.079303983677615
-0.055712910431752 -0.153658640002984 0.102568585650083 -0.203772968547050 0.865672237854020 -0.115560995853869 0.217124774346822 -0.652791940529696 -1.082635949780641
-0.056731775274487 -0.149330278813714 0.101990780670814 -0.202687344675316 0.862408278151372 -0.120974175602773 0.241078219668511 -0.723839731386899 -1.085967915861463
-0.057745211997864 -0.145018237422957 0.101385909792800 -0.201481953576974 0.858789079494438 -0.126404015182080 0.265280453645989 -0.795619140274706 -1.089299881955608
-0.058752621765748 -0.140724292025485 0.100753889716889 -0.200155551308744 0.854810983793064 -0.131850514591858 0.289731476269817 -0.868130167199777 -1.092631848054193
-0.059753399522292 -0.136450237106520 0.100094637143930 -0.198706893927394 0.850470332957065 -0.137313673832129 0.314431287549433 -0.941372812148789 -1.095963814136125
-0.060746933991929 -0.132197885441734 0.099408068774769 -0.197134737489647 0.845763468896321 -0.142793492902810 0.339379887476787 -1.015347075130624 -1.099295780231380
-0.061732607679377 -0.127969068097253 0.098694101310255 -0.195437838052263 0.840686733520668 -0.148289971803967 0.364577276058264 -1.090052956154164 -1.102627746328855
-0.062709796869639 -0.123765634429649 0.097952651451236 -0.193614951671972 0.835236468739897 -0.153803110535611 0.390023453291088 -1.165490455210527 -1.105959712409676
-0.063677871627999 -0.119589452085950 0.097183635898557 -0.191664834405517 0.829409016463845 -0.159332909097659 0.415718419175537 -1.241659572290832 -1.109291678507152
-0.064636195800026 -0.115442407003631 0.096386971353069 -0.189586242309639 0.823200718602390 -0.164879367490195 0.441662173708557 -1.318560307408401 -1.112623644596855
-0.065584127011574 -0.111326403410619 0.095562574515618 -0.187377931441096 0.816607917065348 -0.170442485713179 0.467854716898475 -1.396192660567674 -1.115955610693220
-0.066521016668780 -0.107243363825292 0.094710362087052 -0.185038657856604 0.809626953762510 -0.176022263766645 0.494296048736964 -1.474556631746449 -1.119287576778483
-0.067446209958063 -0.103195229056479 0.093830250768219 -0.182567177612919 0.802254170603778 -0.181618701650538 0.520986169226245 -1.553652220964707 -1.122619542873737
-0.068359045846127 -0.099183958203460 0.092922157259966 -0.179962246766788 0.794485909498954 -0.187231799364906 0.547925078369094 -1.633479428222451 -1.125951508964551
-0.069258857079961 -0.095211528655966 0.091985998263142 -0.177222621374942 0.786318512357842 -0.192861556909729 0.575112776160513 -1.714038253499695 -1.129283475054255
-0.070144970186836 -0.091279936094177 0.091021690478593 -0.174347057494140 0.777748321090344 -0.198507974285000 0.602549262608276 -1.795328696823084 -1.132615441145068
-0.071016705474307 -0.087391194488725 0.090029150607168 -0.171334311181098 0.768771677606228 -0.204171051490726 0.630234537702390 -1.877350758165974 -1.135947407243654
-0.071873377030212 -0.083547336100694 0.089008295349715 -0.168183138492586 0.759384923815398 -0.209850788526944 0.658168601453957 -1.960104437557231 -1.139279373327806
-0.072714292722675 -0.079750411481617 0.087959041407080 -0.164892295485317 0.749584401627612 -0.215547185393583 0.686351453850764 -2.043589734974649 -1.142611339420840
-0.073538754200102 -0.076002489473479 0.086881305480112 -0.161460538216063 0.739366452952739 -0.221260242090687 0.714783094903360 -2.127806650420450 -1.145943305513875
-0.074346056891182 -0.072305657208715 0.085775004269659 -0.157886622741546 0.728727419700637 -0.226989958618257 0.743463524606192 -2.212755183903514 -1.149275271608019
-0.075135490004890 -0.068662020110212 0.084640054476567 -0.154169305118515 0.717663643781119 -0.232736334976297 0.772392742960926 -2.298435335426063 -1.152607237694392
-0.075906336530482 -0.065073701891306 0.083476372801686 -0.150307341403710 0.706171467103989 -0.238499371164769 0.801570749967007 -2.384847104965893 -1.155939203784095
-0.076657873237501 -0.061542844555786 0.082283875945862 -0.146299487653875 0.694247231579159 -0.244279067183689 0.830997545624435 -2.471990492556309 -1.159271169881571
-0.077389370675770 -0.058071608397890 0.081062480609943 -0.142144499925753 0.681887279116378 -0.250075423033097 0.860673129934320 -2.559865498172886 -1.162603135973495
-0.078100093175399 -0.054662172002308 0.079812103494778 -0.137841134276082 0.669087951625513 -0.255888438712965 0.890597502894441 -2.648472121813406 -1.165935102063198
-0.078789298846780 -0.051316732244181 0.078532661301213 -0.133388146761609 0.655845591016446 -0.261718114223281 0.920770664506465 -2.737810363502291 -1.169267068149571
-0.079456239580588 -0.048037504289099 0.077224070730097 -0.128784293439077 0.642156539198935 -0.267564449564028 0.951192614772611 -2.827880223215118 -1.172599034247046
-0.080100161047783 -0.044826721593104 0.075886248482277 -0.124028330365214 0.628017138082859 -0.273427444735264 0.981863353686774 -2.918681700965209 -1.175931000337860
-0.080720302699609 -0.041686635902690 0.074519111258600 -0.119119013596780 0.613423729578033 -0.279307099736953 1.012782881253393 -3.010214796743682 -1.179262966430894
-0.081315897767593 -0.038619517254800 0.073122575759916 -0.114055099190513 0.598372655594315 -0.285203414569107 1.043951197473580 -3.102479510561640 -1.182594932516157
-0.081886173263545 -0.035627653976828 0.071696558687070 -0.108835343203145 0.582860258041507 -0.291116389231688 1.075368302343449 -3.195475842405759 -1.185926898615852
-0.082430349979561 -0.032713352686620 0.070240976740912 -0.103458501691428 0.566882878829478 -0.297046023724767 1.107034195864665 -3.289203792287143 -1.189258864697784
-0.082947642488018 -0.029878938292473 0.068755746622288 -0.097923330712105 0.550436859868042 -0.302992318048256 1.138948878038892 -3.383663360201350 -1.192590830797480
-0.083437259141579 -0.027126753993133 0.067240785032046 -0.092228586321910 0.533518543067035 -0.308955272202244 1.171112348864467 -3.478854546152821 -1.195922796883853
-0.083898402073188 -0.024459161277798 0.065696008671035 -0.086373024577588 0.516124270336271 -0.314934886186663 1.203524608340278 -3.574777350128233 -1.199254762984658
-0.084330267196076 -0.021878539926116 0.064121334240102 -0.080355401535886 0.498250383585630 -0.320931160001586 1.236185656469657 -3.671431772140910 -1.202586729059929
-0.084732044203756 -0.019387288008188 0.062516678440094 -0.074174473253538 0.479893224724925 -0.326944093646886 1.269095493248162 -3.768817812188630 -1.205918695168506
-0.085102916570023 -0.016987821884564 0.060881957971860 -0.067828995787297 0.461049135663982 -0.332973687122728 1.302254118680235 -3.866935470269173 -1.209250661252659
-0.085442061548960 -0.014682576206244 0.059217089536246 -0.061317725193896 0.441714458312636 -0.339019940428992 1.335661532763099 -3.965784746380319 -1.212582627340142
-0.085748650174929 -0.012474003914680 0.057521989834101 -0.054639417530081 0.421885534580735 -0.345082853565692 1.369317735498421 -4.065365640528729 -1.215914593436507
-0.086021847262580 -0.010364576241777 0.055796575566272 -0.047792828852589 0.401558706378091 -0.351162426532875 1.403222726883979 -4.165678152705521 -1.219246559525100
-0.086260811406843 -0.008356782709886 0.054040763433608 -0.040776715218169 0.380730315614564 -0.357258659330500 1.437376506921995 -4.266722282915136 -1.222578525623685
-0.086464694982934 -0.006453131131814 0.052254470136956 -0.033589832683559 0.359396704199988 -0.363371551958619 1.471779075610802 -4.368498031164236 -1.225910491703397
-0.086632644146351 -0.004656147610814 0.050437612377163 -0.026230937305505 0.337554214044167 -0.369501104417136 1.506430432951511 -4.471005397441719 -1.229242457808644
-0.086763798832879 -0.002968376540593 0.048590106855077 -0.018698785140747 0.315199187056958 -0.375647316706179 1.541330578946343 -4.574244381752024 -1.232574423889465
-0.086857292758583 -0.001392380605308 0.046711870271546 -0.010992132246015 0.292327965148198 -0.381810188825626 1.576479513587525 -4.678214984097373 -1.235906389981389
-0.086912253419813 0.000069259220433 0.044802819327418 -0.003109734678078 0.268936890227711 -0.387989720775533 1.611877236883941 -4.782917204475545 -1.239238356082195
-0.086927802093203 0.001413943671572 0.042862870723540 0.004949651506342 0.245022304205333 -0.394185912555944 1.647523748833368 -4.888351042882100 -1.242570322164127
-0.086903053835671 0.002639055192598 0.040891941160760 0.013187270250509 0.220580548990923 -0.400398764166765 1.683419049429147 -4.994516499332580 -1.245902288259382
-0.086837117484419 0.003741957937553 0.038889947339927 0.021604365497654 0.195607966494260 -0.406628275608062 1.719563138681268 -5.101413573804781 -1.249234254354636
-0.086729095656931 0.004719997770024 0.036856805961886 0.030202181191061 0.170100898625236 -0.412874446879835 1.755956016584181 -5.209042266318686 -1.252566220438789
-0.086578084750975 0.005570502263150 0.034792433727487 0.038981961273982 0.144055687293643 -0.419137277982029 1.792597683134556 -5.317402576858754 -1.255898186532933
-0.086383174944605 0.006290780699619 0.032696747337577 0.047944949689654 0.117468674409349 -0.425416768914694 1.829488138342383 -5.426494505433865 -1.259230152628188
-0.086143450196157 0.006878124071665 0.030569663493003 0.057092390381366 0.090336201882180 -0.431712919677835 1.866627382199337 -5.536318052050682 -1.262562118716781
-0.085857988244250 0.007329805081076 0.028411098894614 0.066425527292363 0.062654611621926 -0.438025730271419 1.904015414705973 -5.646873216682557 -1.265894084806485
-0.085525860607788 0.007643078139186 0.026220970243257 0.075945604365893 0.034420245538513 -0.444355200695451 1.941652235865621 -5.758159999367241 -1.269226050900629
-0.085146132585959 0.007815179366878 0.023999194239780 0.085653865545221 0.005629445541677 -0.450701330949954 1.979537845679946 -5.870178400073645 -1.272558016991443
-0.084717863258233 0.007843326594587 0.021745687585030 0.095551554773621 -0.023721446458691 -0.457064121034911 2.017672244140067 -5.982928418815092 -1.275889983083367
-0.084240105484365 0.007724719362293 0.019460366979856 0.105639915994321 -0.053636088552766 -0.463443570950328 2.056055431257642 -6.096410055587143 -1.279221949176401
-0.083711905904393 0.007456538919530 0.017143149125104 0.115920193150609 -0.084118138830702 -0.469839680696210 2.094687407020457 -6.210623310405339 -1.282553915266105
-0.083132304938640 0.007035948225376 0.014793950721623 0.126393630185712 -0.115171255382729 -0.476252450272541 2.133568171440725 -6.325568183236374 -1.285885881349147
-0.082500336787712 0.006460091948462 0.012412688470260 0.137061471042915 -0.146799096298911 -0.482681879679286 2.172697724510120 -6.441244674113555 -1.289217847458834
-0.081815029432497 0.005726096466968 0.009999279071864 0.147924959665466 -0.179005319669479 -0.489127968916581 2.212076066229196 -6.557652783023560 -1.292549813538546
-0.081075404634170 0.004831069868620 0.007553639227281 0.158985339996612 -0.211793583584596 -0.495590717984273 2.251703196602950 -6.674792509961947 -1.295881779633801
-0.080280477934187 0.003772101950697 0.005075685637360 0.170243855979627 -0.245167546134406 -0.502070126882442 2.291579115627496 -6.792663854937597 -1.299213745721284
-0.079429258654289 0.002546264220025 0.002565335002947 0.181701751557764 -0.279130865409094 -0.508566195611049 2.331703823302278 -6.911266817943851 -1.302545711813208
-0.078520749896500 0.001150609892980 0.000022504024892 0.193360270674275 -0.313687199498813 -0.515078924170115 2.372077319630628 -7.030601398985148 -1.305877677910683
-0.077553948543128 -0.000417826104514 -0.002552890595958 0.205220657272429 -0.348840206493739 -0.521608312559668 2.412699604609214 -7.150667598054827 -1.309209643997056
-0.076527845256766 -0.002162027136983 -0.005160932158757 0.217284155295475 -0.384593544484013 -0.528154360779653 2.412699604609214 -7.150667598054827 -1.309209643997056
-0.075441424480289 -0.004084994859403 -0.007801703962655 -0.217284155295475 0.384593544484013 0.528154360779653 2.372077319630628 -7.030601398985148 -1.305877677910683
-0.076527845256766 -0.002162027136983 -0.005160932158757 -0.205220657272429 0.348840206493739 0.521608312559668 2.331703823302278 -6.911266817943851 -1.302545711813208
-0.077553948543128 -0.000417826104514 -0.002552890595958 -0.193360270674275 0.313687199498813 0.515078924170115 2.291579115627496 -6.792663854937597 -1.299213745721284
-0.078520749896500 0.001150609892980 0.000022504024892 -0.181701751557764 0.279130865409094 0.508566195611049 2.251703196602950 -6.674792509961947 -1.295881779633801
-0.079429258654289 0.002546264220025 0.002565335002947 -0.170243855979627 0.245167546134406 0.502070126882442 2.212076066229196 -6.557652783023560 -1.292549813538546
-0.080280477934187 0.003772101950697 0.005075685637360 -0.158985339996612 0.211793583584596 0.495590717984273 2.172697724510120 -6.441244674113555 -1.289217847458834
-0.081075404634170 0.004831069868620 0.007553639227281 -0.147924959665466 0.179005319669479 0.489127968916581 2.133568171440725 -6.325568183236374 -1.285885881349147
-0.081815029432497 0.005726096466968 0.009999279071864 -0.137061471042915 0.146799096298911 0.482681879679286 2.094687407020457 -6.210623310405339 -1.282553915266105
-0.082500336787712 0.006460091948462 0.012412688470260 -0.126393630185712 0.115171255382729 0.476252450272541 2.056055431257642 -6.096410055587143 -1.279221949176401
-0.083132304938640 0.007035948225376 0.014793950721623 -0.115920193150609 0.084118138830702 0.469839680696210 2.017672244140067 -5.982928418815092 -1.275889983083367
-0.083711905904393 0.007456538919530 0.017143149125104 -0.105639915994321 0.053636088552766 0.463443570950328 1.979537845679946 -5.870178400073645 -1.272558016991443
-0.084240105484365 0.007724719362293 0.019460366979856 -0.095551554773621 0.023721446458691 0.457064121034911 1.941652235865621 -5.758159999367241 -1.269226050900629
-0.084717863258233 0.007843326594587 0.021745687585030 -0.085653865545221 -0.005629445541677 0.450701330949954 1.904015414705973 -5.646873216682557 -1.265894084806485
-0.085146132585959 0.007815179366878 0.023999194239780 -0.075945604365893 -0.034420245538513 0.444355200695451 1.866627382199337 -5.536318052050682 -1.262562118716781
-0.085525860607788 0.007643078139186 0.026220970243257 -0.066425527292363 -0.062654611621926 0.438025730271419 1.829488138342383 -5.426494505433865 -1.259230152628188
-0.085857988244250 0.007329805081076 0.028411098894614 -0.057092390381366 -0.090336201882180 0.431712919677835 1.792597683134556 -5.317402576858754 -1.255898186532933
-0.086143450196157 0.006878124071665 0.030569663493003 -0.047944949689654 -0.117468674409349 0.425416768914694 1.755956016584181 -5.209042266318686 -1.252566220438789
-0.086383174944605 0.006290780699619 0.032696747337577 -0.038981961273982 -0.144055687293643 0.419137277982029 1.719563138681268 -5.101413573804781 -1.249234254354636
-0.086578084750975 0.005570502263150 0.034792433727487 -0.030202181191061 -0.170100898625236 0.412874446879835 1.683419049429147 -4.994516499332580 -1.245902288259382
-0.086729095656931 0.004719997770024 0.036856805961886 -0.021604365497654 -0.195607966494260 0.406628275608062 1.647523748833368 -4.888351042882100 -1.242570322164127
-0.086837117484419 0.003741957937553 0.038889947339927 -0.013187270250509 -0.220580548990923 0.400398764166765 1.611877236883941 -4.782917204475545 -1.239238356082195
-0.086903053835671 0.002639055192598 0.040891941160760 -0.004949651506342 -0.245022304205333 0.394185912555944 1.576479513587525 -4.678214984097373 -1.235906389981389
-0.086927802093203 0.001413943671572 0.042862870723540 0.003109734678078 -0.268936890227711 0.387989720775533 1.541330578946343 -4.574244381752024 -1.232574423889465
-0.086912253419813 0.000069259220433 0.044802819327418 0.010992132246015 -0.292327965148198 0.381810188825626 1.506430432951511 -4.471005397441719 -1.229242457808644
-0.086857292758583 -0.001392380605308 0.046711870271546 0.018698785140747 -0.315199187056958 0.375647316706179 1.471779075610802 -4.368498031164236 -1.225910491703397
-0.086763798832879 -0.002968376540593 0.048590106855077 0.026230937305505 -0.337554214044167 0.369501104417136 1.437376506921995 -4.266722282915136 -1.222578525623685
-0.086632644146351 -0.004656147610814 0.050437612377163 0.033589832683559 -0.359396704199988 0.363371551958619 1.403222726883979 -4.165678152705521 -1.219246559525100
-0.086464694982934 -0.006453131131814 0.052254470136956 0.040776715218169 -0.380730315614564 0.357258659330500 1.369317735498421 -4.065365640528729 -1.215914593436507
-0.086260811406843 -0.008356782709886 0.054040763433608 0.047792828852589 -0.401558706378091 0.351162426532875 1.335661532763099 -3.965784746380319 -1.212582627340142
-0.086021847262580 -0.010364576241777 0.055796575566272 0.054639417530081 -0.421885534580735 0.345082853565692 1.302254118680235 -3.866935470269173 -1.209250661252659
-0.085748650174929 -0.012474003914680 0.057521989834101 0.061317725193896 -0.441714458312636 0.339019940428992 1.269095493248162 -3.768817812188630 -1.205918695168506
-0.085442061548960 -0.014682576206244 0.059217089536246 0.067828995787297 -0.461049135663982 0.332973687122728 1.236185656469657 -3.671431772140910 -1.202586729059929
-0.085102916570023 -0.016987821884564 0.060881957971860 0.074174473253538 -0.479893224724925 0.326944093646886 1.203524608340278 -3.574777350128233 -1.199254762984658
-0.084732044203756 -0.019387288008188 0.062516678440094 0.080355401535886 -0.498250383585630 0.320931160001586 1.171112348864467 -3.478854546152821 -1.195922796883853
-0.084330267196076 -0.021878539926116 0.064121334240102 0.086373024577588 -0.516124270336271 0.314934886186663 1.138948878038892 -3.383663360201350 -1.192590830797480
-0.083898402073188 -0.024459161277798 0.065696008671035 0.092228586321910 -0.533518543067035 0.308955272202244 1.107034195864665 -3.289203792287143 -1.189258864697784
-0.083437259141579 -0.027126753993133 0.067240785032046 0.097923330712105 -0.550436859868042 0.302992318048256 1.075368302343449 -3.195475842405759 -1.185926898615852
-0.082947642488018 -0.029878938292473 0.068755746622288 0.103458501691428 -0.566882878829478 0.297046023724767 1.043951197473580 -3.102479510561640 -1.182594932516157
-0.082430349979561 -0.032713352686620 0.070240976740912 0.108835343203145 -0.582860258041507 0.291116389231688 1.012782881253393 -3.010214796743682 -1.179262966430894
-0.081886173263545 -0.035627653976828 0.071696558687070 0.114055099190513 -0.598372655594315 0.285203414569107 0.981863353686774 -2.918681700965209 -1.175931000337860
-0.081315897767593 -0.038619517254800 0.073122575759916 0.119119013596780 -0.613423729578033 0.279307099736953 0.951192614772611 -2.827880223215118 -1.172599034247046
-0.080720302699609 -0.041686635902690 0.074519111258600 0.124028330365214 -0.628017138082859 0.273427444735264 0.920770664506465 -2.737810363502291 -1.169267068149571
-0.080100161047783 -0.044826721593104 0.075886248482277 0.128784293439077 -0.642156539198935 0.267564449564028 0.890597502894441 -2.648472121813406 -1.165935102063198
-0.079456239580588 -0.048037504289099 0.077224070730097 0.133388146761609 -0.655845591016446 0.261718114223281 0.860673129934320 -2.559865498172886 -1.162603135973495
-0.078789298846780 -0.051316732244181 0.078532661301213 0.137841134276082 -0.669087951625513 0.255888438712965 0.830997545624435 -2.471990492556309 -1.159271169881571
-0.078100093175399 -0.054662172002308 0.079812103494778 0.142144499925753 -0.681887279116378 0.250075423033097 0.801570749967007 -2.384847104965893 -1.155939203784095
-0.077389370675770 -0.058071608397890 0.081062480609943 0.146299487653875 -0.694247231579159 0.244279067183689 0.772392742960926 -2.298435335426063 -1.152607237694392
-0.076657873237501 -0.061542844555786 0.082283875945862 0.150307341403710 -0.706171467103989 0.238499371164769 0.743463524606192 -2.212755183903514 -1.149275271608019
-0.075906336530482 -0.065073701891306 0.083476372801686 0.154169305118515 -0.717663643781119 0.232736334976297 0.714783094903360 -2.127806650420450 -1.145943305513875
-0.075135490004890 -0.068662020110212 0.084640054476567 0.157886622741546 -0.728727419700637 0.226989958618257 0.686351453850764 -2.043589734974649 -1.142611339420840
-0.074346056891182 -0.072305657208715 0.085775004269659 0.161460538216063 -0.739366452952739 0.221260242090687 0.658168601453957 -1.960104437557231 -1.139279373327806
-0.073538754200102 -0.076002489473479 0.086881305480112 0.164892295485317 -0.749584401627612 0.215547185393583 0.630234537702390 -1.877350758165974 -1.135947407243654
-0.072714292722675 -0.079750411481617 0.087959041407080 0.168183138492586 -0.759384923815398 0.209850788526944 0.602549262608276 -1.795328696823084 -1.132615441145068
-0.071873377030212 -0.083547336100694 0.089008295349715 0.171334311181098 -0.768771677606228 0.204171051490726 0.575112776160513 -1.714038253499695 -1.129283475054255
-0.071016705474307 -0.087391194488725 0.090029150607168 0.174347057494140 -0.777748321090344 0.198507974285000 0.547925078369094 -1.633479428222451 -1.125951508964551
-0.070144970186836 -0.091279936094177 0.091021690478593 0.177222621374942 -0.786318512357842 0.192861556909729 0.520986169226245 -1.553652220964707 -1.122619542873737
-0.069258857079961 -0.095211528655966 0.091985998263142 0.179962246766788 -0.794485909498954 0.187231799364906 0.494296048736964 -1.474556631746449 -1.119287576778483
-0.068359045846127 -0.099183958203460 0.092922157259966 0.182567177612919 -0.802254170603778 0.181618701650538 0.467854716898475 -1.396192660567674 -1.115955610693220
-0.067446209958063 -0.103195229056479 0.093830250768219 0.185038657856604 -0.809626953762510 0.176022263766645 0.441662173708557 -1.318560307408401 -1.112623644596855
-0.066521016668780 -0.107243363825292 0.094710362087052 0.187377931441096 -0.816607917065348 0.170442485713179 0.415718419175537 -1.241659572290832 -1.109291678507152
-0.065584127011574 -0.111326403410619 0.095562574515618 0.189586242309639 -0.823200718602390 0.164879367490195 0.390023453291088 -1.165490455210527 -1.105959712409676
-0.064636195800026 -0.115442407003631 0.096386971353069 0.191664834405517 -0.829409016463845 0.159332909097659 0.364577276058264 -1.090052956154164 -1.102627746328855
-0.063677871627999 -0.119589452085950 0.097183635898557 0.193614951671972 -0.835236468739897 0.153803110535611 0.339379887476787 -1.015347075130624 -1.099295780231380
-0.062709796869639 -0.123765634429649 0.097952651451236 0.195437838052263 -0.840686733520668 0.148289971803967 0.314431287549433 -0.941372812148789 -1.095963814136125
-0.061732607679377 -0.127969068097253 0.098694101310255 0.197134737489647 -0.845763468896321 0.142793492902810 0.289731476269817 -0.868130167199777 -1.092631848054193
-0.060746933991929 -0.132197885441734 0.099408068774769 0.198706893927394 -0.850470332957065 0.137313673832129 0.265280453645989 -0.795619140274706 -1.089299881955608
-0.059753399522292 -0.136450237106520 0.100094637143930 0.200155551308744 -0.854810983793064 0.131850514591858 0.241078219668511 -0.723839731386899 -1.085967915861463
-0.058752621765748 -0.140724292025485 0.100753889716889 0.201481953576974 -0.858789079494438 0.126404015182080 0.217124774346822 -0.652791940529696 -1.082635949780641
-0.057745211997864 -0.145018237422957 0.101385909792800 0.202687344675316 -0.862408278151372 0.120974175602773 0.193420117676757 -0.582475767718638 -1.079303983677615
-0.056731775274487 -0.149330278813714 0.101990780670814 0.203772968547050 -0.865672237854020 0.115560995853869 0.169964249657206 -0.512891212924860 -1.075972017593463
-0.055712910431752 -0.153658640002984 0.102568585650083 0.204740069135434 -0.868584616692614 0.110164475935481 0.146757170284562 -0.444038276168346 -1.072640051501539
-0.054689210086075 -0.158001563086447 0.103119408029760 0.205589890383720 -0.871149072757238 0.104784615847514 0.123798879574089 -0.375916957455757 -1.069308085401843
-0.053661260634156 -0.162357308450233 0.103643331108998 0.206323676235143 -0.873369264138080 0.099421415590006 0.101089377503305 -0.308527256756008 -1.065976119322132
-0.052629642252980 -0.166724154770924 0.104140438186948 0.206942670633013 -0.875248848925358 0.094074875162997 0.078628664096081 -0.241869174111287 -1.062644153224657
-0.051594928899815 -0.171100399015551 0.104610812562763 0.207448117520530 -0.876791485209139 0.088744994566387 0.056416739328546 -0.175942709481625 -1.059312187130512
-0.050557688312213 -0.175484356441596 0.105054537535595 0.207841260841010 -0.878000831079695 0.083431773800263 0.034453603222073 -0.110747862896998 -1.055980221046360
-0.049518482008007 -0.179874360596995 0.105471696404596 0.208123344537653 -0.878880544627103 0.078135212864611 0.012739255760841 -0.046284634339644 -1.052648254944444
-0.048477865285319 -0.184268763320130 0.105862372468919 0.208295612553763 -0.879434283941588 0.072855311759379 -0.008726303044604 0.017446976180446 -1.049316288862512
-0.047436387222550 -0.188665934739838 0.106226649027716 0.208359308832567 -0.879665707113286 0.067592070484657 -0.029943073202032 0.080446968674375 -1.045984322766147
-0.046394590678388 -0.193064263275405 0.106564609380139 0.208315677317344 -0.879578472232384 0.062345489040344 -0.050911054704228 0.142715343131039 -1.042652356677554
-0.045353012291801 -0.197462155636566 0.106876336825341 0.208165961951334 -0.879176237389012 0.057115567426513 -0.071630247556465 0.204252099547109 -1.039320390582299
-0.044312182482044 -0.201858036823512 0.107161914662474 0.207911406677813 -0.878462660673357 0.051902305643126 -0.092100651758464 0.265057237942568 -1.035988424494816
-0.043272625448655 -0.206250350126878 0.107421426190689 0.207553255440031 -0.877441400175621 0.046705703690214 -0.112322267306619 0.325130758300762 -1.032656458400671
-0.042234859171455 -0.210637557127756 0.107654954709140 0.207092752181239 -0.876116113985909 0.041525761567740 -0.132295094205370 0.384472660619473 -1.029324492306527
-0.041199395410549 -0.215018137697686 0.107862583516979 0.206531140844705 -0.874490460194405 0.036362479275737 -0.152019132449721 0.443082944914241 -1.025992526222375
-0.040166739706325 -0.219390589998658 0.108044395913358 0.205869665373679 -0.872568096891307 0.031215856814204 -0.171494382045501 0.500961611169526 -1.022660560122679
-0.039137391379457 -0.223753430483115 0.108200475197429 0.205109569711430 -0.870352682166736 0.026085894183092 -0.190720842989378 0.558108659400869 -1.019328594037416
-0.038111843530900 -0.228105193893948 0.108330904668344 0.204252097801202 -0.867847874110889 0.020972591382479 -0.209698515277190 0.614524089576074 -1.015996627944382
-0.037090583041894 -0.232444433264503 0.108435767625257 0.203298493586256 -0.865057330813884 0.015875948412292 -0.228427398921704 0.670207901756203 -1.012664661851348
-0.036074090573962 -0.236769719918572 0.108515147367318 0.202250001009870 -0.861984710366004 0.010795965272570 -0.246907493906823 0.725160095866872 -1.009332695760534
-0.035062840568913 -0.241079643470402 0.108569127193681 0.201107864015261 -0.858633670857223 0.005732641963313 -0.265138800242815 0.779380671960261 -1.006000729666390
-0.034057301248837 -0.245372811824688 0.108597790403498 0.199873326545727 -0.855007870377889 0.000685978484510 -0.283121317928570 0.832869630020827 -1.002668763582237
-0.033057934616108 -0.249647851176578 0.108601220295920 0.198547632544513 -0.851110967018087 -0.004344025163822 -0.300855046962423 0.885626970041908 -0.999336797481432
-0.032065196453386 -0.253903406011668 0.108579500170101 0.197132025954870 -0.846946618867983 -0.009357368981733 -0.318339987343957 0.937652692041269 -0.996004831396169
-0.031079536323611 -0.258138139106008 0.108532713325192 0.195627750720058 -0.842518484017774 -0.014354052969140 -0.335576139075255 0.988946796001144 -0.992672865304245
-0.030101397570011 -0.262350731526097 0.108460943060347 0.194036050783338 -0.837830220557567 -0.019334077126121 -0.352563502151876 1.039509281923756 -0.989340899208990
-0.029131217316094 -0.266539882628885 0.108364272674716 0.192358170087962 -0.832885486577561 -0.024297441452642 -0.369302076579925 1.089340149817986 -0.986008933119287
-0.028169426465654 -0.270704310061773 0.108242785467453 0.190595352577203 -0.827687940167943 -0.029244145948687 -0.385791862356766 1.138439399681612 -0.982676967029583
-0.027216449702768 -0.274842749762612 0.108096564737709 0.188748842194303 -0.822241239418853 -0.034174190614283 -0.402032859477819 1.186807031499093 -0.979345000937659
-0.026272705491797 -0.278953955959707 0.107925693784638 0.186819882882519 -0.816549042420445 -0.039087575449431 -0.418025067955435 1.234443045310396 -0.976013034841294
-0.025338606077384 -0.283036701171809 0.107730255907391 0.184809718585130 -0.810615007262949 -0.043984300454120 -0.433768487766717 1.281347441040026 -0.972681068760473
-0.024414557484459 -0.287089776208123 0.107510334405120 0.182719593245353 -0.804442792036397 -0.048864365628326 -0.449263118944693 1.327520218801226 -0.969349102656336
-0.023500959518232 -0.291111990168305 0.107266012576979 0.180550750806519 -0.798036054831197 -0.053727770972128 -0.464508961457721 1.372961378476312 -0.966017136571073
-0.022598205764199 -0.295102170442461 0.106997373722118 0.178304435211796 -0.791398453737191 -0.058574516485410 -0.479506015328701 1.417670920149661 -0.962685170479149
-0.021706683588140 -0.299059162711147 0.106704501139691 0.175981890404507 -0.784533646844809 -0.063404602168265 -0.494254280537232 1.461648843767982 -0.959353204389446
-0.020826774136118 -0.302981830945371 0.106387478128850 0.173584360327864 -0.777445292244061 -0.068218028020661 -0.508753757099967 1.504895149360141 -0.956021238294191
-0.019958852334478 -0.306869057406592 0.106046387988746 0.171113088925177 -0.770137048025221 -0.073014794042608 -0.523004445016073 1.547409836930580 -0.952689272204488
-0.019103286889853 -0.310719742646718 0.105681314018533 0.168569320139678 -0.762612572278420 -0.077794900234079 -0.537006344275004 1.589192906463754 -0.949357306115894
-0.018260440289154 -0.314532805508110 0.105292339517363 0.165954297914597 -0.754875523093768 -0.082558346595102 -0.550759454877037 1.630244357941901 -0.946025340016199
-0.017430668799581 -0.318307183123579 0.104879547784387 0.163269266193222 -0.746929558561449 -0.087305133125681 -0.564263776841256 1.670564191424972 -0.942693373934267
-0.016614322468615 -0.322041830916386 0.104443022118759 0.160515468918837 -0.738778336771739 -0.092035259825762 -0.577519310143226 1.710152406841914 -0.939361407835682
-0.015811745124021 -0.325735722600245 0.103982845819630 0.157694150034631 -0.730425515814614 -0.096748726695434 -0.590526054796842 1.749009004243796 -0.936029441748198
-0.015023274373848 -0.329387850179318 0.103499102186153 0.154806553483915 -0.721874753780405 -0.101445533734612 -0.603284010792793 1.787133983590650 -0.932697475657385
-0.014249241606428 -0.332997223948220 0.102991874517480 0.151853923209930 -0.713129708759186 -0.106125680943353 -0.615793178154467 1.824527344953530 -0.929365509559910
-0.013489971990379 -0.336562872492016 0.102461246112763 0.148837503155966 -0.704194038841233 -0.110789168321640 -0.628053556843494 1.861189088221415 -0.926033543473537
-0.012745784474599 -0.340083842686222 0.101907300271155 0.145758537265194 -0.695071402116465 -0.115435995869440 -0.640065146895530 1.897119213496445 -0.922701577378282
-0.012016991788273 -0.343559199696804 0.101330120291808 0.142618269480977 -0.685765456675358 -0.120066163586807 -0.651827948285960 1.932317720720889 -0.919369611294130
-0.011303900440868 -0.346988026980181 0.100729789473874 0.139417943746499 -0.676279860607876 -0.124679671473699 -0.663341961039537 1.966784609936933 -0.916037645194434
-0.010606810722135 -0.350369426283220 0.100106391116505 0.136158804005069 -0.666618272004271 -0.129276519530169 -0.674607185117204 2.000519881069085 -0.912705679105841
-0.009926016702110 -0.353702517643242 0.099460008518854 0.132842094199872 -0.656784348954587 -0.133856707756141 -0.685623620570941 2.033523534230586 -0.909373713012807
-0.009261806231111 -0.356986439388015 0.098790724980074 0.129469058274286 -0.646781749549241 -0.138420236151671 -0.696391267353683 2.065795569314854 -0.906041746927544
-0.008614460939739 -0.360220348135761 0.098098623799315 0.126040940171431 -0.636614131878088 -0.142967104716735 -0.706910125494106 2.097335986384063 -0.902709780827848
-0.007984256238882 -0.363403418795151 0.097383788275732 0.122558983834662 -0.626285154031514 -0.147497313451372 -0.717180194979364 2.128144785416008 -0.899377814739255
-0.007371461319709 -0.366534844565309 0.096646301708475 0.119024433207192 -0.615798474099594 -0.152010862355512 -0.727201475810499 2.158221966404028 -0.896045848649552
-0.006776339153673 -0.369613836935807 0.095886247396697 0.115438532232295 -0.605157750172514 -0.156507751429208 -0.736973967996324 2.187567529385870 -0.892713882557628
-0.006199146492511 -0.372639625686669 0.095103708639551 0.111802524853243 -0.594366640340493 -0.160987980672456 -0.746497671526639 2.216181474308243 -0.889381916465704
-0.005640133868245 -0.375611458888372 0.094298768736189 0.108117655013261 -0.583428802693564 -0.165451550085244 -0.755772586409215 2.244063801213336 -0.886049950371559
-0.005099545593179 -0.378528602901840 0.093471510985763 0.104385166655628 -0.572347895322023 -0.169898459667572 -0.764798712632603 2.271214510076724 -0.882717984287407
-0.004577619759901 -0.381390342378450 0.092622018687425 0.100606303723582 -0.561127576315956 -0.174328709419430 -0.773576050209085 2.297633600905069 -0.879386018184380
-0.004074588241283 -0.384195980260030 0.091750375140328 0.096782310160419 -0.549771503765573 -0.178742299340867 -0.782104599139286 2.323321073713913 -0.876054052102448
-0.003590676690481 -0.386944837778858 0.090856663643623 0.092914429909373 -0.538283335761047 -0.183139229431789 -0.790384359409119 2.348276928481052 -0.872722086009414
-0.003126104540934 -0.389636254457663 0.089940967496464 0.089003906913677 -0.526666730392478 -0.187519499692301 -0.798415331032740 2.372501165215368 -0.869390119913049
-0.002681085006365 -0.392269588109625 0.089003369998003 0.085051985116631 -0.514925345750072 -0.191883110122348 -0.806197513998630 2.395993783901318 -0.866058153824456
-0.002255825080782 -0.394844214838376 0.088043954447391 0.081059908461468 -0.503062839923996 -0.196230060721914 -0.813730908316088 2.418754784569987 -0.862726187733642
-0.001850525538475 -0.397359529037995 0.087062804143782 0.077028920891474 -0.491082871004489 -0.200560351491036 -0.821015513995660 2.440784167239141 -0.859394221641718
-0.001465380934018 -0.399814943393018 0.086060002386326 0.072960266349894 -0.478989097081639 -0.204873982429704 -0.828051330996338 2.462081931799975 -0.856062255550905
-0.001100579602268 -0.402209888878426 0.085035632474178 0.068855188779916 -0.466785176245443 -0.209170953537913 -0.834838359367249 2.482648078387939 -0.852730289458981
-0.000756303658368 -0.404543814759653 0.083989777706488 0.064714932124934 -0.454474766586443 -0.213451264815667 -0.841376599076613 2.502482606911993 -0.849398323364836
-0.000432728997744 -0.406816188592586 0.082922521382410 0.060540740328098 -0.442061526194504 -0.217714916262962 -0.847666050141291 2.521585517427649 -0.846066357274022
-0.000130025296103 -0.409026496223558 0.081833946801095 0.056333857332715 -0.429549113159944 -0.221961907879786 -0.853706712546365 2.539956809883837 -0.842734391186539
0.000151643990560 -0.411174241789358 0.080724137261696 0.052095527082008 -0.416941185572806 -0.226192239666156 -0.859498586302104 2.557596484313862 -0.839402425093505
0.000412121625970 -0.413258947717222 0.079593176063365 0.047826993519276 -0.404241401523386 -0.230405911622089 -0.865041671419611 2.574504540755473 -0.836070458998250
0.000651256593567 -0.415280154724839 0.078441146505255 0.043529500587766 -0.391453419101817 -0.234602923747557 -0.870335967857391 2.590680979071003 -0.832738492909657
0.000868904096505 -0.417237421820348 0.077268131886517 0.039204292230668 -0.378580896398040 -0.238783276042548 -0.875381475665959 2.606125799424763 -0.829406526818843
0.001064925557659 -0.419130326302338 0.076074215506304 0.034852612391381 -0.365627491502685 -0.242946968507096 -0.880178194829009 2.620839001765685 -0.826074560724699
0.001239188619616 -0.420958463759851 0.074859480663769 0.030475705013051 -0.352596862505561 -0.247094001141190 -0.884726125314900 2.634820585989406 -0.822742594636106
0.001391567144681 -0.422721448072379 0.073624010658063 0.026074814038906 -0.339492667496732 -0.251224373944814 -0.889025267167137 2.648070552244697 -0.819410628541961
0.001521941214876 -0.424418911409863 0.072367888788339 0.021651183412331 -0.326318564566785 -0.255338086917994 -0.893075620365807 2.660588900456062 -0.816078662453368
0.001630197131937 -0.426050504232697 0.071091198353749 0.017206057076496 -0.313078211805562 -0.259435140060704 -0.896877184907441 2.672375630614621 -0.812746696359223
0.001716227417320 -0.427615895291725 0.069794022653445 0.012740678974667 -0.299775267303282 -0.263515533372971 -0.900429960798421 2.683430742747017 -0.809414730266189
0.001779930812193 -0.429114771628241 0.068476444986581 0.008256293050130 -0.286413389150209 -0.267579266854767 -0.903733948043606 2.693754236857693 -0.806082764177596
0.001821212277444 -0.430546838573992 0.067138548652307 0.003754143246137 -0.272996235436473 -0.271626340506098 -0.906789146637582 2.703346112942207 -0.802750798087892
0.001839982993674 -0.431911819751174 0.065780416949776 -0.000764526494081 -0.259527464252185 -0.275656754326986 -0.909595556570497 2.712206370967252 -0.799418831992638
0.001836160361204 -0.433209457072435 0.064402133178141 -0.005298472227269 -0.246010733687474 -0.279670508317426 -0.912153177851788 2.720335010955033 -0.796086865900714
0.001809668000068 -0.434439510740873 0.063003780636554 -0.009846450010121 -0.232449701832638 -0.283667602477389 -0.914462010500605 2.727732032963281 -0.792754899814341
0.001760435750017 -0.435601759250036 0.061585442624167 -0.014407215899380 -0.218848026777863 -0.287648036806892 -0.916522054475316 2.734397436878755 -0.789422933717976
0.001688399670520 -0.436695999383925 0.060147202440133 -0.018979525951883 -0.205209366613046 -0.291611811305964 -0.918333309812697 2.740331222792491 -0.786090967626052
0.001593502040761 -0.437722046216991 0.058689143383603 -0.023562136224260 -0.191537379428652 -0.295558925974554 -0.919895776490473 2.745533390664523 -0.782759001536348
0.001475691359639 -0.438679733114134 0.057211348753730 -0.028153802773323 -0.177835723314690 -0.299489380812684 -0.921209454517943 2.750003940499290 -0.779427035448865
0.001334922345773 -0.439568911730707 0.055713901849667 -0.032753281655775 -0.164108056361367 -0.303403175820366 -0.922274343895871 2.753742872305676 -0.776095069349170
0.001171155937494 -0.440389452012514 0.054196885970565 -0.037359328928365 -0.150358036658871 -0.307300310997610 -0.923090444625227 2.756750186085899 -0.772763103265017
0.000984359292852 -0.441141242195808 0.052660384415577 -0.041970700647844 -0.136589322297342 -0.311180786344356 -0.923657756693383 2.759025881811095 -0.769431137164212
0.000774505789613 -0.441824188807295 0.051104480483855 -0.046586152870971 -0.122805571366913 -0.315044601860681 -0.923976280121364 2.760569959530113 -0.766099171084500
0.000541575025258 -0.442438216664130 0.049529257474552 -0.051204441654438 -0.109010441957857 -0.318891757546502 -0.924046014899108 2.761382419229630 -0.762767204987025
0.000285552816986 -0.442983268873919 0.047934798686819 -0.055824323055044 -0.095207592160207 -0.322722253401925 -0.923866961001843 2.761463260816388 -0.759435238891770
0.000006431201711 -0.443459306834720 0.046321187419810 -0.060444553129540 -0.081400680064059 -0.326536089426860 -0.923439118478003 2.760812484448039 -0.756103272804287
-0.000295791563937 -0.443866310235040 0.044688506972675 -0.065063887934549 -0.067593363759977 -0.330333265621319 -0.922762487303858 2.759430090055748 -0.752771306715694
-0.000621111003610 -0.444204277053840 0.043036840644569 -0.069681083526939 -0.053789301337737 -0.334113781985340 -0.921837067457132 2.757316077550698 -0.749439340618219
-0.000969516421245 -0.444473223560529 0.041366271734642 -0.074294895963458 -0.039992150887458 -0.337877638518919 -0.920662858962876 2.754470447046131 -0.746107374530736
-0.001340990901062 -0.444673184314966 0.039676883542047 -0.078904081300744 -0.026205570499704 -0.341624835222010 -0.919239861843293 2.750893198582016 -0.742775408437701
-0.001735511307566 -0.444804212167465 0.037968759365937 -0.083507395595558 -0.012433218264474 -0.345355372094663 -0.917568076033298 2.746584331954072 -0.739443442345777
-0.002153048285543 -0.444866378258787 0.036241982505464 -0.088103594904775 0.001321247728436 -0.349069249136852 -0.915647501611438 2.741543847426531 -0.736111476254964
-0.002593566260067 -0.444859772020145 0.034496636259780 -0.092691435284941 0.015054169388207 -0.352766466348581 -0.913478138520607 2.735771744806215 -0.732779510164150
-0.003057023436492 -0.444784501173204 0.032732803928037 -0.097269672792999 0.028761888625339 -0.356447023729856 -0.911059986756849 2.729268024090903 -0.729447544071116
-0.003543371800457 -0.444640691730077 0.030950568809388 -0.101837063485602 0.042440747349370 -0.360110921280676 -0.908393046354858 2.722032685387177 -0.726115577979192
-0.004052557117885 -0.444428487993330 0.029150014202984 -0.106392363419386 0.056087087469825 -0.363758159001032 -0.905477317331010 2.714065728735005 -0.722783611889488
-0.004584518934982 -0.444148052555981 0.027331223407979 -0.110934328651160 0.069697250896761 -0.367388736890928 -0.902312799624869 2.705367153956750 -0.719451645797564
-0.005139190578238 -0.443799566301497 0.025494279723524 -0.115461715237815 0.083267579540436 -0.371002654950375 -0.898899493268282 2.695936961150114 -0.716119679704530
-0.005716499154427 -0.443383228403795 0.023639266448773 -0.119973279235940 0.096794415310220 -0.374599913179363 -0.895237398268325 2.685775150332859 -0.712787713615937
-0.006316365550606 -0.442899256327244 0.021766266882876 -0.124467776702281 0.110274100115970 -0.378180511577886 -0.891326514614393 2.674881721480560 -0.709455747522902
-0.006938704434118 -0.442347885826664 0.019875364324986 -0.128943963693623 0.123702975867634 -0.381744450145965 -0.887166842313408 2.663256674606540 -0.706123781427648
-0.007583424252586 -0.441729370947326 0.017966642074256 -0.133400596266695 0.137077384475037 -0.385291728883580 -0.882758381338455 2.650900009626422 -0.702791815341275
-0.008250427233919 -0.441043984024951 0.016040183429839 -0.137836430478262 0.150393667848070 -0.388822347790718 -0.878101131742209 2.637811726713402 -0.699459849249351
-0.008939609386311 -0.440292015685711 0.014096071690885 -0.142250222384954 0.163648167896202 -0.392336306867425 -0.873195093495094 2.623991825763117 -0.696127883154096
-0.009650860498236 -0.439473774846230 0.012134390156548 -0.146640728043665 0.176837226529769 -0.395833606113671 -0.868040266564019 2.609440306682309 -0.692795917067723
-0.010384064138454 -0.438589588713581 0.010155222125979 -0.151006703511140 0.189957185658585 -0.399314245529442 -0.862636651000132 2.594157169633071 -0.689463950971358
-0.011139097656010 -0.437639802785288 0.008158650898332 -0.155346904843960 0.203004387191996 -0.402778225114780 -0.856984246783360 2.578142414535467 -0.686131984882765
