-0.011972345399552 -0.448076323314865 0.000000000000000 0.139458940121300 -0.145285826412589 0.335378568509442 -1.512084009492803 4.880854741493579 -0.316957578689880
-0.011275050698945 -0.448802752446928 0.001676892842547 0.131898520073836 -0.120881552705121 0.333793780615993 -1.501098620521196 4.845774540715997 -0.328796472527371
-0.010615558098576 -0.449407160210454 0.003345861745627 0.124393026971230 -0.096652680001541 0.332149798253356 -1.489914969731790 4.810047194589995 -0.340635366345987
-0.009993592963720 -0.449890423610461 0.005006610736894 0.116943452122571 -0.072602444028591 0.330446621421626 -1.478533057175865 4.773672703244358 -0.352474260176816
-0.009408875703107 -0.450253435830604 0.006658843844002 0.109550786836692 -0.048734080512369 0.328684250120742 -1.466952882786532 4.736651066492570 -0.364313154007645
-0.008861121768924 -0.450497106233166 0.008302265094606 0.102216022422759 -0.025050825179906 0.326862684350704 -1.455174446640742 4.698982284561115 -0.376152047835143
-0.008350041656810 -0.450622360359066 0.009936578516359 0.094940150189555 -0.001555913757101 0.324981924111528 -1.443197748668620 4.660666357250154 -0.387990941660421
-0.007875340905862 -0.450630139927851 0.011561488136917 0.087724161446212 0.021747418029150 0.323041969403226 -1.431022788907083 4.621703284652945 -0.399829835492360
-0.007436720098631 -0.450521402837706 0.013176697983933 0.080569047501677 0.044855934452415 0.321042820225764 -1.418649567357275 4.582093066780590 -0.411668729315418
-0.007033874861123 -0.450297123165444 0.014781912085062 0.073475799664890 0.067766399786318 0.318984476579187 -1.406078083998860 4.541835703575359 -0.423507623149577
-0.006666495862798 -0.449958291166512 0.016376834467958 0.066445409244896 0.090475578304194 0.316866938463439 -1.393308338858319 4.500931195117186 -0.435346516971524
-0.006334268816574 -0.449505913274991 0.017961169160275 0.059478867550604 0.112980234279780 0.314690205878582 -1.380340331910632 4.459379541330577 -0.447185410800133
-0.006036874478821 -0.448941012103592 0.019534620189668 0.052577165891051 0.135277131986433 0.312454278824581 -1.367174063169330 4.417180742244398 -0.459024304633182
-0.005773988649366 -0.448264626443660 0.021096891583791 0.045741295575205 0.157363035697655 0.310159157301415 -1.353809532628793 4.374334797858648 -0.470863198457350
-0.005545282171490 -0.447477811265172 0.022647687370298 0.038972247912061 0.179234709686948 0.307804841309128 -1.340246740291970 4.330841708177768 -0.482702092285958
-0.005350420931929 -0.446581637716737 0.024186711576844 0.032271014210601 0.200888918227837 0.305391330847699 -1.326485686159208 4.286701473188437 -0.494540986119008
-0.005189065860876 -0.445577193125598 0.025713668231082 0.025638585779805 0.222322425593779 0.302918625917104 -1.312526370239701 4.241914092937282 -0.506379879937624
-0.005060872931977 -0.444465580997629 0.027228261360668 0.019075953928606 0.243531996058466 0.300386726517415 -1.298368792509164 4.196479567346589 -0.518218773770673
-0.004965493162334 -0.443247921017336 0.028730194993255 0.012584109966060 0.264514393895199 0.297795632648562 -1.284012952984005 4.150397896458546 -0.530057667599282
-0.004902572612504 -0.441925349047860 0.030219173156497 0.006164045201140 0.285266383377492 0.295145344310566 -1.269458851675155 4.103669080310901 -0.541896561427890
-0.004871752386498 -0.440499017130973 0.031694899878050 -0.000183249057235 0.305784728779046 0.292435861503426 -1.254706488549827 4.056293118803733 -0.553735455253168
-0.004872668631784 -0.438970093487078 0.033157079185567 -0.006456781499985 0.326066194373065 0.289667184227160 -1.239755863645595 4.008270012050286 -0.565574349081777
-0.004904952539284 -0.437339762515212 0.034605415106703 -0.012655560818212 0.346107544433316 0.286839312481751 -1.224606976938068 3.959599759983945 -0.577413242913716
-0.004968230343375 -0.435609224793046 0.036039611669112 -0.018778595702903 0.365905543233236 0.283952246267183 -1.209259828432799 3.910282362604711 -0.589252136736773
-0.005062123321890 -0.433779697076880 0.037459372900448 -0.024824894845067 0.385456955046259 0.281005985583499 -1.193714418127531 3.860317819925907 -0.601091030566492
-0.005186247796115 -0.431852412301648 0.038864402828365 -0.030793466935704 0.404758544145889 0.278000530430667 -1.177970746030800 3.809706131958635 -0.612929924395100
-0.005340215130794 -0.429828619580919 0.040254405480519 -0.036683320665858 0.423807074805682 0.274935880808691 -1.162028812145451 3.758447298718437 -0.624768818222599
-0.005523631734123 -0.427709584206891 0.041629084884562 -0.042493464726586 0.442599311299274 0.271812036717578 -1.145888616445462 3.706541320123158 -0.636607712052317
-0.005736099057756 -0.425496587650394 0.042988145068150 -0.048222907808813 0.461132017899890 0.268628998157316 -1.129550158961504 3.653988196266056 -0.648446605877595
-0.005977213596800 -0.423190927560895 0.044331290058937 -0.053870658603621 0.479401958881220 0.265386765127928 -1.113013439674494 3.600787927096061 -0.660285499709534
-0.006246566889818 -0.420793917766489 0.045658223884576 -0.059435725801993 0.497405898516701 0.262085337629381 -1.096278458596993 3.546940512635377 -0.672124393531481
-0.006543745518828 -0.418306888273905 0.046968650572723 -0.064917118094978 0.515140601079878 0.258724715661723 -1.079345215717653 3.492445952870682 -0.683963287365641
-0.006868331109303 -0.415731185268506 0.048262274151032 -0.070313844173566 0.532602830844231 0.255304899224895 -1.062213711048032 3.437304247819739 -0.695802181189809
-0.007219900330171 -0.413068171114285 0.049538798647156 -0.075624912728806 0.549789352083330 0.251825888318946 -1.044883944568942 3.381515397435919 -0.707641075019527
-0.007598024893815 -0.410319224353868 0.050797928088751 -0.080849332451651 0.566696929070509 0.248287682943849 -1.027355916314587 3.325079401810260 -0.719479968847025
-0.008002271556073 -0.407485739708515 0.052039366503470 -0.085986112033224 0.583322326079561 0.244690283099613 -1.009629626239905 3.267996260818418 -0.731318862676744
-0.008432202116239 -0.404569128078118 0.053262817918968 -0.091034260164424 0.599662307383653 0.241033688786230 -0.991705074386978 3.210265974586957 -0.743157756500912
-0.008887373417061 -0.401570816541199 0.054467986362899 -0.095992785536358 0.615713637256587 0.237317900003725 -0.973582260722153 3.151888543000414 -0.754996650330630
-0.009367337344743 -0.398492248354916 0.055654575862918 -0.100860696839969 0.631473079971590 0.233542916752072 -0.955261185277487 3.092863966174253 -0.766835544161459
-0.009871640828943 -0.395334882955058 0.056822290446678 -0.105637002766357 0.646937399802461 0.229708739031265 -0.936741848020298 3.033192243997451 -0.778674437987847
-0.010399825842775 -0.392100195956046 0.057970834141835 -0.110320712006458 0.662103361022448 0.225815366841325 -0.918024248983962 2.972873376574370 -0.790513331815346
-0.010951429402807 -0.388789679150934 0.059099910976041 -0.114910833251378 0.676967727905320 0.221862800182249 -0.899108388126985 2.911907363776223 -0.802352225642844
-0.011525983569064 -0.385404840511407 0.060209224976953 -0.119406375192013 0.691527264724201 0.217851039054034 -0.879994265494607 2.850294205756221 -0.814191119472563
-0.012123015445024 -0.381947204187786 0.061298480172223 -0.123806346519486 0.705778735752982 0.213780083456672 -0.860681881061504 2.788033902403342 -0.826030013298951
-0.012742047177621 -0.378418310509021 0.062367380589506 -0.128109755924793 0.719718905264999 0.209649933390177 -0.841171234823784 2.725126453750892 -0.837868907126449
-0.013382595957245 -0.374819715982696 0.063415630256457 -0.132315612098912 0.733344537533753 0.205460588854545 -0.821462326793115 2.661571859794432 -0.849707800957278
-0.014044174017740 -0.371152993295028 0.064442933200730 -0.136422923732878 0.746652396832725 0.201212049849758 -0.801555156969974 2.597370120551723 -0.861546694783666
-0.014726288636404 -0.367419731310864 0.065448993449979 -0.140430699517728 0.759639247435484 0.196904316375840 -0.781449725347910 2.532521236016105 -0.873385588611164
-0.015428442133993 -0.363621535073687 0.066433515031858 -0.144337948144467 0.772301853615565 0.192537388432784 -0.761146031924637 2.467025206152051 -0.885224482439773
-0.016150131874715 -0.359760025805609 0.067396201974022 -0.148143678304091 0.784636979646325 0.188111266020585 -0.740644076710206 2.400882031012852 -0.897063376268381
-0.016890850266236 -0.355836840907377 0.068336758304125 -0.151846898687642 0.796641389801389 0.183625949139243 -0.719943859699701 2.334091710576303 -0.908902270095879
-0.017650084759674 -0.351853633958370 0.069254888049821 -0.155446617986140 0.808311848354271 0.179081437788764 -0.699045380890828 2.266654244837962 -0.920741163924488
-0.018427317849605 -0.347812074716599 0.070150295238765 -0.158941844890594 0.819645119578460 0.174477731969142 -0.677948640282755 2.198569633782288 -0.932580057749766
-0.019222027074058 -0.343713849118707 0.071022683898610 -0.162331588092008 0.830637967747372 0.169814831680393 -0.656653637880339 2.129837877453689 -0.944418951581705
-0.020033685014518 -0.339560659279970 0.071871758057012 -0.165614856281410 0.841287157134640 0.165092736922484 -0.635160373682886 2.060458975801094 -0.956257845406983
-0.020861759295925 -0.335354223494296 0.072697221741625 -0.168790658149824 0.851589452013646 0.160311447695449 -0.613468847684984 1.990432928873354 -0.968096739235591
-0.021705712586674 -0.331096276234228 0.073498778980102 -0.171858002388249 0.861541616658013 0.155470963999271 -0.591579059896208 1.919759736637161 -0.979935633067530
-0.022565002598615 -0.326788568150938 0.074276133800098 -0.174815897687730 0.871140415341198 0.150571285833934 -0.569491010304624 1.848439399090296 -0.991774526890588
-0.023439082087054 -0.322432866074232 0.075028990229268 -0.177663352739253 0.880382612336650 0.145612413199481 -0.547204698921333 1.776471916263844 -1.003613420720306
-0.024327398850750 -0.318030953012549 0.075757052295265 -0.180399376233860 0.889264971917969 0.140594346095879 -0.524720125737316 1.703857288126720 -1.015452314547804
-0.025229395731919 -0.313584628152959 0.076460024025745 -0.183022976862546 0.897784258358603 0.135517084523140 -0.502037290760204 1.630595514696687 -1.027291208375303
-0.026144510616232 -0.309095706861166 0.077137609448361 -0.185533163316347 0.905937235932086 0.130380628481264 -0.479156193986668 1.556686595962642 -1.039130102208352
-0.027072176432814 -0.304566020681506 0.077789512590767 -0.187928944286281 0.913720668911899 0.125184977970222 -0.456076835410324 1.482130531926806 -1.050968996028079
-0.028011821154245 -0.299997417336946 0.078415437480618 -0.190209328463332 0.921131321571533 0.119930132990081 -0.432799215047130 1.406927322600282 -1.062807889863349
-0.028962867796562 -0.295391760729088 0.079015088145568 -0.192373324538568 0.928165958184535 0.114616093540765 -0.409323332878353 1.331076967974187 -1.074646783685296
-0.029924734419255 -0.290750930938166 0.079588168613272 -0.194419941202960 0.934821343024406 0.109242859622338 -0.385649188918979 1.254579468039640 -1.086485677519455
-0.030896834125270 -0.286076824223044 0.080134382911384 -0.196348187147555 0.941094240364604 0.103810431234741 -0.361776783159851 1.177434822816625 -1.098324571343623
-0.031878575061007 -0.281371353021221 0.080653435067558 -0.198157071063354 0.946981414478687 0.098318808378023 -0.337706115606518 1.099643032289599 -1.110163465173342
-0.032869360416324 -0.276636445948827 0.081145029109448 -0.199845601641387 0.952479629640135 0.092767991052156 -0.313437186252596 1.021204096463002 -1.122002358999730
-0.033868588424531 -0.271874047800627 0.081608869064708 -0.201412787572650 0.957585650122450 0.087157979257158 -0.288969995106692 0.942118015339055 -1.133841252828338
-0.034875652362394 -0.267086119550014 0.082044658960994 -0.202857637548183 0.962296240199145 0.081488772993016 -0.264304542162697 0.862384788919979 -1.145680146658057
-0.035889940550135 -0.262274638349019 0.082452102825959 -0.204179160258997 0.966608164143745 0.075760372259726 -0.239440827420889 0.782004417199111 -1.157519040485555
-0.036910836351430 -0.257441597528300 0.082830904687258 -0.205376364396101 0.970518186229741 0.069972777057298 -0.214378850881269 0.700976900163131 -1.169357934310833
-0.037937718173411 -0.252589006597151 0.083180768572544 -0.206448258650507 0.974023070730556 0.064125987385744 -0.189118612549111 0.619302237860886 -1.181196828141662
-0.038969959466663 -0.247718891243498 0.083501398509473 -0.207393851713253 0.977119581919861 0.058220003245035 -0.163660112420527 0.536980430237977 -1.193035721969160
-0.040006928725229 -0.242833293333899 0.083792498525698 -0.208212152275355 0.979804484071051 0.052254824635189 -0.138003350486082 0.454011477309946 -1.204874615796658
-0.041047989486606 -0.237934270913544 0.084053772648874 -0.208902169027786 0.982074541457600 0.046230451556206 -0.112148326769645 0.370395379104549 -1.216713509623046
-0.042092500331745 -0.233023898206256 0.084284924906655 -0.209462910661634 0.983926518353123 0.040146884008091 -0.086095041243739 0.286132135579598 -1.228552403456096
-0.043139814885053 -0.228104265614490 0.084485659326696 -0.209893385867853 0.985357179031021 0.034004121990810 -0.059843493928347 0.201221746770619 -1.240391297281374
-0.044189281814393 -0.223177479719335 0.084655679936650 -0.210192603337495 0.986363287764874 0.027802165504404 -0.033393684813476 0.115664212652078 -1.252230191106651
-0.045240244831080 -0.218245663280511 0.084794690764172 -0.210359571761562 0.986941608828135 0.021541014548870 -0.006745613905512 0.029459533246179 -1.264069084937480
-0.046292042689888 -0.213310955236370 0.084902395836916 -0.210393299831090 0.987088906494366 0.015220669124183 0.020100718804705 -0.057392291472613 -1.275907978767199
-0.047344009189043 -0.208375510703898 0.084978499182537 -0.210292796237066 0.986801945037002 0.008841129230347 0.047145313305796 -0.144891261477653 -1.287746872592477
-0.048395473170229 -0.203441500978713 0.085022704828689 -0.210057069670537 0.986077488729614 0.002402394867385 0.074388169607753 -0.233037376793366 -1.299585766422195
-0.049445758518581 -0.198511113535065 0.085034716803026 -0.209685128822498 0.984912301845647 -0.004095533964726 0.101829287704469 -0.321830637400877 -1.311424660247473
-0.050494184162694 -0.193586552025837 0.085014239133202 -0.209175982383976 0.983303148658643 -0.010652657265964 0.129468667596222 -0.411271043307959 -1.323263554077192
-0.051540064074614 -0.188670036282544 0.084960975846872 -0.208528639045995 0.981246793442103 -0.017268975036350 0.157306309287453 -0.501358594509060 -1.335102447909131
-0.052582707269844 -0.183763802315333 0.084874630971691 -0.207742107499558 0.978740000469558 -0.023944487275895 0.185342212775941 -0.592093291023055 -1.346941341728858
-0.053621417807341 -0.178870102312985 0.084754908535311 -0.206815396435678 0.975779534014443 -0.030679193984540 0.213576378055857 -0.683475132823297 -1.358780235564128
-0.054655494789520 -0.173991204642913 0.084601512565388 -0.205747514545399 0.972362158350326 -0.037473095162360 0.242008805138860 -0.775504119929771 -1.370619129390516
-0.055684232362247 -0.169129393851162 0.084414147089577 -0.204537470519704 0.968484637750677 -0.044326190809313 0.270639494013292 -0.868180252333595 -1.382458023216904
-0.056706919714845 -0.164286970662408 0.084192516135530 -0.203184273049638 0.964143736489009 -0.051238480925397 0.299468444686091 -0.961503530028107 -1.394296917044402
-0.057722841080094 -0.159466251979963 0.083936323730903 -0.201686930826207 0.959336218838869 -0.058209965510619 0.328495657157257 -1.055473953037733 -1.406135810874121
-0.058731275734225 -0.154669570885769 0.083645273903350 -0.200044452540421 0.954058849073680 -0.065240644564990 0.357721131422628 -1.150091521333607 -1.417974704702729
-0.059731497996927 -0.149899276640400 0.083319070680525 -0.198255846883308 0.948308391467012 -0.072330518088504 0.387144867484979 -1.245356234929051 -1.429813598531338
-0.060722777231343 -0.145157734683065 0.082957418090083 -0.196320122545883 0.942081610292367 -0.079479586081160 0.416766865346252 -1.341268093830728 -1.441652492355505
-0.061704377844073 -0.140447326631604 0.082560020159677 -0.194236288219152 0.935375269823213 -0.086687848542938 0.446587125000342 -1.437827098027533 -1.453491386181893
-0.062675559285168 -0.135770450282487 0.082126580916962 -0.192003352594150 0.928186134333076 -0.093955305473847 0.476605646453354 -1.535033247517248 -1.465330280020494
-0.063635576048139 -0.131129519610822 0.081656804389593 -0.189620324361883 0.920510968095489 -0.101281956873950 0.506822429703346 -1.632886542319856 -1.477169173839110
-0.064583677669949 -0.126526964770345 0.081150394605223 -0.187086212213367 0.912346535383890 -0.108667802743145 0.537237474749208 -1.731386982410932 -1.489008067671049
-0.065519108731015 -0.121965232093425 0.080607055591507 -0.184400024839620 0.903689600471835 -0.116112843081501 0.567850781590939 -1.830534567801578 -1.500846961496327
-0.066441108855214 -0.117446784091066 0.080026491376100 -0.181560770931666 0.894536927632827 -0.123617077888982 0.598662350229651 -1.930329298491795 -1.512685855328266
-0.067348912709872 -0.112974099452902 0.079408405986655 -0.178567459180518 0.884885281140368 -0.131180507165624 0.629672180667562 -2.030771174488244 -1.524524749153544
-0.068241750005774 -0.108549673047200 0.078752503450827 -0.175419098277180 0.874731425267927 -0.138803130911391 0.660880272896902 -2.131860195773161 -1.536363642981042
-0.069118845497160 -0.104176015920860 0.078058487796270 -0.172114696912695 0.864072124289061 -0.146484949126297 0.692286626925442 -2.233596362364310 -1.548202536812981
-0.069979418981724 -0.099855655299415 0.077326063050638 -0.168653263778068 0.852904142477240 -0.154225961810361 0.723891242753738 -2.335979674246147 -1.560041430633818
-0.070822685300614 -0.095591134587029 0.076554933241587 -0.165033807564299 0.841224244106009 -0.162026168963531 0.755694120374573 -2.439010131436437 -1.571880324470198
-0.071647854338436 -0.091385013366499 0.075744802396769 -0.161255336962426 0.829029193448827 -0.169885570585881 0.787695259792942 -2.542687733926297 -1.583719218294366
-0.072454131023248 -0.087239867399255 0.074895374543839 -0.157316860663462 0.816315754779195 -0.177804166677353 0.819894661008291 -2.647012481702404 -1.595558112120754
-0.073240715326565 -0.083158288625359 0.074006353710453 -0.153217387358420 0.803080692370683 -0.185781957237957 0.852292324018955 -2.751984374789185 -1.607397005949363
-0.074006802263357 -0.079142885163505 0.073077443924263 -0.148955925738326 0.789320770496738 -0.193818942267704 0.884888248829929 -2.857603413175536 -1.619235899781302
-0.074751581892049 -0.075196281311022 0.072108349212924 -0.144531484494176 0.775032753430860 -0.201915121766610 0.917682435431777 -2.963869596848134 -1.631074793603249
-0.075474239314520 -0.071321117543867 0.071098773604091 -0.139943072317017 0.760213405446619 -0.210070495734627 0.950674883836156 -3.070782925835847 -1.642913687439629
-0.076173954676105 -0.067520050516634 0.070048421125418 -0.135189697897836 0.744859490817440 -0.218285064171825 0.983865594031963 -3.178343400114247 -1.654752581259356
-0.076849903165594 -0.063795753062547 0.068956995804559 -0.130270369927676 0.728967773816869 -0.226558827078122 1.017254566029191 -3.286551019692219 -1.666591475090184
-0.077501255015232 -0.060150914193463 0.067824201669168 -0.125184097097530 0.712535018718408 -0.234891784453573 1.050841799817848 -3.395405784565320 -1.678430368918793
-0.078127175500720 -0.056588239099871 0.066649742746901 -0.119929888098441 0.695557989795581 -0.243283936298166 1.084627295407925 -3.504907694746873 -1.690269262748512
-0.078726824941212 -0.053110449150893 0.065433323065410 -0.114506751621402 0.678033451321847 -0.251735282611909 1.118611052792762 -3.615056750216894 -1.702108156572679
-0.079299358699319 -0.049720281894284 0.064174646652350 -0.108913696357438 0.659958167570762 -0.260245823394772 1.152793071972358 -3.725852950997588 -1.713947050402398
-0.079843927181106 -0.046420491056430 0.062873417535376 -0.103149730997576 0.641328902815774 -0.268815558646784 1.187173352951154 -3.837296297066750 -1.725785944233227
-0.080359675836094 -0.043213846542351 0.061529339742142 -0.097213864232820 0.622142421330441 -0.277444488367951 1.221751895724710 -3.949386788437703 -1.737624838057394
-0.080845745157258 -0.040103134435699 0.060142117300303 -0.091105104754197 0.602395487388252 -0.286132612558238 1.256528700296355 -4.062124425110447 -1.749463731889334
-0.081301270681029 -0.037091156998757 0.058711454237512 -0.084822461252715 0.582084865262700 -0.294879931217684 1.291503766664981 -4.175509207084982 -1.761302625713501
-0.081725382987293 -0.034180732672444 0.057237054581423 -0.078364942419390 0.561207319227275 -0.303686444346252 1.326677094827255 -4.289541134343544 -1.773141519540999
-0.082117207699390 -0.031374696076307 0.055718622359692 -0.071731556945254 0.539759613555557 -0.312552151943957 1.362048684787620 -4.404220206921661 -1.784980413375159
-0.082475865484116 -0.028675898008530 0.054155861599972 -0.064921313521316 0.517738512520949 -0.321477054010832 1.397618536547185 -4.519546424786025 -1.796819307194886
-0.082800472051723 -0.026087205445925 0.052548476329918 -0.057933220838580 0.495140780397019 -0.330461150546807 1.433386650099289 -4.635519787952180 -1.808658201031266
-0.083090138155916 -0.023611501543940 0.050896170577184 -0.050766287588083 0.471963181457258 -0.339504441551963 1.469353025450593 -4.752140296411245 -1.820497094852103
-0.083343969593856 -0.021251685636654 0.049198648369424 -0.043419522460830 0.448202479975202 -0.348606927026224 1.505517662598876 -4.869407950183202 -1.832335988685152
-0.083561067206160 -0.019010673236778 0.047455613734293 -0.035891934147836 0.423855440224286 -0.357768606969650 1.541880561540809 -4.987322749243628 -1.844174882510430
-0.083740526876899 -0.016891396035656 0.045666770699445 -0.028182531340132 0.398918826478067 -0.366989481382202 1.578441722281942 -5.105884693603624 -1.856013776339038
-0.083881439533600 -0.014896801903266 0.043831823292534 -0.020290322728722 0.373389403010049 -0.376269550263897 1.615201144818945 -5.225093783267631 -1.867852670166537
-0.083982891147244 -0.013029854888216 0.041950475541214 -0.012214317004627 0.347263934093711 -0.385608813614730 1.652158829151817 -5.344950018224548 -1.879691563997365
-0.084043962732267 -0.011293535217747 0.040022431473141 -0.003953522858868 0.320539184002588 -0.395007271434716 1.689314775283890 -5.465453398485476 -1.891530457823754
-0.084063730346561 -0.009690839297734 0.038047395115967 0.004493051017551 0.293211917010161 -0.404464923723835 1.726668983207391 -5.586603924043754 -1.903369351651252
-0.084041265091473 -0.008224779712683 0.036025070497348 0.013126395933588 0.265278897389942 -0.413981770482091 1.764221452933423 -5.708401594899382 -1.915208245477640
-0.083975633111805 -0.006898385225734 0.033955161644937 0.021947503198255 0.236736889415445 -0.423557811709480 1.801972184453104 -5.830846411054580 -1.927047139308469
-0.083865895595814 -0.005714700778656 0.031837372586390 0.030957364120521 0.207582657360172 -0.433193047406022 1.839921177767545 -5.953938372511569 -1.938886033135967
-0.083711108775212 -0.004676787491855 0.029671407349360 0.040156970009358 0.177812965497615 -0.442887477571702 1.878068432883406 -6.077677479261467 -1.950724926966796
-0.083510323925165 -0.003787722664367 0.027456969961501 0.049547312173776 0.147424578101307 -0.452641102206536 1.916413949791806 -6.202063731322038 -1.962563820786523
-0.083262587364296 -0.003050599773861 0.025193764450469 0.059129381922735 0.116414259444697 -0.462453921310468 1.954957728498297 -6.327097128666637 -1.974402714624013
-0.082966940454682 -0.002468528476637 0.022881494843916 0.068904170565226 0.084778773801364 -0.472325934883588 1.993699769000656 -6.452777671319687 -1.986241608444850
-0.082622419601856 -0.002044634607631 0.020519865169498 0.078872669410229 0.052514885444765 -0.482257142925813 2.032640071301106 -6.579105359267867 -1.998080502277899
-0.082228056254805 -0.001782060180407 0.018108579454869 0.089035869766735 0.019619358648426 -0.492247545437202 2.071778635397425 -6.706080192520059 -2.009919396099846
-0.081782876905971 -0.001683963387165 0.015647341727683 0.099394762943722 -0.013911042314174 -0.502297142417701 2.111115461286284 -6.833702171065159 -2.021758289937337
-0.081285903091253 -0.001753518598735 0.013135856015595 0.109950340250153 -0.048079553169500 -0.512405933867388 2.150650548981003 -6.961971294912050 -2.033597183757063
-0.080736151390002 -0.001993916364583 0.010573826346258 0.120703592995058 -0.082889409644060 -0.522573919786173 2.190383898466042 -7.090887564060733 -2.045436077592333
-0.080132633425027 -0.002408363412803 0.007960956747327 0.131655512487389 -0.118343847464364 -0.532801100174135 2.230315509745839 -7.220450978500104 -2.057274971410950
-0.079474355862590 -0.003000082650125 0.005296951246456 0.142807090036118 -0.154446102356864 -0.543087475031190 2.270445382827058 -7.350661538247927 -2.069113865245109
-0.078760320412409 -0.003772313161909 0.002581513871300 0.154159316950253 -0.191199410048104 -0.553433044357415 2.270445382827058 -7.350661538247927 -2.069113865245109
-0.077989523827658 -0.004728310212150 -0.000185651350487 -0.154159316950253 0.191199410048104 0.553433044357415 2.230315509745839 -7.220450978500104 -2.057274971410950
-0.078760320412409 -0.003772313161909 0.002581513871300 -0.142807090036118 0.154446102356864 0.543087475031190 2.190383898466042 -7.090887564060733 -2.045436077592333
-0.079474355862590 -0.003000082650125 0.005296951246456 -0.131655512487389 0.118343847464364 0.532801100174135 2.150650548981003 -6.961971294912050 -2.033597183757063
-0.080132633425027 -0.002408363412803 0.007960956747327 -0.120703592995058 0.082889409644060 0.522573919786173 2.111115461286284 -6.833702171065159 -2.021758289937337
-0.080736151390002 -0.001993916364583 0.010573826346258 -0.109950340250153 0.048079553169500 0.512405933867388 2.071778635397425 -6.706080192520059 -2.009919396099846
-0.081285903091253 -0.001753518598735 0.013135856015595 -0.099394762943722 0.013911042314174 0.502297142417701 2.032640071301106 -6.579105359267867 -1.998080502277899
-0.081782876905971 -0.001683963387165 0.015647341727683 -0.089035869766735 -0.019619358648426 0.492247545437202 1.993699769000656 -6.452777671319687 -1.986241608444850
-0.082228056254805 -0.001782060180407 0.018108579454869 -0.078872669410229 -0.052514885444765 0.482257142925813 1.954957728498297 -6.327097128666637 -1.974402714624013
-0.082622419601856 -0.002044634607631 0.020519865169498 -0.068904170565226 -0.084778773801364 0.472325934883588 1.916413949791806 -6.202063731322038 -1.962563820786523
-0.082966940454682 -0.002468528476637 0.022881494843916 -0.059129381922735 -0.116414259444697 0.462453921310468 1.878068432883406 -6.077677479261467 -1.950724926966796
-0.083262587364296 -0.003050599773861 0.025193764450469 -0.049547312173776 -0.147424578101307 0.452641102206536 1.839921177767545 -5.953938372511569 -1.938886033135967
-0.083510323925165 -0.003787722664367 0.027456969961501 -0.040156970009358 -0.177812965497615 0.442887477571702 1.801972184453104 -5.830846411054580 -1.927047139308469
-0.083711108775212 -0.004676787491855 0.029671407349360 -0.030957364120521 -0.207582657360172 0.433193047406022 1.764221452933423 -5.708401594899382 -1.915208245477640
-0.083865895595814 -0.005714700778656 0.031837372586390 -0.021947503198255 -0.236736889415445 0.423557811709480 1.726668983207391 -5.586603924043754 -1.903369351651252
-0.083975633111805 -0.006898385225734 0.033955161644937 -0.013126395933588 -0.265278897389942 0.413981770482091 1.689314775283890 -5.465453398485476 -1.891530457823754
-0.084041265091473 -0.008224779712683 0.036025070497348 -0.004493051017551 -0.293211917010161 0.404464923723835 1.652158829151817 -5.344950018224548 -1.879691563997365
-0.084063730346561 -0.009690839297734 0.038047395115967 0.003953522858868 -0.320539184002588 0.395007271434716 1.615201144818945 -5.225093783267631 -1.867852670166537
-0.084043962732267 -0.011293535217747 0.040022431473141 0.012214317004627 -0.347263934093711 0.385608813614730 1.578441722281942 -5.105884693603624 -1.856013776339038
-0.083982891147244 -0.013029854888216 0.041950475541214 0.020290322728722 -0.373389403010049 0.376269550263897 1.541880561540809 -4.987322749243628 -1.844174882510430
-0.083881439533600 -0.014896801903266 0.043831823292534 0.028182531340132 -0.398918826478067 0.366989481382202 1.505517662598876 -4.869407950183202 -1.832335988685152
-0.083740526876899 -0.016891396035656 0.045666770699445 0.035891934147836 -0.423855440224286 0.357768606969650 1.469353025450593 -4.752140296411245 -1.820497094852103
-0.083561067206160 -0.019010673236778 0.047455613734293 0.043419522460830 -0.448202479975202 0.348606927026224 1.433386650099289 -4.635519787952180 -1.808658201031266
-0.083343969593856 -0.021251685636654 0.049198648369424 0.050766287588083 -0.471963181457258 0.339504441551963 1.397618536547185 -4.519546424786025 -1.796819307194886
-0.083090138155916 -0.023611501543940 0.050896170577184 0.057933220838580 -0.495140780397019 0.330461150546807 1.362048684787620 -4.404220206921661 -1.784980413375159
-0.082800472051723 -0.026087205445925 0.052548476329918 0.064921313521316 -0.517738512520949 0.321477054010832 1.326677094827255 -4.289541134343544 -1.773141519540999
-0.082475865484116 -0.028675898008530 0.054155861599972 0.071731556945254 -0.539759613555557 0.312552151943957 1.291503766664981 -4.175509207084982 -1.761302625713501
-0.082117207699390 -0.031374696076307 0.055718622359692 0.078364942419390 -0.561207319227275 0.303686444346252 1.256528700296355 -4.062124425110447 -1.749463731889334
-0.081725382987293 -0.034180732672444 0.057237054581423 0.084822461252715 -0.582084865262700 0.294879931217684 1.221751895724710 -3.949386788437703 -1.737624838057394
-0.081301270681029 -0.037091156998757 0.058711454237512 0.091105104754197 -0.602395487388252 0.286132612558238 1.187173352951154 -3.837296297066750 -1.725785944233227
-0.080845745157258 -0.040103134435699 0.060142117300303 0.097213864232820 -0.622142421330441 0.277444488367951 1.152793071972358 -3.725852950997588 -1.713947050402398
-0.080359675836094 -0.043213846542351 0.061529339742142 0.103149730997576 -0.641328902815774 0.268815558646784 1.118611052792762 -3.615056750216894 -1.702108156572679
-0.079843927181106 -0.046420491056430 0.062873417535376 0.108913696357438 -0.659958167570762 0.260245823394772 1.084627295407925 -3.504907694746873 -1.690269262748512
-0.079299358699319 -0.049720281894284 0.064174646652350 0.114506751621402 -0.678033451321847 0.251735282611909 1.050841799817848 -3.395405784565320 -1.678430368918793
-0.078726824941212 -0.053110449150893 0.065433323065410 0.119929888098441 -0.695557989795581 0.243283936298166 1.017254566029191 -3.286551019692219 -1.666591475090184
-0.078127175500720 -0.056588239099871 0.066649742746901 0.125184097097530 -0.712535018718408 0.234891784453573 0.983865594031963 -3.178343400114247 -1.654752581259356
-0.077501255015232 -0.060150914193463 0.067824201669168 0.130270369927676 -0.728967773816869 0.226558827078122 0.950674883836156 -3.070782925835847 -1.642913687439629
-0.076849903165594 -0.063795753062547 0.068956995804559 0.135189697897836 -0.744859490817440 0.218285064171825 0.917682435431777 -2.963869596848134 -1.631074793603249
-0.076173954676105 -0.067520050516634 0.070048421125418 0.139943072317017 -0.760213405446619 0.210070495734627 0.884888248829929 -2.857603413175536 -1.619235899781302
-0.075474239314520 -0.071321117543867 0.071098773604091 0.144531484494176 -0.775032753430860 0.201915121766610 0.852292324018955 -2.751984374789185 -1.607397005949363
-0.074751581892049 -0.075196281311022 0.072108349212924 0.148955925738326 -0.789320770496738 0.193818942267704 0.819894661008291 -2.647012481702404 -1.595558112120754
-0.074006802263357 -0.079142885163505 0.073077443924263 0.153217387358420 -0.803080692370683 0.185781957237957 0.787695259792942 -2.542687733926297 -1.583719218294366
-0.073240715326565 -0.083158288625359 0.074006353710453 0.157316860663462 -0.816315754779195 0.177804166677353 0.755694120374573 -2.439010131436437 -1.571880324470198
-0.072454131023248 -0.087239867399255 0.074895374543839 0.161255336962426 -0.829029193448827 0.169885570585881 0.723891242753738 -2.335979674246147 -1.560041430633818
-0.071647854338436 -0.091385013366499 0.075744802396769 0.165033807564299 -0.841224244106009 0.162026168963531 0.692286626925442 -2.233596362364310 -1.548202536812981
-0.070822685300614 -0.095591134587029 0.076554933241587 0.168653263778068 -0.852904142477240 0.154225961810361 0.660880272896902 -2.131860195773161 -1.536363642981042
-0.069979418981724 -0.099855655299415 0.077326063050638 0.172114696912695 -0.864072124289061 0.146484949126297 0.629672180667562 -2.030771174488244 -1.524524749153544
-0.069118845497160 -0.104176015920860 0.078058487796270 0.175419098277180 -0.874731425267927 0.138803130911391 0.598662350229651 -1.930329298491795 -1.512685855328266
-0.068241750005774 -0.108549673047200 0.078752503450827 0.178567459180518 -0.884885281140368 0.131180507165624 0.567850781590939 -1.830534567801578 -1.500846961496327
-0.067348912709872 -0.112974099452902 0.079408405986655 0.181560770931666 -0.894536927632827 0.123617077888982 0.537237474749208 -1.731386982410932 -1.489008067671049
-0.066441108855214 -0.117446784091066 0.080026491376100 0.184400024839620 -0.903689600471835 0.116112843081501 0.506822429703346 -1.632886542319856 -1.477169173839110
-0.065519108731015 -0.121965232093425 0.080607055591507 0.187086212213367 -0.912346535383890 0.108667802743145 0.476605646453354 -1.535033247517248 -1.465330280020494
-0.064583677669949 -0.126526964770345 0.081150394605223 0.189620324361883 -0.920510968095489 0.101281956873950 0.446587125000342 -1.437827098027533 -1.453491386181893
-0.063635576048139 -0.131129519610822 0.081656804389593 0.192003352594150 -0.928186134333076 0.093955305473847 0.416766865346252 -1.341268093830728 -1.441652492355505
-0.062675559285168 -0.135770450282487 0.082126580916962 0.194236288219152 -0.935375269823213 0.086687848542938 0.387144867484979 -1.245356234929051 -1.429813598531338
-0.061704377844073 -0.140447326631604 0.082560020159677 0.196320122545883 -0.942081610292367 0.079479586081160 0.357721131422628 -1.150091521333607 -1.417974704702729
-0.060722777231343 -0.145157734683065 0.082957418090083 0.198255846883308 -0.948308391467012 0.072330518088504 0.328495657157257 -1.055473953037733 -1.406135810874121
-0.059731497996927 -0.149899276640400 0.083319070680525 0.200044452540421 -0.954058849073680 0.065240644564990 0.299468444686091 -0.961503530028107 -1.394296917044402
-0.058731275734225 -0.154669570885769 0.083645273903350 0.201686930826207 -0.959336218838869 0.058209965510619 0.270639494013292 -0.868180252333595 -1.382458023216904
-0.057722841080094 -0.159466251979963 0.083936323730903 0.203184273049638 -0.964143736489009 0.051238480925397 0.242008805138860 -0.775504119929771 -1.370619129390516
-0.056706919714845 -0.164286970662408 0.084192516135530 0.204537470519704 -0.968484637750677 0.044326190809313 0.213576378055857 -0.683475132823297 -1.358780235564128
-0.055684232362247 -0.169129393851162 0.084414147089577 0.205747514545399 -0.972362158350326 0.037473095162360 0.185342212775941 -0.592093291023055 -1.346941341728858
-0.054655494789520 -0.173991204642913 0.084601512565388 0.206815396435678 -0.975779534014443 0.030679193984540 0.157306309287453 -0.501358594509060 -1.335102447909131
-0.053621417807341 -0.178870102312985 0.084754908535311 0.207742107499558 -0.978740000469558 0.023944487275895 0.129468667596222 -0.411271043307959 -1.323263554077192
-0.052582707269844 -0.183763802315333 0.084874630971691 0.208528639045995 -0.981246793442103 0.017268975036350 0.101829287704469 -0.321830637400877 -1.311424660247473
-0.051540064074614 -0.188670036282544 0.084960975846872 0.209175982383976 -0.983303148658643 0.010652657265964 0.074388169607753 -0.233037376793366 -1.299585766422195
-0.050494184162694 -0.193586552025837 0.085014239133202 0.209685128822498 -0.984912301845647 0.004095533964726 0.047145313305796 -0.144891261477653 -1.287746872592477
-0.049445758518581 -0.198511113535065 0.085034716803026 0.210057069670537 -0.986077488729614 -0.002402394867385 0.020100718804705 -0.057392291472613 -1.275907978767199
-0.048395473170229 -0.203441500978713 0.085022704828689 0.210292796237066 -0.986801945037002 -0.008841129230347 -0.006745613905512 0.029459533246179 -1.264069084937480
-0.047344009189043 -0.208375510703898 0.084978499182537 0.210393299831090 -0.987088906494366 -0.015220669124183 -0.033393684813476 0.115664212652078 -1.252230191106651
-0.046292042689888 -0.213310955236370 0.084902395836916 0.210359571761562 -0.986941608828135 -0.021541014548870 -0.059843493928347 0.201221746770619 -1.240391297281374
-0.045240244831080 -0.218245663280511 0.084794690764172 0.210192603337495 -0.986363287764874 -0.027802165504404 -0.086095041243739 0.286132135579598 -1.228552403456096
-0.044189281814393 -0.223177479719335 0.084655679936650 0.209893385867853 -0.985357179031021 -0.034004121990810 -0.112148326769645 0.370395379104549 -1.216713509623046
-0.043139814885053 -0.228104265614490 0.084485659326696 0.209462910661634 -0.983926518353123 -0.040146884008091 -0.138003350486082 0.454011477309946 -1.204874615796658
-0.042092500331745 -0.233023898206256 0.084284924906655 0.208902169027786 -0.982074541457600 -0.046230451556206 -0.163660112420527 0.536980430237977 -1.193035721969160
-0.041047989486606 -0.237934270913544 0.084053772648874 0.208212152275355 -0.979804484071051 -0.052254824635189 -0.189118612549111 0.619302237860886 -1.181196828141662
-0.040006928725229 -0.242833293333899 0.083792498525698 0.207393851713253 -0.977119581919861 -0.058220003245035 -0.214378850881269 0.700976900163131 -1.169357934310833
-0.038969959466663 -0.247718891243498 0.083501398509473 0.206448258650507 -0.974023070730556 -0.064125987385744 -0.239440827420889 0.782004417199111 -1.157519040485555
-0.037937718173411 -0.252589006597151 0.083180768572544 0.205376364396101 -0.970518186229741 -0.069972777057298 -0.264304542162697 0.862384788919979 -1.145680146658057
-0.036910836351430 -0.257441597528300 0.082830904687258 0.204179160258997 -0.966608164143745 -0.075760372259726 -0.288969995106692 0.942118015339055 -1.133841252828338
-0.035889940550135 -0.262274638349019 0.082452102825959 0.202857637548183 -0.962296240199145 -0.081488772993016 -0.313437186252596 1.021204096463002 -1.122002358999730
-0.034875652362394 -0.267086119550014 0.082044658960994 0.201412787572650 -0.957585650122450 -0.087157979257158 -0.337706115606518 1.099643032289599 -1.110163465173342
-0.033868588424531 -0.271874047800627 0.081608869064708 0.199845601641387 -0.952479629640135 -0.092767991052156 -0.361776783159851 1.177434822816625 -1.098324571343623
-0.032869360416324 -0.276636445948827 0.081145029109448 0.198157071063354 -0.946981414478687 -0.098318808378023 -0.385649188918979 1.254579468039640 -1.086485677519455
-0.031878575061007 -0.281371353021221 0.080653435067558 0.196348187147555 -0.941094240364604 -0.103810431234741 -0.409323332878353 1.331076967974187 -1.074646783685296
-0.030896834125270 -0.286076824223044 0.080134382911384 0.194419941202960 -0.934821343024406 -0.109242859622338 -0.432799215047130 1.406927322600282 -1.062807889863349
-0.029924734419255 -0.290750930938166 0.079588168613272 0.192373324538568 -0.928165958184535 -0.114616093540765 -0.456076835410324 1.482130531926806 -1.050968996028079
-0.028962867796562 -0.295391760729088 0.079015088145568 0.190209328463332 -0.921131321571533 -0.119930132990081 -0.479156193986668 1.556686595962642 -1.039130102208352
-0.028011821154245 -0.299997417336946 0.078415437480618 0.187928944286281 -0.913720668911899 -0.125184977970222 -0.502037290760204 1.630595514696687 -1.027291208375303
-0.027072176432814 -0.304566020681506 0.077789512590767 0.185533163316347 -0.905937235932086 -0.130380628481264 -0.524720125737316 1.703857288126720 -1.015452314547804
-0.026144510616232 -0.309095706861166 0.077137609448361 0.183022976862546 -0.897784258358603 -0.135517084523140 -0.547204698921333 1.776471916263844 -1.003613420720306
-0.025229395731919 -0.313584628152959 0.076460024025745 0.180399376233860 -0.889264971917969 -0.140594346095879 -0.569491010304624 1.848439399090296 -0.991774526890588
-0.024327398850750 -0.318030953012549 0.075757052295265 0.177663352739253 -0.880382612336650 -0.145612413199481 -0.591579059896208 1.919759736637161 -0.979935633067530
-0.023439082087054 -0.322432866074232 0.075028990229268 0.174815897687730 -0.871140415341198 -0.150571285833934 -0.613468847684984 1.990432928873354 -0.968096739235591
-0.022565002598615 -0.326788568150938 0.074276133800098 0.171858002388249 -0.861541616658013 -0.155470963999271 -0.635160373682886 2.060458975801094 -0.956257845406983
-0.021705712586674 -0.331096276234228 0.073498778980102 0.168790658149824 -0.851589452013646 -0.160311447695449 -0.656653637880339 2.129837877453689 -0.944418951581705
-0.020861759295925 -0.335354223494296 0.072697221741625 0.165614856281410 -0.841287157134640 -0.165092736922484 -0.677948640282755 2.198569633782288 -0.932580057749766
-0.020033685014518 -0.339560659279970 0.071871758057012 0.162331588092008 -0.830637967747372 -0.169814831680393 -0.699045380890828 2.266654244837962 -0.920741163924488
-0.019222027074058 -0.343713849118707 0.071022683898610 0.158941844890594 -0.819645119578460 -0.174477731969142 -0.719943859699701 2.334091710576303 -0.908902270095879
-0.018427317849605 -0.347812074716599 0.070150295238765 0.155446617986140 -0.808311848354271 -0.179081437788764 -0.740644076710206 2.400882031012852 -0.897063376268381
-0.017650084759674 -0.351853633958370 0.069254888049821 0.151846898687642 -0.796641389801389 -0.183625949139243 -0.761146031924637 2.467025206152051 -0.885224482439773
-0.016890850266236 -0.355836840907377 0.068336758304125 0.148143678304091 -0.784636979646325 -0.188111266020585 -0.781449725347910 2.532521236016105 -0.873385588611164
-0.016150131874715 -0.359760025805609 0.067396201974022 0.144337948144467 -0.772301853615565 -0.192537388432784 -0.801555156969974 2.597370120551723 -0.861546694783666
-0.015428442133993 -0.363621535073687 0.066433515031858 0.140430699517728 -0.759639247435484 -0.196904316375840 -0.821462326793115 2.661571859794432 -0.849707800957278
-0.014726288636404 -0.367419731310864 0.065448993449979 0.136422923732878 -0.746652396832725 -0.201212049849758 -0.841171234823784 2.725126453750892 -0.837868907126449
-0.014044174017740 -0.371152993295028 0.064442933200730 0.132315612098912 -0.733344537533753 -0.205460588854545 -0.860681881061504 2.788033902403342 -0.826030013298951
-0.013382595957245 -0.374819715982696 0.063415630256457 0.128109755924793 -0.719718905264999 -0.209649933390177 -0.879994265494607 2.850294205756221 -0.814191119472563
-0.012742047177621 -0.378418310509021 0.062367380589506 0.123806346519486 -0.705778735752982 -0.213780083456672 -0.899108388126985 2.911907363776223 -0.802352225642844
-0.012123015445024 -0.381947204187786 0.061298480172223 0.119406375192013 -0.691527264724201 -0.217851039054034 -0.918024248983962 2.972873376574370 -0.790513331815346
-0.011525983569064 -0.385404840511407 0.060209224976953 0.114910833251378 -0.676967727905320 -0.221862800182249 -0.936741848020298 3.033192243997451 -0.778674437987847
-0.010951429402807 -0.388789679150934 0.059099910976041 0.110320712006458 -0.662103361022448 -0.225815366841325 -0.955261185277487 3.092863966174253 -0.766835544161459
-0.010399825842775 -0.392100195956046 0.057970834141835 0.105637002766357 -0.646937399802461 -0.229708739031265 -0.973582260722153 3.151888543000414 -0.754996650330630
-0.009871640828943 -0.395334882955058 0.056822290446678 0.100860696839969 -0.631473079971590 -0.233542916752072 -0.991705074386978 3.210265974586957 -0.743157756500912
-0.009367337344743 -0.398492248354916 0.055654575862918 0.095992785536358 -0.615713637256587 -0.237317900003725 -1.009629626239905 3.267996260818418 -0.731318862676744
-0.008887373417061 -0.401570816541199 0.054467986362899 0.091034260164424 -0.599662307383653 -0.241033688786230 -1.027355916314587 3.325079401810260 -0.719479968847025
-0.008432202116239 -0.404569128078118 0.053262817918968 0.085986112033224 -0.583322326079561 -0.244690283099613 -1.044883944568942 3.381515397435919 -0.707641075019527
-0.008002271556073 -0.407485739708515 0.052039366503470 0.080849332451651 -0.566696929070509 -0.248287682943849 -1.062213711048032 3.437304247819739 -0.695802181189809
-0.007598024893815 -0.410319224353868 0.050797928088751 0.075624912728806 -0.549789352083330 -0.251825888318946 -1.079345215717653 3.492445952870682 -0.683963287365641
-0.007219900330171 -0.413068171114285 0.049538798647156 0.070313844173566 -0.532602830844231 -0.255304899224895 -1.096278458596993 3.546940512635377 -0.672124393531481
-0.006868331109303 -0.415731185268506 0.048262274151032 0.064917118094978 -0.515140601079878 -0.258724715661723 -1.113013439674494 3.600787927096061 -0.660285499709534
-0.006543745518828 -0.418306888273905 0.046968650572723 0.059435725801993 -0.497405898516701 -0.262085337629381 -1.129550158961504 3.653988196266056 -0.648446605877595
-0.006246566889818 -0.420793917766489 0.045658223884576 0.053870658603621 -0.479401958881220 -0.265386765127928 -1.145888616445462 3.706541320123158 -0.636607712052317
-0.005977213596800 -0.423190927560895 0.044331290058937 0.048222907808813 -0.461132017899890 -0.268628998157316 -1.162028812145451 3.758447298718437 -0.624768818222599
-0.005736099057756 -0.425496587650394 0.042988145068150 0.042493464726586 -0.442599311299274 -0.271812036717578 -1.177970746030800 3.809706131958635 -0.612929924395100
-0.005523631734123 -0.427709584206891 0.041629084884562 0.036683320665858 -0.423807074805682 -0.274935880808691 -1.193714418127531 3.860317819925907 -0.601091030566492
-0.005340215130794 -0.429828619580919 0.040254405480519 0.030793466935704 -0.404758544145889 -0.278000530430667 -1.209259828432799 3.910282362604711 -0.589252136736773
-0.005186247796115 -0.431852412301648 0.038864402828365 0.024824894845067 -0.385456955046259 -0.281005985583499 -1.224606976938068 3.959599759983945 -0.577413242913716
-0.005062123321890 -0.433779697076880 0.037459372900448 0.018778595702903 -0.365905543233236 -0.283952246267183 -1.239755863645595 4.008270012050286 -0.565574349081777
-0.004968230343375 -0.435609224793046 0.036039611669112 0.012655560818212 -0.346107544433316 -0.286839312481751 -1.254706488549827 4.056293118803733 -0.553735455253168
-0.004904952539284 -0.437339762515212 0.034605415106703 0.006456781499985 -0.326066194373065 -0.289667184227160 -1.269458851675155 4.103669080310901 -0.541896561427890
-0.004872668631784 -0.438970093487078 0.033157079185567 0.000183249057235 -0.305784728779046 -0.292435861503426 -1.284012952984005 4.150397896458546 -0.530057667599282
-0.004871752386498 -0.440499017130973 0.031694899878050 -0.006164045201140 -0.285266383377492 -0.295145344310566 -1.298368792509164 4.196479567346589 -0.518218773770673
-0.004902572612504 -0.441925349047860 0.030219173156497 -0.012584109966060 -0.264514393895199 -0.297795632648562 -1.312526370239701 4.241914092937282 -0.506379879937624
-0.004965493162334 -0.443247921017336 0.028730194993255 -0.019075953928606 -0.243531996058466 -0.300386726517415 -1.326485686159208 4.286701473188437 -0.494540986119008
-0.005060872931977 -0.444465580997629 0.027228261360668 -0.025638585779805 -0.222322425593779 -0.302918625917104 -1.340246740291970 4.330841708177768 -0.482702092285958
-0.005189065860876 -0.445577193125598 0.025713668231082 -0.032271014210601 -0.200888918227837 -0.305391330847699 -1.353809532628793 4.374334797858648 -0.470863198457350
-0.005350420931929 -0.446581637716737 0.024186711576844 -0.038972247912061 -0.179234709686948 -0.307804841309128 -1.367174063169330 4.417180742244398 -0.459024304633182
-0.005545282171490 -0.447477811265172 0.022647687370298 -0.045741295575205 -0.157363035697655 -0.310159157301415 -1.380340331910632 4.459379541330577 -0.447185410800133
-0.005773988649366 -0.448264626443660 0.021096891583791 -0.052577165891051 -0.135277131986433 -0.312454278824581 -1.393308338858319 4.500931195117186 -0.435346516971524
-0.006036874478821 -0.448941012103592 0.019534620189668 -0.059478867550604 -0.112980234279780 -0.314690205878582 -1.406078083998860 4.541835703575359 -0.423507623149577
-0.006334268816574 -0.449505913274991 0.017961169160275 -0.066445409244896 -0.090475578304194 -0.316866938463439 -1.418649567357275 4.582093066780590 -0.411668729315418
-0.006666495862798 -0.449958291166512 0.016376834467958 -0.073475799664890 -0.067766399786318 -0.318984476579187 -1.431022788907083 4.621703284652945 -0.399829835492360
-0.007033874861123 -0.450297123165444 0.014781912085062 -0.080569047501677 -0.044855934452415 -0.321042820225764 -1.443197748668620 4.660666357250154 -0.387990941660421
-0.007436720098631 -0.450521402837706 0.013176697983933 -0.087724161446212 -0.021747418029150 -0.323041969403226 -1.455174446640742 4.698982284561115 -0.376152047835143
-0.007875340905862 -0.450630139927851 0.011561488136917 -0.094940150189555 0.001555913757101 -0.324981924111528 -1.466952882786532 4.736651066492570 -0.364313154007645
-0.008350041656810 -0.450622360359066 0.009936578516359 -0.102216022422759 0.025050825179906 -0.326862684350704 -1.478533057175865 4.773672703244358 -0.352474260176816
-0.008861121768924 -0.450497106233166 0.008302265094606 -0.109550786836692 0.048734080512369 -0.328684250120742 -1.489914969731790 4.810047194589995 -0.340635366345987
-0.009408875703107 -0.450253435830604 0.006658843844002 -0.116943452122571 0.072602444028591 -0.330446621421626 -1.501098620521196 4.845774540715997 -0.328796472527371
