-0.008013675139098 -0.396501008792082 0.000000000000000 0.137219443521708 -0.154797000067231 0.213644698497761 -3.690186230982387 13.771962503414947 0.912087723587973
-0.007327577921489 -0.397274993792418 0.001068223492489 0.118768512366796 -0.085937187550156 0.218205137115701 -3.599208391607267 13.432428584514433 0.848676023426087
-0.006733735359655 -0.397704679730169 0.002159249178067 0.100772470408759 -0.018775044627584 0.222448517232832 -3.508567364335011 13.094151665467013 0.785264323255319
-0.006229873007612 -0.397798554953307 0.003271491764231 0.083229633587084 0.046695713699751 0.226374838849108 -3.418263149140460 12.757131746241601 0.721852623097874
-0.005813724839676 -0.397565076384808 0.004403365958477 0.066138317841382 0.110481372430959 0.229984101964598 -3.328295746058314 12.421368826898149 0.658440922927106
-0.005483033250469 -0.397012669522653 0.005553286468300 0.049496839111090 0.172588216565450 0.233276306579233 -3.238665155054013 12.086862907365603 0.595029222765220
-0.005235549054914 -0.396149728439826 0.006719668001196 0.033303513335820 0.233022531102278 0.236251452693059 -3.149371376149554 11.753613987697253 0.531617522603334
-0.005069031488235 -0.394984615784314 0.007900925264661 0.017556656455073 0.291790601040764 0.238909540306076 -3.060414409342127 11.421622067877557 0.468205822432566
-0.004981248205959 -0.393525662779111 0.009095472966192 0.002254584408362 0.348898711380152 0.241250569418239 -2.971794254615946 11.090887147868767 0.404794122270680
-0.004969975283918 -0.391781169222210 0.010301725813283 -0.012604386864718 0.404353147119496 0.243274540029592 -2.883510911997136 10.761409227753038 0.341382422108794
-0.005032997218241 -0.389759403486612 0.011518098513431 -0.027021941424703 0.458160193258261 0.244981452140136 -2.795564381462938 10.433188307445995 0.277970721942467
-0.005168106925365 -0.387468602520321 0.012743005774132 -0.040999763332018 0.510326134795491 0.246371305749848 -2.707954663023968 10.106224387003149 0.214559021780580
-0.005373105742025 -0.384916971846344 0.013974862302881 -0.054539536647138 0.560857256730507 0.247444100858751 -2.620681756680988 9.780517466400074 0.151147321609812
-0.005645803425260 -0.382112685562691 0.015212082807175 -0.067642945430543 0.609759844062507 0.248199837466800 -2.533745662427372 9.456067545636770 0.087735621447926
-0.005984018152413 -0.379063886342379 0.016453081994509 -0.080311673742680 0.657040181790691 0.248638515574040 -2.447146380270931 9.132874624728782 0.024323921281599
-0.006385576521127 -0.375778685433425 0.017696274572379 -0.092547405644034 0.702704554914335 0.248760135180448 -2.360883910206035 8.810938703660565 -0.039087778875846
-0.006848313549347 -0.372265162658853 0.018940075248281 -0.104351825195065 0.746759248432638 0.248564696286069 -2.274958252232001 8.490259782429899 -0.102499479051055
-0.007370072675322 -0.368531366416690 0.020182898729711 -0.115726616456225 0.789210547344787 0.248052198890814 -2.189369406355443 8.170837861054547 -0.165911179208500
-0.007948705757603 -0.364585313679966 0.021423159724166 -0.126673463488002 0.830064736650060 0.247222642994771 -2.104117372573322 7.852672939527849 -0.229322879374827
-0.008582073075043 -0.360434989996716 0.022659272939139 -0.137194050350868 0.869328101347699 0.246076028597897 -2.019202150878446 7.535765017838703 -0.292734579536713
-0.009268043326798 -0.356088349489977 0.023889653082129 -0.147290061105261 0.907006926436893 0.244612355700213 -1.934623741280467 7.220114095980446 -0.356146279707481
-0.010004493632324 -0.351553314857793 0.025112714860630 -0.156963179811663 0.943107496916795 0.242831624301676 -1.850382143780555 6.905720174008589 -0.419557979864926
-0.010789309531382 -0.346837777373209 0.026326872982138 -0.166215090530566 0.977636097786838 0.240733834402351 -1.766477358362967 6.592583251834316 -0.482969680035694
-0.011620384984035 -0.341949596884275 0.027530542154150 -0.175047477322381 1.010599014046010 0.238318986002173 -1.682909385048170 6.280703329530901 -0.546381380197580
-0.012495622370647 -0.336896601814045 0.028722137084161 -0.183462024247621 1.042002530693664 0.235587079101185 -1.599678223823536 5.970080407076139 -0.609793080363907
-0.013412932491885 -0.331686589160576 0.029900072479667 -0.191460415366739 1.071852932729045 0.232538113699365 -1.516783874694544 5.660714484454488 -0.673204780525793
-0.014370234568719 -0.326327324496931 0.031062763048164 -0.199044334740212 1.100156505151317 0.229172089796736 -1.434226337653499 5.352605561681489 -0.736616480692120
-0.015365456242420 -0.320826541971175 0.032208623497147 -0.206215466428479 1.126919532959725 0.225489007393276 -1.352005612711499 5.045753638754924 -0.800028180858448
-0.016396533574562 -0.315191944306376 0.033336068534114 -0.212975494492037 1.152148301153499 0.221488866488984 -1.270121699859100 4.740158715668130 -0.863439881020334
-0.017461411047022 -0.309431202800609 0.034443512866559 -0.219326102991332 1.175849094731840 0.217171667083882 -1.188574599100545 4.435820792432210 -0.926851581182220
-0.018558041561979 -0.303551957326949 0.035529371201978 -0.225268975986835 1.198028198694001 0.212537409177971 -1.107364310440617 4.132739869051605 -0.990263281352988
-0.019684386441913 -0.297561816333479 0.036592058247868 -0.230805797539038 1.218691898039259 0.207586092771206 -1.026490833865856 3.830915945490787 -1.053674981514874
-0.020838415429608 -0.291468356843283 0.037629988711724 -0.235938251708367 1.237846477766713 0.202317717863632 -0.945954169386809 3.530349021785284 -1.117086681681201
-0.022018106688150 -0.285279124454449 0.038641577301042 -0.240668022555302 1.255498222875640 0.196732284455226 -0.865754317007777 3.231039097941757 -1.180498381843087
-0.023221446800927 -0.279001633340071 0.039625238723318 -0.244996794140340 1.271653418365348 0.190829792546010 -0.785891276714329 2.932986173924679 -1.243910082004973
-0.024446430771628 -0.272643366248245 0.040579387686048 -0.248926250523912 1.286318349234972 0.184610242135985 -0.706365048518676 2.636190249762915 -1.307321782175741
-0.025691062024248 -0.266211774502070 0.041502438896728 -0.252458075766505 1.299499300483786 0.178073633225106 -0.627175632411237 2.340651325427601 -1.370733482337627
-0.026953352403080 -0.259714277999651 0.042392807062854 -0.255593953928562 1.311202557110924 0.171219965813418 -0.548323028403552 2.046369400964254 -1.434145182503954
-0.028231322172723 -0.253158265214096 0.043248906891921 -0.258335569070579 1.321434404115746 0.164049239900899 -0.469807236485320 1.753344476322916 -1.497556882670281
-0.029523000018076 -0.246551093193517 0.044069153091425 -0.260684605253006 1.330201126497360 0.156561455487547 -0.391628256661281 1.461576551544663 -1.560968582827726
-0.030826423044341 -0.239900087561031 0.044851960368863 -0.262642746536312 1.337509009255083 0.148756612573409 -0.313786088932122 1.171065626597301 -1.624380282998494
-0.032139636777023 -0.233212542514755 0.045595743431730 -0.264211676980973 1.343364337388070 0.140634711158416 -0.236280733295069 0.881811701507473 -1.687791983155940
-0.033460695161928 -0.226495720827815 0.046298916987522 -0.265393080647448 1.347773395895607 0.132195751242636 -0.159112189748456 0.593814776249646 -1.751203683331148
-0.034787660565165 -0.219756853848337 0.046959895743735 -0.266188641596191 1.350742469776856 0.123439732825981 -0.082280458302275 0.307074850848243 -1.814615383488594
-0.036118603773146 -0.213003141499453 0.047577094407865 -0.266600043887702 1.352277844031097 0.114366655908538 -0.005785538941816 0.021591925281061 -1.878027083659362
-0.037451603992584 -0.206241752279297 0.048148927687408 -0.266628971582411 1.352385803657502 0.104976520490241 0.070372568321264 -0.262634000428585 -1.941438783812366
-0.038784748850496 -0.199479823261010 0.048673810289859 -0.266277108740805 1.351072633655359 0.095269326571179 0.146193863488076 -0.545602926299571 -2.004850483987575
-0.040116134394200 -0.192724460092733 0.049150156922715 -0.265546139423364 1.348344619023861 0.085245074151241 0.221678346569443 -0.827314852331895 -2.068262184149461
-0.041443865091317 -0.185982736997613 0.049576382293471 -0.264437747690517 1.344208044762202 0.074903763230494 0.296826017550655 -1.107769778505574 -2.131673884311347
-0.042766053829770 -0.179261696773802 0.049950901109624 -0.262953617602764 1.338669195869674 0.064245393808937 0.371636876440873 -1.386967704846143 -2.195085584482115
-0.044080821917784 -0.172568350794454 0.050272128078668 -0.261095433220560 1.331734357345443 0.053269965886527 0.446110923237597 -1.664908631330286 -2.258497284639560
-0.045386299083886 -0.165909679007727 0.050538477908101 -0.258864878604372 1.323409814188792 0.041977479463329 0.520248157941383 -1.941592557984650 -2.321908984805887
-0.046680623476908 -0.159292629936783 0.050748365305418 -0.256263637814665 1.313701851398869 0.030367934539299 0.594048580550843 -2.217019484777039 -2.385320684976655
-0.047961941665982 -0.152724120679789 0.050900204978114 -0.253293394911910 1.302616753974983 0.018441331114416 0.667512191067643 -2.491189411739647 -2.448732385134100
-0.049228408640541 -0.146211036909914 0.050992411633686 -0.249955833956572 1.290160806916285 0.006197669188746 0.740638989490117 -2.764102338843610 -2.512144085300427
-0.050478187810324 -0.139760232875332 0.051023399979630 -0.246252639009122 1.276340295222067 -0.006363051237757 0.813428975822428 -3.035758266116684 -2.575555785466754
-0.051709451005370 -0.133378531399222 0.050991584723441 -0.242185494130009 1.261161503891484 -0.019240830165090 0.885882150055417 -3.306157193525561 -2.638967485628640
-0.052920378476020 -0.127072723879764 0.050895380572616 -0.237756083379732 1.244630717923856 -0.032435667593234 0.957998512200464 -3.575299121110209 -2.702379185799408
-0.054109158892918 -0.120849570290145 0.050733202234650 -0.232966090818730 1.226754222318305 -0.045947563522231 1.029778062250630 -3.843184048832882 -2.765790885952413
-0.055273989347012 -0.114715799178554 0.050503464417038 -0.227817200507477 1.207538302074140 -0.059776517951993 1.101220800205360 -4.109811976722444 -2.829202586132062
-0.056413075349549 -0.108678107668183 0.050204581827278 -0.222311096506450 1.186989242190528 -0.073922530882653 1.172326726069650 -4.375182904763353 -2.892614286285067
-0.057524630832082 -0.102743161457230 0.049834969172865 -0.216449462876102 1.165113327666711 -0.088385602314078 1.243095839839337 -4.639296832953388 -2.956025986451394
-0.058606878146462 -0.096917594818897 0.049393041161295 -0.210233983676905 1.141916843501944 -0.103165732246335 1.313528141514697 -4.902153761308092 -3.019437686622162
-0.059658048064847 -0.091208010601387 0.048877212500063 -0.203666342969332 1.117406074695404 -0.118262920679446 1.383623631097952 -5.163753689807482 -3.082849386784048
-0.060676379779693 -0.085620980227910 0.048285897896666 -0.196748224813842 1.091587306246367 -0.133677167613366 1.453382308587159 -5.424096618473762 -3.146261086941493
-0.061660120903763 -0.080163043696678 0.047617512058599 -0.189481313270906 1.064466823153998 -0.149408473048074 1.522804173982872 -5.683182547280285 -3.209672787116702
-0.062607527470117 -0.074840709580908 0.046870469693359 -0.181867292400992 1.036050910417596 -0.165456836983657 1.591889227287036 -5.941011476251479 -3.273084487274147
-0.063516863932122 -0.069660455028820 0.046043185508440 -0.173907846264557 1.006345853036339 -0.181822259420028 1.660637468494652 -6.197583405385121 -3.336496187444915
-0.064386403163445 -0.064628725763638 0.045134074211340 -0.165604658922083 0.975357936009413 -0.198504740357253 1.729048897612939 -6.452898334652346 -3.399907887602360
-0.065214426458055 -0.059751936083591 0.044141550509554 -0.156959414434019 0.943093444336152 -0.215504279795264 1.797123514633014 -6.706956264090902 -3.463319587773128
-0.065999223530225 -0.055036468861911 0.043064029110578 -0.147973796860854 0.909558663015697 -0.232820877734130 1.864861319562650 -6.959757193680804 -3.526731287930573
-0.066739092514530 -0.050488675546832 0.041899924721907 -0.138649490263040 0.874759877047293 -0.250454534173783 1.932262312400179 -7.211301123422054 -3.590142988101341
-0.067432339965845 -0.046114876161596 0.040647652051038 -0.128988178701039 0.838703371430183 -0.268405249114290 1.999326493140607 -7.461588053325752 -3.653554688267668
-0.068077280859350 -0.041921359304445 0.039305625805467 -0.118991546235336 0.801395431163554 -0.286673022555628 2.066053861790595 -7.710617983374135 -3.716966388425114
-0.068672238590527 -0.037914382148627 0.037872260692689 -0.108661276926383 0.762842341246683 -0.305257854497754 2.132444418348478 -7.958390913589408 -3.780378088595882
-0.069215544975159 -0.034100170442394 0.036345971420200 -0.097999054834641 0.723050386678736 -0.324159744940733 2.198498162805373 -8.204906843942705 -3.843789788757768
-0.069705540249332 -0.030484918509000 0.034725172695496 -0.087006564020614 0.682025852459023 -0.343378693884522 2.264215095180711 -8.450165774469554 -3.907201488924095
-0.070140573069435 -0.027074789246705 0.033008279226074 -0.075685488544711 0.639775023586675 -0.362914701329142 2.329595215451175 -8.694167705143308 -3.970613189085981
-0.070519000512158 -0.023875914128771 0.031193705719428 -0.064037512467455 0.596304185060959 -0.382767767274572 2.394638523636194 -8.936912635966188 -4.034024889252308
-0.070839188074496 -0.020894393203467 0.029279866883055 -0.052064319849274 0.551619621881128 -0.402937891720834 2.459345019724668 -9.178400566955958 -4.097436589418635
-0.071099509673742 -0.018136295094061 0.027265177424451 -0.039767594750650 0.505727619046348 -0.423425074667927 2.523714703718816 -9.418631498085972 -4.160848289580521
-0.071298347647495 -0.015607656998829 0.025148052051111 -0.027149021232056 0.458634461555918 -0.444229316115829 2.587747575623633 -9.657605429389537 -4.224259989742407
-0.071434092753656 -0.013314484691050 0.022926905470532 -0.014210283353938 0.410346434408970 -0.465350616064542 2.651443635428019 -9.895322360826686 -4.287671689913175
-0.071505144170425 -0.011262752519005 0.020600152390209 -0.000953065176798 0.360869822604837 -0.486788974514107 2.714802883147516 -10.131782292437386 -4.351083390075061
-0.071509909496309 -0.009458403405981 0.018166207517639 0.012620949238940 0.310210911142650 -0.508544391464483 2.777825318767690 -10.366985224194991 -4.414495090241388
-0.071446804750115 -0.007907348850267 0.015623485560316 0.026510075832778 0.258375985021675 -0.530616866915690 2.840510942296315 -10.600931156103943 -4.477906790398833
-0.071314254370951 -0.006615468925159 0.012970401225738 0.040712630544260 0.205371329241155 -0.553006400867684 2.902859753731168 -10.833620088173124 -4.541318490574042
-0.071110691218229 -0.005588612278953 0.010205369221399 0.055226929312915 0.151203228800290 -0.575712993320554 2.964871753075027 -11.065052020398092 -4.604730190735928
-0.070834556571665 -0.004832596134952 0.007326804254797 0.070051288078291 0.095877968698299 -0.598736644274234 3.026546940320118 -11.295226952769966 -4.668141890897815
-0.070484300131273 -0.004353206291460 0.004333121033426 0.085184022779891 0.039401833934449 -0.622077353728723 3.087885315479211 -11.524144885308729 -4.731553591055260
-0.070058380017374 -0.004156197121788 0.001222734264782 0.100623449357287 -0.018218890492094 -0.645735121683999 3.148886878537316 -11.751805817994398 -4.794965291234909
-0.069555262770587 -0.004247291574249 -0.002005941343638 0.116367883749974 -0.076977919582066 -0.669709948140174 3.148886878537316 -11.751805817994398 -4.794965291234909
-0.068973423351838 -0.004632181172159 -0.005354491084339 -0.116367883749974 0.076977919582066 0.669709948140174 3.087885315479211 -11.524144885308729 -4.731553591055260
-0.069555262770587 -0.004247291574249 -0.002005941343638 -0.100623449357287 0.018218890492094 0.645735121683999 3.026546940320118 -11.295226952769966 -4.668141890897815
-0.070058380017374 -0.004156197121788 0.001222734264782 -0.085184022779891 -0.039401833934449 0.622077353728723 2.964871753075027 -11.065052020398092 -4.604730190735928
-0.070484300131273 -0.004353206291460 0.004333121033426 -0.070051288078291 -0.095877968698299 0.598736644274234 2.902859753731168 -10.833620088173124 -4.541318490574042
-0.070834556571665 -0.004832596134952 0.007326804254797 -0.055226929312915 -0.151203228800290 0.575712993320554 2.840510942296315 -10.600931156103943 -4.477906790398833
-0.071110691218229 -0.005588612278953 0.010205369221399 -0.040712630544260 -0.205371329241155 0.553006400867684 2.777825318767690 -10.366985224194991 -4.414495090241388
-0.071314254370951 -0.006615468925159 0.012970401225738 -0.026510075832778 -0.258375985021675 0.530616866915690 2.714802883147516 -10.131782292437386 -4.351083390075061
-0.071446804750115 -0.007907348850267 0.015623485560316 -0.012620949238940 -0.310210911142650 0.508544391464483 2.651443635428019 -9.895322360826686 -4.287671689913175
-0.071509909496309 -0.009458403405981 0.018166207517639 0.000953065176798 -0.360869822604837 0.486788974514107 2.587747575623633 -9.657605429389537 -4.224259989742407
-0.071505144170425 -0.011262752519005 0.020600152390209 0.014210283353938 -0.410346434408970 0.465350616064542 2.523714703718816 -9.418631498085972 -4.160848289580521
-0.071434092753656 -0.013314484691050 0.022926905470532 0.027149021232056 -0.458634461555918 0.444229316115829 2.459345019724668 -9.178400566955958 -4.097436589418635
-0.071298347647495 -0.015607656998829 0.025148052051111 0.039767594750650 -0.505727619046348 0.423425074667927 2.394638523636194 -8.936912635966188 -4.034024889252308
-0.071099509673742 -0.018136295094061 0.027265177424451 0.052064319849274 -0.551619621881128 0.402937891720834 2.329595215451175 -8.694167705143308 -3.970613189085981
-0.070839188074496 -0.020894393203467 0.029279866883055 0.064037512467455 -0.596304185060959 0.382767767274572 2.264215095180711 -8.450165774469554 -3.907201488924095
-0.070519000512158 -0.023875914128771 0.031193705719428 0.075685488544711 -0.639775023586675 0.362914701329142 2.198498162805373 -8.204906843942705 -3.843789788757768
-0.070140573069435 -0.027074789246705 0.033008279226074 0.087006564020614 -0.682025852459023 0.343378693884522 2.132444418348478 -7.958390913589408 -3.780378088595882
-0.069705540249332 -0.030484918509000 0.034725172695496 0.097999054834641 -0.723050386678736 0.324159744940733 2.066053861790595 -7.710617983374135 -3.716966388425114
-0.069215544975159 -0.034100170442394 0.036345971420200 0.108661276926383 -0.762842341246683 0.305257854497754 1.999326493140607 -7.461588053325752 -3.653554688267668
-0.068672238590527 -0.037914382148627 0.037872260692689 0.118991546235336 -0.801395431163554 0.286673022555628 1.932262312400179 -7.211301123422054 -3.590142988101341
-0.068077280859350 -0.041921359304445 0.039305625805467 0.128988178701039 -0.838703371430183 0.268405249114290 1.864861319562650 -6.959757193680804 -3.526731287930573
-0.067432339965845 -0.046114876161596 0.040647652051038 0.138649490263040 -0.874759877047293 0.250454534173783 1.797123514633014 -6.706956264090902 -3.463319587773128
-0.066739092514530 -0.050488675546832 0.041899924721907 0.147973796860854 -0.909558663015697 0.232820877734130 1.729048897612939 -6.452898334652346 -3.399907887602360
-0.065999223530225 -0.055036468861911 0.043064029110578 0.156959414434019 -0.943093444336152 0.215504279795264 1.660637468494652 -6.197583405385121 -3.336496187444915
-0.065214426458055 -0.059751936083591 0.044141550509554 0.165604658922083 -0.975357936009413 0.198504740357253 1.591889227287036 -5.941011476251479 -3.273084487274147
-0.064386403163445 -0.064628725763638 0.045134074211340 0.173907846264557 -1.006345853036339 0.181822259420028 1.522804173982872 -5.683182547280285 -3.209672787116702
-0.063516863932122 -0.069660455028820 0.046043185508440 0.181867292400992 -1.036050910417596 0.165456836983657 1.453382308587159 -5.424096618473762 -3.146261086941493
-0.062607527470117 -0.074840709580908 0.046870469693359 0.189481313270906 -1.064466823153998 0.149408473048074 1.383623631097952 -5.163753689807482 -3.082849386784048
-0.061660120903763 -0.080163043696678 0.047617512058599 0.196748224813842 -1.091587306246367 0.133677167613366 1.313528141514697 -4.902153761308092 -3.019437686622162
-0.060676379779693 -0.085620980227910 0.048285897896666 0.203666342969332 -1.117406074695404 0.118262920679446 1.243095839839337 -4.639296832953388 -2.956025986451394
-0.059658048064847 -0.091208010601387 0.048877212500063 0.210233983676905 -1.141916843501944 0.103165732246335 1.172326726069650 -4.375182904763353 -2.892614286285067
-0.058606878146462 -0.096917594818897 0.049393041161295 0.216449462876102 -1.165113327666711 0.088385602314078 1.101220800205360 -4.109811976722444 -2.829202586132062
-0.057524630832082 -0.102743161457230 0.049834969172865 0.222311096506450 -1.186989242190528 0.073922530882653 1.029778062250630 -3.843184048832882 -2.765790885952413
-0.056413075349549 -0.108678107668183 0.050204581827278 0.227817200507477 -1.207538302074140 0.059776517951993 0.957998512200464 -3.575299121110209 -2.702379185799408
-0.055273989347012 -0.114715799178554 0.050503464417038 0.232966090818730 -1.226754222318305 0.045947563522231 0.885882150055417 -3.306157193525561 -2.638967485628640
-0.054109158892918 -0.120849570290145 0.050733202234650 0.237756083379732 -1.244630717923856 0.032435667593234 0.813428975822428 -3.035758266116684 -2.575555785466754
-0.052920378476020 -0.127072723879764 0.050895380572616 0.242185494130009 -1.261161503891484 0.019240830165090 0.740638989490117 -2.764102338843610 -2.512144085300427
-0.051709451005370 -0.133378531399222 0.050991584723441 0.246252639009122 -1.276340295222067 0.006363051237757 0.667512191067643 -2.491189411739647 -2.448732385134100
-0.050478187810324 -0.139760232875332 0.051023399979630 0.249955833956572 -1.290160806916285 -0.006197669188746 0.594048580550843 -2.217019484777039 -2.385320684976655
-0.049228408640541 -0.146211036909914 0.050992411633686 0.253293394911910 -1.302616753974983 -0.018441331114416 0.520248157941383 -1.941592557984650 -2.321908984805887
-0.047961941665982 -0.152724120679789 0.050900204978114 0.256263637814665 -1.313701851398869 -0.030367934539299 0.446110923237597 -1.664908631330286 -2.258497284639560
-0.046680623476908 -0.159292629936783 0.050748365305418 0.258864878604372 -1.323409814188792 -0.041977479463329 0.371636876440873 -1.386967704846143 -2.195085584482115
-0.045386299083886 -0.165909679007727 0.050538477908101 0.261095433220560 -1.331734357345443 -0.053269965886527 0.296826017550655 -1.107769778505574 -2.131673884311347
-0.044080821917784 -0.172568350794454 0.050272128078668 0.262953617602764 -1.338669195869674 -0.064245393808937 0.221678346569443 -0.827314852331895 -2.068262184149461
-0.042766053829770 -0.179261696773802 0.049950901109624 0.264437747690517 -1.344208044762202 -0.074903763230494 0.146193863488076 -0.545602926299571 -2.004850483987575
-0.041443865091317 -0.185982736997613 0.049576382293471 0.265546139423364 -1.348344619023861 -0.085245074151241 0.070372568321264 -0.262634000428585 -1.941438783812366
-0.040116134394200 -0.192724460092733 0.049150156922715 0.266277108740805 -1.351072633655359 -0.095269326571179 -0.005785538941816 0.021591925281061 -1.878027083659362
-0.038784748850496 -0.199479823261010 0.048673810289859 0.266628971582411 -1.352385803657502 -0.104976520490241 -0.082280458302275 0.307074850848243 -1.814615383488594
-0.037451603992584 -0.206241752279297 0.048148927687408 0.266600043887702 -1.352277844031097 -0.114366655908538 -0.159112189748456 0.593814776249646 -1.751203683331148
-0.036118603773146 -0.213003141499453 0.047577094407865 0.266188641596191 -1.350742469776856 -0.123439732825981 -0.236280733295069 0.881811701507473 -1.687791983155940
-0.034787660565165 -0.219756853848337 0.046959895743735 0.265393080647448 -1.347773395895607 -0.132195751242636 -0.313786088932122 1.171065626597301 -1.624380282998494
-0.033460695161928 -0.226495720827815 0.046298916987522 0.264211676980973 -1.343364337388070 -0.140634711158416 -0.391628256661281 1.461576551544663 -1.560968582827726
-0.032139636777023 -0.233212542514755 0.045595743431730 0.262642746536312 -1.337509009255083 -0.148756612573409 -0.469807236485320 1.753344476322916 -1.497556882670281
-0.030826423044341 -0.239900087561031 0.044851960368863 0.260684605253006 -1.330201126497360 -0.156561455487547 -0.548323028403552 2.046369400964254 -1.434145182503954
-0.029523000018076 -0.246551093193517 0.044069153091425 0.258335569070579 -1.321434404115746 -0.164049239900899 -0.627175632411237 2.340651325427601 -1.370733482337627
-0.028231322172723 -0.253158265214096 0.043248906891921 0.255593953928562 -1.311202557110924 -0.171219965813418 -0.706365048518676 2.636190249762915 -1.307321782175741
-0.026953352403080 -0.259714277999651 0.042392807062854 0.252458075766505 -1.299499300483786 -0.178073633225106 -0.785891276714329 2.932986173924679 -1.243910082004973
-0.025691062024248 -0.266211774502070 0.041502438896728 0.248926250523912 -1.286318349234972 -0.184610242135985 -0.865754317007777 3.231039097941757 -1.180498381843087
-0.024446430771628 -0.272643366248245 0.040579387686048 0.244996794140340 -1.271653418365348 -0.190829792546010 -0.945954169386809 3.530349021785284 -1.117086681681201
-0.023221446800927 -0.279001633340071 0.039625238723318 0.240668022555302 -1.255498222875640 -0.196732284455226 -1.026490833865856 3.830915945490787 -1.053674981514874
-0.022018106688150 -0.285279124454449 0.038641577301042 0.235938251708367 -1.237846477766713 -0.202317717863632 -1.107364310440617 4.132739869051605 -0.990263281352988
-0.020838415429608 -0.291468356843283 0.037629988711724 0.230805797539038 -1.218691898039259 -0.207586092771206 -1.188574599100545 4.435820792432210 -0.926851581182220
-0.019684386441913 -0.297561816333479 0.036592058247868 0.225268975986835 -1.198028198694001 -0.212537409177971 -1.270121699859100 4.740158715668130 -0.863439881020334
-0.018558041561979 -0.303551957326949 0.035529371201978 0.219326102991332 -1.175849094731840 -0.217171667083882 -1.352005612711499 5.045753638754924 -0.800028180858448
-0.017461411047022 -0.309431202800609 0.034443512866559 0.212975494492037 -1.152148301153499 -0.221488866488984 -1.434226337653499 5.352605561681489 -0.736616480692120
-0.016396533574562 -0.315191944306376 0.033336068534114 0.206215466428479 -1.126919532959725 -0.225489007393276 -1.516783874694544 5.660714484454488 -0.673204780525793
-0.015365456242420 -0.320826541971175 0.032208623497147 0.199044334740212 -1.100156505151317 -0.229172089796736 -1.599678223823536 5.970080407076139 -0.609793080363907
-0.014370234568719 -0.326327324496931 0.031062763048164 0.191460415366739 -1.071852932729045 -0.232538113699365 -1.682909385048170 6.280703329530901 -0.546381380197580
-0.013412932491885 -0.331686589160576 0.029900072479667 0.183462024247621 -1.042002530693664 -0.235587079101185 -1.766477358362967 6.592583251834316 -0.482969680035694
-0.012495622370647 -0.336896601814045 0.028722137084161 0.175047477322381 -1.010599014046010 -0.238318986002173 -1.850382143780555 6.905720174008589 -0.419557979864926
-0.011620384984035 -0.341949596884275 0.027530542154150 0.166215090530566 -0.977636097786838 -0.240733834402351 -1.934623741280467 7.220114095980446 -0.356146279707481
-0.010789309531382 -0.346837777373209 0.026326872982138 0.156963179811663 -0.943107496916795 -0.242831624301676 -2.019202150878446 7.535765017838703 -0.292734579536713
-0.010004493632324 -0.351553314857793 0.025112714860630 0.147290061105261 -0.907006926436893 -0.244612355700213 -2.104117372573322 7.852672939527849 -0.229322879374827
-0.009268043326798 -0.356088349489977 0.023889653082129 0.137194050350868 -0.869328101347699 -0.246076028597897 -2.189369406355443 8.170837861054547 -0.165911179208500
-0.008582073075043 -0.360434989996716 0.022659272939139 0.126673463488002 -0.830064736650060 -0.247222642994771 -2.274958252232001 8.490259782429899 -0.102499479051055
-0.007948705757603 -0.364585313679966 0.021423159724166 0.115726616456225 -0.789210547344787 -0.248052198890814 -2.360883910206035 8.810938703660565 -0.039087778875846
-0.007370072675322 -0.368531366416690 0.020182898729711 0.104351825195065 -0.746759248432638 -0.248564696286069 -2.447146380270931 9.132874624728782 0.024323921281599
-0.006848313549347 -0.372265162658853 0.018940075248281 0.092547405644034 -0.702704554914335 -0.248760135180448 -2.533745662427372 9.456067545636770 0.087735621447926
-0.006385576521127 -0.375778685433425 0.017696274572379 0.080311673742680 -0.657040181790691 -0.248638515574040 -2.620681756680988 9.780517466400074 0.151147321609812
-0.005984018152413 -0.379063886342379 0.016453081994509 0.067642945430543 -0.609759844062507 -0.248199837466800 -2.707954663023968 10.106224387003149 0.214559021780580
-0.005645803425260 -0.382112685562691 0.015212082807175 0.054539536647138 -0.560857256730507 -0.247444100858751 -2.795564381462938 10.433188307445995 0.277970721942467
-0.005373105742025 -0.384916971846344 0.013974862302881 0.040999763332018 -0.510326134795491 -0.246371305749848 -2.883510911997136 10.761409227753038 0.341382422108794
-0.005168106925365 -0.387468602520321 0.012743005774132 0.027021941424703 -0.458160193258261 -0.244981452140136 -2.971794254615946 11.090887147868767 0.404794122270680
-0.005032997218241 -0.389759403486612 0.011518098513431 0.012604386864718 -0.404353147119496 -0.243274540029592 -3.060414409342127 11.421622067877557 0.468205822432566
-0.004969975283918 -0.391781169222210 0.010301725813283 -0.002254584408362 -0.348898711380152 -0.241250569418239 -3.149371376149554 11.753613987697253 0.531617522603334
-0.004981248205959 -0.393525662779111 0.009095472966192 -0.017556656455073 -0.291790601040764 -0.238909540306076 -3.238665155054013 12.086862907365603 0.595029222765220
-0.005069031488235 -0.394984615784314 0.007900925264661 -0.033303513335820 -0.233022531102278 -0.236251452693059 -3.328295746058314 12.421368826898149 0.658440922927106
-0.005235549054914 -0.396149728439826 0.006719668001196 -0.049496839111090 -0.172588216565450 -0.233276306579233 -3.418263149140460 12.757131746241601 0.721852623097874
-0.005483033250469 -0.397012669522653 0.005553286468300 -0.066138317841382 -0.110481372430959 -0.229984101964598 -3.508567364335011 13.094151665467013 0.785264323255319
-0.005813724839676 -0.397565076384808 0.004403365958477 -0.083229633587084 -0.046695713699751 -0.226374838849108 -3.599208391607267 13.432428584514433 0.848676023426087
