-0.014108373255648 -0.438173199993996 0.000000000000000 0.162413135237981 -0.231244385619256 0.388858751610044 -0.973886516238770 3.023790197600462 -0.586626387422129
-0.013296307579458 -0.439329421922092 0.001944293758050 0.157543702656788 -0.216125434631254 0.385925619672933 -0.976725995668959 3.031143433285255 -0.591430823850825
-0.012508589066174 -0.440410049095248 0.003873921856415 0.152660072678443 -0.200969717464827 0.382968465553679 -0.979329239526111 3.037789013420333 -0.596235260283962
-0.011745288702782 -0.441414897682572 0.005788764184183 0.147763426480812 -0.185780772397726 0.379987289252259 -0.981696247772668 3.043726937896896 -0.601039696717098
-0.011006471570378 -0.442343801544561 0.007688700630445 0.142854945241949 -0.170562137708241 0.376982090768674 -0.983827020433481 3.048957206785996 -0.605844133148015
-0.010292196844168 -0.443196612233102 0.009573611084288 0.137935810139781 -0.155317351674311 0.373952870102934 -0.985721557488356 3.053479820034344 -0.610648569574490
-0.009602517793469 -0.443973198991474 0.011443375434803 0.133007202352340 -0.140049952574139 0.370899627255061 -0.987379858977189 3.057294777752961 -0.615453006012068
-0.008937481781708 -0.444673448754344 0.013297873571078 0.128070303057454 -0.124763478685375 0.367822362225001 -0.988801924824043 3.060402079717583 -0.620257442440764
-0.008297130266420 -0.445297266147771 0.015136985382203 0.123126293433333 -0.109461468286787 0.364721075012797 -0.989987755127228 3.062801726227971 -0.625061878873900
-0.007681498799254 -0.445844573489205 0.016960590757267 0.118176354657697 -0.094147459655647 0.361595765618428 -0.990937349807861 3.064493717039873 -0.629866315300376
-0.007090617025965 -0.446315310787483 0.018768569585359 0.113221667908658 -0.078824991070447 0.358446434041926 -0.991650708882624 3.065478052208803 -0.634670751737954
-0.006524508686422 -0.446709435742836 0.020560801755569 0.108263414364245 -0.063497600809403 0.355273080283236 -0.992127832394363 3.065754731856885 -0.639475188164429
-0.005983191614601 -0.447026923746883 0.022337167156985 0.103302775202273 -0.048168827150119 0.352075704342414 -0.992368720295206 3.065323755846450 -0.644279624599786
-0.005466677738589 -0.447267767882633 0.024097545678697 0.098340931600797 -0.032842208370887 0.348854306219415 -0.992373372587368 3.064185124188601 -0.649084061026262
-0.004974973080585 -0.447431978924488 0.025841817209794 0.093379064737860 -0.017521282749944 0.345608885914284 -0.992141789318349 3.062338837009904 -0.653888497466060
-0.004508077756896 -0.447519585338237 0.027569861639365 0.088418355791268 -0.002209588564894 0.342339443426953 -0.991673970420145 3.059784894119399 -0.658692933890315
-0.004065985977940 -0.447530633281062 0.029281558856500 0.083459985939168 0.013089335905703 0.339045978757502 -0.990969915945356 3.056523295674740 -0.663497370321231
-0.003648686048244 -0.447465186601533 0.030976788750288 0.078505136359441 0.028371952384076 0.335728491905896 -0.990029625881975 3.052554041638178 -0.668301806758809
-0.003256160366447 -0.447323326839613 0.032655431209817 0.073554988230031 0.043634722592267 0.332386982872102 -0.988853100210435 3.047877131938659 -0.673106243183064
-0.002888385425297 -0.447105153226652 0.034317366124178 0.068610722728979 0.058874108251961 0.329021451656186 -0.987440338944615 3.042492566638355 -0.677910679618421
-0.002545331811652 -0.446810782685392 0.035962473382459 0.063673521034256 0.074086571085152 0.325631898258094 -0.985791342087011 3.036400345730605 -0.682715116051558
-0.002226964206480 -0.446440349829966 0.037590632873749 0.058744564323821 0.089268572813805 0.322218322677836 -0.983906109648658 3.029600469262039 -0.687519552478033
-0.001933241384861 -0.445994006965897 0.039201724487138 0.053825033775578 0.104416575160116 0.318780724915446 -0.981784641593195 3.022092937101650 -0.692323988913390
-0.001664116215983 -0.445471924090097 0.040795628111715 0.048916110567612 0.119527039845624 0.315319104970879 -0.979426937953026 3.013877749364902 -0.697128425346527
-0.001419535663145 -0.444874288890868 0.042372223636570 0.044018975877846 0.134596428592448 0.311833462844147 -0.976832998724267 3.004954906038471 -0.701932861768562
-0.001199440783756 -0.444201306747906 0.043931390950791 0.039134810884225 0.149621203122641 0.308323798535304 -0.974002823889430 2.995324407057964 -0.706737298212801
-0.001003766729335 -0.443453200732293 0.045473009943467 0.034264796764778 0.164597825157931 0.304790112044240 -0.970936413466003 2.984986252496657 -0.711541734632615
-0.000832442745511 -0.442630211606503 0.046996960503688 0.029410114697448 0.179522756420414 0.301232403371077 -0.967633767454817 2.973940442332346 -0.716346171072413
-0.000685392172024 -0.441732597824401 0.048503122520544 0.024571945860174 0.194392458632076 0.297650672515715 -0.964094885828048 2.962186976496195 -0.721150607498888
-0.000562532442723 -0.440760635531241 0.049991375883122 0.019751471431034 0.209203393514557 0.294044919478220 -0.960319768637252 2.949725855143637 -0.725955043934245
-0.000463775085568 -0.439714618563668 0.051461600480513 0.014949872587847 0.223952022790275 0.290415144258549 -0.956308415816925 2.936557078081492 -0.730759480360721
-0.000389025722629 -0.438594858449717 0.052913676201806 0.010168330508763 0.238634808180682 0.286761346856745 -0.952060827430073 2.922680645469633 -0.735563916796078
-0.000338184070085 -0.437401684408813 0.054347482936090 0.005408026371612 0.253248211408030 0.283083527272765 -0.947577003440614 2.908096557250328 -0.740368353226994
-0.000311143938227 -0.436135443351773 0.055762900572454 0.000670141354409 0.267788694194282 0.279381685506630 -0.942856943848477 2.892804813372507 -0.745172789655690
-0.000307793231455 -0.434796499880802 0.057159808999987 -0.004044143364833 0.282252718261145 0.275655821558352 -0.937900648666778 2.876805413916106 -0.749977226091048
-0.000328013948279 -0.433385236289496 0.058538088107779 -0.008733646608167 0.296636745330725 0.271905935427896 -0.932708117900513 2.860098358863361 -0.754781662517523
-0.000371682181320 -0.431902052562842 0.059897617784918 -0.013397187197670 0.310937237125042 0.268132027115309 -0.927279351517554 2.842683648145439 -0.759586098955101
-0.000438668117308 -0.430347366377217 0.061238277920495 -0.018033583955257 0.325150655365769 0.264334096620533 -0.921614349558356 2.824561281857818 -0.764390535381576
-0.000528836037084 -0.428721613100388 0.062559948403597 -0.022641655703049 0.339273461775058 0.260512143943625 -0.915713111999047 2.805731259958311 -0.769194971814713
-0.000642044315600 -0.427025245791513 0.063862509123315 -0.027220221263044 0.353302118074850 0.256666169084552 -0.909575638850801 2.786193582455798 -0.773999408247850
-0.000778145421915 -0.425258735201139 0.065145839968738 -0.031768099457298 0.367233085987129 0.252796172043313 -0.903201930086903 2.765948249270345 -0.778803844674325
-0.000936985919201 -0.423422569771203 0.066409820828955 -0.036284109107733 0.381062827233480 0.248902152819941 -0.896591985758560 2.744995260579586 -0.783608281111903
-0.001118406464740 -0.421517255635036 0.067654331593054 -0.040767069036526 0.394787803536378 0.244984111414381 -0.889745805808875 2.723334616190343 -0.788412717538378
-0.001322241809923 -0.419543316617354 0.068879252150126 -0.045215798065570 0.408404476617330 0.241042047826689 -0.882663390283228 2.700966316244724 -0.793217153971515
-0.001548320800250 -0.417501294234267 0.070084462389260 -0.049629115016986 0.421909308198554 0.237075962056832 -0.875344739152892 2.677890360653912 -0.798021590404652
-0.001796466375335 -0.415391747693274 0.071269842199544 -0.054005838712751 0.435298760001823 0.233085854104809 -0.867789852431050 2.654106749471197 -0.802826026833348
-0.002066495568899 -0.413215253893265 0.072435271470068 -0.058344787974906 0.448569293749179 0.229071723970642 -0.859998730117634 2.629615482678815 -0.807630463266484
-0.002358219508774 -0.410972407424519 0.073580630089921 -0.062644781625494 0.461717371162573 0.225033571654309 -0.851971372203969 2.604416560259004 -0.812434899697401
-0.002671443416901 -0.408663820568707 0.074705797948193 -0.066904638486514 0.474739453963868 0.220971397155822 -0.843707778696995 2.578509982227306 -0.817239336128317
-0.003005966609334 -0.406290123298887 0.075810654933972 -0.071123177379999 0.487632003875005 0.216885200475181 -0.835207949593728 2.551895748590383 -0.822043772559233
-0.003361582496234 -0.403851963279512 0.076895080936348 -0.075299217127968 0.500391482617957 0.212774981612385 -0.826471884904922 2.524573859361556 -0.826848208992370
-0.003738078581874 -0.401350005866422 0.077958955844410 -0.079431576552492 0.513014351914765 0.208640740567423 -0.817499584611428 2.496544314494198 -0.831652645425507
-0.004135236464636 -0.398784934106849 0.079002159547247 -0.083519074475549 0.525497073487236 0.204482477340295 -0.808291048728232 2.467807114017173 -0.836457081849762
-0.004552831837014 -0.396157448739412 0.080024571933948 -0.087560529719190 0.537836109057321 0.200300191931047 -0.798846277245968 2.438362257939364 -0.841261518289560
-0.004990634485610 -0.393468268194126 0.081026072893604 -0.091554761105420 0.550027920347018 0.196093884339599 -0.789165270175599 2.408209746251888 -0.846065954716035
-0.005448408291137 -0.390718128592391 0.082006542315302 -0.095500587456298 0.562068969078278 0.191863554566019 -0.779248027506438 2.377349578948085 -0.850870391146952
-0.005925911228418 -0.387907783746999 0.082965860088132 -0.099396827593830 0.573955716973018 0.187609202610284 -0.769094549240776 2.345781756016851 -0.855674827582309
-0.006422895366387 -0.385038005162134 0.083903906101183 -0.103242300340034 0.585684625753102 0.183330828472372 -0.758704835388604 2.313506277511479 -0.860479264011005
-0.006939106868088 -0.382109582033369 0.084820560243545 -0.107035824516977 0.597252157140660 0.179028432152317 -0.748078885927581 2.280523143345370 -0.865283700441921
-0.007474285990672 -0.379123321247665 0.085715702404306 -0.110776218946615 0.608654772857387 0.174702013650108 -0.737216700890456 2.246832353627326 -0.870088136875058
-0.008028167085406 -0.376080047383378 0.086589212472557 -0.114462302451068 0.619888934625523 0.170351572965732 -0.726118280240245 2.212433908233002 -0.874892573303754
-0.008600478597661 -0.372980602710251 0.087440970337386 -0.118092893852269 0.630951104166688 0.165977110099214 -0.714783624010326 2.177327807284524 -0.879697009739111
-0.009190943066922 -0.369825847189417 0.088270855887882 -0.121666811972320 0.641837743203111 0.161578625050518 -0.703212732175437 2.141514050684190 -0.884501446170027
-0.009799277126784 -0.366616658473402 0.089078749013134 -0.125182875633198 0.652545313456532 0.157156117819668 -0.691405604749812 2.104992638489733 -0.889305882596503
-0.010425191504950 -0.363353931906119 0.089864529602233 -0.128639903656947 0.663070276648980 0.152709588406685 -0.679362241735110 2.067763570690051 -0.894110319034080
-0.011068391023235 -0.360038580522874 0.090628077544266 -0.132036714865622 0.673409094502431 0.148239036811515 -0.667082643112105 2.029826847258498 -0.898914755458335
-0.011728574597563 -0.356671535050362 0.091369272728324 -0.135372128081183 0.683558228738723 0.143744463034223 -0.654566808910156 1.991182468239483 -0.903719191898134
-0.012405435237969 -0.353253743906669 0.092087995043495 -0.138644962125734 0.693514141079921 0.139225867074733 -0.641814739098939 1.951830433579715 -0.908523628324609
-0.013098660048597 -0.349786173201269 0.092784124378868 -0.141854035821228 0.703273293247819 0.134683248933110 -0.628826433705376 1.911770743341368 -0.913328064757746
-0.013807930227703 -0.346269806735030 0.093457540623534 -0.144998167989755 0.712832146964526 0.130116608609321 -0.615601892710871 1.871003397468929 -0.918132501186442
-0.014532921067652 -0.342705646000207 0.094108123666581 -0.148076177453309 0.722187163951871 0.125525946103389 -0.602141116120697 1.829528395986824 -0.922936937619578
-0.015273301954919 -0.339094710180448 0.094735753397098 -0.151086883033913 0.731334805931805 0.120911261415291 -0.588444103940822 1.787345738910595 -0.927741374052715
-0.016028736370088 -0.335438036150789 0.095340309704174 -0.154029103553617 0.740271534626358 0.116272554545027 -0.574510856163890 1.744455426202496 -0.932545810481411
-0.016798881887856 -0.331736678477657 0.095921672476899 -0.156901657834436 0.748993811757370 0.111609825492620 -0.560341372786988 1.700857457884730 -0.937350246914548
-0.017583390177029 -0.327991709418870 0.096479721604362 -0.159703364698371 0.757498099046794 0.106923074258047 -0.545935653826768 1.656551833972841 -0.942154683345464
-0.018381907000520 -0.324204218923636 0.097014336975652 -0.162433042967505 0.765780858216658 0.102212300841320 -0.531293699259916 1.611538554429082 -0.946959119778601
-0.019194072215358 -0.320375314632553 0.097525398479859 -0.165089511463805 0.773838550988803 0.097477505242427 -0.516415509107526 1.565817619286758 -0.951763556202856
-0.020019519772677 -0.316506121877609 0.098012786006071 -0.167671589009342 0.781667639085237 0.092718687461413 -0.501301083357247 1.519389028528106 -0.956567992644874
-0.020857877717724 -0.312597783682183 0.098476379443378 -0.170178094426129 0.789264584227878 0.087935847498188 -0.485950422008663 1.472252782150907 -0.961372429069129
-0.021708768189854 -0.308651460761043 0.098916058680869 -0.172607846536172 0.796625848138632 0.083128985352843 -0.470363525072182 1.424408880179584 -0.966176865502266
-0.022571807422535 -0.304668331520350 0.099331703607633 -0.174959664161533 0.803747892539530 0.078298101025331 -0.454540392536840 1.375857322585272 -0.970981301933183
-0.023446605743343 -0.300649592057653 0.099723194112760 -0.177232366124217 0.810627179152457 0.073443194515665 -0.438481024407217 1.326598109381294 -0.975785738366319
-0.024332767573964 -0.296596456161890 0.100090410085338 -0.179424771246253 0.817260169699363 0.068564265823834 -0.422185420684840 1.276631240563209 -0.980590174795015
-0.025229891430195 -0.292510155313393 0.100433231414458 -0.181535698349677 0.823643325902179 0.063661314949859 -0.405653581362492 1.225956716128795 -0.985394611228152
-0.026137569921944 -0.288391938683883 0.100751537989207 -0.183563966256490 0.829773109482823 0.058734341893718 -0.388885506455716 1.174574536106920 -0.990199047661289
-0.027055389753226 -0.284243073136468 0.101045209698675 -0.185508393788768 0.835645982163358 0.053783346655412 -0.371881195943696 1.122484700444293 -0.995003484089985
-0.027982931722170 -0.280064843225652 0.101314126431953 -0.187367799768487 0.841258405665579 0.048808329234962 -0.354640649842530 1.069687209185322 -0.999807920520901
-0.028919770721012 -0.275858551197324 0.101558168078127 -0.189141003017700 0.846606841711506 0.043809289632357 -0.337163868145418 1.016182062314464 -1.004612356956258
-0.029865475736101 -0.271625516988766 0.101777214526289 -0.190826822358427 0.851687752023078 0.038786227847576 -0.319450850854996 0.961969259829498 -1.009416793382734
-0.030819609847893 -0.267367078228651 0.101971145665527 -0.192424076612702 0.856497598322226 0.033739143880662 -0.301501597967657 0.907048801725985 -1.014221229818091
-0.031781730230956 -0.263084590237040 0.102139841384930 -0.193931584602540 0.861032842330856 0.028668037731572 -0.283316109487008 0.851420688026128 -1.019025666249007
-0.032751388153969 -0.258779426025385 0.102283181573588 -0.195348165149975 0.865289945770986 0.023572909400327 -0.264894385411940 0.795084918703282 -1.023830102677703
-0.033728128979719 -0.254452976296530 0.102401046120590 -0.196672637077035 0.869265370364503 0.018453758886938 -0.246236425742175 0.738041493774100 -1.028634539110840
-0.034711492165104 -0.250106649444708 0.102493314915025 -0.197903819205746 0.872955577833373 0.013310586191384 -0.227342230475214 0.680290413227480 -1.033438975541756
-0.035701011261133 -0.245741871555541 0.102559867845981 -0.199040530358122 0.876357029899510 0.008143391313675 -0.208211799618274 0.621831677077855 -1.038243411972672
-0.036696213912924 -0.241360086406044 0.102600584802550 -0.200081589356213 0.879466188284900 0.002952174253812 -0.188845133162474 0.562665285307462 -1.043047848405809
-0.037696621859705 -0.236962755464619 0.102615345673819 -0.201025815022025 0.882279514711437 -0.002263064988217 -0.169242231115863 0.502791237937394 -1.047852284836726
-0.038701750934815 -0.232551357891062 0.102604030348878 -0.201872026177605 0.884793470901124 -0.007502326412401 -0.149403093470946 0.442209534945448 -1.052656721267642
-0.039711111065703 -0.228127390536556 0.102566518716816 -0.202619041644959 0.887004518575851 -0.012765610018739 -0.129327720233552 0.380920176342725 -1.057461157700779
-0.040724206273928 -0.223692367943677 0.102502690666722 -0.203265680246127 0.888909119457565 -0.018052915807243 -0.109016111400906 0.318923162135887 -1.062265594127254
-0.041740534675158 -0.219247822346389 0.102412426087686 -0.203810760803132 0.890503735268244 -0.023364243777879 -0.088468266972730 0.256218492306060 -1.067070030564832
-0.042759588479174 -0.214795303670048 0.102295604868796 -0.204253102137995 0.891784827729775 -0.028699593930703 -0.067684186952910 0.192806166879889 -1.071874466991307
-0.043780853989864 -0.210336379531399 0.102152106899143 -0.204591523072760 0.892748858564174 -0.034058966265660 -0.046663871335895 0.128686185828508 -1.076678903426664
-0.044803811605228 -0.205872635238578 0.101981812067815 -0.204824842429439 0.893392289493317 -0.039442360782793 -0.025407320122239 0.063858549167461 -1.081483339855360
-0.045827935817375 -0.201405673791112 0.101784600263901 -0.204951879030051 0.893711582239154 -0.044849777482070 -0.003914533319993 -0.001676743093260 -1.086287776286277
-0.046852695212525 -0.196937115879916 0.101560351376490 -0.204971451696651 0.893703198523688 -0.050281216363501 0.017814489082224 -0.067919690979190 -1.091092212721634
-0.047877552471008 -0.192468599887297 0.101308945294673 -0.204882379251239 0.893363600068792 -0.055736677427110 0.039779747077751 -0.134870294471456 -1.095896649145889
-0.048901964367265 -0.188001781886953 0.101030261907537 -0.204683480515851 0.892689248596434 -0.061216160672839 0.061981240667142 -0.202528553576720 -1.100701085587907
-0.049925381769844 -0.183538335643971 0.100724181104173 -0.204373574312515 0.891676605828551 -0.066719666100779 0.084418969849842 -0.270894468288319 -1.105505522009942
-0.050947249641406 -0.179079952614829 0.100390582773669 -0.203951479463266 0.890322133487109 -0.072247193710828 0.107092934630848 -0.339968038614025 -1.110309958443079
-0.051967007038723 -0.174628341947393 0.100029346805115 -0.203416014790112 0.888622293294039 -0.077798743503044 0.130003135004331 -0.409749264560499 -1.115114394878436
-0.052984087112673 -0.170185230480923 0.099640353087600 -0.202765999115090 0.886573546971237 -0.083374315477436 0.153149570970568 -0.480238146098877 -1.119918831309352
-0.053997917108249 -0.165752362746067 0.099223481510213 -0.202000251260237 0.884172356240742 -0.088973909633983 0.176532242535665 -0.551434683271346 -1.124723267733607
-0.055007918364550 -0.161331500964863 0.098778611962043 -0.201117590047559 0.881415182824385 -0.094597525972651 0.200151149692129 -0.623338876037938 -1.129527704175626
-0.056013506314788 -0.156924425050741 0.098305624332179 -0.200116834299098 0.878298488444196 -0.100245164493529 0.224006292443846 -0.695950724425298 -1.134332140597660
-0.057014090486283 -0.152532932608520 0.097804398509712 -0.198996802836879 0.874818734822069 -0.105916825196517 0.248097670792480 -0.769270228420105 -1.139136577035238
-0.058009074500468 -0.148158838934410 0.097274814383729 -0.197756314482916 0.870972383679969 -0.111612508081693 0.272425284733313 -0.843297388026798 -1.143941013463934
-0.058997856072882 -0.143803977016010 0.096716751843321 -0.196394188059250 0.866755896739835 -0.117332213149013 0.296989134267178 -0.918032203245378 -1.148745449897071
-0.059979827013178 -0.139470197532311 0.096130090777576 -0.194909242387914 0.862165735723608 -0.123075940398498 0.321789219400181 -0.993474674078065 -1.153549886325766
-0.060954373225118 -0.135159368853693 0.095514711075583 -0.193300296290913 0.857198362353218 -0.128843689830127 0.346825540126217 -1.069624800520419 -1.158354322758903
-0.061920874706573 -0.130873377041926 0.094870492626433 -0.191566168590282 0.851850238350615 -0.134635461443922 0.372098096444451 -1.146482582574659 -1.163158759192040
-0.062878705549524 -0.126614125850173 0.094197315319213 -0.189705678108060 0.846117825437742 -0.140451255239882 0.397606888358770 -1.224048020234125 -1.167963195618515
-0.063827233940064 -0.122383536722985 0.093495059043014 -0.187717643666266 0.839997585336572 -0.146291071217974 0.423351915869730 -1.302321113514360 -1.172767632056093
-0.064765822158396 -0.118183548796302 0.092763603686924 -0.185600884086917 0.833485979769000 -0.152154909378255 0.449333178972888 -1.381301862406481 -1.177572068480348
-0.065693826578830 -0.114016118897457 0.092002829140032 -0.183354218192053 0.826579470456967 -0.158042769720657 0.475550677671022 -1.460990266901607 -1.182376504917926
-0.066610597669790 -0.109883221545172 0.091212615291429 -0.180976464803698 0.819274519122459 -0.163954652245246 0.502004411964130 -1.541386327015282 -1.187180941346622
-0.067515479993809 -0.105786848949560 0.090392842030203 -0.178466442743877 0.811567587487383 -0.169890556951979 0.528694381853323 -1.622490042734182 -1.191985377779758
-0.068407812207528 -0.101729011012123 0.089543389245443 -0.175822970834610 0.803455137273712 -0.175850483840878 0.555620587334715 -1.704301414073850 -1.196789814210675
-0.069286927061701 -0.097711735325754 0.088664136826239 -0.173044867897937 0.794933630203343 -0.181834432911931 0.582783028412193 -1.786820441016523 -1.201594250639371
-0.070152151401191 -0.093737067174738 0.087754964661679 -0.170130952755876 0.785999527998260 -0.187842404165128 0.610181705082979 -1.870047123571084 -1.206398687074728
-0.071002806164970 -0.089807069534746 0.086815752640853 -0.167080044230461 0.776649292380405 -0.193874397600502 0.637816617350961 -1.953981461748633 -1.211203123501203
-0.071838206386123 -0.085923823072844 0.085846380652851 -0.163890961143706 0.766879385071662 -0.199930413218008 0.665687765211143 -2.038623455520305 -1.216007559938781
-0.072657661191841 -0.082089426147486 0.084846728586761 -0.160562522317650 0.756686267794060 -0.206010451017702 0.693795148666854 -2.123973104914967 -1.220811996365256
-0.073460473803429 -0.078305994808516 0.083816676331672 -0.157093546574316 0.746066402269485 -0.212114510999528 0.722138767716984 -2.210030409921515 -1.225616432802834
-0.074245941536301 -0.074575662797168 0.082756103776675 -0.153482852735731 0.735016250219878 -0.218242593163542 0.750718622362645 -2.296795370533289 -1.230420869224869
-0.075013355799980 -0.070900581546069 0.081664890810857 -0.149729259623918 0.723532273367211 -0.224394697509667 0.779534712601615 -2.384267986759170 -1.235225305662446
-0.075762002098099 -0.067282920179233 0.080542917323309 -0.145831586060910 0.711610933433415 -0.230570824037979 0.808587038436115 -2.472448258596938 -1.240029742091142
-0.076491160028404 -0.063724865512066 0.079390063203119 -0.141788650868729 0.699248692140431 -0.236770972748435 0.837875599864479 -2.561336186053254 -1.244834178526499
-0.077200103282748 -0.060228622051363 0.078206208339377 -0.137599272869407 0.686442011210164 -0.242995143641067 0.867400396888929 -2.650931769105913 -1.249638614955195
-0.077888099647095 -0.056796411995313 0.076991232621171 -0.133262270884962 0.673187352364635 -0.249243336715843 0.897161429505577 -2.741235007781562 -1.254443051386112
-0.078554411001519 -0.053430475233489 0.075745015937592 -0.128776463737434 0.659481177325727 -0.255515551972774 0.927158697721087 -2.832245902066877 -1.259247487817028
-0.079198293320207 -0.050133069346861 0.074467438177728 -0.124140670248829 0.645319947815393 -0.261811789411859 0.957392201525464 -2.923964451961858 -1.264051924252385
-0.079818996671451 -0.046906469607784 0.073158379230669 -0.119353709241202 0.630700125555583 -0.268132049033121 0.987861940928703 -3.016390657466506 -1.268856360681081
-0.080415765217657 -0.043752968980006 0.071817718985503 -0.114414399536558 0.615618172268251 -0.274476330836526 1.018567915925805 -3.109524518587481 -1.273660797109777
-0.080987837215339 -0.040674878118665 0.070445337331321 -0.109321559956929 0.600070549675313 -0.280844634822075 1.049510126517328 -3.203366035320343 -1.278465233545134
-0.081534445015124 -0.037674525370288 0.069041114157210 -0.104074009324343 0.584053719498712 -0.287236960989801 1.080688572702160 -3.297915207656210 -1.283269669976050
-0.082054815061746 -0.034754256772795 0.067604929352261 -0.098670566460832 0.567564143460431 -0.293653309339681 1.112103254484187 -3.393172035617287 -1.288074106409187
-0.082548167894050 -0.031916436055492 0.066136662805563 -0.093110050188411 0.550598283282344 -0.300093679871727 1.143754171857858 -3.489136519172487 -1.292878542835663
-0.083013718144992 -0.029163444639081 0.064636194406204 -0.087391279329121 0.533152600686482 -0.306558072585905 1.175641324829835 -3.585808658357337 -1.297682979266579
-0.083450674541638 -0.026497681635648 0.063103404043275 -0.081513072704972 0.515223557394695 -0.313046487482238 1.207764713391790 -3.683188453138531 -1.302487415704157
-0.083858239905163 -0.023921563848675 0.061538171605863 -0.075474249138013 0.496807615129002 -0.319558924560759 1.240124337553161 -3.781275903542713 -1.307291852135073
-0.084235611150853 -0.021437525773030 0.059940376983060 -0.069273627450248 0.477901235611289 -0.326095383821434 1.272720197305621 -3.880071009547681 -1.312096288561548
-0.084581979288104 -0.019048019594973 0.058309900063952 -0.062910026463719 0.458500880563550 -0.332655865264242 1.305552292655832 -3.979573771180078 -1.316900724990244
-0.084896529420422 -0.016755515192156 0.056646620737631 -0.056382265000440 0.438603011707650 -0.339240368889193 1.338620623596576 -4.079784188404378 -1.321705161434483
-0.085178440745425 -0.014562500133617 0.054950418893185 -0.049689161882457 0.418204090765628 -0.345848894696366 1.371925190136181 -4.180702261256108 -1.326509597852077
-0.085426886554837 -0.012471479679789 0.053221174419703 -0.042829535931777 0.397300579459348 -0.352481442685626 1.405465992267430 -4.282327989706403 -1.331314034294095
-0.085641034234496 -0.010484976782492 0.051458767206275 -0.035802205970439 0.375888939510816 -0.359138012857096 1.439243029995319 -4.384661373784127 -1.336118470716130
-0.085820045264348 -0.008605532084938 0.049663077141990 -0.028605990820463 0.353965632641895 -0.365818605210677 1.473256303315962 -4.487702413455974 -1.340922907155928
-0.085963075218450 -0.006835703921729 0.047833984115936 -0.021239709303883 0.331527120574615 -0.372523219746457 1.507505812233245 -4.591451108750810 -1.345727343582404
-0.086069273764970 -0.005178068318856 0.045971368017204 -0.013702180242717 0.308569865030861 -0.379251856464369 1.541991556743283 -4.695907459655313 -1.350531780015540
-0.086137784666183 -0.003635218993702 0.044075108734882 -0.005992222459000 0.285090327732584 -0.386004515364446 1.576713536849961 -4.801071466167262 -1.355336216442016
-0.086167745778478 -0.002209767355039 0.042145086158060 0.001891345225249 0.261084970401748 -0.392781196446657 1.611671752548838 -4.906943128293317 -1.360140652884034
-0.086158289052352 -0.000904342503030 0.040181180175827 0.009949703987994 0.236550254760282 -0.399581899711077 1.646866203846020 -5.013522446033480 -1.364945089310510
-0.086108540532412 0.000278408770772 0.038183270677271 0.018184035007224 0.211482642530114 -0.406406625157629 1.682296890732071 -5.120809419378869 -1.369749525734765
-0.086017620357376 0.001335821983422 0.036151237551483 0.026595519460884 0.185878595433220 -0.413255372786303 1.717963813219203 -5.228804048347246 -1.374553962174563
-0.085884642760072 0.002265214960588 0.034084960687552 0.035185338526980 0.159734575191484 -0.420128142597176 1.753866971295759 -5.337506332909747 -1.379358398603259
-0.085708716067437 0.003063887836546 0.031984319974566 0.043954673383459 0.133047043526935 -0.427024934590192 1.790006364970620 -5.446916273097457 -1.384162835036395
-0.085488942700519 0.003729123054180 0.029849195301615 0.052904705208312 0.105812462161448 -0.433945748765374 1.826381994238235 -5.557033868897054 -1.388967271465091
-0.085224419174478 0.004258185364988 0.027679466557788 0.062036615179503 0.078027292816962 -0.440890585122700 1.862993859100825 -5.667859120295216 -1.393771707896008
-0.084914236098580 0.004648321829072 0.025475013632175 0.071351584475007 0.049687997215486 -0.447859443662180 1.899841959558390 -5.779392027320807 -1.398576144329144
-0.084557478176205 0.004896761815150 0.023235716413864 0.080850794272799 0.020791037078882 -0.454852324383825 1.936926295609820 -5.891632589949403 -1.403380580764502
-0.084153224204841 0.005000717000544 0.020961454791945 0.090535425750848 -0.008667125870865 -0.461869227287648 1.974246867256779 -6.004580808187665 -1.408185017190977
-0.083700547076087 0.004957381371190 0.018652108655506 0.100406660087132 -0.038690029911803 -0.468910152373603 2.011803674498713 -6.118236682042255 -1.412989453621893
-0.083198513775651 0.004763931221631 0.016307557893638 0.110465678459626 -0.069281213322014 -0.475975099641712 2.049596717332847 -6.232600211506512 -1.417793890057251
-0.082646185383353 0.004417525155021 0.013927682395430 0.120713662046290 -0.100444214379547 -0.483064069091999 2.087625995766396 -6.347671396584875 -1.422598326485947
-0.082042617073122 0.003915304083123 0.011512362049970 0.131151792025122 -0.132182571362471 -0.490177060724428 2.125891509787148 -6.463450237266244 -1.427402762916863
-0.081386858112996 0.003254391226311 0.009061476746348 0.141781249574058 -0.164499822548803 -0.497314074539013 2.164393259411201 -6.579936733572822 -1.432207199345559
-0.080677951865126 0.002431892113567 0.006574906373653 0.152603215871114 -0.197399506216667 -0.504475110535740 2.203131244622458 -6.697130885477964 -1.437011635778696
-0.079914935785770 0.001444894582483 0.004052530820974 0.163618872094226 -0.230885160644057 -0.511660168714634 2.242105465434241 -6.815032693003875 -1.441816072220714
-0.079096841425299 0.000290468779263 0.001494229977401 0.174829399421397 -0.264960324109076 -0.518869249075737 2.281315921836002 -6.933642156132791 -1.446620508636087
-0.078222694428192 -0.001034332841282 -0.001100116267978 0.186235979030577 -0.299628534889740 -0.526102351618918 2.320762613834959 -7.052959274880255 -1.451424945075885
-0.077291514533039 -0.002532475515731 -0.003730628026073 0.197839792099752 -0.334893331264141 -0.533359476344297 2.320762613834959 -7.052959274880255 -1.451424945075885
-0.076302315572541 -0.004206942172052 -0.006397425407794 -0.197839792099752 0.334893331264141 0.533359476344297 2.281315921836002 -6.933642156132791 -1.446620508636087
-0.077291514533039 -0.002532475515731 -0.003730628026073 -0.186235979030577 0.299628534889740 0.526102351618918 2.242105465434241 -6.815032693003875 -1.441816072220714
-0.078222694428192 -0.001034332841282 -0.001100116267978 -0.174829399421397 0.264960324109076 0.518869249075737 2.203131244622458 -6.697130885477964 -1.437011635778696
-0.079096841425299 0.000290468779263 0.001494229977401 -0.163618872094226 0.230885160644057 0.511660168714634 2.164393259411201 -6.579936733572822 -1.432207199345559
-0.079914935785770 0.001444894582483 0.004052530820974 -0.152603215871114 0.197399506216667 0.504475110535740 2.125891509787148 -6.463450237266244 -1.427402762916863
-0.080677951865126 0.002431892113567 0.006574906373653 -0.141781249574058 0.164499822548803 0.497314074539013 2.087625995766396 -6.347671396584875 -1.422598326485947
-0.081386858112996 0.003254391226311 0.009061476746348 -0.131151792025122 0.132182571362471 0.490177060724428 2.049596717332847 -6.232600211506512 -1.417793890057251
-0.082042617073122 0.003915304083123 0.011512362049970 -0.120713662046290 0.100444214379547 0.483064069091999 2.011803674498713 -6.118236682042255 -1.412989453621893
-0.082646185383353 0.004417525155021 0.013927682395430 -0.110465678459626 0.069281213322014 0.475975099641712 1.974246867256779 -6.004580808187665 -1.408185017190977
-0.083198513775651 0.004763931221631 0.016307557893638 -0.100406660087132 0.038690029911803 0.468910152373603 1.936926295609820 -5.891632589949403 -1.403380580764502
-0.083700547076087 0.004957381371190 0.018652108655506 -0.090535425750848 0.008667125870865 0.461869227287648 1.899841959558390 -5.779392027320807 -1.398576144329144
-0.084153224204841 0.005000717000544 0.020961454791945 -0.080850794272799 -0.020791037078882 0.454852324383825 1.862993859100825 -5.667859120295216 -1.393771707896008
-0.084557478176205 0.004896761815150 0.023235716413864 -0.071351584475007 -0.049687997215486 0.447859443662180 1.826381994238235 -5.557033868897054 -1.388967271465091
-0.084914236098580 0.004648321829072 0.025475013632175 -0.062036615179503 -0.078027292816962 0.440890585122700 1.790006364970620 -5.446916273097457 -1.384162835036395
-0.085224419174478 0.004258185364988 0.027679466557788 -0.052904705208312 -0.105812462161448 0.433945748765374 1.753866971295759 -5.337506332909747 -1.379358398603259
-0.085488942700519 0.003729123054180 0.029849195301615 -0.043954673383459 -0.133047043526935 0.427024934590192 1.717963813219203 -5.228804048347246 -1.374553962174563
-0.085708716067437 0.003063887836546 0.031984319974566 -0.035185338526980 -0.159734575191484 0.420128142597176 1.682296890732071 -5.120809419378869 -1.369749525734765
-0.085884642760072 0.002265214960588 0.034084960687552 -0.026595519460884 -0.185878595433220 0.413255372786303 1.646866203846020 -5.013522446033480 -1.364945089310510
-0.086017620357376 0.001335821983422 0.036151237551483 -0.018184035007224 -0.211482642530114 0.406406625157629 1.611671752548838 -4.906943128293317 -1.360140652884034
-0.086108540532412 0.000278408770772 0.038183270677271 -0.009949703987994 -0.236550254760282 0.399581899711077 1.576713536849961 -4.801071466167262 -1.355336216442016
-0.086158289052352 -0.000904342503030 0.040181180175827 -0.001891345225249 -0.261084970401748 0.392781196446657 1.541991556743283 -4.695907459655313 -1.350531780015540
-0.086167745778478 -0.002209767355039 0.042145086158060 0.005992222459000 -0.285090327732584 0.386004515364446 1.507505812233245 -4.591451108750810 -1.345727343582404
-0.086137784666183 -0.003635218993702 0.044075108734882 0.013702180242717 -0.308569865030861 0.379251856464369 1.473256303315962 -4.487702413455974 -1.340922907155928
-0.086069273764970 -0.005178068318856 0.045971368017204 0.021239709303883 -0.331527120574615 0.372523219746457 1.439243029995319 -4.384661373784127 -1.336118470716130
-0.085963075218450 -0.006835703921729 0.047833984115936 0.028605990820463 -0.353965632641895 0.365818605210677 1.405465992267430 -4.282327989706403 -1.331314034294095
-0.085820045264348 -0.008605532084938 0.049663077141990 0.035802205970439 -0.375888939510816 0.359138012857096 1.371925190136181 -4.180702261256108 -1.326509597852077
-0.085641034234496 -0.010484976782492 0.051458767206275 0.042829535931777 -0.397300579459348 0.352481442685626 1.338620623596576 -4.079784188404378 -1.321705161434483
-0.085426886554837 -0.012471479679789 0.053221174419703 0.049689161882457 -0.418204090765628 0.345848894696366 1.305552292655832 -3.979573771180078 -1.316900724990244
-0.085178440745425 -0.014562500133617 0.054950418893185 0.056382265000440 -0.438603011707650 0.339240368889193 1.272720197305621 -3.880071009547681 -1.312096288561548
-0.084896529420422 -0.016755515192156 0.056646620737631 0.062910026463719 -0.458500880563550 0.332655865264242 1.240124337553161 -3.781275903542713 -1.307291852135073
-0.084581979288104 -0.019048019594973 0.058309900063952 0.069273627450248 -0.477901235611289 0.326095383821434 1.207764713391790 -3.683188453138531 -1.302487415704157
-0.084235611150853 -0.021437525773030 0.059940376983060 0.075474249138013 -0.496807615129002 0.319558924560759 1.175641324829835 -3.585808658357337 -1.297682979266579
-0.083858239905163 -0.023921563848675 0.061538171605863 0.081513072704972 -0.515223557394695 0.313046487482238 1.143754171857858 -3.489136519172487 -1.292878542835663
-0.083450674541638 -0.026497681635648 0.063103404043275 0.087391279329121 -0.533152600686482 0.306558072585905 1.112103254484187 -3.393172035617287 -1.288074106409187
-0.083013718144992 -0.029163444639081 0.064636194406204 0.093110050188411 -0.550598283282344 0.300093679871727 1.080688572702160 -3.297915207656210 -1.283269669976050
-0.082548167894050 -0.031916436055492 0.066136662805563 0.098670566460832 -0.567564143460431 0.293653309339681 1.049510126517328 -3.203366035320343 -1.278465233545134
-0.082054815061746 -0.034754256772795 0.067604929352261 0.104074009324343 -0.584053719498712 0.287236960989801 1.018567915925805 -3.109524518587481 -1.273660797109777
-0.081534445015124 -0.037674525370288 0.069041114157210 0.109321559956929 -0.600070549675313 0.280844634822075 0.987861940928703 -3.016390657466506 -1.268856360681081
-0.080987837215339 -0.040674878118665 0.070445337331321 0.114414399536558 -0.615618172268251 0.274476330836526 0.957392201525464 -2.923964451961858 -1.264051924252385
-0.080415765217657 -0.043752968980006 0.071817718985503 0.119353709241202 -0.630700125555583 0.268132049033121 0.927158697721087 -2.832245902066877 -1.259247487817028
-0.079818996671451 -0.046906469607784 0.073158379230669 0.124140670248829 -0.645319947815393 0.261811789411859 0.897161429505577 -2.741235007781562 -1.254443051386112
-0.079198293320207 -0.050133069346861 0.074467438177728 0.128776463737434 -0.659481177325727 0.255515551972774 0.867400396888929 -2.650931769105913 -1.249638614955195
-0.078554411001519 -0.053430475233489 0.075745015937592 0.133262270884962 -0.673187352364635 0.249243336715843 0.837875599864479 -2.561336186053254 -1.244834178526499
-0.077888099647095 -0.056796411995313 0.076991232621171 0.137599272869407 -0.686442011210164 0.242995143641067 0.808587038436115 -2.472448258596938 -1.240029742091142
-0.077200103282748 -0.060228622051363 0.078206208339377 0.141788650868729 -0.699248692140431 0.236770972748435 0.779534712601615 -2.384267986759170 -1.235225305662446
-0.076491160028404 -0.063724865512066 0.079390063203119 0.145831586060910 -0.711610933433415 0.230570824037979 0.750718622362645 -2.296795370533289 -1.230420869224869
-0.075762002098099 -0.067282920179233 0.080542917323309 0.149729259623918 -0.723532273367211 0.224394697509667 0.722138767716984 -2.210030409921515 -1.225616432802834
-0.075013355799980 -0.070900581546069 0.081664890810857 0.153482852735731 -0.735016250219878 0.218242593163542 0.693795148666854 -2.123973104914967 -1.220811996365256
-0.074245941536301 -0.074575662797168 0.082756103776675 0.157093546574316 -0.746066402269485 0.212114510999528 0.665687765211143 -2.038623455520305 -1.216007559938781
-0.073460473803429 -0.078305994808516 0.083816676331672 0.160562522317650 -0.756686267794060 0.206010451017702 0.637816617350961 -1.953981461748633 -1.211203123501203
-0.072657661191841 -0.082089426147486 0.084846728586761 0.163890961143706 -0.766879385071662 0.199930413218008 0.610181705082979 -1.870047123571084 -1.206398687074728
-0.071838206386123 -0.085923823072844 0.085846380652851 0.167080044230461 -0.776649292380405 0.193874397600502 0.582783028412193 -1.786820441016523 -1.201594250639371
-0.071002806164970 -0.089807069534746 0.086815752640853 0.170130952755876 -0.785999527998260 0.187842404165128 0.555620587334715 -1.704301414073850 -1.196789814210675
-0.070152151401191 -0.093737067174738 0.087754964661679 0.173044867897937 -0.794933630203343 0.181834432911931 0.528694381853323 -1.622490042734182 -1.191985377779758
-0.069286927061701 -0.097711735325754 0.088664136826239 0.175822970834610 -0.803455137273712 0.175850483840878 0.502004411964130 -1.541386327015282 -1.187180941346622
-0.068407812207528 -0.101729011012123 0.089543389245443 0.178466442743877 -0.811567587487383 0.169890556951979 0.475550677671022 -1.460990266901607 -1.182376504917926
-0.067515479993809 -0.105786848949560 0.090392842030203 0.180976464803698 -0.819274519122459 0.163954652245246 0.449333178972888 -1.381301862406481 -1.177572068480348
-0.066610597669790 -0.109883221545172 0.091212615291429 0.183354218192053 -0.826579470456967 0.158042769720657 0.423351915869730 -1.302321113514360 -1.172767632056093
-0.065693826578830 -0.114016118897457 0.092002829140032 0.185600884086917 -0.833485979769000 0.152154909378255 0.397606888358770 -1.224048020234125 -1.167963195618515
-0.064765822158396 -0.118183548796302 0.092763603686924 0.187717643666266 -0.839997585336572 0.146291071217974 0.372098096444451 -1.146482582574659 -1.163158759192040
-0.063827233940064 -0.122383536722985 0.093495059043014 0.189705678108060 -0.846117825437742 0.140451255239882 0.346825540126217 -1.069624800520419 -1.158354322758903
-0.062878705549524 -0.126614125850173 0.094197315319213 0.191566168590282 -0.851850238350615 0.134635461443922 0.321789219400181 -0.993474674078065 -1.153549886325766
-0.061920874706573 -0.130873377041926 0.094870492626433 0.193300296290913 -0.857198362353218 0.128843689830127 0.296989134267178 -0.918032203245378 -1.148745449897071
-0.060954373225118 -0.135159368853693 0.095514711075583 0.194909242387914 -0.862165735723608 0.123075940398498 0.272425284733313 -0.843297388026798 -1.143941013463934
-0.059979827013178 -0.139470197532311 0.096130090777576 0.196394188059250 -0.866755896739835 0.117332213149013 0.248097670792480 -0.769270228420105 -1.139136577035238
-0.058997856072882 -0.143803977016010 0.096716751843321 0.197756314482916 -0.870972383679969 0.111612508081693 0.224006292443846 -0.695950724425298 -1.134332140597660
-0.058009074500468 -0.148158838934410 0.097274814383729 0.198996802836879 -0.874818734822069 0.105916825196517 0.200151149692129 -0.623338876037938 -1.129527704175626
-0.057014090486283 -0.152532932608520 0.097804398509712 0.200116834299098 -0.878298488444196 0.100245164493529 0.176532242535665 -0.551434683271346 -1.124723267733607
-0.056013506314788 -0.156924425050741 0.098305624332179 0.201117590047559 -0.881415182824385 0.094597525972651 0.153149570970568 -0.480238146098877 -1.119918831309352
-0.055007918364550 -0.161331500964863 0.098778611962043 0.202000251260237 -0.884172356240742 0.088973909633983 0.130003135004331 -0.409749264560499 -1.115114394878436
-0.053997917108249 -0.165752362746067 0.099223481510213 0.202765999115090 -0.886573546971237 0.083374315477436 0.107092934630848 -0.339968038614025 -1.110309958443079
-0.052984087112673 -0.170185230480923 0.099640353087600 0.203416014790112 -0.888622293294039 0.077798743503044 0.084418969849842 -0.270894468288319 -1.105505522009942
-0.051967007038723 -0.174628341947393 0.100029346805115 0.203951479463266 -0.890322133487109 0.072247193710828 0.061981240667142 -0.202528553576720 -1.100701085587907
-0.050947249641406 -0.179079952614829 0.100390582773669 0.204373574312515 -0.891676605828551 0.066719666100779 0.039779747077751 -0.134870294471456 -1.095896649145889
-0.049925381769844 -0.183538335643971 0.100724181104173 0.204683480515851 -0.892689248596434 0.061216160672839 0.017814489082224 -0.067919690979190 -1.091092212721634
-0.048901964367265 -0.188001781886953 0.101030261907537 0.204882379251239 -0.893363600068792 0.055736677427110 -0.003914533319993 -0.001676743093260 -1.086287776286277
-0.047877552471008 -0.192468599887297 0.101308945294673 0.204971451696651 -0.893703198523688 0.050281216363501 -0.025407320122239 0.063858549167461 -1.081483339855360
-0.046852695212525 -0.196937115879916 0.101560351376490 0.204951879030051 -0.893711582239154 0.044849777482070 -0.046663871335895 0.128686185828508 -1.076678903426664
-0.045827935817375 -0.201405673791112 0.101784600263901 0.204824842429439 -0.893392289493317 0.039442360782793 -0.067684186952910 0.192806166879889 -1.071874466991307
-0.044803811605228 -0.205872635238578 0.101981812067815 0.204591523072760 -0.892748858564174 0.034058966265660 -0.088468266972730 0.256218492306060 -1.067070030564832
-0.043780853989864 -0.210336379531399 0.102152106899143 0.204253102137995 -0.891784827729775 0.028699593930703 -0.109016111400906 0.318923162135887 -1.062265594127254
-0.042759588479174 -0.214795303670048 0.102295604868796 0.203810760803132 -0.890503735268244 0.023364243777879 -0.129327720233552 0.380920176342725 -1.057461157700779
-0.041740534675158 -0.219247822346389 0.102412426087686 0.203265680246127 -0.888909119457565 0.018052915807243 -0.149403093470946 0.442209534945448 -1.052656721267642
-0.040724206273928 -0.223692367943677 0.102502690666722 0.202619041644959 -0.887004518575851 0.012765610018739 -0.169242231115863 0.502791237937394 -1.047852284836726
-0.039711111065703 -0.228127390536556 0.102566518716816 0.201872026177605 -0.884793470901124 0.007502326412401 -0.188845133162474 0.562665285307462 -1.043047848405809
-0.038701750934815 -0.232551357891062 0.102604030348878 0.201025815022025 -0.882279514711437 0.002263064988217 -0.208211799618274 0.621831677077855 -1.038243411972672
-0.037696621859705 -0.236962755464619 0.102615345673819 0.200081589356213 -0.879466188284900 -0.002952174253812 -0.227342230475214 0.680290413227480 -1.033438975541756
-0.036696213912924 -0.241360086406044 0.102600584802550 0.199040530358122 -0.876357029899510 -0.008143391313675 -0.246236425742175 0.738041493774100 -1.028634539110840
-0.035701011261133 -0.245741871555541 0.102559867845981 0.197903819205746 -0.872955577833373 -0.013310586191384 -0.264894385411940 0.795084918703282 -1.023830102677703
-0.034711492165104 -0.250106649444708 0.102493314915025 0.196672637077035 -0.869265370364503 -0.018453758886938 -0.283316109487008 0.851420688026128 -1.019025666249007
-0.033728128979719 -0.254452976296530 0.102401046120590 0.195348165149975 -0.865289945770986 -0.023572909400327 -0.301501597967657 0.907048801725985 -1.014221229818091
-0.032751388153969 -0.258779426025385 0.102283181573588 0.193931584602540 -0.861032842330856 -0.028668037731572 -0.319450850854996 0.961969259829498 -1.009416793382734
-0.031781730230956 -0.263084590237040 0.102139841384930 0.192424076612702 -0.856497598322226 -0.033739143880662 -0.337163868145418 1.016182062314464 -1.004612356956258
-0.030819609847893 -0.267367078228651 0.101971145665527 0.190826822358427 -0.851687752023078 -0.038786227847576 -0.354640649842530 1.069687209185322 -0.999807920520901
-0.029865475736101 -0.271625516988766 0.101777214526289 0.189141003017700 -0.846606841711506 -0.043809289632357 -0.371881195943696 1.122484700444293 -0.995003484089985
-0.028919770721012 -0.275858551197324 0.101558168078127 0.187367799768487 -0.841258405665579 -0.048808329234962 -0.388885506455716 1.174574536106920 -0.990199047661289
-0.027982931722170 -0.280064843225652 0.101314126431953 0.185508393788768 -0.835645982163358 -0.053783346655412 -0.405653581362492 1.225956716128795 -0.985394611228152
-0.027055389753226 -0.284243073136468 0.101045209698675 0.183563966256490 -0.829773109482823 -0.058734341893718 -0.422185420684840 1.276631240563209 -0.980590174795015
-0.026137569921944 -0.288391938683883 0.100751537989207 0.181535698349677 -0.823643325902179 -0.063661314949859 -0.438481024407217 1.326598109381294 -0.975785738366319
-0.025229891430195 -0.292510155313393 0.100433231414458 0.179424771246253 -0.817260169699363 -0.068564265823834 -0.454540392536840 1.375857322585272 -0.970981301933183
-0.024332767573964 -0.296596456161890 0.100090410085338 0.177232366124217 -0.810627179152457 -0.073443194515665 -0.470363525072182 1.424408880179584 -0.966176865502266
-0.023446605743343 -0.300649592057653 0.099723194112760 0.174959664161533 -0.803747892539530 -0.078298101025331 -0.485950422008663 1.472252782150907 -0.961372429069129
-0.022571807422535 -0.304668331520350 0.099331703607633 0.172607846536172 -0.796625848138632 -0.083128985352843 -0.501301083357247 1.519389028528106 -0.956567992644874
-0.021708768189854 -0.308651460761043 0.098916058680869 0.170178094426129 -0.789264584227878 -0.087935847498188 -0.516415509107526 1.565817619286758 -0.951763556202856
-0.020857877717724 -0.312597783682183 0.098476379443378 0.167671589009342 -0.781667639085237 -0.092718687461413 -0.531293699259916 1.611538554429082 -0.946959119778601
-0.020019519772677 -0.316506121877609 0.098012786006071 0.165089511463805 -0.773838550988803 -0.097477505242427 -0.545935653826768 1.656551833972841 -0.942154683345464
-0.019194072215358 -0.320375314632553 0.097525398479859 0.162433042967505 -0.765780858216658 -0.102212300841320 -0.560341372786988 1.700857457884730 -0.937350246914548
-0.018381907000520 -0.324204218923636 0.097014336975652 0.159703364698371 -0.757498099046794 -0.106923074258047 -0.574510856163890 1.744455426202496 -0.932545810481411
-0.017583390177029 -0.327991709418870 0.096479721604362 0.156901657834436 -0.748993811757370 -0.111609825492620 -0.588444103940822 1.787345738910595 -0.927741374052715
-0.016798881887856 -0.331736678477657 0.095921672476899 0.154029103553617 -0.740271534626358 -0.116272554545027 -0.602141116120697 1.829528395986824 -0.922936937619578
-0.016028736370088 -0.335438036150789 0.095340309704174 0.151086883033913 -0.731334805931805 -0.120911261415291 -0.615601892710871 1.871003397468929 -0.918132501186442
-0.015273301954919 -0.339094710180448 0.094735753397098 0.148076177453309 -0.722187163951871 -0.125525946103389 -0.628826433705376 1.911770743341368 -0.913328064757746
-0.014532921067652 -0.342705646000207 0.094108123666581 0.144998167989755 -0.712832146964526 -0.130116608609321 -0.641814739098939 1.951830433579715 -0.908523628324609
-0.013807930227703 -0.346269806735030 0.093457540623534 0.141854035821228 -0.703273293247819 -0.134683248933110 -0.654566808910156 1.991182468239483 -0.903719191898134
-0.013098660048597 -0.349786173201269 0.092784124378868 0.138644962125734 -0.693514141079921 -0.139225867074733 -0.667082643112105 2.029826847258498 -0.898914755458335
-0.012405435237969 -0.353253743906669 0.092087995043495 0.135372128081183 -0.683558228738723 -0.143744463034223 -0.679362241735110 2.067763570690051 -0.894110319034080
-0.011728574597563 -0.356671535050362 0.091369272728324 0.132036714865622 -0.673409094502431 -0.148239036811515 -0.691405604749812 2.104992638489733 -0.889305882596503
-0.011068391023235 -0.360038580522874 0.090628077544266 0.128639903656947 -0.663070276648980 -0.152709588406685 -0.703212732175437 2.141514050684190 -0.884501446170027
-0.010425191504950 -0.363353931906119 0.089864529602233 0.125182875633198 -0.652545313456532 -0.157156117819668 -0.714783624010326 2.177327807284524 -0.879697009739111
-0.009799277126784 -0.366616658473402 0.089078749013134 0.121666811972320 -0.641837743203111 -0.161578625050518 -0.726118280240245 2.212433908233002 -0.874892573303754
-0.009190943066922 -0.369825847189417 0.088270855887882 0.118092893852269 -0.630951104166688 -0.165977110099214 -0.737216700890456 2.246832353627326 -0.870088136875058
-0.008600478597661 -0.372980602710251 0.087440970337386 0.114462302451068 -0.619888934625523 -0.170351572965732 -0.748078885927581 2.280523143345370 -0.865283700441921
-0.008028167085406 -0.376080047383378 0.086589212472557 0.110776218946615 -0.608654772857387 -0.174702013650108 -0.758704835388604 2.313506277511479 -0.860479264011005
-0.007474285990672 -0.379123321247665 0.085715702404306 0.107035824516977 -0.597252157140660 -0.179028432152317 -0.769094549240776 2.345781756016851 -0.855674827582309
-0.006939106868088 -0.382109582033369 0.084820560243545 0.103242300340034 -0.585684625753102 -0.183330828472372 -0.779248027506438 2.377349578948085 -0.850870391146952
-0.006422895366387 -0.385038005162134 0.083903906101183 0.099396827593830 -0.573955716973018 -0.187609202610284 -0.789165270175599 2.408209746251888 -0.846065954716035
-0.005925911228418 -0.387907783746999 0.082965860088132 0.095500587456298 -0.562068969078278 -0.191863554566019 -0.798846277245968 2.438362257939364 -0.841261518289560
-0.005448408291137 -0.390718128592391 0.082006542315302 0.091554761105420 -0.550027920347018 -0.196093884339599 -0.808291048728232 2.467807114017173 -0.836457081849762
-0.004990634485610 -0.393468268194126 0.081026072893604 0.087560529719190 -0.537836109057321 -0.200300191931047 -0.817499584611428 2.496544314494198 -0.831652645425507
-0.004552831837014 -0.396157448739412 0.080024571933948 0.083519074475549 -0.525497073487236 -0.204482477340295 -0.826471884904922 2.524573859361556 -0.826848208992370
-0.004135236464636 -0.398784934106849 0.079002159547247 0.079431576552492 -0.513014351914765 -0.208640740567423 -0.835207949593728 2.551895748590383 -0.822043772559233
-0.003738078581874 -0.401350005866422 0.077958955844410 0.075299217127968 -0.500391482617957 -0.212774981612385 -0.843707778696995 2.578509982227306 -0.817239336128317
-0.003361582496234 -0.403851963279512 0.076895080936348 0.071123177379999 -0.487632003875005 -0.216885200475181 -0.851971372203969 2.604416560259004 -0.812434899697401
-0.003005966609334 -0.406290123298887 0.075810654933972 0.066904638486514 -0.474739453963868 -0.220971397155822 -0.859998730117634 2.629615482678815 -0.807630463266484
-0.002671443416901 -0.408663820568707 0.074705797948193 0.062644781625494 -0.461717371162573 -0.225033571654309 -0.867789852431050 2.654106749471197 -0.802826026833348
-0.002358219508774 -0.410972407424519 0.073580630089921 0.058344787974906 -0.448569293749179 -0.229071723970642 -0.875344739152892 2.677890360653912 -0.798021590404652
-0.002066495568899 -0.413215253893265 0.072435271470068 0.054005838712751 -0.435298760001823 -0.233085854104809 -0.882663390283228 2.700966316244724 -0.793217153971515
-0.001796466375335 -0.415391747693274 0.071269842199544 0.049629115016986 -0.421909308198554 -0.237075962056832 -0.889745805808875 2.723334616190343 -0.788412717538378
-0.001548320800250 -0.417501294234267 0.070084462389260 0.045215798065570 -0.408404476617330 -0.241042047826689 -0.896591985758560 2.744995260579586 -0.783608281111903
-0.001322241809923 -0.419543316617354 0.068879252150126 0.040767069036526 -0.394787803536378 -0.244984111414381 -0.903201930086903 2.765948249270345 -0.778803844674325
-0.001118406464740 -0.421517255635036 0.067654331593054 0.036284109107733 -0.381062827233480 -0.248902152819941 -0.909575638850801 2.786193582455798 -0.773999408247850
-0.000936985919201 -0.423422569771203 0.066409820828955 0.031768099457298 -0.367233085987129 -0.252796172043313 -0.915713111999047 2.805731259958311 -0.769194971814713
-0.000778145421915 -0.425258735201139 0.065145839968738 0.027220221263044 -0.353302118074850 -0.256666169084552 -0.921614349558356 2.824561281857818 -0.764390535381576
-0.000642044315600 -0.427025245791513 0.063862509123315 0.022641655703049 -0.339273461775058 -0.260512143943625 -0.927279351517554 2.842683648145439 -0.759586098955101
-0.000528836037084 -0.428721613100388 0.062559948403597 0.018033583955257 -0.325150655365769 -0.264334096620533 -0.932708117900513 2.860098358863361 -0.754781662517523
-0.000438668117308 -0.430347366377217 0.061238277920495 0.013397187197670 -0.310937237125042 -0.268132027115309 -0.937900648666778 2.876805413916106 -0.749977226091048
-0.000371682181320 -0.431902052562842 0.059897617784918 0.008733646608167 -0.296636745330725 -0.271905935427896 -0.942856943848477 2.892804813372507 -0.745172789655690
-0.000328013948279 -0.433385236289496 0.058538088107779 0.004044143364833 -0.282252718261145 -0.275655821558352 -0.947577003440614 2.908096557250328 -0.740368353226994
-0.000307793231455 -0.434796499880802 0.057159808999987 -0.000670141354409 -0.267788694194282 -0.279381685506630 -0.952060827430073 2.922680645469633 -0.735563916796078
-0.000311143938227 -0.436135443351773 0.055762900572454 -0.005408026371612 -0.253248211408030 -0.283083527272765 -0.956308415816925 2.936557078081492 -0.730759480360721
-0.000338184070085 -0.437401684408813 0.054347482936090 -0.010168330508763 -0.238634808180682 -0.286761346856745 -0.960319768637252 2.949725855143637 -0.725955043934245
-0.000389025722629 -0.438594858449717 0.052913676201806 -0.014949872587847 -0.223952022790275 -0.290415144258549 -0.964094885828048 2.962186976496195 -0.721150607498888
-0.000463775085568 -0.439714618563668 0.051461600480513 -0.019751471431034 -0.209203393514557 -0.294044919478220 -0.967633767454817 2.973940442332346 -0.716346171072413
-0.000562532442723 -0.440760635531241 0.049991375883122 -0.024571945860174 -0.194392458632076 -0.297650672515715 -0.970936413466003 2.984986252496657 -0.711541734632615
-0.000685392172024 -0.441732597824401 0.048503122520544 -0.029410114697448 -0.179522756420414 -0.301232403371077 -0.974002823889430 2.995324407057964 -0.706737298212801
-0.000832442745511 -0.442630211606503 0.046996960503688 -0.034264796764778 -0.164597825157931 -0.304790112044240 -0.976832998724267 3.004954906038471 -0.701932861768562
-0.001003766729335 -0.443453200732293 0.045473009943467 -0.039134810884225 -0.149621203122641 -0.308323798535304 -0.979426937953026 3.013877749364902 -0.697128425346527
-0.001199440783756 -0.444201306747906 0.043931390950791 -0.044018975877846 -0.134596428592448 -0.311833462844147 -0.981784641593195 3.022092937101650 -0.692323988913390
-0.001419535663145 -0.444874288890868 0.042372223636570 -0.048916110567612 -0.119527039845624 -0.315319104970879 -0.983906109648658 3.029600469262039 -0.687519552478033
-0.001664116215983 -0.445471924090097 0.040795628111715 -0.053825033775578 -0.104416575160116 -0.318780724915446 -0.985791342087011 3.036400345730605 -0.682715116051558
-0.001933241384861 -0.445994006965897 0.039201724487138 -0.058744564323821 -0.089268572813805 -0.322218322677836 -0.987440338944615 3.042492566638355 -0.677910679618421
-0.002226964206480 -0.446440349829966 0.037590632873749 -0.063673521034256 -0.074086571085152 -0.325631898258094 -0.988853100210435 3.047877131938659 -0.673106243183064
-0.002545331811652 -0.446810782685392 0.035962473382459 -0.068610722728979 -0.058874108251961 -0.329021451656186 -0.990029625881975 3.052554041638178 -0.668301806758809
-0.002888385425297 -0.447105153226652 0.034317366124178 -0.073554988230031 -0.043634722592267 -0.332386982872102 -0.990969915945356 3.056523295674740 -0.663497370321231
-0.003256160366447 -0.447323326839613 0.032655431209817 -0.078505136359441 -0.028371952384076 -0.335728491905896 -0.991673970420145 3.059784894119399 -0.658692933890315
-0.003648686048244 -0.447465186601533 0.030976788750288 -0.083459985939168 -0.013089335905703 -0.339045978757502 -0.992141789318349 3.062338837009904 -0.653888497466060
-0.004065985977940 -0.447530633281062 0.029281558856500 -0.088418355791268 0.002209588564894 -0.342339443426953 -0.992373372587368 3.064185124188601 -0.649084061026262
-0.004508077756896 -0.447519585338237 0.027569861639365 -0.093379064737860 0.017521282749944 -0.345608885914284 -0.992368720295206 3.065323755846450 -0.644279624599786
-0.004974973080585 -0.447431978924488 0.025841817209794 -0.098340931600797 0.032842208370887 -0.348854306219415 -0.992127832394363 3.065754731856885 -0.639475188164429
-0.005466677738589 -0.447267767882633 0.024097545678697 -0.103302775202273 0.048168827150119 -0.352075704342414 -0.991650708882624 3.065478052208803 -0.634670751737954
-0.005983191614601 -0.447026923746883 0.022337167156985 -0.108263414364245 0.063497600809403 -0.355273080283236 -0.990937349807861 3.064493717039873 -0.629866315300376
-0.006524508686422 -0.446709435742836 0.020560801755569 -0.113221667908658 0.078824991070447 -0.358446434041926 -0.989987755127228 3.062801726227971 -0.625061878873900
-0.007090617025965 -0.446315310787483 0.018768569585359 -0.118176354657697 0.094147459655647 -0.361595765618428 -0.988801924824043 3.060402079717583 -0.620257442440764
-0.007681498799254 -0.445844573489205 0.016960590757267 -0.123126293433333 0.109461468286787 -0.364721075012797 -0.987379858977189 3.057294777752961 -0.615453006012068
-0.008297130266420 -0.445297266147771 0.015136985382203 -0.128070303057454 0.124763478685375 -0.367822362225001 -0.985721557488356 3.053479820034344 -0.610648569574490
-0.008937481781708 -0.444673448754344 0.013297873571078 -0.133007202352340 0.140049952574139 -0.370899627255061 -0.983827020433481 3.048957206785996 -0.605844133148015
-0.009602517793469 -0.443973198991474 0.011443375434803 -0.137935810139781 0.155317351674311 -0.373952870102934 -0.981696247772668 3.043726937896896 -0.601039696717098
-0.010292196844168 -0.443196612233102 0.009573611084288 -0.142854945241949 0.170562137708241 -0.376982090768674 -0.979329239526111 3.037789013420333 -0.596235260283962
-0.011006471570378 -0.442343801544561 0.007688700630445 -0.147763426480812 0.185780772397726 -0.379987289252259 -0.976725995668959 3.031143433285255 -0.591430823850825
