-0.014641346325146 -0.428211222469975 0.000000000000000 0.170104246517705 -0.246323419059624 0.426764876135555 -0.714956655406690 2.076384895699501 -0.731992314060292
-0.013790825092558 -0.429442839565273 0.002133824380678 0.166529463240671 -0.235941494581127 0.423104914565253 -0.722712541505816 2.098909624472789 -0.734023763988567
-0.012958177776355 -0.430622547038179 0.004249348953504 0.162915900533142 -0.225446946458763 0.419434795745310 -0.730234639054611 2.120755381997963 -0.736055213912401
-0.012143598273689 -0.431749781770473 0.006346522932231 0.159264727337869 -0.214843169548773 0.415754519675748 -0.737522947954966 2.141922167986365 -0.738086663840676
-0.011347274636999 -0.432823997618216 0.008425295530609 0.155577112598095 -0.204133558708841 0.412064086356545 -0.744577468290014 2.162409982682245 -0.740118113760069
-0.010569389074009 -0.433844665411761 0.010485615962392 0.151854225256644 -0.193321508795430 0.408363495787745 -0.751398200000419 2.182218825903526 -0.742149563692784
-0.009810117947726 -0.434811272955738 0.012527433441331 0.148097234256642 -0.182410414665912 0.404652747969281 -0.757985143116924 2.201348697759009 -0.744181013612177
-0.009069631776443 -0.435723325029067 0.014550697181177 0.144307308541058 -0.171403671177117 0.400931842901220 -0.764338297647887 2.219799598253136 -0.746212463540452
-0.008348095233737 -0.436580343384953 0.016555356395683 0.140485617052818 -0.160304673185852 0.397200780583518 -0.770457663540997 2.237571527243798 -0.748243913459845
-0.007645667148473 -0.437381866750882 0.018541360298601 0.136633328735113 -0.149116815549633 0.393459561016218 -0.776343240876493 2.254664484966362 -0.750275363392561
-0.006962500504798 -0.438127450828630 0.020508658103682 0.132751612530731 -0.137843493124801 0.389708184199256 -0.781995029562438 2.271078471138832 -0.752306813316395
-0.006298742442144 -0.438816668294254 0.022457199024678 0.128841637382919 -0.126488100769107 0.385946650132674 -0.787413029686362 2.286813486040984 -0.754338263235788
-0.005654534255229 -0.439449108798100 0.024386932275342 0.124904572234487 -0.115054033338902 0.382174958816495 -0.792597241192142 2.301869529484080 -0.756369713168503
-0.005030011394057 -0.440024378964794 0.026297807069424 0.120941586028526 -0.103544685691481 0.378393110250652 -0.797547664095205 2.316246601536953 -0.758401163092337
-0.004425303463914 -0.440542102393252 0.028189772620677 0.116953847708050 -0.091963452683796 0.374601104435190 -0.802264298392294 2.329944702157416 -0.760432613011730
-0.003840534225374 -0.441001919656671 0.030062778142853 0.112942526216089 -0.080313729173009 0.370798941370132 -0.806747144118936 2.342963831480915 -0.762464062940005
-0.003275821594294 -0.441403488302536 0.031916772849704 0.108908790495494 -0.068598910015605 0.366986621055432 -0.810996201186173 2.355303989243218 -0.764495512868280
-0.002731277641816 -0.441746482852614 0.033751705954981 0.104853809489563 -0.056822390069389 0.363164143491090 -0.815011469711205 2.366965175766289 -0.766526962792113
-0.002207008594368 -0.442030594802961 0.035567526672437 0.100778752141007 -0.044987564190557 0.359331508677130 -0.818792949587865 2.377947390759250 -0.768558412715947
-0.001703114833663 -0.442255532623914 0.037364184215822 0.096684787393068 -0.033097827236761 0.355488716613550 -0.822340640909136 2.388250634477451 -0.770589862639781
-0.001219690896698 -0.442421021760097 0.039141627798890 0.092573084188522 -0.021156574064374 0.351635767300351 -0.825654543573640 2.397874906647779 -0.772621312572497
-0.000756825475755 -0.442526804630419 0.040899806635392 0.088444811470654 -0.009167199531135 0.347772660737489 -0.828734657692606 2.406820207585536 -0.774652762487449
-0.000314601418402 -0.442572640628075 0.042638669939079 0.084301138182191 0.002866901506793 0.343899396925051 -0.831580983161606 2.415086536964317 -0.776684212415724
0.000106904272509 -0.442558306120541 0.044358166923704 0.080143233266383 0.014942334191614 0.340015975862973 -0.834193520065293 2.422673895055016 -0.778715662348439
0.000507620438841 -0.442483594449583 0.046058246803019 0.075972265666056 0.027055703666889 0.336122397551231 -0.836572268343716 2.429582281688880 -0.780747112263391
0.000887481767171 -0.442348315931248 0.047738858790775 0.071789404324338 0.039203615075334 0.332218661989914 -0.838717228038577 2.435811696963608 -0.782778562196107
0.001246428788793 -0.442152297855872 0.049399952100725 0.067595818184145 0.051382673560152 0.328304769178933 -0.840628399107618 2.441362140772618 -0.784810012115500
0.001584407879713 -0.441895384488071 0.051041475946620 0.063392676188607 0.063589484264015 0.324380719118356 -0.842305781601077 2.446233613253579 -0.786841462043775
0.001901371260657 -0.441577437066751 0.052663379542211 0.059181147280601 0.075820652330283 0.320446511808137 -0.843749375483982 2.450426114313231 -0.788872911972049
0.002197276997060 -0.441198333805099 0.054265612101252 0.054962400403182 0.088072782901849 0.316502147248277 -0.844959180755500 2.453939643938252 -0.790904361891442
0.002472088999075 -0.440757969890590 0.055848122837494 0.050737604499404 0.100342481121540 0.312547625438819 -0.845935197436171 2.456774202210799 -0.792935811815276
0.002725777021572 -0.440256257484983 0.057410860964688 0.046507928512223 0.112626352132594 0.308582946379743 -0.846677425513365 2.458929789057596 -0.794967261747992
0.002958316664134 -0.439693125724320 0.058953775696586 0.042274541384656 0.124921001077882 0.304608110071003 -0.847185864980560 2.460406404483084 -0.796998711671826
0.003169689371057 -0.439068520718930 0.060476816246941 0.038038612059754 0.137223033100298 0.300623116512644 -0.847460515857462 2.461204048556098 -0.799030161591219
0.003359882431356 -0.438382405553429 0.061979931829505 0.033801309480466 0.149529053343078 0.296627965704688 -0.847501378127141 2.461322721205583 -0.801061611523934
0.003528888978758 -0.437634760286713 0.063463071658028 0.029563802589831 0.161835666949106 0.292622657647068 -0.847308451802503 2.460762422473728 -0.803093061443327
0.003676707991707 -0.436825581951968 0.064926184946263 0.025327260330818 0.174139479061475 0.288607192339851 -0.846881736855376 2.459523152271714 -0.805124511371602
0.003803344293361 -0.435954884556660 0.066369220907963 0.021092851646541 0.186437094822833 0.284581569782993 -0.846221233329059 2.457604910757194 -0.807155961290995
0.003908808551594 -0.435022699082546 0.067792128756878 0.016861745479896 0.198725119376619 0.280545789976538 -0.845326941193436 2.455007697808043 -0.809187411228152
0.003993117278993 -0.434029073485663 0.069194857706760 0.012635110773929 0.211000157865660 0.276499852920398 -0.844198860459611 2.451731513468669 -0.811218861143104
0.004056292832863 -0.432974072696335 0.070577356971362 0.008414116471631 0.223258815433003 0.272443758614682 -0.842836991108709 2.447776357688003 -0.813250311066938
0.004098363415221 -0.431857778619170 0.071939575764436 0.004199931516087 0.235497697221443 0.268377507059347 -0.841241333176673 2.443142230559303 -0.815281761004094
0.004119363072802 -0.430680290133063 0.073281463299732 -0.000006275149796 0.247713408374239 0.264301098254327 -0.839411886629227 2.437829131998193 -0.817313210914605
0.004119331697053 -0.429441723091191 0.074602968791004 -0.004203334582942 0.259902554034230 0.260214532199754 -0.837348651490377 2.431837062069064 -0.819344660851762
0.004098315024138 -0.428142210321020 0.075904041452003 -0.008390077840394 0.272061739344576 0.256117808895495 -0.835051627744998 2.425166020716407 -0.821376110771155
0.004056364634936 -0.426781901624297 0.077184630496480 -0.012565335979119 0.284187569448158 0.252010928341639 -0.832520815376298 2.417816007904694 -0.823407560699430
0.003993537955040 -0.425360963777057 0.078444685138188 -0.016727940056001 0.296276649487681 0.247893890538142 -0.829756214453387 2.409787023833765 -0.825439010618823
0.003909898254760 -0.423879580529618 0.079684154590879 -0.020876721128268 0.308325584606850 0.243766695485048 -0.826757824893276 2.401079068261591 -0.827470460547097
0.003805514649119 -0.422337952606584 0.080902988068304 -0.025010510252734 0.320330979948158 0.239629343182313 -0.823525646733159 2.391692141290314 -0.829501910479813
0.003680462097855 -0.420736297706843 0.082101134784216 -0.029128138486400 0.332289440654610 0.235481833629914 -0.820059679985247 2.381626242953239 -0.831533360394765
0.003534821405423 -0.419074850503570 0.083278543952366 -0.033228436886326 0.344197571869376 0.231324166827940 -0.816359924635801 2.370881373223721 -0.833564810323040
0.003368679220992 -0.417353862644223 0.084435164786505 -0.037310236509505 0.356051978735494 0.227156342776325 -0.812426380661785 2.359457532032927 -0.835596260246874
0.003182128038444 -0.415573602750546 0.085570946500387 -0.041372368412814 0.367849266395659 0.222978361475090 -0.808259048108023 2.347354719496320 -0.837627710175148
0.002975266196380 -0.413734356418567 0.086685838307762 -0.045413663653354 0.379586039993141 0.218790222924214 -0.803857926957030 2.334572935569490 -0.839659160103423
0.002748197878113 -0.411836426218602 0.087779789422383 -0.049432953288139 0.391258904670988 0.214591927123697 -0.799223017180911 2.321112180185825 -0.841690610018375
0.002501033111673 -0.409880131695247 0.088852749058002 -0.053429068374044 0.402864465571917 0.210383474073605 -0.794354318818802 2.306972453445244 -0.843722059955532
0.002233887769802 -0.407865809367387 0.089904666428370 -0.057400839968138 0.414399327839143 0.206164863773828 -0.789251831864041 2.292153755323323 -0.845753509870484
0.001946883569962 -0.405793812728191 0.090935490747239 -0.061347099127458 0.425860096615760 0.201936096224475 -0.783915556279158 2.276656085726803 -0.847784959798759
0.001640148074324 -0.403664512245113 0.091945171228361 -0.065266676908854 0.437243377044394 0.197697171425482 -0.778345492123134 2.260479444813335 -0.849816409731474
0.001313814689780 -0.401478295359891 0.092933657085489 -0.069158404369470 0.448545774268461 0.193448089376824 -0.772541639346702 2.243623832445252 -0.851847859646426
0.000968022667933 -0.399235566488548 0.093900897532373 -0.073021112566203 0.459763893430687 0.189188850078592 -0.766503997966031 2.226089248680285 -0.853879309574701
0.000602917105102 -0.396936747021395 0.094846841782766 -0.076853632556033 0.470894339674088 0.184919453530719 -0.760232568002353 2.207875693551742 -0.855910759502976
0.000218648942322 -0.394582275323025 0.095771439050420 -0.080654795396045 0.481933718141847 0.180639899733204 -0.753727349421529 2.188983166993008 -0.857942209426810
-0.000184625034659 -0.392172606732315 0.096674638549086 -0.084423432143153 0.492878633976812 0.176350188686070 -0.746988342244861 2.169411669046273 -0.859973659350644
-0.000606742195374 -0.389708213562431 0.097556389492516 -0.088158373854377 0.503725692322043 0.172050320389316 -0.740015546464370 2.149161199691552 -0.862005109278918
-0.001047534064646 -0.387189585100821 0.098416641094462 -0.091858451586699 0.514471498320501 0.167740294842922 -0.732808962087689 2.128231758948829 -0.864036559198311
-0.001506826322580 -0.384617227609219 0.099255342568677 -0.095522496397137 0.525112657115245 0.163420112046930 -0.725368589095873 2.106623346780356 -0.866068009126586
-0.001984438804565 -0.381991664323642 0.100072443128912 -0.099149339342617 0.535645773849147 0.159089772001297 -0.717694427514251 2.084335963230544 -0.868099459054861
-0.002480185501278 -0.379313435454397 0.100867891988918 -0.102737811480188 0.546067453665300 0.154749274706023 -0.709786477336508 2.061369608314934 -0.870130908978695
-0.002993874558679 -0.376583098186070 0.101641638362448 -0.106286743866870 0.556374301706875 0.150398620161130 -0.701644738534540 2.037724281909181 -0.872162358902528
-0.003525308278014 -0.373801226677536 0.102393631463254 -0.109794967559543 0.566562923116420 0.146037808366617 -0.693269211153383 2.013399984193143 -0.874193808821921
-0.004074283115811 -0.370968412061954 0.103123820505087 -0.113261313615310 0.576629923037386 0.141666839322507 -0.684659895155287 1.988396715015828 -0.876225258759078
-0.004640589683888 -0.368085262446767 0.103832154701700 -0.116684613091086 0.586571906612465 0.137285713028712 -0.675816790575920 1.962714474506022 -0.878256708678471
-0.005224012749343 -0.365152402913704 0.104518583266843 -0.120063697043966 0.596385478984995 0.132894429485320 -0.666739897364349 1.936353262508295 -0.880288158602305
-0.005824331234563 -0.362170475518779 0.105183055414270 -0.123397396530788 0.606067245297537 0.128492988692308 -0.657429215579555 1.909313079189179 -0.882319608526139
-0.006441318217217 -0.359140139292292 0.105825520357731 -0.126684542608686 0.615613810693483 0.124081390649677 -0.647884745180805 1.881593924433211 -0.884351058458854
-0.007074740930261 -0.356062070238824 0.106445927310980 -0.129923966334590 0.625021780315649 0.119659635357383 -0.638106486171852 1.853195798251495 -0.886382508378247
-0.007724360761934 -0.352936961337246 0.107044225487767 -0.133114498765449 0.634287759306906 0.115227722815492 -0.628094438578020 1.824118700732846 -0.888413958302081
-0.008389933255761 -0.349765522540711 0.107620364101844 -0.136254970958339 0.643408352810571 0.110785653023981 -0.617848602378412 1.794362631779567 -0.890445408230356
-0.009071208110553 -0.346548480776659 0.108174292366964 -0.139344213970231 0.652380165969468 0.106333425982830 -0.607368977561878 1.763927591400538 -0.892476858158631
-0.009767929180404 -0.343286579946811 0.108705959496878 -0.142381058858040 0.661199803926471 0.101871041692037 -0.596655564166493 1.732813579675696 -0.894508308073583
-0.010479834474694 -0.339980580927179 0.109215314705338 -0.145364336678873 0.669863871824850 0.097398500151669 -0.585708362152298 1.701020596511782 -0.896539758010739
-0.011206656158088 -0.336631261568055 0.109702307206097 -0.148292878489634 0.678368974807408 0.092915801361615 -0.574527371547118 1.668548641966527 -0.898571207930132
-0.011948120550536 -0.333239416694018 0.110166886212905 -0.151165515347370 0.686711718017241 0.088422945321964 -0.563112592332632 1.635397716011067 -0.900602657853966
-0.012703948127273 -0.329805858103931 0.110609000939515 -0.153981078309033 0.694888706597296 0.083919932032694 -0.551464024515780 1.601567818643179 -0.902634107782241
-0.013473853518818 -0.326331414570945 0.111028600599678 -0.156738398431612 0.702896545690512 0.079406761493783 -0.539581668111133 1.567058949922817 -0.904665557706075
-0.014257545510977 -0.322816931842492 0.111425634407147 -0.159436306772168 0.710731840440126 0.074883433705253 -0.527465523087189 1.531871109752281 -0.906697007629909
-0.015054727044837 -0.319263272640292 0.111800051575673 -0.162073634387604 0.718391195988888 0.070349948667103 -0.515115589465737 1.496004298182640 -0.908728457558183
-0.015865095216775 -0.315671316660347 0.112151801319009 -0.164649212334932 0.725871217479801 0.065806306379312 -0.502531867257461 1.459458515271628 -0.910759907482017
-0.016688341278450 -0.312041960572948 0.112480832850905 -0.167161871671220 0.733168510056159 0.061252506841902 -0.489714356425031 1.422233760881575 -0.912791357405851
-0.017524150636806 -0.308376118022668 0.112787095385115 -0.169610443453345 0.740279678860567 0.056688550054873 -0.476663057009941 1.384330035154591 -0.914822807334126
-0.018372202854073 -0.304674719628365 0.113070538135389 -0.171993758738394 0.747201329036340 0.052114436018202 -0.463377968979856 1.345747337984093 -0.916854257257960
-0.019232171647765 -0.300938712983183 0.113331110315480 -0.174310648583294 0.753930065726260 0.047530164731913 -0.449859092352123 1.306485669434476 -0.918885707181794
-0.020103724890681 -0.297169062654552 0.113568761139140 -0.176559944045054 0.760462494073433 0.042935736196004 -0.436106427129795 1.266545029492416 -0.920917157105627
-0.020986524610907 -0.293366750184185 0.113783439820120 -0.178740476180703 0.766795219220895 0.038331150410476 -0.422119973292334 1.225925418120166 -0.922948607038343
-0.021880226991810 -0.289532774088080 0.113975095572172 -0.180851076047165 0.772924846311496 0.033716407375284 -0.407899730871797 1.184626835397662 -0.924980056953295
-0.022784482372046 -0.285668149856523 0.114143677609049 -0.182890574701524 0.778847980488484 0.029091507090517 -0.393445699827383 1.142649281220542 -0.927011506890452
-0.023698935245554 -0.281773909954080 0.114289135144501 -0.184857803200661 0.784561226894587 0.024456449556065 -0.378757880200031 1.099992755673185 -0.929042956800963
-0.024623224261557 -0.277851103819607 0.114411417392281 -0.186751592601661 0.790061190672953 0.019811234772060 -0.363836271957824 1.056657258713400 -0.931074406738119
-0.025556982224565 -0.273900797866242 0.114510473566142 -0.188570773961450 0.795344476966520 0.015155862738370 -0.348680875125046 1.012642790381157 -0.933105856657512
-0.026499836094372 -0.269924075481410 0.114586252879834 -0.190314178337075 0.800407690918425 0.010490333455082 -0.333291689679771 0.967949350609842 -0.935137306590228
-0.027451406986058 -0.265922037026818 0.114638704547109 -0.191980636785474 0.805247437671475 0.005814646922131 -0.317668715645869 0.922576939466069 -0.937168756505180
-0.028411310169985 -0.261895799838460 0.114667777781720 -0.193568980363704 0.809860322368805 0.001128803139605 -0.301811952992392 0.876525556896546 -0.939200206433455
-0.029379155071804 -0.257846498226616 0.114673421797418 -0.195078040128666 0.814242950153288 -0.003567197892562 -0.285721401757089 0.829795202968997 -0.941231656361730
-0.030354545272447 -0.253775283475850 0.114655585807955 -0.196506647137451 0.818391926168133 -0.008273356174371 -0.269397061904153 0.782385877596825 -0.943263106285563
-0.031337078508134 -0.249683323845009 0.114614219027083 -0.197853632446972 0.822303855556117 -0.012989671705799 -0.252838933459676 0.734297580855525 -0.945294556213838
-0.032326346670369 -0.245571804567229 0.114549270668554 -0.199117827114270 0.825975343460394 -0.017716144486868 -0.236047016407281 0.685530312688476 -0.947326006133231
-0.033321935805940 -0.241441927849927 0.114460689946120 -0.200298062196307 0.829402995023837 -0.022452774517534 -0.219021310759460 0.636084073150078 -0.949357456061506
-0.034323426116922 -0.237294912874807 0.114348426073532 -0.201393168750104 0.832583415389587 -0.027199561797842 -0.201761816500667 0.585958862184821 -0.951388905985340
-0.035330391960673 -0.233131995797860 0.114212428264543 -0.202401977832607 0.835513209700511 -0.031956506327768 -0.184268533647836 0.535154679833783 -0.953420355913615
-0.036342401849836 -0.228954429749357 0.114052645732904 -0.203323320500846 0.838188983099680 -0.036723608107336 -0.166541462193748 0.483671526082530 -0.955451805837448
-0.037359018452340 -0.224763484833859 0.113869027692367 -0.204156027811815 0.840607340730093 -0.041500867136524 -0.148580602133686 0.431509400928842 -0.957483255756841
-0.038379798591399 -0.220560448130208 0.113661523356685 -0.204898930822484 0.842764887734737 -0.046288283415308 -0.130385953471812 0.378668304373830 -0.959514705689557
-0.039404293245511 -0.216346623691534 0.113430081939608 -0.205550860589843 0.844658229256606 -0.051085856943756 -0.111957516215344 0.325148236425266 -0.961546155613391
-0.040432047548460 -0.212123332545251 0.113174652654889 -0.206110648170919 0.846283970438733 -0.055893587721823 -0.093295290345963 0.270949197060943 -0.963577605537225
-0.041462600789315 -0.207891912693058 0.112895184716280 -0.206577124622649 0.847638716424037 -0.060711475749509 -0.074399275885872 0.216071186318612 -0.965609055465499
-0.042495486412428 -0.203653719110938 0.112591627337533 -0.206949121002079 0.848719072355630 -0.065539521026836 -0.055269472817310 0.160514204156081 -0.967640505384892
-0.043530232017439 -0.199410123749159 0.112263929732399 -0.207225468366165 0.849521643376411 -0.070377723553761 -0.035905881147491 0.104278250607770 -0.969671955313167
-0.044566359359270 -0.195162515532277 0.111912041114630 -0.207404997771903 0.850043034629450 -0.075226083330326 -0.016308500878637 0.047363325648142 -0.971703405241442
-0.045603384348129 -0.190912300359130 0.111535910697978 -0.207486540276296 0.850279851257690 -0.080084600356534 0.003522667991196 -0.010230570701708 -0.973734855160835
-0.046640817049511 -0.186660901102842 0.111135487696195 -0.207468926936340 0.850228698404182 -0.084953274632338 0.023587625465893 -0.068503438456213 -0.975766305089110
-0.047678161684192 -0.182409757610821 0.110710721323034 -0.207350988809010 0.849886181211901 -0.089832106157783 0.043886371541291 -0.127455277607602 -0.977797755017384
-0.048714916628237 -0.178160326704761 0.110261560792245 -0.207131556951304 0.849248904823863 -0.094721094932870 0.064418906218777 -0.187086088172528 -0.979829204936777
-0.049750574412994 -0.173914082180642 0.109787955317580 -0.206809462420210 0.848313474383000 -0.099620240957554 0.085185229495299 -0.247395870114353 -0.981860654860611
-0.050784621725095 -0.169672514808727 0.109289854112793 -0.206383536272733 0.847076495032428 -0.104529544231857 0.106185341375575 -0.308384623477487 -0.983892104797768
-0.051816539406459 -0.165437132333565 0.108767206391633 -0.205852609565856 0.845534571915041 -0.109449004755846 0.127419241858218 -0.370052348224181 -0.985923554712720
-0.052845802454288 -0.161209459473990 0.108219961367854 -0.205215513356564 0.843684310173920 -0.114378622529410 0.148886930939340 -0.432399044383303 -0.987955004636554
-0.053871880021071 -0.156991037923120 0.107648068255207 -0.204471078701868 0.841522314952003 -0.119318397552592 0.170588408628380 -0.495424711939307 -0.989986454569269
-0.054894235414580 -0.152783426348360 0.107051476267444 -0.203618136658726 0.839045191392307 -0.124268329825439 0.192523674910627 -0.559129350887755 -0.992017904488662
-0.055912326097874 -0.148588200391398 0.106430134618317 -0.202655518284173 0.836249544637868 -0.129228419347882 0.214692729803012 -0.623512961250849 -0.994049354416937
-0.056925603689294 -0.144406952668209 0.105783992521578 -0.201582054635158 0.833131979831614 -0.134198666119967 0.237095573289714 -0.688575542999725 -0.996080804340771
-0.057933513962470 -0.140241292769051 0.105112999190978 -0.200396576768709 0.829689102116615 -0.139179070141671 0.259732205384056 -0.754317096154367 -0.998112254269046
-0.058935496846314 -0.136092847258468 0.104417103840269 -0.199097915741789 0.825917516635843 -0.144169631413016 0.282602626074380 -0.820737620708112 -1.000143704188439
-0.059930986425023 -0.131963259675289 0.103696255683204 -0.197684902611417 0.821813828532303 -0.149170349933958 0.305706835374286 -0.887837116672063 -1.002175154121154
-0.060919410938080 -0.127854190532627 0.102950403933534 -0.196156368434545 0.817374642948943 -0.154181225704564 0.329044833265735 -0.955615584017355 -1.004206604036106
-0.061900192780253 -0.123767317317882 0.102179497805012 -0.194511144268217 0.812596565028856 -0.159202258724744 0.352616619765378 -1.024073022770633 -1.006238053973263
-0.062872748501594 -0.119704334492738 0.101383486511388 -0.192748061169390 0.807476199915003 -0.164233448994611 0.376422194868775 -1.093209432931896 -1.008269503888215
-0.063836488807441 -0.115666953493163 0.100562319266415 -0.190865950195046 0.802010152750343 -0.169274796514052 0.400461558567322 -1.163024814487823 -1.010300953816490
-0.064790818558416 -0.111656902729411 0.099715945283845 -0.188863642402209 0.796195028677904 -0.174326301283134 0.424734710872121 -1.233519167436192 -1.012332403744765
-0.065735136770427 -0.107675927586022 0.098844313777429 -0.186739968847849 0.790027432840723 -0.179387963301858 0.449241651776511 -1.304692491796988 -1.014363853668598
-0.066668836614666 -0.103725790421818 0.097947373960920 -0.184493760588966 0.783503970381738 -0.184459782570201 0.473982381283822 -1.376544787550227 -1.016395303592432
-0.067591305417611 -0.099808270569910 0.097025075048069 -0.182123848682547 0.776621246443987 -0.189541759088163 0.498956899390723 -1.449076054707010 -1.018426753520707
-0.068501924661024 -0.095925164337690 0.096077366252628 -0.179629064185594 0.769375866170452 -0.194633892855767 0.524165206102767 -1.522286293256236 -1.020458203444541
-0.069400069981952 -0.092078285006837 0.095104196788349 -0.177008238155080 0.761764434704171 -0.199736183872989 0.549607301414401 -1.596175503220110 -1.022489653363934
-0.070285111172727 -0.088269462833317 0.094105515868984 -0.174260201648008 0.753783557188070 -0.204848632139809 0.575283185326736 -1.670743684569764 -1.024521103296649
-0.071156412180967 -0.084500545047376 0.093081272708285 -0.171383785721374 0.745429838765221 -0.209971237656292 0.601192857843658 -1.745990837331846 -1.026552553220483
-0.072013331109574 -0.080773395853550 0.092031416520004 -0.168377821432156 0.736699884578562 -0.215104000422395 0.627336318956839 -1.821916961475267 -1.028584003144317
-0.072855220216735 -0.077089896430657 0.090955896517892 -0.165241139837372 0.727590299771186 -0.220246920438116 0.653713568679604 -1.898522057042218 -1.030615453068151
-0.073681425915922 -0.073451944931801 0.089854661915701 -0.161972571993974 0.718097689485975 -0.225399997703457 0.680324606997518 -1.975806123990509 -1.032646903000867
-0.074491288775891 -0.069861456484372 0.088727661927184 -0.158570948958986 0.708218658866022 -0.230563232218461 0.707169433918908 -2.053769162353447 -1.034678352915819
-0.075284143520686 -0.066320363190041 0.087574845766091 -0.155035101789391 0.697949813054255 -0.235736623983041 0.734248049443220 -2.132411172102167 -1.036709802844094
-0.076059319029633 -0.062830614124770 0.086396162646176 -0.151363861542175 0.687287757193744 -0.240920172997261 0.761560453569343 -2.211732153261092 -1.038741252776809
-0.076816138337344 -0.059394175338801 0.085191561781190 -0.147556059274329 0.676229096427439 -0.246113879261145 0.789106646293947 -2.291732105816902 -1.040772702691761
-0.077553918633716 -0.056013029856664 0.083960992384884 -0.143610526042859 0.664770435898354 -0.251317742774604 0.816886627624247 -2.372411029771815 -1.042804152620036
-0.078271971263930 -0.052689177677172 0.082704403671011 -0.139526092904738 0.652908380749495 -0.256531763537704 0.844900397552473 -2.453768925125832 -1.044835602548311
-0.078969601728454 -0.049424635773425 0.081421744853323 -0.135301590916975 0.640639536123866 -0.261755941550446 0.873147956088061 -2.535805791887835 -1.046867052472145
-0.079646109683039 -0.046221438092806 0.080112965145570 -0.130935851136535 0.627960507164427 -0.266990276812806 0.901629303217133 -2.618521630042281 -1.048898502395978
-0.080300788938721 -0.043081635556984 0.078778013761506 -0.126427704620449 0.614867899014215 -0.272234769324786 0.930344438955233 -2.701916439593610 -1.050929952324253
-0.080932927461824 -0.040007296061912 0.077416839914882 -0.121775982425673 0.601358316816247 -0.277489419086407 0.959293363291258 -2.785990220552925 -1.052961402248087
-0.081541807373952 -0.037000504477831 0.076029392819450 -0.116979515609217 0.587428365713483 -0.282754226097648 0.988476076228539 -2.870742972909124 -1.054992852163039
-0.082126704951998 -0.034063362649264 0.074615621688962 -0.112037135228074 0.573074650848937 -0.288029190358463 1.017892577771518 -2.956174696664426 -1.057024302104637
-0.082686890628138 -0.031197989395019 0.073175475737170 -0.106947672339217 0.558293777365615 -0.293314311868986 1.047542867910756 -3.042285391821054 -1.059055752028470
-0.083221628989835 -0.028406520508191 0.071708904177825 -0.101709957999663 0.543082350406510 -0.298609590629129 1.077426946656801 -3.129075058379005 -1.061087201938982
-0.083730178779833 -0.025691108756158 0.070215856224679 -0.096322823266379 0.527436975114615 -0.303915026638824 1.107544813999106 -3.216543696333840 -1.063118651876138
-0.084211792896165 -0.023053923880585 0.068696281091485 -0.090785099196383 0.511354256632945 -0.309230619898204 1.137896469948219 -3.304691305687779 -1.065150101804413
-0.084665718392147 -0.020497152597421 0.067150127991994 -0.085095616846642 0.494830800104507 -0.314556370407226 1.168481914496367 -3.393517886449704 -1.067181551714924
-0.085091196476380 -0.018022998596898 0.065577346139958 -0.079253207274160 0.477863210672258 -0.319892278165801 1.199301147646326 -3.483023438601851 -1.069213001656522
-0.085487462512751 -0.015633682543537 0.063977884749129 -0.073256701535929 0.460448093479249 -0.325238343174084 1.230354169397541 -3.573207962161984 -1.071244451571474
-0.085853746020430 -0.013331442076141 0.062351693033259 -0.067104930688941 0.442582053668439 -0.330594565431941 1.261640979752787 -3.664071457114559 -1.073275901499748
-0.086189270673875 -0.011118531807798 0.060698720206099 -0.060796725790177 0.424261696382866 -0.335960944939440 1.293161578705404 -3.755613923477341 -1.075307351419141
-0.086493254302826 -0.008997223325884 0.059018915481402 -0.054330917896650 0.405483626765479 -0.341337481696535 1.324915966265938 -3.847835361228125 -1.077338801356298
-0.086764908892309 -0.006969805192057 0.057312228072919 -0.047706338065320 0.386244449959339 -0.346724175703317 1.356904142421067 -3.940735770386894 -1.079370251275691
-0.087003440582636 -0.005038582942260 0.055578607194402 -0.040921817353215 0.366540771107404 -0.352121026959695 1.389126107184113 -4.034315150942547 -1.081401701199525
-0.087208049669402 -0.003205879086723 0.053818002059604 -0.033976186817294 0.346369195352692 -0.357528035465693 1.421581860543975 -4.128573502903965 -1.083433151123359
-0.087377930603488 -0.001474033109960 0.052030361882275 -0.026868277514575 0.325726327838172 -0.362945201221310 1.454271402508422 -4.223510826257826 -1.085464601056074
-0.087512271991061 0.000154598529231 0.050215635876169 -0.019596920502032 0.304608773706883 -0.368372524226590 1.487194733075237 -4.319127121013011 -1.087496050971026
-0.087610256593571 0.001677642397766 0.048373773255036 -0.012160946836656 0.283013138101817 -0.373810004481445 1.520351852238866 -4.415422387173962 -1.089527500903742
-0.087671061327755 0.003092708088275 0.046504723232629 -0.004559187575462 0.260936026165948 -0.379257641985964 1.553742760010968 -4.512396624727355 -1.091558950823135
-0.087693857265632 0.004397388219105 0.044608435022699 0.003209526224593 0.238374043042311 -0.384715436740080 1.587367456378219 -4.610049833686514 -1.093590400755851
-0.087677809634509 0.005589258434316 0.042684857838999 0.011146363506484 0.215323793873878 -0.390183388743859 1.621225941352833 -4.708382014044776 -1.095621850675244
-0.087622077816977 0.006665877403686 0.040733940895279 0.019252493213248 0.191781883803654 -0.395661497997235 1.655318214924262 -4.807393165802143 -1.097653300603518
-0.087525815350910 0.007624786822704 0.038755633405293 0.027529084287869 0.167744917974644 -0.401149764500253 1.689644277101943 -4.907083288956393 -1.099684750527352
-0.087388169929471 0.008463511412577 0.036749884582792 0.035977305673379 0.143209501529862 -0.406648188252889 1.724204127875884 -5.007452383516409 -1.101716200446745
-0.087208283401104 0.009179558920226 0.034716643641527 0.044598326312759 0.118172239612280 -0.412156769255123 1.758997767258297 -5.108500449475528 -1.103747650388343
-0.086985291769540 0.009770420118288 0.032655859795252 0.053393315149050 0.092629737364902 -0.417675507507065 1.794025195234750 -5.210227486827090 -1.105779100294413
-0.086718325193795 0.010233568805112 0.030567482257716 0.062363441125224 0.066578599930767 -0.423204403008537 1.829286411819120 -5.312633495588859 -1.107810550231569
-0.086406507988169 0.010566461804766 0.028451460242674 0.071509873184319 0.040015432452822 -0.428743455759695 1.864781417003081 -5.415718475745290 -1.109842000150962
-0.086048958622247 0.010766538967030 0.026307742963875 0.080833780269335 0.012936840074096 -0.434292665760450 1.900510210787187 -5.519482427305267 -1.111873450079237
-0.085644789720901 0.010831223167401 0.024136279635073 0.090336331323271 -0.014660572062430 -0.439852033010846 1.936472793175326 -5.623925350259906 -1.113904900007512
-0.085193108064284 0.010757920307088 0.021937019470019 0.100018695289147 -0.042780198813730 -0.445421557510883 1.972669164162499 -5.729047244622532 -1.115936349926905
-0.084693014587839 0.010544019313020 0.019709911682464 0.109882041109960 -0.071425435036843 -0.451001239260518 2.009099323754815 -5.834848110375379 -1.117967799855180
-0.084143604382289 0.010186892137836 0.017454905486162 0.119927537728734 -0.100599675588720 -0.456591078259794 2.045763271945056 -5.941327947533992 -1.119999249774573
-0.083543966693645 0.009683893759892 0.015171950094863 0.130156354088459 -0.130306315326389 -0.462191074508667 2.082661008740438 -6.048486756093929 -1.122030699711729
-0.082893184923203 0.009032362183260 0.012860994722319 0.140569659132161 -0.160548749106859 -0.467801228007225 2.119792534133746 -6.156324536048530 -1.124062149626681
-0.082190336627542 0.008229618437726 0.010521988582283 0.151168621802830 -0.191330371787102 -0.473421538755359 2.157157848133306 -6.264841287408895 -1.126093599559397
-0.081434493518528 0.007272966578790 0.008154880888507 0.161954411043497 -0.222654578224146 -0.479052006753156 2.194756950729682 -6.374037010168365 -1.128125049474349
-0.080624721463310 0.006159693687670 0.005759620854741 0.172928195797145 -0.254524763274988 -0.484692632000527 2.232589841932309 -6.483911704326939 -1.130156499407065
-0.079760080484325 0.004887069871295 0.003336157694738 0.184091145006807 -0.286944321796623 -0.490343414497563 2.270656521731751 -6.594465369877955 -1.132187949335339
-0.078839624759291 0.003452348262311 0.000884440622250 0.195444427615465 -0.319916648646013 -0.496004354244239 2.308956990139110 -6.705698006845839 -1.134219399254732
-0.077862402621213 0.001852765019081 -0.001595581148971 0.206989212566161 -0.353445138680242 -0.501675451240513 2.347491247140510 -6.817609615199505 -1.136250849178566
-0.076827456558382 0.000085539325680 -0.004103958405173 0.218726668801864 -0.387533186756239 -0.507356705486406 2.386259292749271 -6.930200194956715 -1.138282299106841
-0.075733823214373 -0.001852126608101 -0.006640741932605 0.230657965265610 -0.422184187731023 -0.513048116981940 2.386259292749271 -6.930200194956715 -1.138282299106841
-0.074580533388045 -0.003963047546756 -0.009205982517515 -0.230657965265610 0.422184187731023 0.513048116981940 2.347491247140510 -6.817609615199505 -1.136250849178566
-0.075733823214373 -0.001852126608101 -0.006640741932605 -0.218726668801864 0.387533186756239 0.507356705486406 2.308956990139110 -6.705698006845839 -1.134219399254732
-0.076827456558382 0.000085539325680 -0.004103958405173 -0.206989212566161 0.353445138680242 0.501675451240513 2.270656521731751 -6.594465369877955 -1.132187949335339
-0.077862402621213 0.001852765019081 -0.001595581148971 -0.195444427615465 0.319916648646013 0.496004354244239 2.232589841932309 -6.483911704326939 -1.130156499407065
-0.078839624759291 0.003452348262311 0.000884440622250 -0.184091145006807 0.286944321796623 0.490343414497563 2.194756950729682 -6.374037010168365 -1.128125049474349
-0.079760080484325 0.004887069871295 0.003336157694738 -0.172928195797145 0.254524763274988 0.484692632000527 2.157157848133306 -6.264841287408895 -1.126093599559397
-0.080624721463310 0.006159693687670 0.005759620854741 -0.161954411043497 0.222654578224146 0.479052006753156 2.119792534133746 -6.156324536048530 -1.124062149626681
-0.081434493518528 0.007272966578790 0.008154880888507 -0.151168621802830 0.191330371787102 0.473421538755359 2.082661008740438 -6.048486756093929 -1.122030699711729
-0.082190336627542 0.008229618437726 0.010521988582283 -0.140569659132161 0.160548749106859 0.467801228007225 2.045763271945056 -5.941327947533992 -1.119999249774573
-0.082893184923203 0.009032362183260 0.012860994722319 -0.130156354088459 0.130306315326389 0.462191074508667 2.009099323754815 -5.834848110375379 -1.117967799855180
-0.083543966693645 0.009683893759892 0.015171950094863 -0.119927537728734 0.100599675588720 0.456591078259794 1.972669164162499 -5.729047244622532 -1.115936349926905
-0.084143604382289 0.010186892137836 0.017454905486162 -0.109882041109960 0.071425435036843 0.451001239260518 1.936472793175326 -5.623925350259906 -1.113904900007512
-0.084693014587839 0.010544019313020 0.019709911682464 -0.100018695289147 0.042780198813730 0.445421557510883 1.900510210787187 -5.519482427305267 -1.111873450079237
-0.085193108064284 0.010757920307088 0.021937019470019 -0.090336331323271 0.014660572062430 0.439852033010846 1.864781417003081 -5.415718475745290 -1.109842000150962
-0.085644789720901 0.010831223167401 0.024136279635073 -0.080833780269335 -0.012936840074096 0.434292665760450 1.829286411819120 -5.312633495588859 -1.107810550231569
-0.086048958622247 0.010766538967030 0.026307742963875 -0.071509873184319 -0.040015432452822 0.428743455759695 1.794025195234750 -5.210227486827090 -1.105779100294413
-0.086406507988169 0.010566461804766 0.028451460242674 -0.062363441125224 -0.066578599930767 0.423204403008537 1.758997767258297 -5.108500449475528 -1.103747650388343
-0.086718325193795 0.010233568805112 0.030567482257716 -0.053393315149050 -0.092629737364902 0.417675507507065 1.724204127875884 -5.007452383516409 -1.101716200446745
-0.086985291769540 0.009770420118288 0.032655859795252 -0.044598326312759 -0.118172239612280 0.412156769255123 1.689644277101943 -4.907083288956393 -1.099684750527352
-0.087208283401104 0.009179558920226 0.034716643641527 -0.035977305673379 -0.143209501529862 0.406648188252889 1.655318214924262 -4.807393165802143 -1.097653300603518
-0.087388169929471 0.008463511412577 0.036749884582792 -0.027529084287869 -0.167744917974644 0.401149764500253 1.621225941352833 -4.708382014044776 -1.095621850675244
-0.087525815350910 0.007624786822704 0.038755633405293 -0.019252493213248 -0.191781883803654 0.395661497997235 1.587367456378219 -4.610049833686514 -1.093590400755851
-0.087622077816977 0.006665877403686 0.040733940895279 -0.011146363506484 -0.215323793873878 0.390183388743859 1.553742760010968 -4.512396624727355 -1.091558950823135
-0.087677809634509 0.005589258434316 0.042684857838999 -0.003209526224593 -0.238374043042311 0.384715436740080 1.520351852238866 -4.415422387173962 -1.089527500903742
-0.087693857265632 0.004397388219105 0.044608435022699 0.004559187575462 -0.260936026165948 0.379257641985964 1.487194733075237 -4.319127121013011 -1.087496050971026
-0.087671061327755 0.003092708088275 0.046504723232629 0.012160946836656 -0.283013138101817 0.373810004481445 1.454271402508422 -4.223510826257826 -1.085464601056074
-0.087610256593571 0.001677642397766 0.048373773255036 0.019596920502032 -0.304608773706883 0.368372524226590 1.421581860543975 -4.128573502903965 -1.083433151123359
-0.087512271991061 0.000154598529231 0.050215635876169 0.026868277514575 -0.325726327838172 0.362945201221310 1.389126107184113 -4.034315150942547 -1.081401701199525
-0.087377930603488 -0.001474033109960 0.052030361882275 0.033976186817294 -0.346369195352692 0.357528035465693 1.356904142421067 -3.940735770386894 -1.079370251275691
-0.087208049669402 -0.003205879086723 0.053818002059604 0.040921817353215 -0.366540771107404 0.352121026959695 1.324915966265938 -3.847835361228125 -1.077338801356298
-0.087003440582636 -0.005038582942260 0.055578607194402 0.047706338065320 -0.386244449959339 0.346724175703317 1.293161578705404 -3.755613923477341 -1.075307351419141
-0.086764908892309 -0.006969805192057 0.057312228072919 0.054330917896650 -0.405483626765479 0.341337481696535 1.261640979752787 -3.664071457114559 -1.073275901499748
-0.086493254302826 -0.008997223325884 0.059018915481402 0.060796725790177 -0.424261696382866 0.335960944939440 1.230354169397541 -3.573207962161984 -1.071244451571474
-0.086189270673875 -0.011118531807798 0.060698720206099 0.067104930688941 -0.442582053668439 0.330594565431941 1.199301147646326 -3.483023438601851 -1.069213001656522
-0.085853746020430 -0.013331442076141 0.062351693033259 0.073256701535929 -0.460448093479249 0.325238343174084 1.168481914496367 -3.393517886449704 -1.067181551714924
-0.085487462512751 -0.015633682543537 0.063977884749129 0.079253207274160 -0.477863210672258 0.319892278165801 1.137896469948219 -3.304691305687779 -1.065150101804413
-0.085091196476380 -0.018022998596898 0.065577346139958 0.085095616846642 -0.494830800104507 0.314556370407226 1.107544813999106 -3.216543696333840 -1.063118651876138
-0.084665718392147 -0.020497152597421 0.067150127991994 0.090785099196383 -0.511354256632945 0.309230619898204 1.077426946656801 -3.129075058379005 -1.061087201938982
-0.084211792896165 -0.023053923880585 0.068696281091485 0.096322823266379 -0.527436975114615 0.303915026638824 1.047542867910756 -3.042285391821054 -1.059055752028470
-0.083730178779833 -0.025691108756158 0.070215856224679 0.101709957999663 -0.543082350406510 0.298609590629129 1.017892577771518 -2.956174696664426 -1.057024302104637
-0.083221628989835 -0.028406520508191 0.071708904177825 0.106947672339217 -0.558293777365615 0.293314311868986 0.988476076228539 -2.870742972909124 -1.054992852163039
-0.082686890628138 -0.031197989395019 0.073175475737170 0.112037135228074 -0.573074650848937 0.288029190358463 0.959293363291258 -2.785990220552925 -1.052961402248087
-0.082126704951998 -0.034063362649264 0.074615621688962 0.116979515609217 -0.587428365713483 0.282754226097648 0.930344438955233 -2.701916439593610 -1.050929952324253
-0.081541807373952 -0.037000504477831 0.076029392819450 0.121775982425673 -0.601358316816247 0.277489419086407 0.901629303217133 -2.618521630042281 -1.048898502395978
-0.080932927461824 -0.040007296061912 0.077416839914882 0.126427704620449 -0.614867899014215 0.272234769324786 0.873147956088061 -2.535805791887835 -1.046867052472145
-0.080300788938721 -0.043081635556984 0.078778013761506 0.130935851136535 -0.627960507164427 0.266990276812806 0.844900397552473 -2.453768925125832 -1.044835602548311
-0.079646109683039 -0.046221438092806 0.080112965145570 0.135301590916975 -0.640639536123866 0.261755941550446 0.816886627624247 -2.372411029771815 -1.042804152620036
-0.078969601728454 -0.049424635773425 0.081421744853323 0.139526092904738 -0.652908380749495 0.256531763537704 0.789106646293947 -2.291732105816902 -1.040772702691761
-0.078271971263930 -0.052689177677172 0.082704403671011 0.143610526042859 -0.664770435898354 0.251317742774604 0.761560453569343 -2.211732153261092 -1.038741252776809
-0.077553918633716 -0.056013029856664 0.083960992384884 0.147556059274329 -0.676229096427439 0.246113879261145 0.734248049443220 -2.132411172102167 -1.036709802844094
-0.076816138337344 -0.059394175338801 0.085191561781190 0.151363861542175 -0.687287757193744 0.240920172997261 0.707169433918908 -2.053769162353447 -1.034678352915819
-0.076059319029633 -0.062830614124770 0.086396162646176 0.155035101789391 -0.697949813054255 0.235736623983041 0.680324606997518 -1.975806123990509 -1.032646903000867
-0.075284143520686 -0.066320363190041 0.087574845766091 0.158570948958986 -0.708218658866022 0.230563232218461 0.653713568679604 -1.898522057042218 -1.030615453068151
-0.074491288775891 -0.069861456484372 0.088727661927184 0.161972571993974 -0.718097689485975 0.225399997703457 0.627336318956839 -1.821916961475267 -1.028584003144317
-0.073681425915922 -0.073451944931801 0.089854661915701 0.165241139837372 -0.727590299771186 0.220246920438116 0.601192857843658 -1.745990837331846 -1.026552553220483
-0.072855220216735 -0.077089896430657 0.090955896517892 0.168377821432156 -0.736699884578562 0.215104000422395 0.575283185326736 -1.670743684569764 -1.024521103296649
-0.072013331109574 -0.080773395853550 0.092031416520004 0.171383785721374 -0.745429838765221 0.209971237656292 0.549607301414401 -1.596175503220110 -1.022489653363934
-0.071156412180967 -0.084500545047376 0.093081272708285 0.174260201648008 -0.753783557188070 0.204848632139809 0.524165206102767 -1.522286293256236 -1.020458203444541
-0.070285111172727 -0.088269462833317 0.094105515868984 0.177008238155080 -0.761764434704171 0.199736183872989 0.498956899390723 -1.449076054707010 -1.018426753520707
-0.069400069981952 -0.092078285006837 0.095104196788349 0.179629064185594 -0.769375866170452 0.194633892855767 0.473982381283822 -1.376544787550227 -1.016395303592432
-0.068501924661024 -0.095925164337690 0.096077366252628 0.182123848682547 -0.776621246443987 0.189541759088163 0.449241651776511 -1.304692491796988 -1.014363853668598
-0.067591305417611 -0.099808270569910 0.097025075048069 0.184493760588966 -0.783503970381738 0.184459782570201 0.424734710872121 -1.233519167436192 -1.012332403744765
-0.066668836614666 -0.103725790421818 0.097947373960920 0.186739968847849 -0.790027432840723 0.179387963301858 0.400461558567322 -1.163024814487823 -1.010300953816490
-0.065735136770427 -0.107675927586022 0.098844313777429 0.188863642402209 -0.796195028677904 0.174326301283134 0.376422194868775 -1.093209432931896 -1.008269503888215
-0.064790818558416 -0.111656902729411 0.099715945283845 0.190865950195046 -0.802010152750343 0.169274796514052 0.352616619765378 -1.024073022770633 -1.006238053973263
-0.063836488807441 -0.115666953493163 0.100562319266415 0.192748061169390 -0.807476199915003 0.164233448994611 0.329044833265735 -0.955615584017355 -1.004206604036106
-0.062872748501594 -0.119704334492738 0.101383486511388 0.194511144268217 -0.812596565028856 0.159202258724744 0.305706835374286 -0.887837116672063 -1.002175154121154
-0.061900192780253 -0.123767317317882 0.102179497805012 0.196156368434545 -0.817374642948943 0.154181225704564 0.282602626074380 -0.820737620708112 -1.000143704188439
-0.060919410938080 -0.127854190532627 0.102950403933534 0.197684902611417 -0.821813828532303 0.149170349933958 0.259732205384056 -0.754317096154367 -0.998112254269046
-0.059930986425023 -0.131963259675289 0.103696255683204 0.199097915741789 -0.825917516635843 0.144169631413016 0.237095573289714 -0.688575542999725 -0.996080804340771
-0.058935496846314 -0.136092847258468 0.104417103840269 0.200396576768709 -0.829689102116615 0.139179070141671 0.214692729803012 -0.623512961250849 -0.994049354416937
-0.057933513962470 -0.140241292769051 0.105112999190978 0.201582054635158 -0.833131979831614 0.134198666119967 0.192523674910627 -0.559129350887755 -0.992017904488662
-0.056925603689294 -0.144406952668209 0.105783992521578 0.202655518284173 -0.836249544637868 0.129228419347882 0.170588408628380 -0.495424711939307 -0.989986454569269
-0.055912326097874 -0.148588200391398 0.106430134618317 0.203618136658726 -0.839045191392307 0.124268329825439 0.148886930939340 -0.432399044383303 -0.987955004636554
-0.054894235414580 -0.152783426348360 0.107051476267444 0.204471078701868 -0.841522314952003 0.119318397552592 0.127419241858218 -0.370052348224181 -0.985923554712720
-0.053871880021071 -0.156991037923120 0.107648068255207 0.205215513356564 -0.843684310173920 0.114378622529410 0.106185341375575 -0.308384623477487 -0.983892104797768
-0.052845802454288 -0.161209459473990 0.108219961367854 0.205852609565856 -0.845534571915041 0.109449004755846 0.085185229495299 -0.247395870114353 -0.981860654860611
-0.051816539406459 -0.165437132333565 0.108767206391633 0.206383536272733 -0.847076495032428 0.104529544231857 0.064418906218777 -0.187086088172528 -0.979829204936777
-0.050784621725095 -0.169672514808727 0.109289854112793 0.206809462420210 -0.848313474383000 0.099620240957554 0.043886371541291 -0.127455277607602 -0.977797755017384
-0.049750574412994 -0.173914082180642 0.109787955317580 0.207131556951304 -0.849248904823863 0.094721094932870 0.023587625465893 -0.068503438456213 -0.975766305089110
-0.048714916628237 -0.178160326704761 0.110261560792245 0.207350988809010 -0.849886181211901 0.089832106157783 0.003522667991196 -0.010230570701708 -0.973734855160835
-0.047678161684192 -0.182409757610821 0.110710721323034 0.207468926936340 -0.850228698404182 0.084953274632338 -0.016308500878637 0.047363325648142 -0.971703405241442
-0.046640817049511 -0.186660901102842 0.111135487696195 0.207486540276296 -0.850279851257690 0.080084600356534 -0.035905881147491 0.104278250607770 -0.969671955313167
-0.045603384348129 -0.190912300359130 0.111535910697978 0.207404997771903 -0.850043034629450 0.075226083330326 -0.055269472817310 0.160514204156081 -0.967640505384892
-0.044566359359270 -0.195162515532277 0.111912041114630 0.207225468366165 -0.849521643376411 0.070377723553761 -0.074399275885872 0.216071186318612 -0.965609055465499
-0.043530232017439 -0.199410123749159 0.112263929732399 0.206949121002079 -0.848719072355630 0.065539521026836 -0.093295290345963 0.270949197060943 -0.963577605537225
-0.042495486412428 -0.203653719110938 0.112591627337533 0.206577124622649 -0.847638716424037 0.060711475749509 -0.111957516215344 0.325148236425266 -0.961546155613391
-0.041462600789315 -0.207891912693058 0.112895184716280 0.206110648170919 -0.846283970438733 0.055893587721823 -0.130385953471812 0.378668304373830 -0.959514705689557
-0.040432047548460 -0.212123332545251 0.113174652654889 0.205550860589843 -0.844658229256606 0.051085856943756 -0.148580602133686 0.431509400928842 -0.957483255756841
-0.039404293245511 -0.216346623691534 0.113430081939608 0.204898930822484 -0.842764887734737 0.046288283415308 -0.166541462193748 0.483671526082530 -0.955451805837448
-0.038379798591399 -0.220560448130208 0.113661523356685 0.204156027811815 -0.840607340730093 0.041500867136524 -0.184268533647836 0.535154679833783 -0.953420355913615
-0.037359018452340 -0.224763484833859 0.113869027692367 0.203323320500846 -0.838188983099680 0.036723608107336 -0.201761816500667 0.585958862184821 -0.951388905985340
-0.036342401849836 -0.228954429749357 0.114052645732904 0.202401977832607 -0.835513209700511 0.031956506327768 -0.219021310759460 0.636084073150078 -0.949357456061506
-0.035330391960673 -0.233131995797860 0.114212428264543 0.201393168750104 -0.832583415389587 0.027199561797842 -0.236047016407281 0.685530312688476 -0.947326006133231
-0.034323426116922 -0.237294912874807 0.114348426073532 0.200298062196307 -0.829402995023837 0.022452774517534 -0.252838933459676 0.734297580855525 -0.945294556213838
-0.033321935805940 -0.241441927849927 0.114460689946120 0.199117827114270 -0.825975343460394 0.017716144486868 -0.269397061904153 0.782385877596825 -0.943263106285563
-0.032326346670369 -0.245571804567229 0.114549270668554 0.197853632446972 -0.822303855556117 0.012989671705799 -0.285721401757089 0.829795202968997 -0.941231656361730
-0.031337078508134 -0.249683323845009 0.114614219027083 0.196506647137451 -0.818391926168133 0.008273356174371 -0.301811952992392 0.876525556896546 -0.939200206433455
-0.030354545272447 -0.253775283475850 0.114655585807955 0.195078040128666 -0.814242950153288 0.003567197892562 -0.317668715645869 0.922576939466069 -0.937168756505180
-0.029379155071804 -0.257846498226616 0.114673421797418 0.193568980363704 -0.809860322368805 -0.001128803139605 -0.333291689679771 0.967949350609842 -0.935137306590228
-0.028411310169985 -0.261895799838460 0.114667777781720 0.191980636785474 -0.805247437671475 -0.005814646922131 -0.348680875125046 1.012642790381157 -0.933105856657512
-0.027451406986058 -0.265922037026818 0.114638704547109 0.190314178337075 -0.800407690918425 -0.010490333455082 -0.363836271957824 1.056657258713400 -0.931074406738119
-0.026499836094372 -0.269924075481410 0.114586252879834 0.188570773961450 -0.795344476966520 -0.015155862738370 -0.378757880200031 1.099992755673185 -0.929042956800963
-0.025556982224565 -0.273900797866242 0.114510473566142 0.186751592601661 -0.790061190672953 -0.019811234772060 -0.393445699827383 1.142649281220542 -0.927011506890452
-0.024623224261557 -0.277851103819607 0.114411417392281 0.184857803200661 -0.784561226894587 -0.024456449556065 -0.407899730871797 1.184626835397662 -0.924980056953295
-0.023698935245554 -0.281773909954080 0.114289135144501 0.182890574701524 -0.778847980488484 -0.029091507090517 -0.422119973292334 1.225925418120166 -0.922948607038343
-0.022784482372046 -0.285668149856523 0.114143677609049 0.180851076047165 -0.772924846311496 -0.033716407375284 -0.436106427129795 1.266545029492416 -0.920917157105627
-0.021880226991810 -0.289532774088080 0.113975095572172 0.178740476180703 -0.766795219220895 -0.038331150410476 -0.449859092352123 1.306485669434476 -0.918885707181794
-0.020986524610907 -0.293366750184185 0.113783439820120 0.176559944045054 -0.760462494073433 -0.042935736196004 -0.463377968979856 1.345747337984093 -0.916854257257960
-0.020103724890681 -0.297169062654552 0.113568761139140 0.174310648583294 -0.753930065726260 -0.047530164731913 -0.476663057009941 1.384330035154591 -0.914822807334126
-0.019232171647765 -0.300938712983183 0.113331110315480 0.171993758738394 -0.747201329036340 -0.052114436018202 -0.489714356425031 1.422233760881575 -0.912791357405851
-0.018372202854073 -0.304674719628365 0.113070538135389 0.169610443453345 -0.740279678860567 -0.056688550054873 -0.502531867257461 1.459458515271628 -0.910759907482017
-0.017524150636806 -0.308376118022668 0.112787095385115 0.167161871671220 -0.733168510056159 -0.061252506841902 -0.515115589465737 1.496004298182640 -0.908728457558183
-0.016688341278450 -0.312041960572948 0.112480832850905 0.164649212334932 -0.725871217479801 -0.065806306379312 -0.527465523087189 1.531871109752281 -0.906697007629909
-0.015865095216775 -0.315671316660347 0.112151801319009 0.162073634387604 -0.718391195988888 -0.070349948667103 -0.539581668111133 1.567058949922817 -0.904665557706075
-0.015054727044837 -0.319263272640292 0.111800051575673 0.159436306772168 -0.710731840440126 -0.074883433705253 -0.551464024515780 1.601567818643179 -0.902634107782241
-0.014257545510977 -0.322816931842492 0.111425634407147 0.156738398431612 -0.702896545690512 -0.079406761493783 -0.563112592332632 1.635397716011067 -0.900602657853966
-0.013473853518818 -0.326331414570945 0.111028600599678 0.153981078309033 -0.694888706597296 -0.083919932032694 -0.574527371547118 1.668548641966527 -0.898571207930132
-0.012703948127273 -0.329805858103931 0.110609000939515 0.151165515347370 -0.686711718017241 -0.088422945321964 -0.585708362152298 1.701020596511782 -0.896539758010739
-0.011948120550536 -0.333239416694018 0.110166886212905 0.148292878489634 -0.678368974807408 -0.092915801361615 -0.596655564166493 1.732813579675696 -0.894508308073583
-0.011206656158088 -0.336631261568055 0.109702307206097 0.145364336678873 -0.669863871824850 -0.097398500151669 -0.607368977561878 1.763927591400538 -0.892476858158631
-0.010479834474694 -0.339980580927179 0.109215314705338 0.142381058858040 -0.661199803926471 -0.101871041692037 -0.617848602378412 1.794362631779567 -0.890445408230356
-0.009767929180404 -0.343286579946811 0.108705959496878 0.139344213970231 -0.652380165969468 -0.106333425982830 -0.628094438578020 1.824118700732846 -0.888413958302081
-0.009071208110553 -0.346548480776659 0.108174292366964 0.136254970958339 -0.643408352810571 -0.110785653023981 -0.638106486171852 1.853195798251495 -0.886382508378247
-0.008389933255761 -0.349765522540711 0.107620364101844 0.133114498765449 -0.634287759306906 -0.115227722815492 -0.647884745180805 1.881593924433211 -0.884351058458854
-0.007724360761934 -0.352936961337246 0.107044225487767 0.129923966334590 -0.625021780315649 -0.119659635357383 -0.657429215579555 1.909313079189179 -0.882319608526139
-0.007074740930261 -0.356062070238824 0.106445927310980 0.126684542608686 -0.615613810693483 -0.124081390649677 -0.666739897364349 1.936353262508295 -0.880288158602305
-0.006441318217217 -0.359140139292292 0.105825520357731 0.123397396530788 -0.606067245297537 -0.128492988692308 -0.675816790575920 1.962714474506022 -0.878256708678471
-0.005824331234563 -0.362170475518779 0.105183055414270 0.120063697043966 -0.596385478984995 -0.132894429485320 -0.684659895155287 1.988396715015828 -0.876225258759078
-0.005224012749343 -0.365152402913704 0.104518583266843 0.116684613091086 -0.586571906612465 -0.137285713028712 -0.693269211153383 2.013399984193143 -0.874193808821921
-0.004640589683888 -0.368085262446767 0.103832154701700 0.113261313615310 -0.576629923037386 -0.141666839322507 -0.701644738534540 2.037724281909181 -0.872162358902528
-0.004074283115811 -0.370968412061954 0.103123820505087 0.109794967559543 -0.566562923116420 -0.146037808366617 -0.709786477336508 2.061369608314934 -0.870130908978695
-0.003525308278014 -0.373801226677536 0.102393631463254 0.106286743866870 -0.556374301706875 -0.150398620161130 -0.717694427514251 2.084335963230544 -0.868099459054861
-0.002993874558679 -0.376583098186070 0.101641638362448 0.102737811480188 -0.546067453665300 -0.154749274706023 -0.725368589095873 2.106623346780356 -0.866068009126586
-0.002480185501278 -0.379313435454397 0.100867891988918 0.099149339342617 -0.535645773849147 -0.159089772001297 -0.732808962087689 2.128231758948829 -0.864036559198311
-0.001984438804565 -0.381991664323642 0.100072443128912 0.095522496397137 -0.525112657115245 -0.163420112046930 -0.740015546464370 2.149161199691552 -0.862005109278918
-0.001506826322580 -0.384617227609219 0.099255342568677 0.091858451586699 -0.514471498320501 -0.167740294842922 -0.746988342244861 2.169411669046273 -0.859973659350644
-0.001047534064646 -0.387189585100821 0.098416641094462 0.088158373854377 -0.503725692322043 -0.172050320389316 -0.753727349421529 2.188983166993008 -0.857942209426810
-0.000606742195374 -0.389708213562431 0.097556389492516 0.084423432143153 -0.492878633976812 -0.176350188686070 -0.760232568002353 2.207875693551742 -0.855910759502976
-0.000184625034659 -0.392172606732315 0.096674638549086 0.080654795396045 -0.481933718141847 -0.180639899733204 -0.766503997966031 2.226089248680285 -0.853879309574701
0.000218648942322 -0.394582275323025 0.095771439050420 0.076853632556033 -0.470894339674088 -0.184919453530719 -0.772541639346702 2.243623832445252 -0.851847859646426
0.000602917105102 -0.396936747021395 0.094846841782766 0.073021112566203 -0.459763893430687 -0.189188850078592 -0.778345492123134 2.260479444813335 -0.849816409731474
0.000968022667933 -0.399235566488548 0.093900897532373 0.069158404369470 -0.448545774268461 -0.193448089376824 -0.783915556279158 2.276656085726803 -0.847784959798759
0.001313814689780 -0.401478295359891 0.092933657085489 0.065266676908854 -0.437243377044394 -0.197697171425482 -0.789251831864041 2.292153755323323 -0.845753509870484
0.001640148074324 -0.403664512245113 0.091945171228361 0.061347099127458 -0.425860096615760 -0.201936096224475 -0.794354318818802 2.306972453445244 -0.843722059955532
0.001946883569962 -0.405793812728191 0.090935490747239 0.057400839968138 -0.414399327839143 -0.206164863773828 -0.799223017180911 2.321112180185825 -0.841690610018375
0.002233887769802 -0.407865809367387 0.089904666428370 0.053429068374044 -0.402864465571917 -0.210383474073605 -0.803857926957030 2.334572935569490 -0.839659160103423
0.002501033111673 -0.409880131695247 0.088852749058002 0.049432953288139 -0.391258904670988 -0.214591927123697 -0.808259048108023 2.347354719496320 -0.837627710175148
0.002748197878113 -0.411836426218602 0.087779789422383 0.045413663653354 -0.379586039993141 -0.218790222924214 -0.812426380661785 2.359457532032927 -0.835596260246874
0.002975266196380 -0.413734356418567 0.086685838307762 0.041372368412814 -0.367849266395659 -0.222978361475090 -0.816359924635801 2.370881373223721 -0.833564810323040
0.003182128038444 -0.415573602750546 0.085570946500387 0.037310236509505 -0.356051978735494 -0.227156342776325 -0.820059679985247 2.381626242953239 -0.831533360394765
0.003368679220992 -0.417353862644223 0.084435164786505 0.033228436886326 -0.344197571869376 -0.231324166827940 -0.823525646733159 2.391692141290314 -0.829501910479813
0.003534821405423 -0.419074850503570 0.083278543952366 0.029128138486400 -0.332289440654610 -0.235481833629914 -0.826757824893276 2.401079068261591 -0.827470460547097
0.003680462097855 -0.420736297706843 0.082101134784216 0.025010510252734 -0.320330979948158 -0.239629343182313 -0.829756214453387 2.409787023833765 -0.825439010618823
0.003805514649119 -0.422337952606584 0.080902988068304 0.020876721128268 -0.308325584606850 -0.243766695485048 -0.832520815376298 2.417816007904694 -0.823407560699430
0.003909898254760 -0.423879580529618 0.079684154590879 0.016727940056001 -0.296276649487681 -0.247893890538142 -0.835051627744998 2.425166020716407 -0.821376110771155
0.003993537955040 -0.425360963777057 0.078444685138188 0.012565335979119 -0.284187569448158 -0.252010928341639 -0.837348651490377 2.431837062069064 -0.819344660851762
0.004056364634936 -0.426781901624297 0.077184630496480 0.008390077840394 -0.272061739344576 -0.256117808895495 -0.839411886629227 2.437829131998193 -0.817313210914605
0.004098315024138 -0.428142210321020 0.075904041452003 0.004203334582942 -0.259902554034230 -0.260214532199754 -0.841241333176673 2.443142230559303 -0.815281761004094
0.004119331697053 -0.429441723091191 0.074602968791004 0.000006275149796 -0.247713408374239 -0.264301098254327 -0.842836991108709 2.447776357688003 -0.813250311066938
0.004119363072802 -0.430680290133063 0.073281463299732 -0.004199931516087 -0.235497697221443 -0.268377507059347 -0.844198860459611 2.451731513468669 -0.811218861143104
0.004098363415221 -0.431857778619170 0.071939575764436 -0.008414116471631 -0.223258815433003 -0.272443758614682 -0.845326941193436 2.455007697808043 -0.809187411228152
0.004056292832863 -0.432974072696335 0.070577356971362 -0.012635110773929 -0.211000157865660 -0.276499852920398 -0.846221233329059 2.457604910757194 -0.807155961290995
0.003993117278993 -0.434029073485663 0.069194857706760 -0.016861745479896 -0.198725119376619 -0.280545789976538 -0.846881736855376 2.459523152271714 -0.805124511371602
0.003908808551594 -0.435022699082546 0.067792128756878 -0.021092851646541 -0.186437094822833 -0.284581569782993 -0.847308451802503 2.460762422473728 -0.803093061443327
0.003803344293361 -0.435954884556660 0.066369220907963 -0.025327260330818 -0.174139479061475 -0.288607192339851 -0.847501378127141 2.461322721205583 -0.801061611523934
0.003676707991707 -0.436825581951968 0.064926184946263 -0.029563802589831 -0.161835666949106 -0.292622657647068 -0.847460515857462 2.461204048556098 -0.799030161591219
0.003528888978758 -0.437634760286713 0.063463071658028 -0.033801309480466 -0.149529053343078 -0.296627965704688 -0.847185864980560 2.460406404483084 -0.796998711671826
0.003359882431356 -0.438382405553429 0.061979931829505 -0.038038612059754 -0.137223033100298 -0.300623116512644 -0.846677425513365 2.458929789057596 -0.794967261747992
0.003169689371057 -0.439068520718930 0.060476816246941 -0.042274541384656 -0.124921001077882 -0.304608110071003 -0.845935197436171 2.456774202210799 -0.792935811815276
0.002958316664134 -0.439693125724320 0.058953775696586 -0.046507928512223 -0.112626352132594 -0.308582946379743 -0.844959180755500 2.453939643938252 -0.790904361891442
0.002725777021572 -0.440256257484983 0.057410860964688 -0.050737604499404 -0.100342481121540 -0.312547625438819 -0.843749375483982 2.450426114313231 -0.788872911972049
0.002472088999075 -0.440757969890590 0.055848122837494 -0.054962400403182 -0.088072782901849 -0.316502147248277 -0.842305781601077 2.446233613253579 -0.786841462043775
0.002197276997060 -0.441198333805099 0.054265612101252 -0.059181147280601 -0.075820652330283 -0.320446511808137 -0.840628399107618 2.441362140772618 -0.784810012115500
0.001901371260657 -0.441577437066751 0.052663379542211 -0.063392676188607 -0.063589484264015 -0.324380719118356 -0.838717228038577 2.435811696963608 -0.782778562196107
0.001584407879713 -0.441895384488071 0.051041475946620 -0.067595818184145 -0.051382673560152 -0.328304769178933 -0.836572268343716 2.429582281688880 -0.780747112263391
0.001246428788793 -0.442152297855872 0.049399952100725 -0.071789404324338 -0.039203615075334 -0.332218661989914 -0.834193520065293 2.422673895055016 -0.778715662348439
0.000887481767171 -0.442348315931248 0.047738858790775 -0.075972265666056 -0.027055703666889 -0.336122397551231 -0.831580983161606 2.415086536964317 -0.776684212415724
0.000507620438841 -0.442483594449583 0.046058246803019 -0.080143233266383 -0.014942334191614 -0.340015975862973 -0.828734657692606 2.406820207585536 -0.774652762487449
0.000106904272509 -0.442558306120541 0.044358166923704 -0.084301138182191 -0.002866901506793 -0.343899396925051 -0.825654543573640 2.397874906647779 -0.772621312572497
-0.000314601418402 -0.442572640628075 0.042638669939079 -0.088444811470654 0.009167199531135 -0.347772660737489 -0.822340640909136 2.388250634477451 -0.770589862639781
-0.000756825475755 -0.442526804630419 0.040899806635392 -0.092573084188522 0.021156574064374 -0.351635767300351 -0.818792949587865 2.377947390759250 -0.768558412715947
-0.001219690896698 -0.442421021760097 0.039141627798890 -0.096684787393068 0.033097827236761 -0.355488716613550 -0.815011469711205 2.366965175766289 -0.766526962792113
-0.001703114833663 -0.442255532623914 0.037364184215822 -0.100778752141007 0.044987564190557 -0.359331508677130 -0.810996201186173 2.355303989243218 -0.764495512868280
-0.002207008594368 -0.442030594802961 0.035567526672437 -0.104853809489563 0.056822390069389 -0.363164143491090 -0.806747144118936 2.342963831480915 -0.762464062940005
-0.002731277641816 -0.441746482852614 0.033751705954981 -0.108908790495494 0.068598910015605 -0.366986621055432 -0.802264298392294 2.329944702157416 -0.760432613011730
-0.003275821594294 -0.441403488302536 0.031916772849704 -0.112942526216089 0.080313729173009 -0.370798941370132 -0.797547664095205 2.316246601536953 -0.758401163092337
-0.003840534225374 -0.441001919656671 0.030062778142853 -0.116953847708050 0.091963452683796 -0.374601104435190 -0.792597241192142 2.301869529484080 -0.756369713168503
-0.004425303463914 -0.440542102393252 0.028189772620677 -0.120941586028526 0.103544685691481 -0.378393110250652 -0.787413029686362 2.286813486040984 -0.754338263235788
-0.005030011394057 -0.440024378964794 0.026297807069424 -0.124904572234487 0.115054033338902 -0.382174958816495 -0.781995029562438 2.271078471138832 -0.752306813316395
-0.005654534255229 -0.439449108798100 0.024386932275342 -0.128841637382919 0.126488100769107 -0.385946650132674 -0.776343240876493 2.254664484966362 -0.750275363392561
-0.006298742442144 -0.438816668294254 0.022457199024678 -0.132751612530731 0.137843493124801 -0.389708184199256 -0.770457663540997 2.237571527243798 -0.748243913459845
-0.006962500504798 -0.438127450828630 0.020508658103682 -0.136633328735113 0.149116815549633 -0.393459561016218 -0.764338297647887 2.219799598253136 -0.746212463540452
-0.007645667148473 -0.437381866750882 0.018541360298601 -0.140485617052818 0.160304673185852 -0.397200780583518 -0.757985143116924 2.201348697759009 -0.744181013612177
-0.008348095233737 -0.436580343384953 0.016555356395683 -0.144307308541058 0.171403671177117 -0.400931842901220 -0.751398200000419 2.182218825903526 -0.742149563692784
-0.009069631776443 -0.435723325029067 0.014550697181177 -0.148097234256642 0.182410414665912 -0.404652747969281 -0.744577468290014 2.162409982682245 -0.740118113760069
-0.009810117947726 -0.434811272955738 0.012527433441331 -0.151854225256644 0.193321508795430 -0.408363495787745 -0.737522947954966 2.141922167986365 -0.738086663840676
-0.010569389074009 -0.433844665411761 0.010485615962392 -0.155577112598095 0.204133558708841 -0.412064086356545 -0.730234639054611 2.120755381997963 -0.736055213912401
-0.011347274636999 -0.432823997618216 0.008425295530609 -0.159264727337869 0.214843169548773 -0.415754519675748 -0.722712541505816 2.098909624472789 -0.734023763988567
