-0.006478660219420 -0.485802673850615 0.000000000000000 0.082336511823587 0.012450883788018 0.243938448679892 -1.264863753990472 4.006601662245313 -0.425796215948182
-0.006066977660302 -0.485740419431675 0.001219692243399 0.076012193053635 0.032483892099244 0.241809467600151 -1.249743632872441 3.958792203331285 -0.428541599185595
-0.005686916695034 -0.485577999971178 0.002428739581400 0.069763474889273 0.052277853115901 0.239666759604223 -1.234620892871205 3.910972727161344 -0.431286982419676
-0.005338099320587 -0.485316610705599 0.003627073379421 0.063590370424917 0.071832716751707 0.237510324692125 -1.219495534017061 3.863143233808763 -0.434032365663750
-0.005020147468463 -0.484957447121840 0.004814625002882 0.057492892754831 0.091148432920751 0.235340162863806 -1.204367556284953 3.815303723204710 -0.436777748888950
-0.004732683004689 -0.484501704957236 0.005991325817201 0.051471054973407 0.110224951536775 0.233156274119362 -1.189236959698511 3.767454195435782 -0.439523132133024
-0.004475327729822 -0.483950580199553 0.007157107187798 0.045524870174914 0.129062222513954 0.230958658458696 -1.174103744230812 3.719594650395397 -0.442268515367106
-0.004247703378947 -0.483305269086983 0.008311900480091 0.039654351453760 0.147660195765931 0.228747315881861 -1.158967909908379 3.671725088190136 -0.445013898601188
-0.004049431621678 -0.482566968108153 0.009455637059501 0.033859511904218 0.166018821206881 0.226522246388855 -1.143829456710706 3.623845508724521 -0.447759281839710
-0.003880134062157 -0.481736874002119 0.010588248291445 0.028140364620665 0.184138048750504 0.224283449979656 -1.128688384648864 3.575955912074047 -0.450504665076013
-0.003739432239054 -0.480816183758366 0.011709665541343 0.022496922697420 0.202017828310874 0.222030926654276 -1.113544693720024 3.528056298192084 -0.453250048313425
-0.003626947625567 -0.479806094616812 0.012819820174615 0.016929199228820 0.219658109801835 0.219764676412709 -1.098398383924341 3.480146667098616 -0.455995431544176
-0.003542301629423 -0.478707804067803 0.013918643556678 0.011437207309198 0.237058843137328 0.217484699254988 -1.083249455262544 3.432227018802525 -0.458740814786029
-0.003485115592877 -0.477522509852116 0.015006067052953 0.006020960032886 0.254219978231340 0.215190995181058 -1.068097907734114 3.384297353274945 -0.461486198022332
-0.003455010792712 -0.476251409960959 0.016082022028858 0.000680470494215 0.271141464997715 0.212883564190947 -1.052943741332492 3.336357670524759 -0.464231581251973
-0.003451608440241 -0.474895702635971 0.017146439849813 -0.004584248212447 0.287823253350339 0.210562406284687 -1.037786956072581 3.288407970583052 -0.466976964496046
-0.003474529681303 -0.473456586369219 0.018199251881236 -0.009773182992810 0.304265293203254 0.208227521462206 -1.022627551940432 3.240448253407635 -0.469722347727908
-0.003523395596267 -0.471935259903203 0.019240389488548 -0.014886320752512 0.320467534470292 0.205878909723567 -1.007465528944981 3.192478519027375 -0.472467730965320
-0.003597827200030 -0.470332922230851 0.020269784037165 -0.019923648397237 0.336429927065429 0.203516571068740 -0.992300887075088 3.144498767413406 -0.475213114201622
-0.003697445442016 -0.468650772595524 0.021287366892509 -0.024885152832613 0.352152420902496 0.201140505497732 -0.977133626348017 3.096508998614578 -0.477958497434594
-0.003821871206179 -0.466890010491012 0.022293069419998 -0.029770820964353 0.367634965895569 0.198750713010559 -0.961963746745099 3.048509212557615 -0.480703880676447
-0.003970725311001 -0.465051835661534 0.023286822985050 -0.034580639698078 0.382877511958357 0.196347193607177 -0.946791248282730 3.000499409333557 -0.483449263910529
-0.004143628509491 -0.463137448101742 0.024268558953086 -0.039314595939492 0.397880009005025 0.193929947287624 -0.931616130948783 2.952479588860246 -0.486194647144611
-0.004340201489189 -0.461148048056717 0.025238208689525 -0.043972676594236 0.412642406949326 0.191498974051901 -0.916438394747178 2.904449751170990 -0.488940030384244
-0.004560064872160 -0.459084836021970 0.026195703559784 -0.048554868567972 0.427164655705181 0.189054273899980 -0.901258039681559 2.856409896285772 -0.491685413619436
-0.004802839215000 -0.456949012743444 0.027140974929284 -0.053061158766380 0.441446705186610 0.186595846831883 -0.886075065748594 2.808360024180168 -0.494430796852408
-0.005068145008832 -0.454741779217511 0.028073954163443 -0.057491534095123 0.455488505307511 0.184123692847621 -0.870889472947313 2.760300134843074 -0.497176180089820
-0.005355602679307 -0.452464336690974 0.028994572627681 -0.061845981459859 0.469290005981726 0.181637811947172 -0.855701261276395 2.712230228298917 -0.499921563329453
-0.005664832586607 -0.450117886661065 0.029902761687417 -0.066124487766241 0.482851157123221 0.179138204130525 -0.840510430744937 2.664150304549917 -0.502666946565755
-0.005995455025438 -0.447703630875449 0.030798452708070 -0.070327039919966 0.496171908645970 0.176624869397696 -0.825316981340959 2.616060363569428 -0.505412329796506
-0.006347090225038 -0.445222771332219 0.031681577055058 -0.074453624826671 0.509252210463818 0.174097807748713 -0.810120913074669 2.567960405390757 -0.508157713037249
-0.006719358349171 -0.442676510279900 0.032552066093802 -0.078504229392044 0.522092012490771 0.171557019183527 -0.794922225934822 2.519850429973935 -0.510903096271331
-0.007111879496131 -0.440066050217446 0.033409851189720 -0.082478840521718 0.534691264640641 0.169002503702170 -0.779720919934571 2.471730437356712 -0.513648479509854
-0.007524273698740 -0.437392593894243 0.034254863708230 -0.086377445121391 0.547049916827425 0.166434261304621 -0.764516995062672 2.423600427521322 -0.516393862743936
-0.007956160924347 -0.434657344310106 0.035087035014754 -0.090200030096704 0.559167918965031 0.163852291990901 -0.749310451326896 2.375460400469986 -0.519139245981348
-0.008407161074830 -0.431861504715281 0.035906296474708 -0.093946582353339 0.571045220967381 0.161256595760995 -0.734101288723810 2.327310356207146 -0.521884629215430
-0.008876893986597 -0.429006278610444 0.036712579453513 -0.097617088796958 0.582681772748417 0.158647172614917 -0.718889507252546 2.279150294723920 -0.524630012455063
-0.009364979430582 -0.426092869746702 0.037505815316588 -0.101211536333221 0.594077524222036 0.156024022552642 -0.703675106912410 2.230980216015865 -0.527375395689145
-0.009871037112248 -0.423122482125592 0.038285935429351 -0.104729911867783 0.605232425302116 0.153387145574196 -0.688458087707566 2.182800120102968 -0.530120778923227
-0.010394686671587 -0.420096319999081 0.039052871157222 -0.108172202306320 0.616146425902631 0.150736541679580 -0.673238449639540 2.134610006987447 -0.532866162163970
-0.010935547683118 -0.417015587869568 0.039806553865620 -0.111538394554518 0.626819475937568 0.148072210868760 -0.658016192695982 2.086409876627116 -0.535611545396941
-0.011493239655891 -0.413881490489880 0.040546914919964 -0.114828475517998 0.637251525320703 0.145394153141776 -0.642791316891253 2.038199729068602 -0.538356928635464
-0.012067382033481 -0.410695232863277 0.041273885685672 -0.118042432102454 0.647442523966046 0.142702368498598 -0.627563822218138 1.989979564296362 -0.541102311869546
-0.012657594193993 -0.407458020243446 0.041987397528165 -0.121180251213545 0.657392421787528 0.139996856939251 -0.612333708678650 1.941749382299296 -0.543847695110289
-0.013263495450061 -0.404171058134509 0.042687381812862 -0.124241919756938 0.667101168699025 0.137277618463699 -0.597100976271051 1.893509183095166 -0.546593078339930
-0.013884705048846 -0.400835552291014 0.043373769905180 -0.127227424638294 0.676568714614501 0.134544653072000 -0.581865624998334 1.845258966672869 -0.549338461578452
-0.014520842172037 -0.397452708717941 0.044046493170540 -0.130136752763285 0.685795009447865 0.131797960764107 -0.566627654855834 1.796998733030186 -0.552083844816975
-0.015171525935854 -0.394023733670702 0.044705482974361 -0.132969891037564 0.694780003113016 0.129037541540022 -0.551387065846831 1.748728482169337 -0.554829228052167
-0.015836375391041 -0.390549833655137 0.045350670682061 -0.135726826366799 0.703523645523862 0.126263395399762 -0.536143857972349 1.700448214105865 -0.557574611286249
-0.016515009522875 -0.387032215427517 0.045981987659060 -0.138407545656660 0.712025886594392 0.123475522343330 -0.520898031232120 1.652157928824227 -0.560319994524772
-0.017207047251159 -0.383472085994545 0.046599365270776 -0.141012035812821 0.720286676238513 0.120673922370707 -0.505649585620105 1.603857626308880 -0.563065377759964
-0.017912107430223 -0.379870652613353 0.047202734882630 -0.143540283740921 0.728305964370057 0.117858595481907 -0.490398521146018 1.555547306604232 -0.565810760998486
-0.018629808848927 -0.376229122791503 0.047792027860039 -0.145992276346651 0.736083700903079 0.115029541676914 -0.475144837802088 1.507226969663655 -0.568556144229238
-0.019359770230661 -0.372548704286987 0.048367175568424 -0.148368000535662 0.743619835751397 0.112186760955768 -0.459888535590536 1.458896615511573 -0.571301527471091
-0.020101610233339 -0.368830605108230 0.048928109373203 -0.150667443213615 0.750914318828955 0.109330253318413 -0.444629614516634 1.410556244159089 -0.574046910704062
-0.020854947449407 -0.365076033514085 0.049474760639795 -0.152890591286198 0.757967100049750 0.106460018764892 -0.429368074570113 1.362205855570675 -0.576792293942585
-0.021619400405838 -0.361286198013837 0.050007060733619 -0.155037431659048 0.764778129327603 0.103576057295179 -0.414103915758468 1.313845449775197 -0.579537677177777
-0.022394587564133 -0.357462307367199 0.050524941020095 -0.157107951237841 0.771347356576479 0.100678368909290 -0.398837138081420 1.265475026763774 -0.582283060412969
-0.023180127320322 -0.353605570584316 0.051028332864642 -0.159102136928248 0.777674731710298 0.097766953607226 -0.383567741537305 1.217094586543066 -0.585028443650382
-0.023975638004964 -0.349717196925765 0.051517167632678 -0.161019975635934 0.783760204643014 0.094841811388974 -0.368295726122791 1.168704129095310 -0.587773826886684
-0.024780737883143 -0.345798395902550 0.051991376689623 -0.162861454266548 0.789603725288490 0.091902942254540 -0.353021091845096 1.120303654433830 -0.590519210122986
-0.025595045154476 -0.341850377276107 0.052450891400895 -0.164626559725774 0.795205243560659 0.088950346203925 -0.337743838696170 1.071893162558624 -0.593264593355958
-0.026418177953105 -0.337874351058304 0.052895643131915 -0.166315278919255 0.800564709373452 0.085984023237146 -0.322463966688225 1.023472653487456 -0.596009976596701
-0.027249754347701 -0.333871527511437 0.053325563248101 -0.167927598752696 0.805682072640890 0.083003973354162 -0.307181475800444 0.975042127151493 -0.598755359833003
-0.028089392341465 -0.329843117148232 0.053740583114871 -0.169463506131698 0.810557283276647 0.080010196554997 -0.291896366060862 0.926601583655096 -0.601500743065975
-0.028936709872123 -0.325790330731849 0.054140634097646 -0.170922987962002 0.815190291194923 0.077002692839667 -0.276608637443110 0.878151022916107 -0.604246126303387
-0.029791324811933 -0.321714379275874 0.054525647561845 -0.172306031149218 0.819581046309503 0.073981462208150 -0.261318289960233 0.829690444950071 -0.606991509538579
-0.030652854967679 -0.317616474044327 0.054895554872886 -0.173612622599019 0.823729498534254 0.070946504660457 -0.246025323615007 0.781219849799175 -0.609736892775992
-0.031520918080674 -0.313497826551656 0.055250287396188 -0.174842749217094 0.827635597783249 0.067897820196577 -0.230729738397439 0.732739237403468 -0.612482276012294
-0.032395131826760 -0.309359648562739 0.055589776497171 -0.175996397909081 0.831299293970267 0.064835408816516 -0.215431534316135 0.684248607805138 -0.615227659250817
-0.033275113816305 -0.305203152092888 0.055913953541253 -0.177073555580662 0.834720537009292 0.061759270520262 -0.200130711367486 0.635747961001965 -0.617973042483788
-0.034160481594209 -0.301029549407842 0.056222749893855 -0.178074209137499 0.837899276814302 0.058669405307843 -0.184827269547883 0.587237296953980 -0.620718425720090
-0.035050852639896 -0.296840053023770 0.056516096920394 -0.178998345485239 0.840835463299072 0.055565813179242 -0.169521208869539 0.538716615725576 -0.623463808957503
-0.035945844367322 -0.292635875707275 0.056793925986290 -0.179845951529586 0.843529046377700 0.052448494134455 -0.154212529314968 0.490185917252361 -0.626209192189364
-0.036845074124970 -0.288418230475386 0.057056168456962 -0.180617014176161 0.845979975963962 0.049317448173508 -0.138901230900546 0.441645201580965 -0.628954575434548
-0.037748159195851 -0.284188330595566 0.057302755697830 -0.181311520330664 0.848188201971867 0.046172675296335 -0.123587313614337 0.393094468686961 -0.631699958663079
-0.038654716797504 -0.279947389585707 0.057533619074312 -0.181929456898736 0.850153674315302 0.043014175503020 -0.108270777463559 0.344533718572571 -0.634445341904932
-0.039564364081998 -0.275696621214131 0.057748689951827 -0.182470810786053 0.851876342908164 0.039841948793495 -0.092951622444326 0.295962951253337 -0.637190725135683
-0.040476718135928 -0.271437239499590 0.057947899695794 -0.182935568898275 0.853356157664431 0.036655995167817 -0.077629848559690 0.247382166713717 -0.639936108373096
-0.041391395980420 -0.267170458711268 0.058131179671633 -0.183323718141074 0.854593068498000 0.033456314625951 -0.062305455810763 0.198791364964812 -0.642681491612729
-0.042308014571125 -0.262897493368778 0.058298461244763 -0.183635245420127 0.855587025322824 0.030242907167888 -0.046978444183110 0.150190545977757 -0.645426874847921
-0.043226190798226 -0.258619558242163 0.058449675780602 -0.183870137641043 0.856337978052713 0.027015772793648 -0.031648813704765 0.101579709803623 -0.648172258082003
-0.044145541486431 -0.254337868351900 0.058584754644571 -0.184028381709567 0.856845876601731 0.023774911503238 -0.016316564346308 0.052958856398000 -0.650917641317195
-0.045065683394979 -0.250053638968891 0.058703629202087 -0.184109964531298 0.857110670883721 0.020520323296652 -0.000981696129110 0.004327985781982 -0.653663024559048
-0.045986233217635 -0.245768085614473 0.058806230818570 -0.184114873011944 0.857132310812631 0.017252008173857 0.014355790960430 -0.044312902054422 -0.656408407789799
-0.046906807582695 -0.241482424060409 0.058892490859439 -0.184043094057142 0.856910746302358 0.013969966134908 0.029695896913429 -0.092963807102331 -0.659153791028322
-0.047827023052981 -0.237197870328898 0.058962340690114 -0.183894614572574 0.856445927266847 0.010674197179766 0.045038621737936 -0.141624729372847 -0.661899174263514
-0.048746496125844 -0.232915640692563 0.059015711676013 -0.183669421463885 0.855737803619983 0.007364701308449 0.060383965421740 -0.190295668847096 -0.664644557498706
-0.049664843233163 -0.228636951674464 0.059052535182555 -0.183367501636776 0.854786325275747 0.004041478520955 0.075731927980938 -0.238976625539511 -0.667389940739449
-0.050581680741347 -0.224363020048085 0.059072742575160 -0.182988841996871 0.853591442148049 0.000704528817258 0.091082509402207 -0.287667599463415 -0.670135323972421
-0.051496624951331 -0.220095062837345 0.059076265219246 -0.182533429449860 0.852153104150732 -0.002646147802604 0.106435709691655 -0.336368590578839 -0.672880707205392
-0.052409292098580 -0.215834297316591 0.059063034480233 -0.182001250901402 0.850471261197838 -0.006010551338631 0.121791528847615 -0.385079598930194 -0.675626090448356
-0.053319298353087 -0.211581941010602 0.059032981723540 -0.181392293257164 0.848545863203187 -0.009388681790873 0.137149966871475 -0.433800624484171 -0.678371473683548
-0.054226259819373 -0.207339211694586 0.058986038314585 -0.180706543422807 0.846376860080766 -0.012780539159291 0.152511023762958 -0.482531667260755 -0.681116856914299
-0.055129792536487 -0.203107327394182 0.058922135618789 -0.179943988303992 0.843964201744463 -0.016186123443862 0.167874699518733 -0.531272727248844 -0.683862240152822
-0.056029512478007 -0.198887506385460 0.058841205001570 -0.179104614806398 0.841307838108218 -0.019605434644626 0.183240994145462 -0.580023804459540 -0.686607623393565
-0.056925035552039 -0.194680967194919 0.058743177828347 -0.178188409835671 0.838407719085921 -0.023038472761594 0.198609907634817 -0.628784898875079 -0.689353006623206
-0.057815977601218 -0.190488928599489 0.058627985464539 -0.177195360297497 0.835263794591545 -0.026485237794710 0.213981439995403 -0.677556010513225 -0.692098389865059
-0.058701954402705 -0.186312609626531 0.058495559275565 -0.176125453097520 0.831876014538979 -0.029945729744035 0.229355591218616 -0.726337139365096 -0.694843773096920
-0.059582581668193 -0.182153229553836 0.058345830626845 -0.174978675141427 0.828244328842154 -0.033419948609520 0.244732361313615 -0.775128285439575 -0.697589156335443
-0.060457475043900 -0.178012007909626 0.058178730883797 -0.173755013334859 0.824368687414956 -0.036907894391197 0.260111750270964 -0.823929448716676 -0.700334539572856
-0.061326250110574 -0.173890164472551 0.057994191411841 -0.172454454583504 0.820249040171372 -0.040409567089061 0.275493758100376 -0.872740629216384 -0.703079922806937
-0.062188522383492 -0.169788919271694 0.057792143576396 -0.171076985793002 0.815885337025291 -0.043924966703096 0.290878384790749 -0.921561826934258 -0.705825306041019
-0.063043907312457 -0.165709492586567 0.057572518742881 -0.169622593869048 0.811277527890619 -0.047454093233301 0.306265630353741 -0.970393041865858 -0.708570689280652
-0.063892020281802 -0.161653104947114 0.057335248276714 -0.168091265717280 0.806425562681290 -0.050996946679704 0.321655494779360 -1.019234274008962 -0.711316072515844
-0.064732476610388 -0.157620977133708 0.057080263543315 -0.166482988243383 0.801329391311245 -0.054553527042284 0.337047978076765 -1.068085523372453 -0.714061455753257
-0.065564891551605 -0.153614330177152 0.056807495908104 -0.164797748352999 0.795988963694383 -0.058123834321050 0.352443080234854 -1.116946789949669 -0.716806838988449
-0.066388880293370 -0.149634385358680 0.056516876736499 -0.163035532951825 0.790404229744635 -0.061707868515992 0.367840801266395 -1.165818073745051 -0.719552222223641
-0.067204057958129 -0.145682364209957 0.056208337393919 -0.161196328945493 0.784575139375909 -0.065305629627110 0.383241141161950 -1.214699374754158 -0.722297605464384
-0.068010039602857 -0.141759488513077 0.055881809245783 -0.159280123239683 0.778501642502138 -0.068917117654432 0.398644099922074 -1.263590692972549 -0.725042988692914
-0.068806440219055 -0.137866980300566 0.055537223657511 -0.157286902740073 0.772183689037276 -0.072542332597897 0.414049677554540 -1.312492028420209 -0.727788371931437
-0.069592874732756 -0.134006061855380 0.055174511994522 -0.155216654352300 0.765621228895175 -0.076181274457554 0.429457874049355 -1.361403381072712 -0.730533755173290
-0.070368958004517 -0.130177955710904 0.054793605622234 -0.153069364982053 0.758814211989811 -0.079833943233421 0.444868689414291 -1.410324750943381 -0.733279138408482
-0.071134304829427 -0.126383884650955 0.054394435906067 -0.150845021534982 0.751762588235094 -0.083500338925463 0.460282123644351 -1.459256138036658 -0.736024521638123
-0.071888529937102 -0.122625071709780 0.053976934211439 -0.148543610916760 0.744466307544911 -0.087180461533654 0.475698176742312 -1.508197542328116 -0.738769904879977
-0.072631247991686 -0.118902740172055 0.053541031903771 -0.146165120033048 0.736925319833270 -0.090874311058053 0.491116848706508 -1.557148963855504 -0.741515288110728
-0.073362073591851 -0.115218113572889 0.053086660348481 -0.143709535789516 0.729139575013993 -0.094581887498607 0.506538139539159 -1.606110402583294 -0.744260671354802
-0.074080621270799 -0.111572415697819 0.052613750910988 -0.141176845091820 0.721109023001076 -0.098303190855381 0.521962049236935 -1.655081858542573 -0.747006054582222
-0.074786505496258 -0.107966870582813 0.052122234956711 -0.138567034845635 0.712833613708364 -0.102038221128292 0.537388577802056 -1.704063331700034 -0.749751437827406
-0.075479340670486 -0.104402702514271 0.051612043851070 -0.135880091956625 0.704313297049863 -0.105786978317429 0.552817725237298 -1.753054822082323 -0.752496821059268
-0.076158741130269 -0.100881136029022 0.051083108959482 -0.133116003330438 0.695548022939452 -0.109549462422726 0.568249491535444 -1.802056329680557 -0.755242204294460
-0.076824321146921 -0.097403395914325 0.050535361647369 -0.130274755872761 0.686537741291049 -0.113325673444198 0.583683876702046 -1.851067854492516 -0.757987587530762
-0.077475694926285 -0.093970707207870 0.049968733280148 -0.127356336489251 0.677282402018586 -0.117115611381852 0.599120880734882 -1.900089396515980 -0.760732970768174
-0.078112476608732 -0.090584295197777 0.049383155223239 -0.124360732085577 0.667781955036006 -0.120919276235693 0.614560503638950 -1.949120955768713 -0.763478354004477
-0.078734280269159 -0.087245385422597 0.048778558842060 -0.121287929567382 0.658036350257163 -0.124736668005715 0.630002745403146 -1.998162532219627 -0.766223737240779
-0.079340719916996 -0.083955203671311 0.048154875502031 -0.118137915840366 0.648045537596065 -0.128567786691919 0.645447606040794 -2.047214125897590 -0.768969120474861
-0.079931409496198 -0.080714975983331 0.047512036568572 -0.114910677810162 0.637809466966577 -0.132412632294293 0.660895085540236 -2.096275736789277 -0.771714503713383
-0.080505962885249 -0.077525928648498 0.046849973407100 -0.111606202382461 0.627328088282630 -0.136271204812860 0.676345183911464 -2.145347364892469 -0.774459886948575
-0.081063993897161 -0.074389288207085 0.046168617383036 -0.108224476462904 0.616601351458168 -0.140143504247603 0.691797901143931 -2.194429010216048 -0.777205270190429
-0.081605116279476 -0.071306281449794 0.045467899861798 -0.104765486957184 0.605629206407088 -0.144029530598555 0.707253237250960 -2.243520672753352 -0.779950653413408
-0.082128943714262 -0.068278135417758 0.044747752208805 -0.101229220770929 0.594411603043321 -0.147929283865622 0.722711192217007 -2.292622352506601 -0.782696036664143
-0.082635089818116 -0.065306077402542 0.044008105789477 -0.097615664809844 0.582948491280788 -0.151842764048943 0.738171766056506 -2.341734049473576 -0.785441419890454
-0.083123168142166 -0.062391334946138 0.043248891969233 -0.093924805979562 0.571239821033420 -0.155769971148395 0.753634958757798 -2.390855763656496 -0.788186803130086
-0.083592792172063 -0.059535135840971 0.042470042113491 -0.090156631185773 0.559285542215138 -0.159710905164046 0.769100770331987 -2.439987495059803 -0.790932186367499
-0.084043575327992 -0.056738708129895 0.041671487587670 -0.086311127334113 0.547085604739839 -0.163665566095883 0.784569200766860 -2.489129243674615 -0.793677569602691
-0.084475130964663 -0.054003280106196 0.040853159757191 -0.082388281330278 0.534639958521466 -0.167633953943896 0.800040250074074 -2.538281009507593 -0.796422952837883
-0.084887072371314 -0.051330080313588 0.040014989987471 -0.078388080079908 0.521948553473928 -0.171616068708086 0.815513918243638 -2.587442792552075 -0.799168336076406
-0.085279012771714 -0.048720337546219 0.039156909643931 -0.074310510488690 0.509011339511167 -0.175611910388468 0.830990205284432 -2.636614592814723 -0.801913719309377
-0.085650565324157 -0.046175280848663 0.038278850091989 -0.070155559462268 0.495828266547094 -0.179621478985015 0.846469111190351 -2.685796410293317 -0.804659102550120
-0.086001343121469 -0.043696139515927 0.037380742697064 -0.065923213906316 0.482399284495627 -0.183644774497765 0.861950635961395 -2.734988244983416 -0.807404485779761
-0.086330959191000 -0.041284143093449 0.036462518824575 -0.061613460726509 0.468724343270710 -0.187681796926664 0.877434779603670 -2.784190096896122 -0.810149869020504
-0.086639026494633 -0.038940521377096 0.035524109839941 -0.057226286828491 0.454803392786229 -0.191732546271767 0.892921542108294 -2.833401966024773 -0.812895252259027
-0.086925157928775 -0.036666504413165 0.034565447108583 -0.052761679117949 0.440636382956106 -0.195797022533062 0.908410923484149 -2.882623852360489 -0.815640635488668
-0.087188966324365 -0.034463322498384 0.033586461995917 -0.048219624500528 0.426223263694303 -0.199875225710505 0.923902923724018 -2.931855755916590 -0.818386018730521
-0.087430064446868 -0.032332206179913 0.032587085867365 -0.043600109881908 0.411563984914720 -0.203967155804158 0.939397542832898 -2.981097676688638 -0.821131401964603
-0.087648064996277 -0.030274386255339 0.031567250088344 -0.038903122167744 0.396658496531277 -0.208072812813981 0.954894780806903 -3.030349614681072 -0.823876785200905
-0.087842580607116 -0.028291093772683 0.030526886024274 -0.034128648263709 0.381506748457872 -0.212192196739985 0.970394637649918 -3.079611569880569 -0.826622168437208
-0.088013223848434 -0.026383560030393 0.029465925040574 -0.029276675075460 0.366108690608469 -0.216325307582171 0.985897113356948 -3.128883542298233 -0.829367551671290
-0.088159607223812 -0.024553016577351 0.028384298502663 -0.024347189508675 0.350464272896978 -0.220472145340528 1.001402207935764 -3.178165531934063 -0.832112934914253
-0.088281343171355 -0.022800695212866 0.027281937775961 -0.019340178468996 0.334573445237307 -0.224632710015099 1.016909921376374 -3.227457538783618 -0.834858318142784
-0.088378044063700 -0.021127827986679 0.026158774225885 -0.014255628862114 0.318436157543389 -0.228807001605813 1.032420253687660 -3.276759562851339 -0.837603701382417
-0.088449322208011 -0.019535647198963 0.025014739217856 -0.009093527593676 0.302052359729132 -0.232995020112725 1.047933204864071 -3.326071604132785 -0.840349084615388
-0.088494789845979 -0.018025385400317 0.023849764117292 -0.003853861569356 0.285422001708469 -0.237196765535802 1.063448774908382 -3.375393662625736 -0.843094467858352
-0.088514059153826 -0.016598275391774 0.022663780289613 0.001463382305186 0.268545033395340 -0.241412237875094 1.078966963820038 -3.424725738341294 -0.845839851087993
-0.088506742242300 -0.015255550224798 0.021456719100238 0.006858217124286 0.251421404703633 -0.245641437130534 1.094487771596819 -3.474067831270577 -0.848585234329846
-0.088472451156678 -0.013998443201280 0.020228511914585 0.012330655982271 0.234051065547281 -0.249884363302183 1.110011198243721 -3.523419941413586 -0.851330617560597
-0.088410797876767 -0.012828187873543 0.018979090098074 0.017880711973489 0.216433965840213 -0.254141016389986 1.125537243753527 -3.572782068772540 -0.854076000798010
-0.088321394316900 -0.011746018044342 0.017708385016124 0.023508398192257 0.198570055496350 -0.258411396393976 1.141065908134009 -3.622154213347439 -0.856821384039863
-0.088203852325938 -0.010753167766860 0.016416328034155 0.029213727732927 0.180459284429613 -0.262695503314175 1.156597191380171 -3.671536375140505 -0.859566767270614
-0.088057783687274 -0.009850871344712 0.015102850517584 0.034996713689828 0.162101602553910 -0.266993337150528 1.172131093492013 -3.720928554145075 -0.862312150504696
-0.087882800118824 -0.009040363331943 0.013767883831831 0.040857369157288 0.143496959783185 -0.271304897903052 1.187667614473420 -3.770330750367812 -0.865057533747660
-0.087678513273038 -0.008322878533027 0.012411359342316 0.046795707229655 0.124645306031346 -0.275630185571790 1.203206754320507 -3.819742963804273 -0.867802916978411
-0.087444534736890 -0.007699652002870 0.011033208414457 0.052811741001257 0.105546591212324 -0.279969200156682 1.218748513033274 -3.869165194461122 -0.870548300216933
-0.087180476031883 -0.007171919046809 0.009633362413673 0.058905483566424 0.086200765240019 -0.284321941657767 1.234292890616162 -3.918597442327254 -0.873293683452125
-0.086885948614051 -0.006740915220608 0.008211752705385 0.065076948019505 0.066607778028382 -0.288688410075028 1.249839887063064 -3.968039707413773 -0.876039066690648
-0.086560563873954 -0.006407876330467 0.006768310655009 0.071326147454820 0.046767579491314 -0.293068605408481 1.265389502379533 -4.017491989709576 -0.878784449924730
-0.086203933136680 -0.006174038433010 0.005302967627967 0.077653094966718 0.026680119542766 -0.297462527658104 1.280941736559460 -4.066954289232427 -0.881529833158812
-0.085815667661846 -0.006040637835296 0.003815654989677 0.084057803649515 0.006345348096604 -0.301870176823898 1.296496589611174 -4.116426605960122 -0.884275216402886
-0.085395378643599 -0.006008911094813 0.002306304105557 0.090540286597571 -0.014236784933197 -0.306291552905913 1.312054061525236 -4.165908939908203 -0.887020599629196
-0.084942677210611 -0.006080095019479 0.000774846341027 0.097100556905197 -0.035066329632738 -0.310726655904059 1.312054061525236 -4.165908939908203 -0.887020599629196
-0.084457174426085 -0.006255426667643 -0.000778786938493 -0.097100556905197 0.035066329632738 0.310726655904059 1.296496589611174 -4.116426605960122 -0.884275216402886
-0.084942677210611 -0.006080095019479 0.000774846341027 -0.090540286597571 0.014236784933197 0.306291552905913 1.280941736559460 -4.066954289232427 -0.881529833158812
-0.085395378643599 -0.006008911094813 0.002306304105557 -0.084057803649515 -0.006345348096604 0.301870176823898 1.265389502379533 -4.017491989709576 -0.878784449924730
-0.085815667661846 -0.006040637835296 0.003815654989677 -0.077653094966718 -0.026680119542766 0.297462527658104 1.249839887063064 -3.968039707413773 -0.876039066690648
-0.086203933136680 -0.006174038433010 0.005302967627967 -0.071326147454820 -0.046767579491314 0.293068605408481 1.234292890616162 -3.918597442327254 -0.873293683452125
-0.086560563873954 -0.006407876330467 0.006768310655009 -0.065076948019505 -0.066607778028382 0.288688410075028 1.218748513033274 -3.869165194461122 -0.870548300216933
-0.086885948614051 -0.006740915220608 0.008211752705385 -0.058905483566424 -0.086200765240019 0.284321941657767 1.203206754320507 -3.819742963804273 -0.867802916978411
-0.087180476031883 -0.007171919046809 0.009633362413673 -0.052811741001257 -0.105546591212324 0.279969200156682 1.187667614473420 -3.770330750367812 -0.865057533747660
-0.087444534736890 -0.007699652002870 0.011033208414457 -0.046795707229655 -0.124645306031346 0.275630185571790 1.172131093492013 -3.720928554145075 -0.862312150504696
-0.087678513273038 -0.008322878533027 0.012411359342316 -0.040857369157288 -0.143496959783185 0.271304897903052 1.156597191380171 -3.671536375140505 -0.859566767270614
-0.087882800118824 -0.009040363331943 0.013767883831831 -0.034996713689828 -0.162101602553910 0.266993337150528 1.141065908134009 -3.622154213347439 -0.856821384039863
-0.088057783687274 -0.009850871344712 0.015102850517584 -0.029213727732927 -0.180459284429613 0.262695503314175 1.125537243753527 -3.572782068772540 -0.854076000798010
-0.088203852325938 -0.010753167766860 0.016416328034155 -0.023508398192257 -0.198570055496350 0.258411396393976 1.110011198243721 -3.523419941413586 -0.851330617560597
-0.088321394316900 -0.011746018044342 0.017708385016124 -0.017880711973489 -0.216433965840213 0.254141016389986 1.094487771596819 -3.474067831270577 -0.848585234329846
-0.088410797876767 -0.012828187873543 0.018979090098074 -0.012330655982271 -0.234051065547281 0.249884363302183 1.078966963820038 -3.424725738341294 -0.845839851087993
-0.088472451156678 -0.013998443201280 0.020228511914585 -0.006858217124286 -0.251421404703633 0.245641437130534 1.063448774908382 -3.375393662625736 -0.843094467858352
-0.088506742242300 -0.015255550224798 0.021456719100238 -0.001463382305186 -0.268545033395340 0.241412237875094 1.047933204864071 -3.326071604132785 -0.840349084615388
-0.088514059153826 -0.016598275391774 0.022663780289613 0.003853861569356 -0.285422001708469 0.237196765535802 1.032420253687660 -3.276759562851339 -0.837603701382417
-0.088494789845979 -0.018025385400317 0.023849764117292 0.009093527593676 -0.302052359729132 0.232995020112725 1.016909921376374 -3.227457538783618 -0.834858318142784
-0.088449322208011 -0.019535647198963 0.025014739217856 0.014255628862114 -0.318436157543389 0.228807001605813 1.001402207935764 -3.178165531934063 -0.832112934914253
-0.088378044063700 -0.021127827986679 0.026158774225885 0.019340178468996 -0.334573445237307 0.224632710015099 0.985897113356948 -3.128883542298233 -0.829367551671290
-0.088281343171355 -0.022800695212866 0.027281937775961 0.024347189508675 -0.350464272896978 0.220472145340528 0.970394637649918 -3.079611569880569 -0.826622168437208
-0.088159607223812 -0.024553016577351 0.028384298502663 0.029276675075460 -0.366108690608469 0.216325307582171 0.954894780806903 -3.030349614681072 -0.823876785200905
-0.088013223848434 -0.026383560030393 0.029465925040574 0.034128648263709 -0.381506748457872 0.212192196739985 0.939397542832898 -2.981097676688638 -0.821131401964603
-0.087842580607116 -0.028291093772683 0.030526886024274 0.038903122167744 -0.396658496531277 0.208072812813981 0.923902923724018 -2.931855755916590 -0.818386018730521
-0.087648064996277 -0.030274386255339 0.031567250088344 0.043600109881908 -0.411563984914720 0.203967155804158 0.908410923484149 -2.882623852360489 -0.815640635488668
-0.087430064446868 -0.032332206179913 0.032587085867365 0.048219624500528 -0.426223263694303 0.199875225710505 0.892921542108294 -2.833401966024773 -0.812895252259027
-0.087188966324365 -0.034463322498384 0.033586461995917 0.052761679117949 -0.440636382956106 0.195797022533062 0.877434779603670 -2.784190096896122 -0.810149869020504
-0.086925157928775 -0.036666504413165 0.034565447108583 0.057226286828491 -0.454803392786229 0.191732546271767 0.861950635961395 -2.734988244983416 -0.807404485779761
-0.086639026494633 -0.038940521377096 0.035524109839941 0.061613460726509 -0.468724343270710 0.187681796926664 0.846469111190351 -2.685796410293317 -0.804659102550120
-0.086330959191000 -0.041284143093449 0.036462518824575 0.065923213906316 -0.482399284495627 0.183644774497765 0.830990205284432 -2.636614592814723 -0.801913719309377
-0.086001343121469 -0.043696139515927 0.037380742697064 0.070155559462268 -0.495828266547094 0.179621478985015 0.815513918243638 -2.587442792552075 -0.799168336076406
-0.085650565324157 -0.046175280848663 0.038278850091989 0.074310510488690 -0.509011339511167 0.175611910388468 0.800040250074074 -2.538281009507593 -0.796422952837883
-0.085279012771714 -0.048720337546219 0.039156909643931 0.078388080079908 -0.521948553473928 0.171616068708086 0.784569200766860 -2.489129243674615 -0.793677569602691
-0.084887072371314 -0.051330080313588 0.040014989987471 0.082388281330278 -0.534639958521466 0.167633953943896 0.769100770331987 -2.439987495059803 -0.790932186367499
-0.084475130964663 -0.054003280106196 0.040853159757191 0.086311127334113 -0.547085604739839 0.163665566095883 0.753634958757798 -2.390855763656496 -0.788186803130086
-0.084043575327992 -0.056738708129895 0.041671487587670 0.090156631185773 -0.559285542215138 0.159710905164046 0.738171766056506 -2.341734049473576 -0.785441419890454
-0.083592792172063 -0.059535135840971 0.042470042113491 0.093924805979562 -0.571239821033420 0.155769971148395 0.722711192217007 -2.292622352506601 -0.782696036664143
-0.083123168142166 -0.062391334946138 0.043248891969233 0.097615664809844 -0.582948491280788 0.151842764048943 0.707253237250960 -2.243520672753352 -0.779950653413408
-0.082635089818116 -0.065306077402542 0.044008105789477 0.101229220770929 -0.594411603043321 0.147929283865622 0.691797901143931 -2.194429010216048 -0.777205270190429
-0.082128943714262 -0.068278135417758 0.044747752208805 0.104765486957184 -0.605629206407088 0.144029530598555 0.676345183911464 -2.145347364892469 -0.774459886948575
-0.081605116279476 -0.071306281449794 0.045467899861798 0.108224476462904 -0.616601351458168 0.140143504247603 0.660895085540236 -2.096275736789277 -0.771714503713383
-0.081063993897161 -0.074389288207085 0.046168617383036 0.111606202382461 -0.627328088282630 0.136271204812860 0.645447606040794 -2.047214125897590 -0.768969120474861
-0.080505962885249 -0.077525928648498 0.046849973407100 0.114910677810162 -0.637809466966577 0.132412632294293 0.630002745403146 -1.998162532219627 -0.766223737240779
-0.079931409496198 -0.080714975983331 0.047512036568572 0.118137915840366 -0.648045537596065 0.128567786691919 0.614560503638950 -1.949120955768713 -0.763478354004477
-0.079340719916996 -0.083955203671311 0.048154875502031 0.121287929567382 -0.658036350257163 0.124736668005715 0.599120880734882 -1.900089396515980 -0.760732970768174
-0.078734280269159 -0.087245385422597 0.048778558842060 0.124360732085577 -0.667781955036006 0.120919276235693 0.583683876702046 -1.851067854492516 -0.757987587530762
-0.078112476608732 -0.090584295197777 0.049383155223239 0.127356336489251 -0.677282402018586 0.117115611381852 0.568249491535444 -1.802056329680557 -0.755242204294460
-0.077475694926285 -0.093970707207870 0.049968733280148 0.130274755872761 -0.686537741291049 0.113325673444198 0.552817725237298 -1.753054822082323 -0.752496821059268
-0.076824321146921 -0.097403395914325 0.050535361647369 0.133116003330438 -0.695548022939452 0.109549462422726 0.537388577802056 -1.704063331700034 -0.749751437827406
-0.076158741130269 -0.100881136029022 0.051083108959482 0.135880091956625 -0.704313297049863 0.105786978317429 0.521962049236935 -1.655081858542573 -0.747006054582222
-0.075479340670486 -0.104402702514271 0.051612043851070 0.138567034845635 -0.712833613708364 0.102038221128292 0.506538139539159 -1.606110402583294 -0.744260671354802
-0.074786505496258 -0.107966870582813 0.052122234956711 0.141176845091820 -0.721109023001076 0.098303190855381 0.491116848706508 -1.557148963855504 -0.741515288110728
-0.074080621270799 -0.111572415697819 0.052613750910988 0.143709535789516 -0.729139575013993 0.094581887498607 0.475698176742312 -1.508197542328116 -0.738769904879977
-0.073362073591851 -0.115218113572889 0.053086660348481 0.146165120033048 -0.736925319833270 0.090874311058053 0.460282123644351 -1.459256138036658 -0.736024521638123
-0.072631247991686 -0.118902740172055 0.053541031903771 0.148543610916760 -0.744466307544911 0.087180461533654 0.444868689414291 -1.410324750943381 -0.733279138408482
-0.071888529937102 -0.122625071709780 0.053976934211439 0.150845021534982 -0.751762588235094 0.083500338925463 0.429457874049355 -1.361403381072712 -0.730533755173290
-0.071134304829427 -0.126383884650955 0.054394435906067 0.153069364982053 -0.758814211989811 0.079833943233421 0.414049677554540 -1.312492028420209 -0.727788371931437
-0.070368958004517 -0.130177955710904 0.054793605622234 0.155216654352300 -0.765621228895175 0.076181274457554 0.398644099922074 -1.263590692972549 -0.725042988692914
-0.069592874732756 -0.134006061855380 0.055174511994522 0.157286902740073 -0.772183689037276 0.072542332597897 0.383241141161950 -1.214699374754158 -0.722297605464384
-0.068806440219055 -0.137866980300566 0.055537223657511 0.159280123239683 -0.778501642502138 0.068917117654432 0.367840801266395 -1.165818073745051 -0.719552222223641
-0.068010039602857 -0.141759488513077 0.055881809245783 0.161196328945493 -0.784575139375909 0.065305629627110 0.352443080234854 -1.116946789949669 -0.716806838988449
-0.067204057958129 -0.145682364209957 0.056208337393919 0.163035532951825 -0.790404229744635 0.061707868515992 0.337047978076765 -1.068085523372453 -0.714061455753257
-0.066388880293370 -0.149634385358680 0.056516876736499 0.164797748352999 -0.795988963694383 0.058123834321050 0.321655494779360 -1.019234274008962 -0.711316072515844
-0.065564891551605 -0.153614330177152 0.056807495908104 0.166482988243383 -0.801329391311245 0.054553527042284 0.306265630353741 -0.970393041865858 -0.708570689280652
-0.064732476610388 -0.157620977133708 0.057080263543315 0.168091265717280 -0.806425562681290 0.050996946679704 0.290878384790749 -0.921561826934258 -0.705825306041019
-0.063892020281802 -0.161653104947114 0.057335248276714 0.169622593869048 -0.811277527890619 0.047454093233301 0.275493758100376 -0.872740629216384 -0.703079922806937
-0.063043907312457 -0.165709492586567 0.057572518742881 0.171076985793002 -0.815885337025291 0.043924966703096 0.260111750270964 -0.823929448716676 -0.700334539572856
-0.062188522383492 -0.169788919271694 0.057792143576396 0.172454454583504 -0.820249040171372 0.040409567089061 0.244732361313615 -0.775128285439575 -0.697589156335443
-0.061326250110574 -0.173890164472551 0.057994191411841 0.173755013334859 -0.824368687414956 0.036907894391197 0.229355591218616 -0.726337139365096 -0.694843773096920
-0.060457475043900 -0.178012007909626 0.058178730883797 0.174978675141427 -0.828244328842154 0.033419948609520 0.213981439995403 -0.677556010513225 -0.692098389865059
-0.059582581668193 -0.182153229553836 0.058345830626845 0.176125453097520 -0.831876014538979 0.029945729744035 0.198609907634817 -0.628784898875079 -0.689353006623206
-0.058701954402705 -0.186312609626531 0.058495559275565 0.177195360297497 -0.835263794591545 0.026485237794710 0.183240994145462 -0.580023804459540 -0.686607623393565
-0.057815977601218 -0.190488928599489 0.058627985464539 0.178188409835671 -0.838407719085921 0.023038472761594 0.167874699518733 -0.531272727248844 -0.683862240152822
-0.056925035552039 -0.194680967194919 0.058743177828347 0.179104614806398 -0.841307838108218 0.019605434644626 0.152511023762958 -0.482531667260755 -0.681116856914299
-0.056029512478007 -0.198887506385460 0.058841205001570 0.179943988303992 -0.843964201744463 0.016186123443862 0.137149966871475 -0.433800624484171 -0.678371473683548
-0.055129792536487 -0.203107327394182 0.058922135618789 0.180706543422807 -0.846376860080766 0.012780539159291 0.121791528847615 -0.385079598930194 -0.675626090448356
-0.054226259819373 -0.207339211694586 0.058986038314585 0.181392293257164 -0.848545863203187 0.009388681790873 0.106435709691655 -0.336368590578839 -0.672880707205392
-0.053319298353087 -0.211581941010602 0.059032981723540 0.182001250901402 -0.850471261197838 0.006010551338631 0.091082509402207 -0.287667599463415 -0.670135323972421
-0.052409292098580 -0.215834297316591 0.059063034480233 0.182533429449860 -0.852153104150732 0.002646147802604 0.075731927980938 -0.238976625539511 -0.667389940739449
-0.051496624951331 -0.220095062837345 0.059076265219246 0.182988841996871 -0.853591442148049 -0.000704528817258 0.060383965421740 -0.190295668847096 -0.664644557498706
-0.050581680741347 -0.224363020048085 0.059072742575160 0.183367501636776 -0.854786325275747 -0.004041478520955 0.045038621737936 -0.141624729372847 -0.661899174263514
-0.049664843233163 -0.228636951674464 0.059052535182555 0.183669421463885 -0.855737803619983 -0.007364701308449 0.029695896913429 -0.092963807102331 -0.659153791028322
-0.048746496125844 -0.232915640692563 0.059015711676013 0.183894614572574 -0.856445927266847 -0.010674197179766 0.014355790960430 -0.044312902054422 -0.656408407789799
-0.047827023052981 -0.237197870328898 0.058962340690114 0.184043094057142 -0.856910746302358 -0.013969966134908 -0.000981696129110 0.004327985781982 -0.653663024559048
-0.046906807582695 -0.241482424060409 0.058892490859439 0.184114873011944 -0.857132310812631 -0.017252008173857 -0.016316564346308 0.052958856398000 -0.650917641317195
-0.045986233217635 -0.245768085614473 0.058806230818570 0.184109964531298 -0.857110670883721 -0.020520323296652 -0.031648813704765 0.101579709803623 -0.648172258082003
-0.045065683394979 -0.250053638968891 0.058703629202087 0.184028381709567 -0.856845876601731 -0.023774911503238 -0.046978444183110 0.150190545977757 -0.645426874847921
-0.044145541486431 -0.254337868351900 0.058584754644571 0.183870137641043 -0.856337978052713 -0.027015772793648 -0.062305455810763 0.198791364964812 -0.642681491612729
-0.043226190798226 -0.258619558242163 0.058449675780602 0.183635245420127 -0.855587025322824 -0.030242907167888 -0.077629848559690 0.247382166713717 -0.639936108373096
-0.042308014571125 -0.262897493368778 0.058298461244763 0.183323718141074 -0.854593068498000 -0.033456314625951 -0.092951622444326 0.295962951253337 -0.637190725135683
-0.041391395980420 -0.267170458711268 0.058131179671633 0.182935568898275 -0.853356157664431 -0.036655995167817 -0.108270777463559 0.344533718572571 -0.634445341904932
-0.040476718135928 -0.271437239499590 0.057947899695794 0.182470810786053 -0.851876342908164 -0.039841948793495 -0.123587313614337 0.393094468686961 -0.631699958663079
-0.039564364081998 -0.275696621214131 0.057748689951827 0.181929456898736 -0.850153674315302 -0.043014175503020 -0.138901230900546 0.441645201580965 -0.628954575434548
-0.038654716797504 -0.279947389585707 0.057533619074312 0.181311520330664 -0.848188201971867 -0.046172675296335 -0.154212529314968 0.490185917252361 -0.626209192189364
-0.037748159195851 -0.284188330595566 0.057302755697830 0.180617014176161 -0.845979975963962 -0.049317448173508 -0.169521208869539 0.538716615725576 -0.623463808957503
-0.036845074124970 -0.288418230475386 0.057056168456962 0.179845951529586 -0.843529046377700 -0.052448494134455 -0.184827269547883 0.587237296953980 -0.620718425720090
-0.035945844367322 -0.292635875707275 0.056793925986290 0.178998345485239 -0.840835463299072 -0.055565813179242 -0.200130711367486 0.635747961001965 -0.617973042483788
-0.035050852639896 -0.296840053023770 0.056516096920394 0.178074209137499 -0.837899276814302 -0.058669405307843 -0.215431534316135 0.684248607805138 -0.615227659250817
-0.034160481594209 -0.301029549407842 0.056222749893855 0.177073555580662 -0.834720537009292 -0.061759270520262 -0.230729738397439 0.732739237403468 -0.612482276012294
-0.033275113816305 -0.305203152092888 0.055913953541253 0.175996397909081 -0.831299293970267 -0.064835408816516 -0.246025323615007 0.781219849799175 -0.609736892775992
-0.032395131826760 -0.309359648562739 0.055589776497171 0.174842749217094 -0.827635597783249 -0.067897820196577 -0.261318289960233 0.829690444950071 -0.606991509538579
-0.031520918080674 -0.313497826551656 0.055250287396188 0.173612622599019 -0.823729498534254 -0.070946504660457 -0.276608637443110 0.878151022916107 -0.604246126303387
-0.030652854967679 -0.317616474044327 0.054895554872886 0.172306031149218 -0.819581046309503 -0.073981462208150 -0.291896366060862 0.926601583655096 -0.601500743065975
-0.029791324811933 -0.321714379275874 0.054525647561845 0.170922987962002 -0.815190291194923 -0.077002692839667 -0.307181475800444 0.975042127151493 -0.598755359833003
-0.028936709872123 -0.325790330731849 0.054140634097646 0.169463506131698 -0.810557283276647 -0.080010196554997 -0.322463966688225 1.023472653487456 -0.596009976596701
-0.028089392341465 -0.329843117148232 0.053740583114871 0.167927598752696 -0.805682072640890 -0.083003973354162 -0.337743838696170 1.071893162558624 -0.593264593355958
-0.027249754347701 -0.333871527511437 0.053325563248101 0.166315278919255 -0.800564709373452 -0.085984023237146 -0.353021091845096 1.120303654433830 -0.590519210122986
-0.026418177953105 -0.337874351058304 0.052895643131915 0.164626559725774 -0.795205243560659 -0.088950346203925 -0.368295726122791 1.168704129095310 -0.587773826886684
-0.025595045154476 -0.341850377276107 0.052450891400895 0.162861454266548 -0.789603725288490 -0.091902942254540 -0.383567741537305 1.217094586543066 -0.585028443650382
-0.024780737883143 -0.345798395902550 0.051991376689623 0.161019975635934 -0.783760204643014 -0.094841811388974 -0.398837138081420 1.265475026763774 -0.582283060412969
-0.023975638004964 -0.349717196925765 0.051517167632678 0.159102136928248 -0.777674731710298 -0.097766953607226 -0.414103915758468 1.313845449775197 -0.579537677177777
-0.023180127320322 -0.353605570584316 0.051028332864642 0.157107951237841 -0.771347356576479 -0.100678368909290 -0.429368074570113 1.362205855570675 -0.576792293942585
-0.022394587564133 -0.357462307367199 0.050524941020095 0.155037431659048 -0.764778129327603 -0.103576057295179 -0.444629614516634 1.410556244159089 -0.574046910704062
-0.021619400405838 -0.361286198013837 0.050007060733619 0.152890591286198 -0.757967100049750 -0.106460018764892 -0.459888535590536 1.458896615511573 -0.571301527471091
-0.020854947449407 -0.365076033514085 0.049474760639795 0.150667443213615 -0.750914318828955 -0.109330253318413 -0.475144837802088 1.507226969663655 -0.568556144229238
-0.020101610233339 -0.368830605108230 0.048928109373203 0.148368000535662 -0.743619835751397 -0.112186760955768 -0.490398521146018 1.555547306604232 -0.565810760998486
-0.019359770230661 -0.372548704286987 0.048367175568424 0.145992276346651 -0.736083700903079 -0.115029541676914 -0.505649585620105 1.603857626308880 -0.563065377759964
-0.018629808848927 -0.376229122791503 0.047792027860039 0.143540283740921 -0.728305964370057 -0.117858595481907 -0.520898031232120 1.652157928824227 -0.560319994524772
-0.017912107430223 -0.379870652613353 0.047202734882630 0.141012035812821 -0.720286676238513 -0.120673922370707 -0.536143857972349 1.700448214105865 -0.557574611286249
-0.017207047251159 -0.383472085994545 0.046599365270776 0.138407545656660 -0.712025886594392 -0.123475522343330 -0.551387065846831 1.748728482169337 -0.554829228052167
-0.016515009522875 -0.387032215427517 0.045981987659060 0.135726826366799 -0.703523645523862 -0.126263395399762 -0.566627654855834 1.796998733030186 -0.552083844816975
-0.015836375391041 -0.390549833655137 0.045350670682061 0.132969891037564 -0.694780003113016 -0.129037541540022 -0.581865624998334 1.845258966672869 -0.549338461578452
-0.015171525935854 -0.394023733670702 0.044705482974361 0.130136752763285 -0.685795009447865 -0.131797960764107 -0.597100976271051 1.893509183095166 -0.546593078339930
-0.014520842172037 -0.397452708717941 0.044046493170540 0.127227424638294 -0.676568714614501 -0.134544653072000 -0.612333708678650 1.941749382299296 -0.543847695110289
-0.013884705048846 -0.400835552291014 0.043373769905180 0.124241919756938 -0.667101168699025 -0.137277618463699 -0.627563822218138 1.989979564296362 -0.541102311869546
-0.013263495450061 -0.404171058134509 0.042687381812862 0.121180251213545 -0.657392421787528 -0.139996856939251 -0.642791316891253 2.038199729068602 -0.538356928635464
-0.012657594193993 -0.407458020243446 0.041987397528165 0.118042432102454 -0.647442523966046 -0.142702368498598 -0.658016192695982 2.086409876627116 -0.535611545396941
-0.012067382033481 -0.410695232863277 0.041273885685672 0.114828475517998 -0.637251525320703 -0.145394153141776 -0.673238449639540 2.134610006987447 -0.532866162163970
-0.011493239655891 -0.413881490489880 0.040546914919964 0.111538394554518 -0.626819475937568 -0.148072210868760 -0.688458087707566 2.182800120102968 -0.530120778923227
-0.010935547683118 -0.417015587869568 0.039806553865620 0.108172202306320 -0.616146425902631 -0.150736541679580 -0.703675106912410 2.230980216015865 -0.527375395689145
-0.010394686671587 -0.420096319999081 0.039052871157222 0.104729911867783 -0.605232425302116 -0.153387145574196 -0.718889507252546 2.279150294723920 -0.524630012455063
-0.009871037112248 -0.423122482125592 0.038285935429351 0.101211536333221 -0.594077524222036 -0.156024022552642 -0.734101288723810 2.327310356207146 -0.521884629215430
-0.009364979430582 -0.426092869746702 0.037505815316588 0.097617088796958 -0.582681772748417 -0.158647172614917 -0.749310451326896 2.375460400469986 -0.519139245981348
-0.008876893986597 -0.429006278610444 0.036712579453513 0.093946582353339 -0.571045220967381 -0.161256595760995 -0.764516995062672 2.423600427521322 -0.516393862743936
-0.008407161074830 -0.431861504715281 0.035906296474708 0.090200030096704 -0.559167918965031 -0.163852291990901 -0.779720919934571 2.471730437356712 -0.513648479509854
-0.007956160924347 -0.434657344310106 0.035087035014754 0.086377445121391 -0.547049916827425 -0.166434261304621 -0.794922225934822 2.519850429973935 -0.510903096271331
-0.007524273698740 -0.437392593894243 0.034254863708230 0.082478840521718 -0.534691264640641 -0.169002503702170 -0.810120913074669 2.567960405390757 -0.508157713037249
-0.007111879496131 -0.440066050217446 0.033409851189720 0.078504229392044 -0.522092012490771 -0.171557019183527 -0.825316981340959 2.616060363569428 -0.505412329796506
-0.006719358349171 -0.442676510279900 0.032552066093802 0.074453624826671 -0.509252210463818 -0.174097807748713 -0.840510430744937 2.664150304549917 -0.502666946565755
-0.006347090225038 -0.445222771332219 0.031681577055058 0.070327039919966 -0.496171908645970 -0.176624869397696 -0.855701261276395 2.712230228298917 -0.499921563329453
-0.005995455025438 -0.447703630875449 0.030798452708070 0.066124487766241 -0.482851157123221 -0.179138204130525 -0.870889472947313 2.760300134843074 -0.497176180089820
-0.005664832586607 -0.450117886661065 0.029902761687417 0.061845981459859 -0.469290005981726 -0.181637811947172 -0.886075065748594 2.808360024180168 -0.494430796852408
-0.005355602679307 -0.452464336690974 0.028994572627681 0.057491534095123 -0.455488505307511 -0.184123692847621 -0.901258039681559 2.856409896285772 -0.491685413619436
-0.005068145008832 -0.454741779217511 0.028073954163443 0.053061158766380 -0.441446705186610 -0.186595846831883 -0.916438394747178 2.904449751170990 -0.488940030384244
-0.004802839215000 -0.456949012743444 0.027140974929284 0.048554868567972 -0.427164655705181 -0.189054273899980 -0.931616130948783 2.952479588860246 -0.486194647144611
-0.004560064872160 -0.459084836021970 0.026195703559784 0.043972676594236 -0.412642406949326 -0.191498974051901 -0.946791248282730 3.000499409333557 -0.483449263910529
-0.004340201489189 -0.461148048056717 0.025238208689525 0.039314595939492 -0.397880009005025 -0.193929947287624 -0.961963746745099 3.048509212557615 -0.480703880676447
-0.004143628509491 -0.463137448101742 0.024268558953086 0.034580639698078 -0.382877511958357 -0.196347193607177 -0.977133626348017 3.096508998614578 -0.477958497434594
-0.003970725311001 -0.465051835661534 0.023286822985050 0.029770820964353 -0.367634965895569 -0.198750713010559 -0.992300887075088 3.144498767413406 -0.475213114201622
-0.003821871206179 -0.466890010491012 0.022293069419998 0.024885152832613 -0.352152420902496 -0.201140505497732 -1.007465528944981 3.192478519027375 -0.472467730965320
-0.003697445442016 -0.468650772595524 0.021287366892509 0.019923648397237 -0.336429927065429 -0.203516571068740 -1.022627551940432 3.240448253407635 -0.469722347727908
-0.003597827200030 -0.470332922230851 0.020269784037165 0.014886320752512 -0.320467534470292 -0.205878909723567 -1.037786956072581 3.288407970583052 -0.466976964496046
-0.003523395596267 -0.471935259903203 0.019240389488548 0.009773182992810 -0.304265293203254 -0.208227521462206 -1.052943741332492 3.336357670524759 -0.464231581251973
-0.003474529681303 -0.473456586369219 0.018199251881236 0.004584248212447 -0.287823253350339 -0.210562406284687 -1.068097907734114 3.384297353274945 -0.461486198022332
-0.003451608440241 -0.474895702635971 0.017146439849813 -0.000680470494215 -0.271141464997715 -0.212883564190947 -1.083249455262544 3.432227018802525 -0.458740814786029
-0.003455010792712 -0.476251409960959 0.016082022028858 -0.006020960032886 -0.254219978231340 -0.215190995181058 -1.098398383924341 3.480146667098616 -0.455995431544176
-0.003485115592877 -0.477522509852116 0.015006067052953 -0.011437207309198 -0.237058843137328 -0.217484699254988 -1.113544693720024 3.528056298192084 -0.453250048313425
-0.003542301629423 -0.478707804067803 0.013918643556678 -0.016929199228820 -0.219658109801835 -0.219764676412709 -1.128688384648864 3.575955912074047 -0.450504665076013
-0.003626947625567 -0.479806094616812 0.012819820174615 -0.022496922697420 -0.202017828310874 -0.222030926654276 -1.143829456710706 3.623845508724521 -0.447759281839710
-0.003739432239054 -0.480816183758366 0.011709665541343 -0.028140364620665 -0.184138048750504 -0.224283449979656 -1.158967909908379 3.671725088190136 -0.445013898601188
-0.003880134062157 -0.481736874002119 0.010588248291445 -0.033859511904218 -0.166018821206881 -0.226522246388855 -1.174103744230812 3.719594650395397 -0.442268515367106
-0.004049431621678 -0.482566968108153 0.009455637059501 -0.039654351453760 -0.147660195765931 -0.228747315881861 -1.189236959698511 3.767454195435782 -0.439523132133024
-0.004247703378947 -0.483305269086983 0.008311900480091 -0.045524870174914 -0.129062222513954 -0.230958658458696 -1.204367556284953 3.815303723204710 -0.436777748888950
-0.004475327729822 -0.483950580199553 0.007157107187798 -0.051471054973407 -0.110224951536775 -0.233156274119362 -1.219495534017061 3.863143233808763 -0.434032365663750
-0.004732683004689 -0.484501704957236 0.005991325817201 -0.057492892754831 -0.091148432920751 -0.235340162863806 -1.234620892871205 3.910972727161344 -0.431286982419676
-0.005020147468463 -0.484957447121840 0.004814625002882 -0.063590370424917 -0.071832716751707 -0.237510324692125 -1.249743632872441 3.958792203331285 -0.428541599185595
