0.002263422609596 -0.466994442813784 0.000000000000000 0.123275077895112 -0.048993636491079 0.365947972690001 -3.105286119941508 10.031205929774689 -0.877110390435920
0.002879797999072 -0.467239410996239 0.001829739863450 0.107748647295405 0.001162393157794 0.361562420737821 -3.043849389864489 9.831210518269629 -0.889889122955845
0.003418541235549 -0.467233599030450 0.003637551967139 0.092529400346082 0.050318445749142 0.357112975123042 -2.982531832709176 9.631645381997789 -0.902667855470218
0.003881188237279 -0.466982006801704 0.005423116842754 0.077616741182536 0.098476672659131 0.352599635845691 -2.921333448474631 9.432510520952508 -0.915446587986812
0.004269271943192 -0.466489623438409 0.007186115021983 0.063010073940163 0.145639225263894 0.348022402905757 -2.860254237152005 9.233805935127126 -0.928225320503406
0.004584322312893 -0.465761427312089 0.008926227036512 0.048708802754403 0.191808254939529 0.343381276303240 -2.799294198761425 9.035531624559390 -0.941004053018890
0.004827866326665 -0.464802386037392 0.010643133418028 0.034712331760596 0.236985913062326 0.338676256038145 -2.738453333281030 8.837687589196008 -0.953782785539925
0.005001427985468 -0.463617456472080 0.012336514698218 0.021020065094191 0.281174351008306 0.333907342110445 -2.677731640722131 8.640273829074729 -0.966561518047637
0.005106528310939 -0.462211584717039 0.014006051408771 0.007631406890580 0.324375720153680 0.329074534520207 -2.617129121089169 8.443290344193333 -0.979340250572003
0.005144685345392 -0.460589706116270 0.015651424081372 -0.005454238714865 0.366592171874647 0.324177833267347 -2.556645774367816 8.246737134527393 -0.992118983080825
0.005117414151817 -0.458756745256897 0.017272313247708 -0.018237467586705 0.407825857547284 0.319217238351943 -2.496281600576009 8.050614200114659 -1.004897715600750
0.005026226813884 -0.456717615969160 0.018868399439468 -0.030718875589585 0.448078928547857 0.314192749773939 -2.436036599696226 7.854921540915161 -1.017676448121785
0.004872632435936 -0.454477221326421 0.020439363188338 -0.042899058588066 0.487353536252433 0.309104367533330 -2.375910771740229 7.659659156951104 -1.030455180629497
0.004658137142995 -0.452040453645159 0.021984885026005 -0.054778612446767 0.525651832037188 0.303952091630183 -2.315904116701530 7.464827048220268 -1.043233913148311
0.004384244080762 -0.449412194484973 0.023504645484155 -0.066358133030275 0.562975967278290 0.298735922064441 -2.256016634586863 7.270425214724874 -1.056012645668236
0.004052453415610 -0.446597314648582 0.024998325094478 -0.077638216203209 0.599328093351914 0.293455858836100 -2.196248325386438 7.076453656449377 -1.068791378180389
0.003664262334594 -0.443600674181822 0.026465604388658 -0.088619457830141 0.634710361634161 0.288111901945198 -2.136599189114102 6.882912373427086 -1.081570110701424
0.003221165045443 -0.440427122373651 0.027906163898384 -0.099302453775712 0.669124923501296 0.282704051391691 -2.077069225757502 6.689801365624692 -1.094348843209136
0.002724652776565 -0.437081497756145 0.029319684155343 -0.109687799904499 0.702573930329420 0.277232307175646 -2.017658435316052 6.497120633039977 -1.107127575734612
0.002176213777042 -0.433568628104498 0.030705845691221 -0.119776092081079 0.735059533494620 0.271696669296972 -1.958366817801302 6.304870175701804 -1.119906308245655
0.001577333316637 -0.429893330437025 0.032064329037706 -0.129567926170086 0.766583884373129 0.266097137755744 -1.899194373206242 6.113049993601294 -1.132685040762249
0.000929493685787 -0.426060411015159 0.033394814726484 -0.139063898036117 0.797149134341135 0.260433712551933 -1.840141101530079 5.921660086725122 -1.145463773282174
0.000234174195606 -0.422074665343453 0.034696983289244 -0.148264603543767 0.826757434774761 0.254706393685522 -1.781207002768892 5.730700455066629 -1.158242505792106
-0.000507148822113 -0.417940878169579 0.035970515257672 -0.157170638557612 0.855410937050094 0.248915181156562 -1.722392076936585 5.540171098665780 -1.171021238314252
-0.001293002014901 -0.413663823484329 0.037215091163455 -0.165782598942295 0.883111792543423 0.243060074964990 -1.663696324016967 5.350072017475949 -1.183799970827515
-0.002121915009612 -0.409248264521612 0.038430391538279 -0.174101080562380 0.909862152630803 0.237141075110853 -1.605119744023836 5.160403211537101 -1.196578703344109
-0.002992420412424 -0.404698953758458 0.039616096913834 -0.182126679282499 0.935664168688488 0.231158181594132 -1.546662336942145 4.971164680798168 -1.209357435859593
-0.003903053808837 -0.400020632915015 0.040771887821804 -0.189859990967210 0.960519992092479 0.225111394414834 -1.488324102788785 4.782356425325762 -1.222136168379517
-0.004852353763673 -0.395218032954553 0.041897444793879 -0.197301611481153 0.984431774219108 0.219000713572937 -1.430105041552754 4.593978445071034 -1.234914900890560
-0.005838861821079 -0.390295874083458 0.042992448361743 -0.204452136688917 1.007401666444463 0.212826139068484 -1.372005153235306 4.406030740045086 -1.247693633411595
-0.006861122504523 -0.385258865751235 0.044056579057086 -0.211312162455094 1.029431820144688 0.206587670901426 -1.314024437836653 4.218513310247918 -1.260472365924858
-0.007917683316799 -0.380111706650512 0.045089517411593 -0.217882284644277 1.050524386695928 0.200285309071802 -1.256162895362306 4.031426155688411 -1.273251098439232
-0.009007094740020 -0.374859084717032 0.046090943956952 -0.224163099121089 1.070681517474370 0.193919053579605 -1.198420525803795 3.844769276362126 -1.286029830959157
-0.010127910235625 -0.369505677129660 0.047060539224850 -0.230155201750108 1.089905363856181 0.187488904424810 -1.140797329171950 3.658542672273501 -1.298808563474640
-0.011278686244376 -0.364056150310379 0.047997983746974 -0.235859188395967 1.108198077217548 0.180994861607436 -1.083293305451094 3.472746343398114 -1.311587295992345
-0.012457982186356 -0.358515159924292 0.048902958055011 -0.241275654923223 1.125561808934539 0.174436925127475 -1.025908454654545 3.287380289762609 -1.324366028504498
-0.013664360460972 -0.352887350879619 0.049775142680648 -0.246405197196495 1.141998710383352 0.167815094984952 -0.968642776779588 3.102444511366986 -1.337144761023312
-0.014896386446954 -0.347177357327702 0.050614218155573 -0.251248411080393 1.157510932940187 0.161129371179836 -0.911496271822843 2.917939008191262 -1.349923493536576
-0.016152628502356 -0.341389802663001 0.051419865011472 -0.255805892439508 1.172100627981143 0.154379753712153 -0.854468939785746 2.733863780250978 -1.362702226060941
-0.017431657964554 -0.335529299523096 0.052191763780033 -0.260078237138436 1.185769946882398 0.147566242581848 -0.797560780669837 2.550218827550577 -1.375480958568653
-0.018732049150246 -0.329600449788684 0.052929594992942 -0.264066041041786 1.198521041020151 0.140688837789005 -0.740771794474626 2.367004150078955 -1.388259691086358
-0.020052379355455 -0.323607844583583 0.053633039181887 -0.267769900014159 1.210356061770546 0.133747539333573 -0.684101981195118 2.184219747818350 -1.401038423605172
-0.021391228855526 -0.317556064274730 0.054301776878555 -0.271190409920134 1.221277160509637 0.126742347215547 -0.627551340841581 2.001865620817611 -1.413817156121766
-0.022747180905126 -0.311449678472182 0.054935488614633 -0.274328166624342 1.231286488613725 0.119673261434938 -0.571119873403469 1.819941769038991 -1.426595888637250
-0.024118821738248 -0.305293246029113 0.055533854921808 -0.277183765991360 1.240386197458920 0.112540281991752 -0.514807578887722 1.638448192480269 -1.439374621148293
-0.025504740568205 -0.299091315041819 0.056096556331766 -0.279757803885798 1.248578438421322 0.105343408886011 -0.458614457291562 1.457384891172531 -1.452153353672658
-0.026903529587634 -0.292848422849712 0.056623273376196 -0.282050876172256 1.255865362877184 0.098082642117647 -0.402540508615268 1.276751865082471 -1.464932086183701
-0.028313783968495 -0.286569096035326 0.057113686586785 -0.284063578715332 1.262249122202597 0.090757981686729 -0.346585732858562 1.096549114227852 -1.477710818704736
-0.029734101862072 -0.280257850424313 0.057567476495218 -0.285796507379625 1.267731867773736 0.083369427593205 -0.290750130021722 0.916776638610894 -1.490489551214669
-0.031163084398970 -0.273919191085444 0.057984323633184 -0.287250258029734 1.272315750966790 0.075916979837132 -0.235033700105580 0.737434438209394 -1.503268283734593
-0.032599335689119 -0.267557612330610 0.058363908532370 -0.288425426530262 1.276002923157837 0.068400638418459 -0.179436443112357 0.558522513067761 -1.516047016250077
-0.034041462821770 -0.261177597714821 0.058705911724462 -0.289322608745823 1.278795535723176 0.060820403337208 -0.123958359031784 0.380040863123821 -1.528825748767781
-0.035488075865499 -0.254783620036205 0.059010013741148 -0.289942400540982 1.280695740038795 0.053176274593369 -0.068599447876905 0.201989488431975 -1.541604481283265
-0.036937787868204 -0.248380141336011 0.059275895114115 -0.290285397780367 1.281705687480955 0.045468252186953 -0.013359709642169 0.024368388975571 -1.554383213796529
-0.038389214857106 -0.241971612898607 0.059503236375050 -0.290352196328578 1.281827529425833 0.037696336117971 0.041760855675199 -0.152822435260935 -1.567161946317563
-0.039840975838749 -0.235562475251477 0.059691718055640 -0.290143392050202 1.281063417249528 0.029860526386383 0.096762248072146 -0.329582984268662 -1.579940678830827
-0.041291692799000 -0.229157158165230 0.059841020687572 -0.289659580809841 1.279415502328185 0.021960822992229 0.151644467546730 -0.505913258028734 -1.592719411344090
-0.042739990703049 -0.222760080653589 0.059950824802533 -0.288901358472107 1.276885936038041 0.013997225935508 0.206407514102835 -0.681813256568908 -1.605498143867345
-0.044184497495410 -0.216375650973399 0.060020810932210 -0.287869320901593 1.273476869755197 0.005969735216171 0.261051387741296 -0.857282979875862 -1.618276876378388
-0.045623844099918 -0.210008266624623 0.060050659608291 -0.286564063962887 1.269190454855817 -0.002121649165721 0.315576088455172 -1.032322427949595 -1.631055608900533
-0.047056664419732 -0.203662314350344 0.060040051362463 -0.284986183520611 1.264028842716070 -0.010276927210223 0.369981616251402 -1.206931600787886 -1.643834341409356
-0.048481595337335 -0.197342170136763 0.059988666726412 -0.283136275439354 1.257994184712130 -0.018496098917270 0.424267971129988 -1.381110498406279 -1.656613073928170
-0.049897276714532 -0.191052199213203 0.059896186231825 -0.281014935583704 1.251088632220099 -0.026779164286911 0.478435153082601 -1.554859120780350 -1.669391806448095
-0.051302351392450 -0.184796756052102 0.059762290410391 -0.278622759818291 1.243314336616197 -0.035126123319151 0.532483162120623 -1.728177467927861 -1.682170538959138
-0.052695465191542 -0.178580184369021 0.059586659793795 -0.275960344007688 1.234673449276558 -0.043536976013947 0.586411998237113 -1.901065539848812 -1.694949271475732
-0.054075266911580 -0.172406817122638 0.059368974913725 -0.273028284016502 1.225168121577314 -0.052011722371326 0.640221661431517 -2.073523336525440 -1.707728003996767
-0.055440408331663 -0.166280976514752 0.059108916301869 -0.269827175709345 1.214800504894686 -0.060550362391310 0.693912151707721 -2.245550857982170 -1.720506736508920
-0.056789544210209 -0.160206973990278 0.058806164489912 -0.266357614950806 1.203572750604776 -0.069152896073854 0.747483469064614 -2.417148104201239 -1.733285469027734
-0.058121332284963 -0.154189110237255 0.058460400009543 -0.262620197605483 1.191487010083769 -0.077819323418993 0.800935613501086 -2.588315075191527 -1.746064201539888
-0.059434433272991 -0.148231675186836 0.058071303392448 -0.258615519537977 1.178545434707812 -0.086549644426692 0.854268585016027 -2.759051770948595 -1.758842934059812
-0.060727510870681 -0.142338948013297 0.057638555170314 -0.254344176612897 1.164750175853069 -0.095343859096991 0.907482383612490 -2.929358191476883 -1.771621666577516
-0.061999231753745 -0.136515197134031 0.057161835874829 -0.249806764694835 1.150103384895684 -0.104201967429879 0.960577009286867 -3.099234336767509 -1.784400399087449
-0.063248265577219 -0.130764680209553 0.056640826037680 -0.245003879648401 1.134607213211847 -0.113123969425316 1.013552462045264 -3.268680206833796 -1.797179131609594
-0.064473284975461 -0.125091644143494 0.056075206190553 -0.239936117338174 1.118263812177678 -0.122109865083364 1.066408741879354 -3.437695801662422 -1.809957864122858
-0.065672965562152 -0.119500325082605 0.055464656865137 -0.234604073628777 1.101075333169366 -0.131159654403978 1.119145848796355 -3.606281121262267 -1.822736596639452
-0.066845985930296 -0.113994948416758 0.054808858593117 -0.229008344384796 1.083043927563054 -0.140273337387176 1.171763782790713 -3.774436165626671 -1.835515329157156
-0.067991027652220 -0.108579728778943 0.054107491906181 -0.223149525470842 1.064171746734921 -0.149450914032961 1.224262543869092 -3.942160934766736 -1.848294061672640
-0.069106775279574 -0.103258870045269 0.053360237336016 -0.217028212751497 1.044460942061087 -0.158692384341325 1.276642132022610 -4.109455428671360 -1.861072794189234
-0.070191916343332 -0.098036565334963 0.052566775414309 -0.210645002091384 1.023913664917731 -0.167997748312271 1.328902547259037 -4.276319647342763 -1.873851526702497
-0.071245141353789 -0.092916997010374 0.051726786672748 -0.204000489355088 1.002532066681017 -0.177367005945783 1.381043789574488 -4.442753590778725 -1.886630259224642
-0.072265143800564 -0.087904336676969 0.050839951643019 -0.197095270407216 0.980318298727123 -0.186800157241906 1.433065858972293 -4.608757259001450 -1.899408991733464
-0.073250620152600 -0.083002745183334 0.049905950856810 -0.189929941112355 0.957274512432116 -0.196297202200574 1.484968755445237 -4.774330651962089 -1.912187724256720
-0.074200269858162 -0.078216372621173 0.048924464845807 -0.182505097335128 0.933402859172305 -0.205858140821857 1.536752479002201 -4.939473769720593 -1.924966456767763
-0.075112795344838 -0.073549358325312 0.047895174141697 -0.174821334940117 0.908705490323702 -0.215482973105696 1.588417029639855 -5.104186612232553 -1.937745189287687
-0.075986902019538 -0.069005830873693 0.046817759276169 -0.166879249791918 0.883184557262540 -0.225171699052135 1.639962407352091 -5.268469179511293 -1.950523921804281
-0.076821298268498 -0.064589908087380 0.045691900780908 -0.158679437755158 0.856842211364983 -0.234924318661156 1.691388612150568 -5.432321471565693 -1.963302654314214
-0.077614695457274 -0.060305697030555 0.044517279187602 -0.150222494694405 0.829680604007155 -0.244740831932727 1.742695644024184 -5.595743488384652 -1.976081386835249
-0.078365807930746 -0.056157294010520 0.043293575027939 -0.141509016474284 0.801701886565231 -0.254621238866903 1.793883502981264 -5.758735229970391 -1.988860119350733
-0.079073353013117 -0.052148784577694 0.042020468833604 -0.132539598959378 0.772908210415379 -0.264565539463657 1.844952189015703 -5.921296696327349 -2.001638851869547
-0.079736051007914 -0.048284243525617 0.040697641136286 -0.123314838014299 0.743301726933743 -0.274573733723005 1.895901702133052 -6.083427887455528 -2.014417584385031
-0.080352625197985 -0.044567734890948 0.039324772467671 -0.113835329503634 0.712884587496465 -0.284645821644930 1.946732042327759 -6.245128803346045 -2.027196316897184
-0.080921801845504 -0.041003311953466 0.037901543359446 -0.104101669291995 0.681658943479735 -0.294781803229416 1.997443209603156 -6.406399444003341 -2.039975049413778
-0.081442310191964 -0.037595017236067 0.036427634343299 -0.094114453243979 0.649626946259718 -0.304981678476485 2.048035203959242 -6.567239809436298 -2.052753781935923
-0.081912882458184 -0.034346882504768 0.034902725950917 -0.083874277224183 0.616790747212537 -0.315245447386164 2.098508025394352 -6.727649899638255 -2.065532514446966
-0.082332253844304 -0.031262928768706 0.033326498713986 -0.073381737097211 0.583152497714345 -0.325573109958399 2.148861673909597 -6.887629714593668 -2.078311246965781
-0.082699162529790 -0.028347166280134 0.031698633164194 -0.062637428727663 0.548714349141377 -0.335964666193228 2.199096149506086 -7.047179254340286 -2.091089979477934
-0.083012349673429 -0.025603594534427 0.030018809833228 -0.051641947980133 0.513478452869676 -0.346420116090618 2.249211452181044 -7.206298518831478 -2.103868711998969
-0.083270559413329 -0.023036202270079 0.028286709252775 -0.040395890719228 0.477446960275518 -0.356939459650613 2.299207581936136 -7.364987508113874 -2.116647444513342
-0.083472538866926 -0.020648967468701 0.026502011954522 -0.028899852809547 0.440622022734949 -0.367522696873179 2.349084538773583 -7.523246222147506 -2.129426177032157
-0.083617038130973 -0.018445857355026 0.024664398470156 -0.017154430115679 0.403005791624211 -0.378169827758340 2.398842322686168 -7.681074660950138 -2.142204909544310
-0.083702810281552 -0.016430828396905 0.022773549331364 -0.005160218502248 0.364600418319461 -0.388880852306062 2.448480933683328 -7.838472824537313 -2.154983642058683
-0.083728611374063 -0.014607826305308 0.020829145069834 0.007082186166169 0.325408054196774 -0.399655770516355 2.498000371758957 -7.995440712877944 -2.167762374583049
-0.083693200443232 -0.012980786034324 0.018830866217252 0.019572188024963 0.285430850632384 -0.410494582389270 2.547400636913055 -8.151978325987574 -2.180541107090761
-0.083595339503107 -0.011553631781162 0.016778393305306 0.032309191209529 0.244670959002447 -0.421397287924724 2.596681729150618 -8.308085663870646 -2.193319839614016
-0.083433793547060 -0.010330276986150 0.014671406865682 0.045292599855282 0.203130530683093 -0.432363887122794 2.645843648463320 -8.463762726524937 -2.206098572126169
-0.083207330547783 -0.009314624332735 0.012509587430068 0.058521818097598 0.160811717050469 -0.443394379983425 2.694886394861706 -8.619009513934905 -2.218877304640543
-0.082914721457295 -0.008510565747482 0.010292615530151 0.071996250071907 0.117716669480794 -0.454488766506628 2.743809968335231 -8.773826026124976 -2.231656037162688
-0.082554740206936 -0.007921982400078 0.008020171697618 0.085715299913583 0.073847539350169 -0.465647046692441 2.792614368890556 -8.928212263084045 -2.244434769674841
-0.082126163707368 -0.007552744703327 0.005691936464156 0.099678371758036 0.029206478034749 -0.476869220540815 2.841299596525459 -9.082168224798792 -2.257213502192545
-0.081627771848578 -0.007406712313154 0.003307590361452 0.113884869740663 -0.016204363089245 -0.488155288051778 2.841299596525459 -9.082168224798792 -2.257213502192545
-0.081058347499874 -0.007487734128600 0.000866813921193 -0.113884869740663 0.016204363089245 0.488155288051778 2.792614368890556 -8.928212263084045 -2.244434769674841
-0.081627771848578 -0.007406712313154 0.003307590361452 -0.099678371758036 -0.029206478034749 0.476869220540815 2.743809968335231 -8.773826026124976 -2.231656037162688
-0.082126163707368 -0.007552744703327 0.005691936464156 -0.085715299913583 -0.073847539350169 0.465647046692441 2.694886394861706 -8.619009513934905 -2.218877304640543
-0.082554740206936 -0.007921982400078 0.008020171697618 -0.071996250071907 -0.117716669480794 0.454488766506628 2.645843648463320 -8.463762726524937 -2.206098572126169
-0.082914721457295 -0.008510565747482 0.010292615530151 -0.058521818097598 -0.160811717050469 0.443394379983425 2.596681729150618 -8.308085663870646 -2.193319839614016
-0.083207330547783 -0.009314624332735 0.012509587430068 -0.045292599855282 -0.203130530683093 0.432363887122794 2.547400636913055 -8.151978325987574 -2.180541107090761
-0.083433793547060 -0.010330276986150 0.014671406865682 -0.032309191209529 -0.244670959002447 0.421397287924724 2.498000371758957 -7.995440712877944 -2.167762374583049
-0.083595339503107 -0.011553631781162 0.016778393305306 -0.019572188024963 -0.285430850632384 0.410494582389270 2.448480933683328 -7.838472824537313 -2.154983642058683
-0.083693200443232 -0.012980786034324 0.018830866217252 -0.007082186166169 -0.325408054196774 0.399655770516355 2.398842322686168 -7.681074660950138 -2.142204909544310
-0.083728611374063 -0.014607826305308 0.020829145069834 0.005160218502248 -0.364600418319461 0.388880852306062 2.349084538773583 -7.523246222147506 -2.129426177032157
-0.083702810281552 -0.016430828396905 0.022773549331364 0.017154430115679 -0.403005791624211 0.378169827758340 2.299207581936136 -7.364987508113874 -2.116647444513342
-0.083617038130973 -0.018445857355026 0.024664398470156 0.028899852809547 -0.440622022734949 0.367522696873179 2.249211452181044 -7.206298518831478 -2.103868711998969
-0.083472538866926 -0.020648967468701 0.026502011954522 0.040395890719228 -0.477446960275518 0.356939459650613 2.199096149506086 -7.047179254340286 -2.091089979477934
-0.083270559413329 -0.023036202270079 0.028286709252775 0.051641947980133 -0.513478452869676 0.346420116090618 2.148861673909597 -6.887629714593668 -2.078311246965781
-0.083012349673429 -0.025603594534427 0.030018809833228 0.062637428727663 -0.548714349141377 0.335964666193228 2.098508025394352 -6.727649899638255 -2.065532514446966
-0.082699162529790 -0.028347166280134 0.031698633164194 0.073381737097211 -0.583152497714345 0.325573109958399 2.048035203959242 -6.567239809436298 -2.052753781935923
-0.082332253844304 -0.031262928768706 0.033326498713986 0.083874277224183 -0.616790747212537 0.315245447386164 1.997443209603156 -6.406399444003341 -2.039975049413778
-0.081912882458184 -0.034346882504768 0.034902725950917 0.094114453243979 -0.649626946259718 0.304981678476485 1.946732042327759 -6.245128803346045 -2.027196316897184
-0.081442310191964 -0.037595017236067 0.036427634343299 0.104101669291995 -0.681658943479735 0.294781803229416 1.895901702133052 -6.083427887455528 -2.014417584385031
-0.080921801845504 -0.041003311953466 0.037901543359446 0.113835329503634 -0.712884587496465 0.284645821644930 1.844952189015703 -5.921296696327349 -2.001638851869547
-0.080352625197985 -0.044567734890948 0.039324772467671 0.123314838014299 -0.743301726933743 0.274573733723005 1.793883502981264 -5.758735229970391 -1.988860119350733
-0.079736051007914 -0.048284243525617 0.040697641136286 0.132539598959378 -0.772908210415379 0.264565539463657 1.742695644024184 -5.595743488384652 -1.976081386835249
-0.079073353013117 -0.052148784577694 0.042020468833604 0.141509016474284 -0.801701886565231 0.254621238866903 1.691388612150568 -5.432321471565693 -1.963302654314214
-0.078365807930746 -0.056157294010520 0.043293575027939 0.150222494694405 -0.829680604007155 0.244740831932727 1.639962407352091 -5.268469179511293 -1.950523921804281
-0.077614695457274 -0.060305697030555 0.044517279187602 0.158679437755158 -0.856842211364983 0.234924318661156 1.588417029639855 -5.104186612232553 -1.937745189287687
-0.076821298268498 -0.064589908087380 0.045691900780908 0.166879249791918 -0.883184557262540 0.225171699052135 1.536752479002201 -4.939473769720593 -1.924966456767763
-0.075986902019538 -0.069005830873693 0.046817759276169 0.174821334940117 -0.908705490323702 0.215482973105696 1.484968755445237 -4.774330651962089 -1.912187724256720
-0.075112795344838 -0.073549358325312 0.047895174141697 0.182505097335128 -0.933402859172305 0.205858140821857 1.433065858972293 -4.608757259001450 -1.899408991733464
-0.074200269858162 -0.078216372621173 0.048924464845807 0.189929941112355 -0.957274512432116 0.196297202200574 1.381043789574488 -4.442753590778725 -1.886630259224642
-0.073250620152600 -0.083002745183334 0.049905950856810 0.197095270407216 -0.980318298727123 0.186800157241906 1.328902547259037 -4.276319647342763 -1.873851526702497
-0.072265143800564 -0.087904336676969 0.050839951643019 0.204000489355088 -1.002532066681017 0.177367005945783 1.276642132022610 -4.109455428671360 -1.861072794189234
-0.071245141353789 -0.092916997010374 0.051726786672748 0.210645002091384 -1.023913664917731 0.167997748312271 1.224262543869092 -3.942160934766736 -1.848294061672640
-0.070191916343332 -0.098036565334963 0.052566775414309 0.217028212751497 -1.044460942061087 0.158692384341325 1.171763782790713 -3.774436165626671 -1.835515329157156
-0.069106775279574 -0.103258870045269 0.053360237336016 0.223149525470842 -1.064171746734921 0.149450914032961 1.119145848796355 -3.606281121262267 -1.822736596639452
-0.067991027652220 -0.108579728778943 0.054107491906181 0.229008344384796 -1.083043927563054 0.140273337387176 1.066408741879354 -3.437695801662422 -1.809957864122858
-0.066845985930296 -0.113994948416758 0.054808858593117 0.234604073628777 -1.101075333169366 0.131159654403978 1.013552462045264 -3.268680206833796 -1.797179131609594
-0.065672965562152 -0.119500325082605 0.055464656865137 0.239936117338174 -1.118263812177678 0.122109865083364 0.960577009286867 -3.099234336767509 -1.784400399087449
-0.064473284975461 -0.125091644143494 0.056075206190553 0.245003879648401 -1.134607213211847 0.113123969425316 0.907482383612490 -2.929358191476883 -1.771621666577516
-0.063248265577219 -0.130764680209553 0.056640826037680 0.249806764694835 -1.150103384895684 0.104201967429879 0.854268585016027 -2.759051770948595 -1.758842934059812
-0.061999231753745 -0.136515197134031 0.057161835874829 0.254344176612897 -1.164750175853069 0.095343859096991 0.800935613501086 -2.588315075191527 -1.746064201539888
-0.060727510870681 -0.142338948013297 0.057638555170314 0.258615519537977 -1.178545434707812 0.086549644426692 0.747483469064614 -2.417148104201239 -1.733285469027734
-0.059434433272991 -0.148231675186836 0.058071303392448 0.262620197605483 -1.191487010083769 0.077819323418993 0.693912151707721 -2.245550857982170 -1.720506736508920
-0.058121332284963 -0.154189110237255 0.058460400009543 0.266357614950806 -1.203572750604776 0.069152896073854 0.640221661431517 -2.073523336525440 -1.707728003996767
-0.056789544210209 -0.160206973990278 0.058806164489912 0.269827175709345 -1.214800504894686 0.060550362391310 0.586411998237113 -1.901065539848812 -1.694949271475732
-0.055440408331663 -0.166280976514752 0.059108916301869 0.273028284016502 -1.225168121577314 0.052011722371326 0.532483162120623 -1.728177467927861 -1.682170538959138
-0.054075266911580 -0.172406817122638 0.059368974913725 0.275960344007688 -1.234673449276558 0.043536976013947 0.478435153082601 -1.554859120780350 -1.669391806448095
-0.052695465191542 -0.178580184369021 0.059586659793795 0.278622759818291 -1.243314336616197 0.035126123319151 0.424267971129988 -1.381110498406279 -1.656613073928170
-0.051302351392450 -0.184796756052102 0.059762290410391 0.281014935583704 -1.251088632220099 0.026779164286911 0.369981616251402 -1.206931600787886 -1.643834341409356
-0.049897276714532 -0.191052199213203 0.059896186231825 0.283136275439354 -1.257994184712130 0.018496098917270 0.315576088455172 -1.032322427949595 -1.631055608900533
-0.048481595337335 -0.197342170136763 0.059988666726412 0.284986183520611 -1.264028842716070 0.010276927210223 0.261051387741296 -0.857282979875862 -1.618276876378388
-0.047056664419732 -0.203662314350344 0.060040051362463 0.286564063962887 -1.269190454855817 0.002121649165721 0.206407514102835 -0.681813256568908 -1.605498143867345
-0.045623844099918 -0.210008266624623 0.060050659608291 0.287869320901593 -1.273476869755197 -0.005969735216171 0.151644467546730 -0.505913258028734 -1.592719411344090
-0.044184497495410 -0.216375650973399 0.060020810932210 0.288901358472107 -1.276885936038041 -0.013997225935508 0.096762248072146 -0.329582984268662 -1.579940678830827
-0.042739990703049 -0.222760080653589 0.059950824802533 0.289659580809841 -1.279415502328185 -0.021960822992229 0.041760855675199 -0.152822435260935 -1.567161946317563
-0.041291692799000 -0.229157158165230 0.059841020687572 0.290143392050202 -1.281063417249528 -0.029860526386383 -0.013359709642169 0.024368388975571 -1.554383213796529
-0.039840975838749 -0.235562475251477 0.059691718055640 0.290352196328578 -1.281827529425833 -0.037696336117971 -0.068599447876905 0.201989488431975 -1.541604481283265
-0.038389214857106 -0.241971612898607 0.059503236375050 0.290285397780367 -1.281705687480955 -0.045468252186953 -0.123958359031784 0.380040863123821 -1.528825748767781
-0.036937787868204 -0.248380141336011 0.059275895114115 0.289942400540982 -1.280695740038795 -0.053176274593369 -0.179436443112357 0.558522513067761 -1.516047016250077
-0.035488075865499 -0.254783620036205 0.059010013741148 0.289322608745823 -1.278795535723176 -0.060820403337208 -0.235033700105580 0.737434438209394 -1.503268283734593
-0.034041462821770 -0.261177597714821 0.058705911724462 0.288425426530262 -1.276002923157837 -0.068400638418459 -0.290750130021722 0.916776638610894 -1.490489551214669
-0.032599335689119 -0.267557612330610 0.058363908532370 0.287250258029734 -1.272315750966790 -0.075916979837132 -0.346585732858562 1.096549114227852 -1.477710818704736
-0.031163084398970 -0.273919191085444 0.057984323633184 0.285796507379625 -1.267731867773736 -0.083369427593205 -0.402540508615268 1.276751865082471 -1.464932086183701
-0.029734101862072 -0.280257850424313 0.057567476495218 0.284063578715332 -1.262249122202597 -0.090757981686729 -0.458614457291562 1.457384891172531 -1.452153353672658
-0.028313783968495 -0.286569096035326 0.057113686586785 0.282050876172256 -1.255865362877184 -0.098082642117647 -0.514807578887722 1.638448192480269 -1.439374621148293
-0.026903529587634 -0.292848422849712 0.056623273376196 0.279757803885798 -1.248578438421322 -0.105343408886011 -0.571119873403469 1.819941769038991 -1.426595888637250
-0.025504740568205 -0.299091315041819 0.056096556331766 0.277183765991360 -1.240386197458920 -0.112540281991752 -0.627551340841581 2.001865620817611 -1.413817156121766
-0.024118821738248 -0.305293246029113 0.055533854921808 0.274328166624342 -1.231286488613725 -0.119673261434938 -0.684101981195118 2.184219747818350 -1.401038423605172
-0.022747180905126 -0.311449678472182 0.054935488614633 0.271190409920134 -1.221277160509637 -0.126742347215547 -0.740771794474626 2.367004150078955 -1.388259691086358
-0.021391228855526 -0.317556064274730 0.054301776878555 0.267769900014159 -1.210356061770546 -0.133747539333573 -0.797560780669837 2.550218827550577 -1.375480958568653
-0.020052379355455 -0.323607844583583 0.053633039181887 0.264066041041786 -1.198521041020151 -0.140688837789005 -0.854468939785746 2.733863780250978 -1.362702226060941
-0.018732049150246 -0.329600449788684 0.052929594992942 0.260078237138436 -1.185769946882398 -0.147566242581848 -0.911496271822843 2.917939008191262 -1.349923493536576
-0.017431657964554 -0.335529299523096 0.052191763780033 0.255805892439508 -1.172100627981143 -0.154379753712153 -0.968642776779588 3.102444511366986 -1.337144761023312
-0.016152628502356 -0.341389802663001 0.051419865011472 0.251248411080393 -1.157510932940187 -0.161129371179836 -1.025908454654545 3.287380289762609 -1.324366028504498
-0.014896386446954 -0.347177357327702 0.050614218155573 0.246405197196495 -1.141998710383352 -0.167815094984952 -1.083293305451094 3.472746343398114 -1.311587295992345
-0.013664360460972 -0.352887350879619 0.049775142680648 0.241275654923223 -1.125561808934539 -0.174436925127475 -1.140797329171950 3.658542672273501 -1.298808563474640
-0.012457982186356 -0.358515159924292 0.048902958055011 0.235859188395967 -1.108198077217548 -0.180994861607436 -1.198420525803795 3.844769276362126 -1.286029830959157
-0.011278686244376 -0.364056150310379 0.047997983746974 0.230155201750108 -1.089905363856181 -0.187488904424810 -1.256162895362306 4.031426155688411 -1.273251098439232
-0.010127910235625 -0.369505677129660 0.047060539224850 0.224163099121089 -1.070681517474370 -0.193919053579605 -1.314024437836653 4.218513310247918 -1.260472365924858
-0.009007094740020 -0.374859084717032 0.046090943956952 0.217882284644277 -1.050524386695928 -0.200285309071802 -1.372005153235306 4.406030740045086 -1.247693633411595
-0.007917683316799 -0.380111706650512 0.045089517411593 0.211312162455094 -1.029431820144688 -0.206587670901426 -1.430105041552754 4.593978445071034 -1.234914900890560
-0.006861122504523 -0.385258865751235 0.044056579057086 0.204452136688917 -1.007401666444463 -0.212826139068484 -1.488324102788785 4.782356425325762 -1.222136168379517
-0.005838861821079 -0.390295874083458 0.042992448361743 0.197301611481153 -0.984431774219108 -0.219000713572937 -1.546662336942145 4.971164680798168 -1.209357435859593
-0.004852353763673 -0.395218032954553 0.041897444793879 0.189859990967210 -0.960519992092479 -0.225111394414834 -1.605119744023836 5.160403211537101 -1.196578703344109
-0.003903053808837 -0.400020632915015 0.040771887821804 0.182126679282499 -0.935664168688488 -0.231158181594132 -1.663696324016967 5.350072017475949 -1.183799970827515
-0.002992420412424 -0.404698953758458 0.039616096913834 0.174101080562380 -0.909862152630803 -0.237141075110853 -1.722392076936585 5.540171098665780 -1.171021238314252
-0.002121915009612 -0.409248264521612 0.038430391538279 0.165782598942295 -0.883111792543423 -0.243060074964990 -1.781207002768892 5.730700455066629 -1.158242505792106
-0.001293002014901 -0.413663823484329 0.037215091163455 0.157170638557612 -0.855410937050094 -0.248915181156562 -1.840141101530079 5.921660086725122 -1.145463773282174
-0.000507148822113 -0.417940878169579 0.035970515257672 0.148264603543767 -0.826757434774761 -0.254706393685522 -1.899194373206242 6.113049993601294 -1.132685040762249
0.000234174195606 -0.422074665343453 0.034696983289244 0.139063898036117 -0.797149134341135 -0.260433712551933 -1.958366817801302 6.304870175701804 -1.119906308245655
0.000929493685787 -0.426060411015159 0.033394814726484 0.129567926170086 -0.766583884373129 -0.266097137755744 -2.017658435316052 6.497120633039977 -1.107127575734612
0.001577333316637 -0.429893330437025 0.032064329037706 0.119776092081079 -0.735059533494620 -0.271696669296972 -2.077069225757502 6.689801365624692 -1.094348843209136
0.002176213777042 -0.433568628104498 0.030705845691221 0.109687799904499 -0.702573930329420 -0.277232307175646 -2.136599189114102 6.882912373427086 -1.081570110701424
0.002724652776565 -0.437081497756145 0.029319684155343 0.099302453775712 -0.669124923501296 -0.282704051391691 -2.196248325386438 7.076453656449377 -1.068791378180389
0.003221165045443 -0.440427122373651 0.027906163898384 0.088619457830141 -0.634710361634161 -0.288111901945198 -2.256016634586863 7.270425214724874 -1.056012645668236
0.003664262334594 -0.443600674181822 0.026465604388658 0.077638216203209 -0.599328093351914 -0.293455858836100 -2.315904116701530 7.464827048220268 -1.043233913148311
0.004052453415610 -0.446597314648582 0.024998325094478 0.066358133030275 -0.562975967278290 -0.298735922064441 -2.375910771740229 7.659659156951104 -1.030455180629497
0.004384244080762 -0.449412194484973 0.023504645484155 0.054778612446767 -0.525651832037188 -0.303952091630183 -2.436036599696226 7.854921540915161 -1.017676448121785
0.004658137142995 -0.452040453645159 0.021984885026005 0.042899058588066 -0.487353536252433 -0.309104367533330 -2.496281600576009 8.050614200114659 -1.004897715600750
0.004872632435936 -0.454477221326421 0.020439363188338 0.030718875589585 -0.448078928547857 -0.314192749773939 -2.556645774367816 8.246737134527393 -0.992118983080825
0.005026226813884 -0.456717615969160 0.018868399439468 0.018237467586705 -0.407825857547284 -0.319217238351943 -2.617129121089169 8.443290344193333 -0.979340250572003
0.005117414151817 -0.458756745256897 0.017272313247708 0.005454238714865 -0.366592171874647 -0.324177833267347 -2.677731640722131 8.640273829074729 -0.966561518047637
0.005144685345392 -0.460589706116270 0.015651424081372 -0.007631406890580 -0.324375720153680 -0.329074534520207 -2.738453333281030 8.837687589196008 -0.953782785539925
0.005106528310939 -0.462211584717039 0.014006051408771 -0.021020065094191 -0.281174351008306 -0.333907342110445 -2.799294198761425 9.035531624559390 -0.941004053018890
0.005001427985468 -0.463617456472080 0.012336514698218 -0.034712331760596 -0.236985913062326 -0.338676256038145 -2.860254237152005 9.233805935127126 -0.928225320503406
0.004827866326665 -0.464802386037392 0.010643133418028 -0.048708802754403 -0.191808254939529 -0.343381276303240 -2.921333448474631 9.432510520952508 -0.915446587986812
0.004584322312893 -0.465761427312089 0.008926227036512 -0.063010073940163 -0.145639225263894 -0.348022402905757 -2.982531832709176 9.631645381997789 -0.902667855470218
0.004269271943192 -0.466489623438409 0.007186115021983 -0.077616741182536 -0.098476672659131 -0.352599635845691 -3.043849389864489 9.831210518269629 -0.889889122955845
