-0.004003342263903 -0.464831930587658 0.000000000000000 0.115029095782502 -0.055515736168499 0.415997727881168 -4.124505471559872 15.392863975951521 -1.272487699952585
-0.003428196784990 -0.465109509268500 0.002079988639406 0.094406568424703 0.021448583711259 0.409635289381405 -4.010680145493017 14.968062075890742 -1.290084609091302
-0.002956163942867 -0.465002266349944 0.004128165086313 0.074353167697238 0.096288894090713 0.403184866335948 -3.897648092422019 14.546220710944802 -1.307681518221138
-0.002584398104381 -0.464520821879491 0.006144089417993 0.054864927235127 0.169019997645437 0.396646458744843 -3.785409312345549 14.127339881115919 -1.325278427355414
-0.002310073468205 -0.463675721891263 0.008127321711717 0.035937880673400 0.239656697051016 0.390020066608066 -3.673963805269058 13.711419586430740 -1.342875336485250
-0.002130384064838 -0.462477438406008 0.010077422044757 0.017568061647054 0.308213794983170 0.383305689925639 -3.563311571192739 13.298459826893705 -1.360472245623967
-0.002042543756603 -0.460936369431093 0.011993950494385 -0.000248496208909 0.374706094117638 0.376503328697519 -3.453452610109632 12.888460602458185 -1.378069154749362
-0.002043786237647 -0.459062838960504 0.013876467137873 -0.017515759259457 0.439148397129929 0.369612982923773 -3.344386922022098 12.481421913157487 -1.395666063888079
-0.002131365033945 -0.456867096974855 0.015724532052492 -0.034237693869568 0.501555506695717 0.362634652604332 -3.236114506942021 12.077343759016035 -1.413262973017915
-0.002302553503293 -0.454359319441376 0.017537705315513 -0.050418266404278 0.561942225490797 0.355568337739243 -3.128635364852904 11.676226139991641 -1.430859882152191
-0.002554644835314 -0.451549608313922 0.019315547004210 -0.066061443228543 0.620323356190755 0.348414038328482 -3.021949495761733 11.278069056082085 -1.448456791282027
-0.002884952051457 -0.448447991532968 0.021057617195852 -0.081171190707351 0.676713701471165 0.341171754372072 -2.916056899669536 10.882872507333996 -1.466053700416303
-0.003290808004993 -0.445064423025612 0.022763475967712 -0.095751475205699 0.731128064007835 0.333841485869990 -2.810957576573556 10.490636493691863 -1.483650609555021
-0.003769565381022 -0.441408782705573 0.024432683397062 -0.109806263088567 0.783581246476295 0.326423232822215 -2.706651526478732 10.101361015208976 -1.501247518680415
-0.004318596696465 -0.437490876473192 0.026064799561173 -0.123339520720960 0.834088051552340 0.318916995228813 -2.603138749380368 9.715046071827604 -1.518844427814692
-0.004935294300070 -0.433320436215430 0.027659384537318 -0.136355214467862 0.882663281911478 0.311322773089739 -2.500419245275892 9.331691663601038 -1.536441336948968
-0.005617070372409 -0.428907119805873 0.029215998402766 -0.148857310694242 0.929321740229483 0.303640566404995 -2.398493014175929 8.951297790498192 -1.554038246078804
-0.006361356925880 -0.424260511104725 0.030734201234791 -0.160849775765121 0.974078229181974 0.295870375174601 -2.297360056066622 8.573864452525726 -1.571635155217521
-0.007165605804706 -0.419390119958815 0.032213553110664 -0.172336576045454 1.016947551444602 0.288012199398513 -2.197020370959462 8.199391649681420 -1.589232064347357
-0.008027288684933 -0.414305382201592 0.033653614107657 -0.183321677900252 1.057944509693010 0.280066039076776 -2.097473958849533 7.827879381978597 -1.606828973477192
-0.008943897074434 -0.409015659653127 0.035053944303041 -0.193809047694499 1.097083906602903 0.272031894209390 -1.998720819736816 7.459327649399494 -1.624425882611469
-0.009912942312907 -0.403530240120113 0.036414103774088 -0.203802651793183 1.134380544849900 0.263909764796333 -1.900760953621461 7.093736451966315 -1.642022791750186
-0.010931955571873 -0.397858337395863 0.037733652598069 -0.213306456561291 1.169849227109732 0.255699650837582 -1.803594360504851 6.731105789645753 -1.659619700875581
-0.011998487854679 -0.392009091260315 0.039012150852257 -0.222324428363815 1.203504756057960 0.247401552333204 -1.707221040386092 6.371435662471114 -1.677216610009857
-0.013110109996498 -0.385991567480025 0.040249158613923 -0.230860533565745 1.235361934370316 0.239015469283155 -1.611640993262681 6.014726070415755 -1.694813519144134
-0.014264412664327 -0.379814757808173 0.041444235960339 -0.238918738532059 1.265435564722395 0.230541401687434 -1.516854219141966 5.660977013512980 -1.712410428273969
-0.015459006356987 -0.373487579984561 0.042596942968776 -0.246503009627769 1.293740449789960 0.221979349546064 -1.422860718012919 5.310188491720602 -1.730007337412687
-0.016691521405126 -0.367018877735612 0.043706839716506 -0.253617313217833 1.320291392248563 0.213329312859001 -1.329660489885343 4.962360505067487 -1.747604246542522
-0.017959607971215 -0.360417420774369 0.044773486280801 -0.260265615667260 1.345103194773900 0.204591291626288 -1.237253534754201 4.617493053546973 -1.765201155676799
-0.019260936049551 -0.353691904800499 0.045796442738933 -0.266451883341031 1.368190660041635 0.195765285847904 -1.145639852623836 4.275586137167942 -1.782798064802193
-0.020593195466257 -0.346850951500291 0.046775269168172 -0.272180082604150 1.389568590727475 0.186851295523893 -1.054819443487565 3.936639755908189 -1.800394973945352
-0.021954095879277 -0.339903108546654 0.047709525645792 -0.277454179821588 1.409251789507016 0.177849320654166 -0.964792307347617 3.600653909772156 -1.817991883070746
-0.023341366778385 -0.332856849599119 0.048598772249063 -0.282278141358326 1.427255059055876 0.168759361238813 -0.875558444211055 3.267628598790928 -1.835588792209464
-0.024752757485177 -0.325720574303839 0.049442569055257 -0.286655933579381 1.443593202049831 0.159581417277765 -0.787117854068453 2.937563822928979 -1.853185701339299
-0.026186037153074 -0.318502608293590 0.050240476141646 -0.290591522849724 1.458281021164476 0.150315488771069 -0.699470536925240 2.610459582199631 -1.870782610469135
-0.027638994767322 -0.311211203187768 0.050992053585501 -0.294088875534350 1.471333319075474 0.140961575718723 -0.612616492777907 2.286315876605105 -1.888379519607852
-0.029109439144994 -0.303854536592390 0.051696861464095 -0.297151957998239 1.482764898458500 0.131519678120684 -0.526555721629407 1.965132706134298 -1.905976428733247
-0.030595198934985 -0.296440712100098 0.052354459854698 -0.299784736606386 1.492590561989171 0.121989795977018 -0.441288223477643 1.646910070802754 -1.923573337871964
-0.032094122618017 -0.288977759290152 0.052964408834583 -0.301991177723775 1.500825112343185 0.112371929287658 -0.356813998327599 1.331647970608252 -1.941170247006241
-0.033604078506636 -0.281473633728436 0.053526268481021 -0.303775247715413 1.507483352196226 0.102666078052627 -0.273133046169438 1.019346405535249 -1.958767156136076
-0.035122954745213 -0.273936216967455 0.054039598871285 -0.305140912946260 1.512580084223902 0.092872242271946 -0.190245367014119 0.710005375594847 -1.976364065265912
-0.036648659309945 -0.266373316546335 0.054503960082644 -0.306092139781330 1.516130111101877 0.082990421945617 -0.108150960852205 0.403624880791487 -1.993960974400188
-0.038179120008851 -0.258792665990826 0.054918912192372 -0.306632894585591 1.518148235505834 0.073020617073616 -0.026849827691744 0.100204921121838 -2.011557883538906
-0.039712284481779 -0.251201924813297 0.055284015277740 -0.306767143724050 1.518649260111443 0.062962827655921 0.053658032473092 -0.200254503427422 -2.029154792664301
-0.041246120200399 -0.243608678512740 0.055598829416020 -0.306498853561685 1.517647987594306 0.052817053692600 0.133372619640082 -0.497753392830758 -2.046751701803018
-0.042778614468208 -0.236020438574768 0.055862914684483 -0.305831990463484 1.515159220630152 0.042583295183585 0.212293933806174 -0.792291747110374 -2.064348610932853
-0.044307774420525 -0.228444642471617 0.056075831160401 -0.304770520794453 1.511197761894600 0.032261552128920 0.290421974982191 -1.083869566258500 -2.081945520062689
-0.045831627024498 -0.220888653662144 0.056237138921046 -0.303318410919542 1.505778414063308 0.021851824528607 0.367756743149816 -1.372486850270693 -2.099542429201406
-0.047348219079095 -0.213359761591828 0.056346398043689 -0.301479627203793 1.498915979811954 0.011354112382600 0.444298238328478 -1.658143599148065 -2.117139338331242
-0.048855617215114 -0.205865181692768 0.056403168605602 -0.299258136012151 1.490625261816214 0.000768415690944 0.520046460506240 -1.940839812908379 -2.134736247461078
-0.050351907895175 -0.198412055383687 0.056407010684056 -0.296657903709620 1.480921062751672 -0.009905265546362 0.595001409683937 -2.220575491518328 -2.152333156599795
-0.051835197413723 -0.191007450069929 0.056357484356324 -0.293682896661200 1.469818185294081 -0.020666931329361 0.669163085869340 -2.497350635011220 -2.169930065729631
-0.053303611897029 -0.183658359143458 0.056254149699678 -0.290337081231853 1.457331432119024 -0.031516581658009 0.742531489050791 -2.771165243358187 -2.187526974863907
-0.054755297303188 -0.176371701982863 0.056096566791388 -0.286624423786599 1.443475605902234 -0.042454216532328 0.815106619239669 -3.042019316588096 -2.205123883993743
-0.056188419422121 -0.169154323953352 0.055884295708726 -0.282548890690401 1.428265509319293 -0.053479835952297 0.886888476426262 -3.309912854669861 -2.222720793132460
-0.057601163875573 -0.162012996406755 0.055616896528965 -0.278114448308270 1.411715945045944 -0.064593439917959 0.957877060620282 -3.574845857639009 -2.240317702257855
-0.058991736117115 -0.154954416681526 0.055293929329375 -0.273325063005168 1.393841715757749 -0.075795028429249 1.028072371811461 -3.836818325462232 -2.257914611392131
-0.060358361432141 -0.147985208102737 0.054914954187228 -0.268184701146111 1.374657624130438 -0.087084601486209 1.097474410008403 -4.095830258150635 -2.275511520530848
-0.061699284937871 -0.141111919982085 0.054479531179797 -0.262697329096069 1.354178472839684 -0.098462159088863 1.166083175205557 -4.351881655724199 -2.293108429656243
-0.063012771583351 -0.134341027617886 0.053987220384353 -0.256866913220041 1.332419064561063 -0.109927701237145 1.233898667405975 -4.604972518149619 -2.310705338794961
-0.064297106149452 -0.127678932295081 0.053437581878167 -0.250697419883011 1.309394201970315 -0.121481227931119 1.300920886608825 -4.855102845446879 -2.328302247924796
-0.065550593248867 -0.121131961285230 0.052830175738512 -0.244192815449967 1.285118687743081 -0.133122739170743 1.367149832812720 -5.102272637622640 -2.345899157054632
-0.066771557326117 -0.114706367846514 0.052164562042658 -0.237357066285904 1.259607324554968 -0.144852234956017 1.432585506019324 -5.346481894650257 -2.363496066197790
-0.067958342657546 -0.108408331223739 0.051440300867878 -0.230194138755807 1.232874915081716 -0.156669715287006 1.497227906229748 -5.587730616556374 -2.381092975318744
-0.069109313351325 -0.102243956648331 0.050656952291443 -0.222707999224658 1.204936261998935 -0.168575180163599 1.561077033439551 -5.826018803327671 -2.398689884457461
-0.070222853347448 -0.096219275338336 0.049814076390625 -0.214902614057461 1.175806167982296 -0.180568629585887 1.624132887654284 -6.061346454968586 -2.416286793591738
-0.071297366417736 -0.090340244498425 0.048911233242696 -0.206781949619189 1.145499435707453 -0.192650063553845 1.686395468870616 -6.293713571479120 -2.433883702721573
-0.072331276165832 -0.084612747319887 0.047947982924926 -0.198349972274836 1.114030867850058 -0.204819482067453 1.747864777086328 -6.523120152848172 -2.451480611851409
-0.073323026027206 -0.079042592980637 0.046923885514589 -0.189610648389404 1.081415267085817 -0.217076885126710 1.808540812309190 -6.749566199097945 -2.469077520990126
-0.074271079269153 -0.073635516645208 0.045838501088955 -0.180567944327858 1.047667436090327 -0.229422272731661 1.868423574531430 -6.973051710206235 -2.486674430124403
-0.075173918990792 -0.068397179464756 0.044691389725297 -0.171225826455201 1.012802177539296 -0.241855644882283 1.927513063755271 -7.193576686193026 -2.504271339249797
-0.076030048123068 -0.063333168577060 0.043482111500886 -0.161588261136425 0.976834294108331 -0.254377001578532 1.985809279981821 -7.411141127036114 -2.521868248384074
-0.076837989428750 -0.058448997106518 0.042210226492993 -0.151659214736516 0.939778588473150 -0.266986342820452 2.043312223213301 -7.625745032753262 -2.539465157522791
-0.077596285502433 -0.053750104164152 0.040875294778891 -0.141442653620449 0.901649863309384 -0.279683668608066 2.100021893443049 -7.837388403340029 -2.557062066652627
-0.078303498770535 -0.049241854847605 0.039476876435851 -0.130942544153234 0.862462921292684 -0.292468978941329 2.155938290677728 -8.046071238789754 -2.574658975782462
-0.078958211491301 -0.044929540241142 0.038014531541144 -0.120162852699846 0.822232565098735 -0.305342273820242 2.211061414914006 -8.251793539111318 -2.592255884916739
-0.079559025754800 -0.040818377415648 0.036487820172043 -0.109107545625275 0.780973597403178 -0.318303553244825 2.265391266151884 -8.454555304302502 -2.609852794055456
-0.080104563482927 -0.036913509428632 0.034896302405819 -0.097780589294516 0.738700820881666 -0.331352817215103 2.318927844391361 -8.654356534358865 -2.627449703176410
-0.080593466429399 -0.033220005324224 0.033239538319743 -0.086185950072559 0.695429038209872 -0.344490065730985 2.371671149634658 -8.851197229280405 -2.645046612319568
-0.081024396179762 -0.029742860133175 0.031517087991088 -0.074327594324386 0.651173052063470 -0.357715298792582 2.423621181881774 -9.045077389080447 -2.662643521449404
-0.081396034151384 -0.026486994872857 0.029728511497125 -0.062209488414977 0.605947665118067 -0.371028516399829 2.474777941126050 -9.235997013739006 -2.680240430583680
-0.081707081593459 -0.023457256547267 0.027873368915126 -0.049835598709347 0.559767680049372 -0.384429718552748 2.525141427377475 -9.423956103264963 -2.697837339713516
-0.081956259587006 -0.020658418147020 0.025951220322362 -0.037209891572459 0.512647899533047 -0.397918905251315 2.574711640628280 -9.608954657664981 -2.715434248843351
-0.082142309044868 -0.018095178649355 0.023961625796106 -0.024336333369318 0.464603126244723 -0.411496076495532 2.623488580882904 -9.790992676934618 -2.733031157986510
-0.082263990711715 -0.015772163018131 0.021904145413628 -0.011218890464904 0.415648162860049 -0.425161232285465 2.671472248139128 -9.970070161060551 -2.750628067107463
-0.082320085164039 -0.013693922203831 0.019778339252201 0.002138470775792 0.365797812054747 -0.438914372621002 2.718662642396952 -10.146187110067206 -2.768224976246181
-0.082309392810160 -0.011864933143557 0.017583767389096 0.015731783987777 0.315066876504411 -0.452755497502233 2.765059763658595 -10.319343523941260 -2.785821885380457
-0.082230733890221 -0.010289598761035 0.015319989901585 0.029557082806070 0.263470158884704 -0.466684606929135 2.810663611920727 -10.489539402667170 -2.803418794514734
-0.082082948476191 -0.008972247966612 0.012986566866939 0.043610400865673 0.211022461871369 -0.480701700901709 2.855474187186680 -10.656774746287123 -2.821015703640128
-0.081864896471863 -0.007917135657255 0.010583058362430 0.057887771801607 0.157738588139933 -0.494806779419910 2.899491489453121 -10.821049554754492 -2.838612612774405
-0.081575457612855 -0.007128442716555 0.008109024465331 0.072385229248872 0.103633340366160 -0.508999842483782 2.942715518725603 -10.982363828095920 -2.856209521913122
-0.081213531466610 -0.006610276014725 0.005564025252912 0.087098806842500 0.048721521225681 -0.523280890093347 2.942715518725603 -10.982363828095920 -2.856209521913122
-0.080778037432398 -0.006366668408596 0.002947620802445 -0.087098806842500 -0.048721521225681 0.523280890093347 2.899491489453121 -10.821049554754492 -2.838612612774405
-0.081213531466610 -0.006610276014725 0.005564025252912 -0.072385229248872 -0.103633340366160 0.508999842483782 2.855474187186680 -10.656774746287123 -2.821015703640128
-0.081575457612855 -0.007128442716555 0.008109024465331 -0.057887771801607 -0.157738588139933 0.494806779419910 2.810663611920727 -10.489539402667170 -2.803418794514734
-0.081864896471863 -0.007917135657255 0.010583058362430 -0.043610400865673 -0.211022461871369 0.480701700901709 2.765059763658595 -10.319343523941260 -2.785821885380457
-0.082082948476191 -0.008972247966612 0.012986566866939 -0.029557082806070 -0.263470158884704 0.466684606929135 2.718662642396952 -10.146187110067206 -2.768224976246181
-0.082230733890221 -0.010289598761035 0.015319989901585 -0.015731783987777 -0.315066876504411 0.452755497502233 2.671472248139128 -9.970070161060551 -2.750628067107463
-0.082309392810160 -0.011864933143557 0.017583767389096 -0.002138470775792 -0.365797812054747 0.438914372621002 2.623488580882904 -9.790992676934618 -2.733031157986510
-0.082320085164039 -0.013693922203831 0.019778339252201 0.011218890464904 -0.415648162860049 0.425161232285465 2.574711640628280 -9.608954657664981 -2.715434248843351
-0.082263990711715 -0.015772163018131 0.021904145413628 0.024336333369318 -0.464603126244723 0.411496076495532 2.525141427377475 -9.423956103264963 -2.697837339713516
-0.082142309044868 -0.018095178649355 0.023961625796106 0.037209891572459 -0.512647899533047 0.397918905251315 2.474777941126050 -9.235997013739006 -2.680240430583680
-0.081956259587006 -0.020658418147020 0.025951220322362 0.049835598709347 -0.559767680049372 0.384429718552748 2.423621181881774 -9.045077389080447 -2.662643521449404
-0.081707081593459 -0.023457256547267 0.027873368915126 0.062209488414977 -0.605947665118067 0.371028516399829 2.371671149634658 -8.851197229280405 -2.645046612319568
-0.081396034151384 -0.026486994872857 0.029728511497125 0.074327594324386 -0.651173052063470 0.357715298792582 2.318927844391361 -8.654356534358865 -2.627449703176410
-0.081024396179762 -0.029742860133175 0.031517087991088 0.086185950072559 -0.695429038209872 0.344490065730985 2.265391266151884 -8.454555304302502 -2.609852794055456
-0.080593466429399 -0.033220005324224 0.033239538319743 0.097780589294516 -0.738700820881666 0.331352817215103 2.211061414914006 -8.251793539111318 -2.592255884916739
-0.080104563482927 -0.036913509428632 0.034896302405819 0.109107545625275 -0.780973597403178 0.318303553244825 2.155938290677728 -8.046071238789754 -2.574658975782462
-0.079559025754800 -0.040818377415648 0.036487820172043 0.120162852699846 -0.822232565098735 0.305342273820242 2.100021893443049 -7.837388403340029 -2.557062066652627
-0.078958211491301 -0.044929540241142 0.038014531541144 0.130942544153234 -0.862462921292684 0.292468978941329 2.043312223213301 -7.625745032753262 -2.539465157522791
-0.078303498770535 -0.049241854847605 0.039476876435851 0.141442653620449 -0.901649863309384 0.279683668608066 1.985809279981821 -7.411141127036114 -2.521868248384074
-0.077596285502433 -0.053750104164152 0.040875294778891 0.151659214736516 -0.939778588473150 0.266986342820452 1.927513063755271 -7.193576686193026 -2.504271339249797
-0.076837989428750 -0.058448997106518 0.042210226492993 0.161588261136425 -0.976834294108331 0.254377001578532 1.868423574531430 -6.973051710206235 -2.486674430124403
-0.076030048123068 -0.063333168577060 0.043482111500886 0.171225826455201 -1.012802177539296 0.241855644882283 1.808540812309190 -6.749566199097945 -2.469077520990126
-0.075173918990792 -0.068397179464756 0.044691389725297 0.180567944327858 -1.047667436090327 0.229422272731661 1.747864777086328 -6.523120152848172 -2.451480611851409
-0.074271079269153 -0.073635516645208 0.045838501088955 0.189610648389404 -1.081415267085817 0.217076885126710 1.686395468870616 -6.293713571479120 -2.433883702721573
-0.073323026027206 -0.079042592980637 0.046923885514589 0.198349972274836 -1.114030867850058 0.204819482067453 1.624132887654284 -6.061346454968586 -2.416286793591738
-0.072331276165832 -0.084612747319887 0.047947982924926 0.206781949619189 -1.145499435707453 0.192650063553845 1.561077033439551 -5.826018803327671 -2.398689884457461
-0.071297366417736 -0.090340244498425 0.048911233242696 0.214902614057461 -1.175806167982296 0.180568629585887 1.497227906229748 -5.587730616556374 -2.381092975318744
-0.070222853347448 -0.096219275338336 0.049814076390625 0.222707999224658 -1.204936261998935 0.168575180163599 1.432585506019324 -5.346481894650257 -2.363496066197790
-0.069109313351325 -0.102243956648331 0.050656952291443 0.230194138755807 -1.232874915081716 0.156669715287006 1.367149832812720 -5.102272637622640 -2.345899157054632
-0.067958342657546 -0.108408331223739 0.051440300867878 0.237357066285904 -1.259607324554968 0.144852234956017 1.300920886608825 -4.855102845446879 -2.328302247924796
-0.066771557326117 -0.114706367846514 0.052164562042658 0.244192815449967 -1.285118687743081 0.133122739170743 1.233898667405975 -4.604972518149619 -2.310705338794961
-0.065550593248867 -0.121131961285230 0.052830175738512 0.250697419883011 -1.309394201970315 0.121481227931119 1.166083175205557 -4.351881655724199 -2.293108429656243
-0.064297106149452 -0.127678932295081 0.053437581878167 0.256866913220041 -1.332419064561063 0.109927701237145 1.097474410008403 -4.095830258150635 -2.275511520530848
-0.063012771583351 -0.134341027617886 0.053987220384353 0.262697329096069 -1.354178472839684 0.098462159088863 1.028072371811461 -3.836818325462232 -2.257914611392131
-0.061699284937871 -0.141111919982085 0.054479531179797 0.268184701146111 -1.374657624130438 0.087084601486209 0.957877060620282 -3.574845857639009 -2.240317702257855
-0.060358361432141 -0.147985208102737 0.054914954187228 0.273325063005168 -1.393841715757749 0.075795028429249 0.886888476426262 -3.309912854669861 -2.222720793132460
-0.058991736117115 -0.154954416681526 0.055293929329375 0.278114448308270 -1.411715945045944 0.064593439917959 0.815106619239669 -3.042019316588096 -2.205123883993743
-0.057601163875573 -0.162012996406755 0.055616896528965 0.282548890690401 -1.428265509319293 0.053479835952297 0.742531489050791 -2.771165243358187 -2.187526974863907
-0.056188419422121 -0.169154323953352 0.055884295708726 0.286624423786599 -1.443475605902234 0.042454216532328 0.669163085869340 -2.497350635011220 -2.169930065729631
-0.054755297303188 -0.176371701982863 0.056096566791388 0.290337081231853 -1.457331432119024 0.031516581658009 0.595001409683937 -2.220575491518328 -2.152333156599795
-0.053303611897029 -0.183658359143458 0.056254149699678 0.293682896661200 -1.469818185294081 0.020666931329361 0.520046460506240 -1.940839812908379 -2.134736247461078
-0.051835197413723 -0.191007450069929 0.056357484356324 0.296657903709620 -1.480921062751672 0.009905265546362 0.444298238328478 -1.658143599148065 -2.117139338331242
-0.050351907895175 -0.198412055383687 0.056407010684056 0.299258136012151 -1.490625261816214 -0.000768415690944 0.367756743149816 -1.372486850270693 -2.099542429201406
-0.048855617215114 -0.205865181692768 0.056403168605602 0.301479627203793 -1.498915979811954 -0.011354112382600 0.290421974982191 -1.083869566258500 -2.081945520062689
-0.047348219079095 -0.213359761591828 0.056346398043689 0.303318410919542 -1.505778414063308 -0.021851824528607 0.212293933806174 -0.792291747110374 -2.064348610932853
-0.045831627024498 -0.220888653662144 0.056237138921046 0.304770520794453 -1.511197761894600 -0.032261552128920 0.133372619640082 -0.497753392830758 -2.046751701803018
-0.044307774420525 -0.228444642471617 0.056075831160401 0.305831990463484 -1.515159220630152 -0.042583295183585 0.053658032473092 -0.200254503427422 -2.029154792664301
-0.042778614468208 -0.236020438574768 0.055862914684483 0.306498853561685 -1.517647987594306 -0.052817053692600 -0.026849827691744 0.100204921121838 -2.011557883538906
-0.041246120200399 -0.243608678512740 0.055598829416020 0.306767143724050 -1.518649260111443 -0.062962827655921 -0.108150960852205 0.403624880791487 -1.993960974400188
-0.039712284481779 -0.251201924813297 0.055284015277740 0.306632894585591 -1.518148235505834 -0.073020617073616 -0.190245367014119 0.710005375594847 -1.976364065265912
-0.038179120008851 -0.258792665990826 0.054918912192372 0.306092139781330 -1.516130111101877 -0.082990421945617 -0.273133046169438 1.019346405535249 -1.958767156136076
-0.036648659309945 -0.266373316546335 0.054503960082644 0.305140912946260 -1.512580084223902 -0.092872242271946 -0.356813998327599 1.331647970608252 -1.941170247006241
-0.035122954745213 -0.273936216967455 0.054039598871285 0.303775247715413 -1.507483352196226 -0.102666078052627 -0.441288223477643 1.646910070802754 -1.923573337871964
-0.033604078506636 -0.281473633728436 0.053526268481021 0.301991177723775 -1.500825112343185 -0.112371929287658 -0.526555721629407 1.965132706134298 -1.905976428733247
-0.032094122618017 -0.288977759290152 0.052964408834583 0.299784736606386 -1.492590561989171 -0.121989795977018 -0.612616492777907 2.286315876605105 -1.888379519607852
-0.030595198934985 -0.296440712100098 0.052354459854698 0.297151957998239 -1.482764898458500 -0.131519678120684 -0.699470536925240 2.610459582199631 -1.870782610469135
-0.029109439144994 -0.303854536592390 0.051696861464095 0.294088875534350 -1.471333319075474 -0.140961575718723 -0.787117854068453 2.937563822928979 -1.853185701339299
-0.027638994767322 -0.311211203187768 0.050992053585501 0.290591522849724 -1.458281021164476 -0.150315488771069 -0.875558444211055 3.267628598790928 -1.835588792209464
-0.026186037153074 -0.318502608293590 0.050240476141646 0.286655933579381 -1.443593202049831 -0.159581417277765 -0.964792307347617 3.600653909772156 -1.817991883070746
-0.024752757485177 -0.325720574303839 0.049442569055257 0.282278141358326 -1.427255059055876 -0.168759361238813 -1.054819443487565 3.936639755908189 -1.800394973945352
-0.023341366778385 -0.332856849599119 0.048598772249063 0.277454179821588 -1.409251789507016 -0.177849320654166 -1.145639852623836 4.275586137167942 -1.782798064802193
-0.021954095879277 -0.339903108546654 0.047709525645792 0.272180082604150 -1.389568590727475 -0.186851295523893 -1.237253534754201 4.617493053546973 -1.765201155676799
-0.020593195466257 -0.346850951500291 0.046775269168172 0.266451883341031 -1.368190660041635 -0.195765285847904 -1.329660489885343 4.962360505067487 -1.747604246542522
-0.019260936049551 -0.353691904800499 0.045796442738933 0.260265615667260 -1.345103194773900 -0.204591291626288 -1.422860718012919 5.310188491720602 -1.730007337412687
-0.017959607971215 -0.360417420774369 0.044773486280801 0.253617313217833 -1.320291392248563 -0.213329312859001 -1.516854219141966 5.660977013512980 -1.712410428273969
-0.016691521405126 -0.367018877735612 0.043706839716506 0.246503009627769 -1.293740449789960 -0.221979349546064 -1.611640993262681 6.014726070415755 -1.694813519144134
-0.015459006356987 -0.373487579984561 0.042596942968776 0.238918738532059 -1.265435564722395 -0.230541401687434 -1.707221040386092 6.371435662471114 -1.677216610009857
-0.014264412664327 -0.379814757808173 0.041444235960339 0.230860533565745 -1.235361934370316 -0.239015469283155 -1.803594360504851 6.731105789645753 -1.659619700875581
-0.013110109996498 -0.385991567480025 0.040249158613923 0.222324428363815 -1.203504756057960 -0.247401552333204 -1.900760953621461 7.093736451966315 -1.642022791750186
-0.011998487854679 -0.392009091260315 0.039012150852257 0.213306456561291 -1.169849227109732 -0.255699650837582 -1.998720819736816 7.459327649399494 -1.624425882611469
-0.010931955571873 -0.397858337395863 0.037733652598069 0.203802651793183 -1.134380544849900 -0.263909764796333 -2.097473958849533 7.827879381978597 -1.606828973477192
-0.009912942312907 -0.403530240120113 0.036414103774088 0.193809047694499 -1.097083906602903 -0.272031894209390 -2.197020370959462 8.199391649681420 -1.589232064347357
-0.008943897074434 -0.409015659653127 0.035053944303041 0.183321677900252 -1.057944509693010 -0.280066039076776 -2.297360056066622 8.573864452525726 -1.571635155217521
-0.008027288684933 -0.414305382201592 0.033653614107657 0.172336576045454 -1.016947551444602 -0.288012199398513 -2.398493014175929 8.951297790498192 -1.554038246078804
-0.007165605804706 -0.419390119958815 0.032213553110664 0.160849775765121 -0.974078229181974 -0.295870375174601 -2.500419245275892 9.331691663601038 -1.536441336948968
-0.006361356925880 -0.424260511104725 0.030734201234791 0.148857310694242 -0.929321740229483 -0.303640566404995 -2.603138749380368 9.715046071827604 -1.518844427814692
-0.005617070372409 -0.428907119805873 0.029215998402766 0.136355214467862 -0.882663281911478 -0.311322773089739 -2.706651526478732 10.101361015208976 -1.501247518680415
-0.004935294300070 -0.433320436215430 0.027659384537318 0.123339520720960 -0.834088051552340 -0.318916995228813 -2.810957576573556 10.490636493691863 -1.483650609555021
-0.004318596696465 -0.437490876473192 0.026064799561173 0.109806263088567 -0.783581246476295 -0.326423232822215 -2.916056899669536 10.882872507333996 -1.466053700416303
-0.003769565381022 -0.441408782705573 0.024432683397062 0.095751475205699 -0.731128064007835 -0.333841485869990 -3.021949495761733 11.278069056082085 -1.448456791282027
-0.003290808004993 -0.445064423025612 0.022763475967712 0.081171190707351 -0.676713701471165 -0.341171754372072 -3.128635364852904 11.676226139991641 -1.430859882152191
-0.002884952051457 -0.448447991532968 0.021057617195852 0.066061443228543 -0.620323356190755 -0.348414038328482 -3.236114506942021 12.077343759016035 -1.413262973017915
-0.002554644835314 -0.451549608313922 0.019315547004210 0.050418266404278 -0.561942225490797 -0.355568337739243 -3.344386922022098 12.481421913157487 -1.395666063888079
-0.002302553503293 -0.454359319441376 0.017537705315513 0.034237693869568 -0.501555506695717 -0.362634652604332 -3.453452610109632 12.888460602458185 -1.378069154749362
-0.002131365033945 -0.456867096974855 0.015724532052492 0.017515759259457 -0.439148397129929 -0.369612982923773 -3.563311571192739 13.298459826893705 -1.360472245623967
-0.002043786237647 -0.459062838960504 0.013876467137873 0.000248496208909 -0.374706094117638 -0.376503328697519 -3.673963805269058 13.711419586430740 -1.342875336485250
-0.002042543756603 -0.460936369431093 0.011993950494385 -0.017568061647054 -0.308213794983170 -0.383305689925639 -3.785409312345549 14.127339881115919 -1.325278427355414
-0.002130384064838 -0.462477438406008 0.010077422044757 -0.035937880673400 -0.239656697051016 -0.390020066608066 -3.897648092422019 14.546220710944802 -1.307681518221138
-0.002310073468205 -0.463675721891263 0.008127321711717 -0.054864927235127 -0.169019997645437 -0.396646458744843 -4.010680145493017 14.968062075890742 -1.290084609091302
