-0.002451081639615 -0.476846473688384 0.000000000000000 0.098889649008581 -0.010155347424423 0.289996109563773 -1.822726091806467 5.777110119475903 -0.629660534134935
-0.001956633394572 -0.476897250425506 0.001449980547819 0.089776018549549 0.018730203172956 0.286847806893098 -1.796690526939859 5.694631555135388 -0.633786228876332
-0.001507753301824 -0.476803599409641 0.002884219582284 0.080792565914850 0.047203360948633 0.283678875748716 -1.770651268542889 5.612139883353073 -0.637911923624390
-0.001103790472250 -0.476567582604898 0.004302613961028 0.071939309572135 0.075264060365399 0.280489316130594 -1.744608316618093 5.529635104146724 -0.642037618372449
-0.000744093924389 -0.476191262303071 0.005705060541681 0.063216267989045 0.102912235886132 0.277279128038732 -1.718561671169901 5.447117217525221 -0.646163313116066
-0.000428012584444 -0.475676701123640 0.007091456181875 0.054623459633195 0.130147821973758 0.274048311473152 -1.692511332179685 5.364586223424173 -0.650289007866345
-0.000154895286278 -0.475025962013771 0.008461697739240 0.046160902972297 0.156970753090879 0.270796866433820 -1.666457299682195 5.282042121963482 -0.654414702612183
0.000075909228583 -0.474241108248317 0.009815682071409 0.037828616473886 0.183380963700697 0.267524792920759 -1.640399573640833 5.199484913016583 -0.658540397355800
0.000265052310953 -0.473324203429813 0.011153306036013 0.029626618605682 0.209378388265780 0.264232090933980 -1.614338154076918 5.116914596661193 -0.662666092103859
0.000413185403981 -0.472277311488484 0.012474466490683 0.021554927835297 0.234962961249086 0.260918760473461 -1.588273040985817 5.034331172879547 -0.666791786854137
0.000520960043158 -0.471102496682239 0.013779060293050 0.013613562630368 0.260134617113483 0.257584801539190 -1.562204234365240 4.951734641656103 -0.670917481597755
0.000589027856309 -0.469801823596672 0.015066984300746 0.005802541458542 0.284893290321764 0.254230214131201 -1.536131734218883 4.869125003017505 -0.675043176343593
0.000618040563602 -0.468377357145063 0.016338135371402 -0.001878117212552 0.309238915336851 0.250854998249483 -1.510055540537326 4.786502256921565 -0.679168871091651
0.000608649977539 -0.466831162568379 0.017592410362650 -0.009428394915239 0.333171426621459 0.247459153894025 -1.483975653341230 4.703866403432677 -0.683294565835268
0.000561508002963 -0.465165305435271 0.018829706132120 -0.016848273181945 0.356690758638623 0.244042681064849 -1.457892072602978 4.621217442479786 -0.687420260585547
0.000477266637053 -0.463381851642078 0.020049919537444 -0.024137733544960 0.379796845851021 0.240605579761921 -1.431804798344235 4.538555374116182 -0.691545955333606
0.000356577969329 -0.461482867412823 0.021252947436254 -0.031296757536681 0.402489622721602 0.237147849985253 -1.405713830558171 4.455880198321882 -0.695671650075003
0.000200094181645 -0.459470419299215 0.022438686686180 -0.038325326689472 0.424769023713212 0.233669491734878 -1.379619169237910 4.373191915079122 -0.699797344823061
0.000008467548198 -0.457346574180649 0.023607034144854 -0.045223422535662 0.446634983288607 0.230170505010763 -1.353520814393917 4.290490524414547 -0.703923039573340
-0.000217649564480 -0.455113399264206 0.024757886669908 -0.051991026607631 0.468087435910680 0.226650889812896 -1.327418766027215 4.207776026348142 -0.708048734316957
-0.000477604697519 -0.452772962084653 0.025891141118973 -0.058628120437767 0.489126316042421 0.223110646141311 -1.301313024122570 4.125048420811073 -0.712174429067236
-0.000770745299707 -0.450327330504440 0.027006694349679 -0.065134685558380 0.509751558146476 0.219549773995975 -1.275203588696378 4.042307707867732 -0.716300123806413
-0.001096418727499 -0.447778572713708 0.028104443219659 -0.071510703501862 0.529963096685815 0.215968273376943 -1.249090459736618 3.959553887475931 -0.720425818558912
-0.001453972245009 -0.445128757230279 0.029184284586544 -0.077756155800545 0.549760866123195 0.212366144284148 -1.222973637255986 3.876786959668976 -0.724551513304750
-0.001842753024011 -0.442379952899663 0.030246115307965 -0.083871023986825 0.569144800921539 0.208743386717625 -1.196853121241959 3.794006924431326 -0.728677208052808
-0.002262108143946 -0.439534228895055 0.031289832241553 -0.089855289593035 0.588114835543696 0.205100000677361 -1.170728911704458 3.711213781760758 -0.732802902794205
-0.002711384591911 -0.436593654717337 0.032315332244940 -0.095708934151557 0.606670904452500 0.201435986163390 -1.144601008630577 3.628407531641731 -0.736928597544484
-0.003189929262668 -0.433560300195074 0.033322512175756 -0.101431939194710 0.624812942110708 0.197751343175667 -1.118469412037942 3.545588174125314 -0.741054292292542
-0.003697088958642 -0.430436235484521 0.034311268891635 -0.107024286254900 0.642540882981335 0.194046071714205 -1.092334121914756 3.462755709158216 -0.745179987036160
-0.004232210389917 -0.427223531069614 0.035281499250206 -0.112485956864474 0.659854661527126 0.190320171779024 -1.066195138260639 3.379910136764863 -0.749305681784218
-0.004794640174239 -0.423924257761978 0.036233100109101 -0.117816932555777 0.676754212210950 0.186573643370103 -1.040052461078986 3.297051456934152 -0.753431376530056
-0.005383724837018 -0.420540486700924 0.037165968325951 -0.123017194861172 0.693239469495621 0.182806486487452 -1.013906090373759 3.214179669694950 -0.757557071278114
-0.005998810811324 -0.417074289353446 0.038080000758389 -0.128086725313041 0.709310367844096 0.179018701131062 -0.987756026134023 3.131294774991744 -0.761682766023952
-0.006639244437889 -0.413527737514225 0.038975094264044 -0.133025505443711 0.724966841719055 0.175210287300942 -0.961602268373907 3.048396772895590 -0.765808460769790
-0.007304371965107 -0.409902903305630 0.039851145700549 -0.137833516785580 0.740208825583533 0.171381244997093 -0.935444817077130 2.965485663337653 -0.769934155517848
-0.007993539549035 -0.406201859177712 0.040708051925534 -0.142510740870966 0.755036253900221 0.167531574219504 -0.909283672258854 2.882561446366783 -0.774059850265907
-0.008706093253390 -0.402426677908211 0.041545709796632 -0.147057159232260 0.769449061132055 0.163661274968174 -0.883118833912011 2.799624121965216 -0.778185545007304
-0.009441379049551 -0.398579432602551 0.042364016171473 -0.151472753401820 0.783447181741881 0.159770347243138 -0.856950302033088 2.716673690126292 -0.782311239757583
-0.010198742816561 -0.394662196693841 0.043162867907688 -0.155757504911986 0.797030550192512 0.155858791044350 -0.830778076628125 2.633710150852231 -0.786436934503421
-0.010977530341120 -0.390677043942879 0.043942161862910 -0.159911395295126 0.810199100946773 0.151926606371833 -0.804602157699341 2.550733504174119 -0.790562629251479
-0.011777087317596 -0.386626048438145 0.044701794894769 -0.163934406083623 0.822952768467644 0.147973793225575 -0.778422545236263 2.467743750034224 -0.794688323999537
-0.012596759348014 -0.382511284595807 0.045441663860897 -0.167826518809804 0.835291487217815 0.144000351605578 -0.752239239247621 2.384740888476955 -0.798814018740934
-0.013435891942063 -0.378334827159718 0.046161665618925 -0.171587715006042 0.847215191660200 0.140006281511873 -0.726052239733155 2.301724919497872 -0.802939713491213
-0.014293830517093 -0.374098751201417 0.046861697026484 -0.175217976204708 0.858723816257689 0.135991582944417 -0.699861546685360 2.218695843065888 -0.807065408234831
-0.015169920398117 -0.369805132120128 0.047541654941206 -0.178717283938135 0.869817295473019 0.131956255903243 -0.673667160116453 2.135653659238734 -0.811191102987330
-0.016063506817808 -0.365456045642763 0.048201436220723 -0.182085619738717 0.880495563769212 0.127900300388306 -0.647469080013452 2.052598367943137 -0.815316797726506
-0.016973934916501 -0.361053567823917 0.048840937722664 -0.185322965138784 0.890758555608928 0.123823716399674 -0.621267306387535 1.969529969243489 -0.819442492479006
-0.017900549742195 -0.356599775045872 0.049460056304663 -0.188429301670722 0.900606205455146 0.119726503937279 -0.595061839227806 1.886448463104262 -0.823568187222623
-0.018842696250549 -0.352096744018597 0.050058688824349 -0.191404610866861 0.910038447770667 0.115608663001165 -0.568852678546616 1.803353849534339 -0.827693881970681
-0.019799719304883 -0.347546551779743 0.050636732139355 -0.194248874259594 0.919055217018339 0.111470193591312 -0.542639824331198 1.720246128527059 -0.831819576718740
-0.020770963676181 -0.342951275694652 0.051194083107311 -0.196962073381250 0.927656447660974 0.107311095707718 -0.516423276592237 1.637125300111286 -0.835945271457916
-0.021755774043087 -0.338312993456347 0.051730638585850 -0.199544189764211 0.935842074161530 0.103131369350429 -0.490203035323905 1.553991364242613 -0.840070966217077
-0.022753494991908 -0.333633783085539 0.052246295432602 -0.201995204940831 0.943612030982743 0.098931014519343 -0.463979100525647 1.470844320954345 -0.844196660951813
-0.023763471016613 -0.328915722930625 0.052740950505199 -0.204315100443459 0.950966252587515 0.094710031214584 -0.437751472205650 1.387684170246484 -0.848322355704312
-0.024785046518830 -0.324160891667688 0.053214500661272 -0.206503857804487 0.957904673438748 0.090468419436063 -0.411520150347677 1.304510912072399 -0.852448050452370
-0.025817565807852 -0.319371368300494 0.053666842758452 -0.208561458556226 0.964427227999110 0.086206179183801 -0.385285134968660 1.221324546503144 -0.856573745195988
-0.026860373100633 -0.314549232160499 0.054097873654371 -0.210487884231069 0.970533850731625 0.081923310457821 -0.359046426062215 1.138125073496532 -0.860699439939605
-0.027912812521789 -0.309696562906840 0.054507490206660 -0.212283116361380 0.976224476099108 0.077619813258123 -0.332804023623762 1.054912493048121 -0.864825134692104
-0.028974228103596 -0.304815440526345 0.054895589272951 -0.213947136479499 0.981499038564349 0.073295687584662 -0.306557927659823 0.971686805182337 -0.868950829440163
-0.030043963785993 -0.299907945333523 0.055262067710874 -0.215479926117798 0.986357472590260 0.068950933437462 -0.280308138167762 0.888448009876974 -0.873076524179339
-0.031121363416582 -0.294976157970572 0.055606822378061 -0.216881466808637 0.990799712639645 0.064585550816565 -0.254054655144387 0.805196107136474 -0.877202218931838
-0.032205770750625 -0.290022159407374 0.055929750132144 -0.218151740084359 0.994825693175327 0.060199539721906 -0.227797478599412 0.721931096985262 -0.881327913675456
-0.033296529451047 -0.285048030941497 0.056230747830754 -0.219290727477356 0.998435348660254 0.055792900153528 -0.201536608519792 0.638652979385590 -0.885453608421294
-0.034392983088434 -0.280055854198196 0.056509712331521 -0.220298410519955 1.001628613557182 0.051365632111422 -0.175272044918295 0.555361754372985 -0.889579303173793
-0.035494475141034 -0.275047711130410 0.056766540492078 -0.221174770744546 1.004405422329047 0.046917735595553 -0.149003787782431 0.472057421903038 -0.893704997912970
-0.036600348994756 -0.270025684018765 0.057001129170056 -0.221919789683458 1.006765709438562 0.042449210605988 -0.122731837124135 0.388739982031261 -0.897830692665469
-0.037709947943174 -0.264991855471572 0.057213375223086 -0.222533448869079 1.008709409348718 0.037960057142661 -0.096456192935079 0.305409434715465 -0.901956387406866
-0.038822615187519 -0.259948308424828 0.057403175508799 -0.223015729833755 1.010236456522295 0.033450275205626 -0.070176855216930 0.222065779967862 -0.906082082159365
-0.039937693836688 -0.254897126142217 0.057570426884828 -0.223366614109839 1.011346785422135 0.028919864794830 -0.043893823973296 0.138709017791783 -0.910207776900762
-0.041054526907237 -0.249840392215106 0.057715026208802 -0.223586083229706 1.012040330511094 0.024368825910326 -0.017607099201955 0.055339148193889 -0.914333471648821
-0.042172457323386 -0.244780190562551 0.057836870338353 -0.223674118725715 1.012317026252063 0.019797158552082 0.008683319101532 -0.028043828849134 -0.918459166399099
-0.043290827917014 -0.239718605431290 0.057935856131114 -0.223630702130208 1.012176807107817 0.015204862720086 0.034977430928007 -0.111439913310640 -0.922584861142717
-0.044408981427665 -0.234657721395751 0.058011880444714 -0.223455814975568 1.011619607541264 0.010591938414373 0.061275236285241 -0.194849105207284 -0.926710555888555
-0.045526260502543 -0.229599623358045 0.058064840136786 -0.223149438794142 1.010645362015228 0.005958385634930 0.087576735170736 -0.278271404536845 -0.930836250636613
-0.046642007696514 -0.224546396547969 0.058094632064961 -0.222711555118288 1.009254004992544 0.001304204381747 0.113881927583659 -0.361706811287110 -0.934961945382451
-0.047755565472105 -0.219500126523006 0.058101153086869 -0.222142145480370 1.007445470936108 -0.003370605345165 0.140190813522623 -0.445155325479174 -0.939087640130509
-0.048866276199507 -0.214462899168325 0.058084300060144 -0.221441191412756 1.005219694308712 -0.008066043545818 0.166503392993456 -0.528616947090832 -0.943213334874127
-0.049973482156571 -0.209436800696782 0.058043969842415 -0.220608674447789 1.002576609573258 -0.012782110220189 0.192819665986999 -0.612091676142068 -0.947339029624406
-0.051076525528810 -0.204423917648916 0.057980059291314 -0.219644576117854 0.999516151192548 -0.017518805368311 0.219139632515186 -0.695579512617339 -0.951464724370243
-0.052174748409399 -0.199426336892953 0.057892465264472 -0.218548877955278 0.996038253629461 -0.022276128990162 0.245463292567472 -0.779080456532188 -0.955590419111640
-0.053267492799175 -0.194446145624806 0.057781084619521 -0.217321561492441 0.992142851346800 -0.027054081085720 0.271790646146908 -0.862594507864411 -0.959716113868581
-0.054354100606638 -0.189485431368072 0.057645814214093 -0.215962608261706 0.987829878807478 -0.031852661655063 0.298121693256548 -0.946121666629551 -0.963841808603316
-0.055433913647946 -0.184546281974034 0.057486550905817 -0.214471999795424 0.983099270474330 -0.036671870698080 0.324456433892228 -1.029661932834269 -0.967967503360256
-0.056506273646923 -0.179630785621663 0.057303191552327 -0.212849717625962 0.977950960810159 -0.041511708214881 0.350794868058668 -1.113215306460802 -0.972093198101653
-0.057570522235053 -0.174741030817612 0.057095633011253 -0.211095743285669 0.972384884277855 -0.046372174205389 0.377136995750593 -1.196781787524692 -0.976218892849712
-0.058626000951481 -0.169879106396222 0.056863772140226 -0.209210058306916 0.966400975340231 -0.051253268669638 0.403482816970502 -1.280361376005956 -0.980344587593329
-0.059672051243016 -0.165047101519521 0.056607505796877 -0.207192644222064 0.959999168460202 -0.056154991607604 0.429832331721725 -1.363954071933460 -0.984470282343608
-0.060708014464126 -0.160247105677220 0.056326730838839 -0.205043482563455 0.953179398100534 -0.061077343019322 0.456185539996212 -1.447559875280557 -0.988595977091666
-0.061733231876944 -0.155481208686718 0.056021344123743 -0.202762554863474 0.945941598724132 -0.066020322904781 0.482542441803402 -1.531178786060572 -0.992721671833063
-0.062747044651261 -0.150751500693097 0.055691242509219 -0.200349842654457 0.938285704793829 -0.070983931263946 0.508903037134134 -1.614810804269062 -0.996847366585563
-0.063748793864533 -0.146060072169128 0.055336322852899 -0.197805327468786 0.930211650772483 -0.075968168096874 0.535267325995070 -1.698455929917131 -1.000973061324739
-0.064737820501877 -0.141409013915265 0.054956482012415 -0.195128990838811 0.921719371122898 -0.080973033403497 0.561635308384822 -1.782114162982573 -1.005098756077238
-0.065713465456071 -0.136800417059651 0.054551616845397 -0.192320814296887 0.912808800307985 -0.085998527183884 0.588006984302281 -1.865785503487594 -1.009224450823076
-0.066675069527556 -0.132236373058111 0.054121624209478 -0.189380779375375 0.903479872790547 -0.091044649437999 0.614382353746334 -1.949469951421090 -1.013350145571135
-0.067621973424433 -0.127718973694158 0.053666400962288 -0.186308867606644 0.893732523033441 -0.096111400165855 0.640761416718094 -2.033167506774181 -1.017475840312532
-0.068553517762466 -0.123250311078991 0.053185843961459 -0.183105060523053 0.883566685499571 -0.101198779367417 0.667144173222001 -2.116878169580172 -1.021601535065031
-0.069469043065081 -0.118832477651493 0.052679850064622 -0.179769339656943 0.872982294651670 -0.106306787042743 0.693530623248062 -2.200601939790214 -1.025727229804207
-0.070367889763366 -0.114467566178235 0.052148316129408 -0.176301686540703 0.861979284952719 -0.111435423191764 0.719920766807380 -2.284338817453158 -1.029852924558927
-0.071249398196069 -0.110157669753471 0.051591139013449 -0.172702082706666 0.850557590865453 -0.116584687814558 0.746314603889964 -2.368088802531254 -1.033978619302545
-0.072112908609603 -0.105904881799144 0.051008215574376 -0.168970509687216 0.838717146852797 -0.121754580911071 0.772712134504694 -2.451851895044488 -1.038104314046162
-0.072957761158039 -0.101711296064880 0.050399442669821 -0.165106949014693 0.826457887377574 -0.126945102481302 0.799113358644910 -2.535628094995079 -1.042230008798661
-0.073783295903112 -0.097579006627992 0.049764717157414 -0.161111382221468 0.813779746902599 -0.132156252525295 0.825518276312831 -2.619417402358604 -1.046355703540058
-0.074588852814219 -0.093510107893479 0.049103935894788 -0.156983790839904 0.800682659890806 -0.137388031042995 0.851926887511789 -2.703219817175029 -1.050481398290337
-0.075373771768419 -0.089506694594025 0.048416995739573 -0.152724156402345 0.787166560804931 -0.142640438034447 0.878339192236233 -2.787035339404387 -1.054607093033955
-0.076137392550431 -0.085570861790000 0.047703793549401 -0.148332460441164 0.773231384107909 -0.147913473499617 0.904755190488382 -2.870863969068882 -1.058732787784233
-0.076879054852637 -0.081704704869461 0.046964226181903 -0.143808684488722 0.758877064262564 -0.153207137438538 0.931174882270458 -2.954705706161853 -1.062858482525630
-0.077598098275080 -0.077910319548148 0.046198190494710 -0.139152810077370 0.744103535731755 -0.158521429851166 0.957598267578019 -3.038560550689962 -1.066984177275909
-0.078293862325467 -0.074189801869489 0.045405583345454 -0.134364818739480 0.728910732978305 -0.163856350737546 0.984025346416617 -3.122428502648766 -1.071109872023968
-0.078965686419164 -0.070545248204598 0.044586301591766 -0.129444692007397 0.713298590465061 -0.169211900097666 1.010456118780700 -3.206309562033827 -1.075235566767585
-0.079612909879201 -0.066978755252272 0.043740242091278 -0.124392411413493 0.697267042654892 -0.174588077931503 1.036890584674710 -3.290203728849583 -1.079361261515643
-0.080234871936269 -0.063492420038998 0.042867301701620 -0.119207958490120 0.680816024010644 -0.179984884239082 1.063328744094205 -3.374111003096036 -1.083486956261481
-0.080830911728719 -0.060088339918945 0.041967377280425 -0.113891314769649 0.663945468995164 -0.185402319020389 1.089770597043627 -3.458031384773186 -1.087612651007319
-0.081400368302568 -0.056768612573969 0.041040365685323 -0.108442461784430 0.646655312071298 -0.190840382275426 1.116216143522974 -3.541964873881032 -1.091738345757598
-0.081942580611490 -0.053535336013612 0.040086163773946 -0.102861381066816 0.628945487701893 -0.196299074004214 1.142665383525587 -3.625911470421794 -1.095864040498995
-0.082456887516824 -0.050390608575103 0.039104668403925 -0.097148054149188 0.610815930349784 -0.201778394206709 1.169118317058127 -3.709871174384372 -1.099989735251494
-0.082942627787570 -0.047336528923354 0.038095776432891 -0.091302462563897 0.592266574477862 -0.207278342882966 1.195574944121702 -3.793843985788747 -1.104115429992891
-0.083399140100389 -0.044375196050965 0.037059384718477 -0.085324587843288 0.573297354548918 -0.212798920032931 1.222035264709653 -3.877829904614938 -1.108241124740950
-0.083825763039606 -0.041508709278220 0.035995390118312 -0.079214411519740 0.553908205025844 -0.218340125656635 1.248499278826420 -3.961828930869604 -1.112366819489008
-0.084221835097204 -0.038739168253091 0.034903689490029 -0.072971915125608 0.534099060371496 -0.223901959754080 1.274966986472004 -4.045841064563849 -1.116492514237066
-0.084586694672833 -0.036068672951234 0.033784179691258 -0.066597080193248 0.513869855048676 -0.229484422325266 1.301438387644183 -4.129866305682128 -1.120618208978463
-0.084919680073799 -0.033499323675990 0.032636757579632 -0.060089888255027 0.493220523520266 -0.235087513370158 1.327913482347398 -4.213904654235545 -1.124743903730963
-0.085220129515074 -0.031033221058389 0.031461320012781 -0.053450320843290 0.472151000249088 -0.240711232888813 1.354392270573879 -4.297956110204115 -1.128869598472360
-0.085487381119290 -0.028672466057143 0.030257763848337 -0.046678359490421 0.450661219698067 -0.246355580881175 1.380874752333616 -4.382020673630027 -1.132995293227079
-0.085720772916742 -0.026419159958653 0.029025985943931 -0.039773985728753 0.428751116329917 -0.252020557347310 1.407360927616619 -4.466098344459990 -1.137120987961815
-0.085919642845386 -0.024275404377003 0.027765883157195 -0.032737181090670 0.406420624607617 -0.257706162287119 1.433850796430658 -4.550189122733972 -1.141246682716535
-0.086083328750840 -0.022243301253965 0.026477352345759 -0.025567927108516 0.383669678993948 -0.263412395700702 1.460344358772403 -4.634293008438650 -1.145372377462373
-0.086211168386382 -0.020324952858996 0.025160290367256 -0.018266205314654 0.360498213951754 -0.269139257588014 1.486841614640744 -4.718410001560702 -1.149498072210431
-0.086302499412955 -0.018522461789237 0.023814594079316 -0.010831997241451 0.336906163943951 -0.274886747949066 1.513342564039011 -4.802540102133435 -1.153623766951828
-0.086356659399163 -0.016837930969517 0.022440160339570 -0.003265284421256 0.312893463433284 -0.280654866783825 1.539847206963874 -4.886683310119100 -1.157749461702107
-0.086372985821269 -0.015273463652351 0.021036886005651 0.004433951613564 0.288460046882688 -0.286443614092335 1.566355543415332 -4.970839625546564 -1.161875156447945
-0.086350816063201 -0.013831163417937 0.019604667935189 0.012265729330641 0.263605848754955 -0.292252989874575 1.592867573398937 -5.055009048393622 -1.166000851191562
-0.086289487416548 -0.012513134174162 0.018143402985817 0.020230067197635 0.238330803512987 -0.298082994130533 1.619383296906918 -5.139191578678037 -1.170126545948502
-0.086188337080560 -0.011321480156598 0.016652988015164 0.028326983682170 0.212634845619597 -0.303933626860275 1.645902713944825 -5.223387216395370 -1.174252240681017
-0.086046702162149 -0.010258305928500 0.015133319880862 0.036556497251894 0.186517909537620 -0.309804888063681 1.672425824509327 -5.307595961534517 -1.178377935437958
-0.085863919675889 -0.009325716380811 0.013584295440544 0.044918626374441 0.159979929729948 -0.315696777740870 1.698952628602646 -5.391817814111022 -1.182503630181575
-0.085639326544017 -0.008525816732162 0.012005811551840 0.053413389517454 0.133020840659392 -0.321609295891778 1.725483126224781 -5.476052774113782 -1.186629324927413
-0.085372259596430 -0.007860712528865 0.010397765072381 0.062040805148578 0.105640576788824 -0.327542442516415 1.752017317373511 -5.560300841549459 -1.190755019671030
-0.085062055570687 -0.007332509644921 0.008760052859799 0.070800891735445 0.077839072581076 -0.333496217614770 1.778555202051058 -5.644562016411392 -1.194880714425750
-0.084708051112010 -0.006943314282015 0.007092571771725 0.079693667745701 0.049616262499019 -0.339470621186899 1.805096780256310 -5.728836298710682 -1.199006409167147
-0.084309582773281 -0.006695232969520 0.005395218665790 0.088719151646982 0.020972081005466 -0.345465653232735 1.831642051988158 -5.813123688434008 -1.203132103912985
-0.083865987015046 -0.006590372564493 0.003667890399627 0.097877361906923 -0.008093537436704 -0.351481313752300 1.858191017252153 -5.897424185588029 -1.207257798661043
-0.083376600205512 -0.006630840251676 0.001910483830865 0.107168316993184 -0.037580658364644 -0.357517602745605 1.858191017252153 -5.897424185588029 -1.207257798661043
-0.082840758620546 -0.006818743543500 0.000122895817137 -0.107168316993184 0.037580658364644 0.357517602745605 1.831642051988158 -5.813123688434008 -1.203132103912985
-0.083376600205512 -0.006630840251676 0.001910483830865 -0.097877361906923 0.008093537436704 0.351481313752300 1.805096780256310 -5.728836298710682 -1.199006409167147
-0.083865987015046 -0.006590372564493 0.003667890399627 -0.088719151646982 -0.020972081005466 0.345465653232735 1.778555202051058 -5.644562016411392 -1.194880714425750
-0.084309582773281 -0.006695232969520 0.005395218665790 -0.079693667745701 -0.049616262499019 0.339470621186899 1.752017317373511 -5.560300841549459 -1.190755019671030
-0.084708051112010 -0.006943314282015 0.007092571771725 -0.070800891735445 -0.077839072581076 0.333496217614770 1.725483126224781 -5.476052774113782 -1.186629324927413
-0.085062055570687 -0.007332509644921 0.008760052859799 -0.062040805148578 -0.105640576788824 0.327542442516415 1.698952628602646 -5.391817814111022 -1.182503630181575
-0.085372259596430 -0.007860712528865 0.010397765072381 -0.053413389517454 -0.133020840659392 0.321609295891778 1.672425824509327 -5.307595961534517 -1.178377935437958
-0.085639326544017 -0.008525816732162 0.012005811551840 -0.044918626374441 -0.159979929729948 0.315696777740870 1.645902713944825 -5.223387216395370 -1.174252240681017
-0.085863919675889 -0.009325716380811 0.013584295440544 -0.036556497251894 -0.186517909537620 0.309804888063681 1.619383296906918 -5.139191578678037 -1.170126545948502
-0.086046702162149 -0.010258305928500 0.015133319880862 -0.028326983682170 -0.212634845619597 0.303933626860275 1.592867573398937 -5.055009048393622 -1.166000851191562
-0.086188337080560 -0.011321480156598 0.016652988015164 -0.020230067197635 -0.238330803512987 0.298082994130533 1.566355543415332 -4.970839625546564 -1.161875156447945
-0.086289487416548 -0.012513134174162 0.018143402985817 -0.012265729330641 -0.263605848754955 0.292252989874575 1.539847206963874 -4.886683310119100 -1.157749461702107
-0.086350816063201 -0.013831163417937 0.019604667935189 -0.004433951613564 -0.288460046882688 0.286443614092335 1.513342564039011 -4.802540102133435 -1.153623766951828
-0.086372985821269 -0.015273463652351 0.021036886005651 0.003265284421256 -0.312893463433284 0.280654866783825 1.486841614640744 -4.718410001560702 -1.149498072210431
-0.086356659399163 -0.016837930969517 0.022440160339570 0.010831997241451 -0.336906163943951 0.274886747949066 1.460344358772403 -4.634293008438650 -1.145372377462373
-0.086302499412955 -0.018522461789237 0.023814594079316 0.018266205314654 -0.360498213951754 0.269139257588014 1.433850796430658 -4.550189122733972 -1.141246682716535
-0.086211168386382 -0.020324952858996 0.025160290367256 0.025567927108516 -0.383669678993948 0.263412395700702 1.407360927616619 -4.466098344459990 -1.137120987961815
-0.086083328750840 -0.022243301253965 0.026477352345759 0.032737181090670 -0.406420624607617 0.257706162287119 1.380874752333616 -4.382020673630027 -1.132995293227079
-0.085919642845386 -0.024275404377003 0.027765883157195 0.039773985728753 -0.428751116329917 0.252020557347310 1.354392270573879 -4.297956110204115 -1.128869598472360
-0.085720772916742 -0.026419159958653 0.029025985943931 0.046678359490421 -0.450661219698067 0.246355580881175 1.327913482347398 -4.213904654235545 -1.124743903730963
-0.085487381119290 -0.028672466057143 0.030257763848337 0.053450320843290 -0.472151000249088 0.240711232888813 1.301438387644183 -4.129866305682128 -1.120618208978463
-0.085220129515074 -0.031033221058389 0.031461320012781 0.060089888255027 -0.493220523520266 0.235087513370158 1.274966986472004 -4.045841064563849 -1.116492514237066
-0.084919680073799 -0.033499323675990 0.032636757579632 0.066597080193248 -0.513869855048676 0.229484422325266 1.248499278826420 -3.961828930869604 -1.112366819489008
-0.084586694672833 -0.036068672951234 0.033784179691258 0.072971915125608 -0.534099060371496 0.223901959754080 1.222035264709653 -3.877829904614938 -1.108241124740950
-0.084221835097204 -0.038739168253091 0.034903689490029 0.079214411519740 -0.553908205025844 0.218340125656635 1.195574944121702 -3.793843985788747 -1.104115429992891
-0.083825763039606 -0.041508709278220 0.035995390118312 0.085324587843288 -0.573297354548918 0.212798920032931 1.169118317058127 -3.709871174384372 -1.099989735251494
-0.083399140100389 -0.044375196050965 0.037059384718477 0.091302462563897 -0.592266574477862 0.207278342882966 1.142665383525587 -3.625911470421794 -1.095864040498995
-0.082942627787570 -0.047336528923354 0.038095776432891 0.097148054149188 -0.610815930349784 0.201778394206709 1.116216143522974 -3.541964873881032 -1.091738345757598
-0.082456887516824 -0.050390608575103 0.039104668403925 0.102861381066816 -0.628945487701893 0.196299074004214 1.089770597043627 -3.458031384773186 -1.087612651007319
-0.081942580611490 -0.053535336013612 0.040086163773946 0.108442461784430 -0.646655312071298 0.190840382275426 1.063328744094205 -3.374111003096036 -1.083486956261481
-0.081400368302568 -0.056768612573969 0.041040365685323 0.113891314769649 -0.663945468995164 0.185402319020389 1.036890584674710 -3.290203728849583 -1.079361261515643
-0.080830911728719 -0.060088339918945 0.041967377280425 0.119207958490120 -0.680816024010644 0.179984884239082 1.010456118780700 -3.206309562033827 -1.075235566767585
-0.080234871936269 -0.063492420038998 0.042867301701620 0.124392411413493 -0.697267042654892 0.174588077931503 0.984025346416617 -3.122428502648766 -1.071109872023968
-0.079612909879201 -0.066978755252272 0.043740242091278 0.129444692007397 -0.713298590465061 0.169211900097666 0.957598267578019 -3.038560550689962 -1.066984177275909
-0.078965686419164 -0.070545248204598 0.044586301591766 0.134364818739480 -0.728910732978305 0.163856350737546 0.931174882270458 -2.954705706161853 -1.062858482525630
-0.078293862325467 -0.074189801869489 0.045405583345454 0.139152810077370 -0.744103535731755 0.158521429851166 0.904755190488382 -2.870863969068882 -1.058732787784233
-0.077598098275080 -0.077910319548148 0.046198190494710 0.143808684488722 -0.758877064262564 0.153207137438538 0.878339192236233 -2.787035339404387 -1.054607093033955
-0.076879054852637 -0.081704704869461 0.046964226181903 0.148332460441164 -0.773231384107909 0.147913473499617 0.851926887511789 -2.703219817175029 -1.050481398290337
-0.076137392550431 -0.085570861790000 0.047703793549401 0.152724156402345 -0.787166560804931 0.142640438034447 0.825518276312831 -2.619417402358604 -1.046355703540058
-0.075373771768419 -0.089506694594025 0.048416995739573 0.156983790839904 -0.800682659890806 0.137388031042995 0.799113358644910 -2.535628094995079 -1.042230008798661
-0.074588852814219 -0.093510107893479 0.049103935894788 0.161111382221468 -0.813779746902599 0.132156252525295 0.772712134504694 -2.451851895044488 -1.038104314046162
-0.073783295903112 -0.097579006627992 0.049764717157414 0.165106949014693 -0.826457887377574 0.126945102481302 0.746314603889964 -2.368088802531254 -1.033978619302545
-0.072957761158039 -0.101711296064880 0.050399442669821 0.168970509687216 -0.838717146852797 0.121754580911071 0.719920766807380 -2.284338817453158 -1.029852924558927
-0.072112908609603 -0.105904881799144 0.051008215574376 0.172702082706666 -0.850557590865453 0.116584687814558 0.693530623248062 -2.200601939790214 -1.025727229804207
-0.071249398196069 -0.110157669753471 0.051591139013449 0.176301686540703 -0.861979284952719 0.111435423191764 0.667144173222001 -2.116878169580172 -1.021601535065031
-0.070367889763366 -0.114467566178235 0.052148316129408 0.179769339656943 -0.872982294651670 0.106306787042743 0.640761416718094 -2.033167506774181 -1.017475840312532
-0.069469043065081 -0.118832477651493 0.052679850064622 0.183105060523053 -0.883566685499571 0.101198779367417 0.614382353746334 -1.949469951421090 -1.013350145571135
-0.068553517762466 -0.123250311078991 0.053185843961459 0.186308867606644 -0.893732523033441 0.096111400165855 0.588006984302281 -1.865785503487594 -1.009224450823076
-0.067621973424433 -0.127718973694158 0.053666400962288 0.189380779375375 -0.903479872790547 0.091044649437999 0.561635308384822 -1.782114162982573 -1.005098756077238
-0.066675069527556 -0.132236373058111 0.054121624209478 0.192320814296887 -0.912808800307985 0.085998527183884 0.535267325995070 -1.698455929917131 -1.000973061324739
-0.065713465456071 -0.136800417059651 0.054551616845397 0.195128990838811 -0.921719371122898 0.080973033403497 0.508903037134134 -1.614810804269062 -0.996847366585563
-0.064737820501877 -0.141409013915265 0.054956482012415 0.197805327468786 -0.930211650772483 0.075968168096874 0.482542441803402 -1.531178786060572 -0.992721671833063
-0.063748793864533 -0.146060072169128 0.055336322852899 0.200349842654457 -0.938285704793829 0.070983931263946 0.456185539996212 -1.447559875280557 -0.988595977091666
-0.062747044651261 -0.150751500693097 0.055691242509219 0.202762554863474 -0.945941598724132 0.066020322904781 0.429832331721725 -1.363954071933460 -0.984470282343608
-0.061733231876944 -0.155481208686718 0.056021344123743 0.205043482563455 -0.953179398100534 0.061077343019322 0.403482816970502 -1.280361376005956 -0.980344587593329
-0.060708014464126 -0.160247105677220 0.056326730838839 0.207192644222064 -0.959999168460202 0.056154991607604 0.377136995750593 -1.196781787524692 -0.976218892849712
-0.059672051243016 -0.165047101519521 0.056607505796877 0.209210058306916 -0.966400975340231 0.051253268669638 0.350794868058668 -1.113215306460802 -0.972093198101653
-0.058626000951481 -0.169879106396222 0.056863772140226 0.211095743285669 -0.972384884277855 0.046372174205389 0.324456433892228 -1.029661932834269 -0.967967503360256
-0.057570522235053 -0.174741030817612 0.057095633011253 0.212849717625962 -0.977950960810159 0.041511708214881 0.298121693256548 -0.946121666629551 -0.963841808603316
-0.056506273646923 -0.179630785621663 0.057303191552327 0.214471999795424 -0.983099270474330 0.036671870698080 0.271790646146908 -0.862594507864411 -0.959716113868581
-0.055433913647946 -0.184546281974034 0.057486550905817 0.215962608261706 -0.987829878807478 0.031852661655063 0.245463292567472 -0.779080456532188 -0.955590419111640
-0.054354100606638 -0.189485431368072 0.057645814214093 0.217321561492441 -0.992142851346800 0.027054081085720 0.219139632515186 -0.695579512617339 -0.951464724370243
-0.053267492799175 -0.194446145624806 0.057781084619521 0.218548877955278 -0.996038253629461 0.022276128990162 0.192819665986999 -0.612091676142068 -0.947339029624406
-0.052174748409399 -0.199426336892953 0.057892465264472 0.219644576117854 -0.999516151192548 0.017518805368311 0.166503392993456 -0.528616947090832 -0.943213334874127
-0.051076525528810 -0.204423917648916 0.057980059291314 0.220608674447789 -1.002576609573258 0.012782110220189 0.140190813522623 -0.445155325479174 -0.939087640130509
-0.049973482156571 -0.209436800696782 0.058043969842415 0.221441191412756 -1.005219694308712 0.008066043545818 0.113881927583659 -0.361706811287110 -0.934961945382451
-0.048866276199507 -0.214462899168325 0.058084300060144 0.222142145480370 -1.007445470936108 0.003370605345165 0.087576735170736 -0.278271404536845 -0.930836250636613
-0.047755565472105 -0.219500126523006 0.058101153086869 0.222711555118288 -1.009254004992544 -0.001304204381747 0.061275236285241 -0.194849105207284 -0.926710555888555
-0.046642007696514 -0.224546396547969 0.058094632064961 0.223149438794142 -1.010645362015228 -0.005958385634930 0.034977430928007 -0.111439913310640 -0.922584861142717
-0.045526260502543 -0.229599623358045 0.058064840136786 0.223455814975568 -1.011619607541264 -0.010591938414373 0.008683319101532 -0.028043828849134 -0.918459166399099
-0.044408981427665 -0.234657721395751 0.058011880444714 0.223630702130208 -1.012176807107817 -0.015204862720086 -0.017607099201955 0.055339148193889 -0.914333471648821
-0.043290827917014 -0.239718605431290 0.057935856131114 0.223674118725715 -1.012317026252063 -0.019797158552082 -0.043893823973296 0.138709017791783 -0.910207776900762
-0.042172457323386 -0.244780190562551 0.057836870338353 0.223586083229706 -1.012040330511094 -0.024368825910326 -0.070176855216930 0.222065779967862 -0.906082082159365
-0.041054526907237 -0.249840392215106 0.057715026208802 0.223366614109839 -1.011346785422135 -0.028919864794830 -0.096456192935079 0.305409434715465 -0.901956387406866
-0.039937693836688 -0.254897126142217 0.057570426884828 0.223015729833755 -1.010236456522295 -0.033450275205626 -0.122731837124135 0.388739982031261 -0.897830692665469
-0.038822615187519 -0.259948308424828 0.057403175508799 0.222533448869079 -1.008709409348718 -0.037960057142661 -0.149003787782431 0.472057421903038 -0.893704997912970
-0.037709947943174 -0.264991855471572 0.057213375223086 0.221919789683458 -1.006765709438562 -0.042449210605988 -0.175272044918295 0.555361754372985 -0.889579303173793
-0.036600348994756 -0.270025684018765 0.057001129170056 0.221174770744546 -1.004405422329047 -0.046917735595553 -0.201536608519792 0.638652979385590 -0.885453608421294
-0.035494475141034 -0.275047711130410 0.056766540492078 0.220298410519955 -1.001628613557182 -0.051365632111422 -0.227797478599412 0.721931096985262 -0.881327913675456
-0.034392983088434 -0.280055854198196 0.056509712331521 0.219290727477356 -0.998435348660254 -0.055792900153528 -0.254054655144387 0.805196107136474 -0.877202218931838
-0.033296529451047 -0.285048030941497 0.056230747830754 0.218151740084359 -0.994825693175327 -0.060199539721906 -0.280308138167762 0.888448009876974 -0.873076524179339
-0.032205770750625 -0.290022159407374 0.055929750132144 0.216881466808637 -0.990799712639645 -0.064585550816565 -0.306557927659823 0.971686805182337 -0.868950829440163
-0.031121363416582 -0.294976157970572 0.055606822378061 0.215479926117798 -0.986357472590260 -0.068950933437462 -0.332804023623762 1.054912493048121 -0.864825134692104
-0.030043963785993 -0.299907945333523 0.055262067710874 0.213947136479499 -0.981499038564349 -0.073295687584662 -0.359046426062215 1.138125073496532 -0.860699439939605
-0.028974228103596 -0.304815440526345 0.054895589272951 0.212283116361380 -0.976224476099108 -0.077619813258123 -0.385285134968660 1.221324546503144 -0.856573745195988
-0.027912812521789 -0.309696562906840 0.054507490206660 0.210487884231069 -0.970533850731625 -0.081923310457821 -0.411520150347677 1.304510912072399 -0.852448050452370
-0.026860373100633 -0.314549232160499 0.054097873654371 0.208561458556226 -0.964427227999110 -0.086206179183801 -0.437751472205650 1.387684170246484 -0.848322355704312
-0.025817565807852 -0.319371368300494 0.053666842758452 0.206503857804487 -0.957904673438748 -0.090468419436063 -0.463979100525647 1.470844320954345 -0.844196660951813
-0.024785046518830 -0.324160891667688 0.053214500661272 0.204315100443459 -0.950966252587515 -0.094710031214584 -0.490203035323905 1.553991364242613 -0.840070966217077
-0.023763471016613 -0.328915722930625 0.052740950505199 0.201995204940831 -0.943612030982743 -0.098931014519343 -0.516423276592237 1.637125300111286 -0.835945271457916
-0.022753494991908 -0.333633783085539 0.052246295432602 0.199544189764211 -0.935842074161530 -0.103131369350429 -0.542639824331198 1.720246128527059 -0.831819576718740
-0.021755774043087 -0.338312993456347 0.051730638585850 0.196962073381250 -0.927656447660974 -0.107311095707718 -0.568852678546616 1.803353849534339 -0.827693881970681
-0.020770963676181 -0.342951275694652 0.051194083107311 0.194248874259594 -0.919055217018339 -0.111470193591312 -0.595061839227806 1.886448463104262 -0.823568187222623
-0.019799719304883 -0.347546551779743 0.050636732139355 0.191404610866861 -0.910038447770667 -0.115608663001165 -0.621267306387535 1.969529969243489 -0.819442492479006
-0.018842696250549 -0.352096744018597 0.050058688824349 0.188429301670722 -0.900606205455146 -0.119726503937279 -0.647469080013452 2.052598367943137 -0.815316797726506
-0.017900549742195 -0.356599775045872 0.049460056304663 0.185322965138784 -0.890758555608928 -0.123823716399674 -0.673667160116453 2.135653659238734 -0.811191102987330
-0.016973934916501 -0.361053567823917 0.048840937722664 0.182085619738717 -0.880495563769212 -0.127900300388306 -0.699861546685360 2.218695843065888 -0.807065408234831
-0.016063506817808 -0.365456045642763 0.048201436220723 0.178717283938135 -0.869817295473019 -0.131956255903243 -0.726052239733155 2.301724919497872 -0.802939713491213
-0.015169920398117 -0.369805132120128 0.047541654941206 0.175217976204708 -0.858723816257689 -0.135991582944417 -0.752239239247621 2.384740888476955 -0.798814018740934
-0.014293830517093 -0.374098751201417 0.046861697026484 0.171587715006042 -0.847215191660200 -0.140006281511873 -0.778422545236263 2.467743750034224 -0.794688323999537
-0.013435891942063 -0.378334827159718 0.046161665618925 0.167826518809804 -0.835291487217815 -0.144000351605578 -0.804602157699341 2.550733504174119 -0.790562629251479
-0.012596759348014 -0.382511284595807 0.045441663860897 0.163934406083623 -0.822952768467644 -0.147973793225575 -0.830778076628125 2.633710150852231 -0.786436934503421
-0.011777087317596 -0.386626048438145 0.044701794894769 0.159911395295126 -0.810199100946773 -0.151926606371833 -0.856950302033088 2.716673690126292 -0.782311239757583
-0.010977530341120 -0.390677043942879 0.043942161862910 0.155757504911986 -0.797030550192512 -0.155858791044350 -0.883118833912011 2.799624121965216 -0.778185545007304
-0.010198742816561 -0.394662196693841 0.043162867907688 0.151472753401820 -0.783447181741881 -0.159770347243138 -0.909283672258854 2.882561446366783 -0.774059850265907
-0.009441379049551 -0.398579432602551 0.042364016171473 0.147057159232260 -0.769449061132055 -0.163661274968174 -0.935444817077130 2.965485663337653 -0.769934155517848
-0.008706093253390 -0.402426677908211 0.041545709796632 0.142510740870966 -0.755036253900221 -0.167531574219504 -0.961602268373907 3.048396772895590 -0.765808460769790
-0.007993539549035 -0.406201859177712 0.040708051925534 0.137833516785580 -0.740208825583533 -0.171381244997093 -0.987756026134023 3.131294774991744 -0.761682766023952
-0.007304371965107 -0.409902903305630 0.039851145700549 0.133025505443711 -0.724966841719055 -0.175210287300942 -1.013906090373759 3.214179669694950 -0.757557071278114
-0.006639244437889 -0.413527737514225 0.038975094264044 0.128086725313041 -0.709310367844096 -0.179018701131062 -1.040052461078986 3.297051456934152 -0.753431376530056
-0.005998810811324 -0.417074289353446 0.038080000758389 0.123017194861172 -0.693239469495621 -0.182806486487452 -1.066195138260639 3.379910136764863 -0.749305681784218
-0.005383724837018 -0.420540486700924 0.037165968325951 0.117816932555777 -0.676754212210950 -0.186573643370103 -1.092334121914756 3.462755709158216 -0.745179987036160
-0.004794640174239 -0.423924257761978 0.036233100109101 0.112485956864474 -0.659854661527126 -0.190320171779024 -1.118469412037942 3.545588174125314 -0.741054292292542
-0.004232210389917 -0.427223531069614 0.035281499250206 0.107024286254900 -0.642540882981335 -0.194046071714205 -1.144601008630577 3.628407531641731 -0.736928597544484
-0.003697088958642 -0.430436235484521 0.034311268891635 0.101431939194710 -0.624812942110708 -0.197751343175667 -1.170728911704458 3.711213781760758 -0.732802902794205
-0.003189929262668 -0.433560300195074 0.033322512175756 0.095708934151557 -0.606670904452500 -0.201435986163390 -1.196853121241959 3.794006924431326 -0.728677208052808
-0.002711384591911 -0.436593654717337 0.032315332244940 0.089855289593035 -0.588114835543696 -0.205100000677361 -1.222973637255986 3.876786959668976 -0.724551513304750
-0.002262108143946 -0.439534228895055 0.031289832241553 0.083871023986825 -0.569144800921539 -0.208743386717625 -1.249090459736618 3.959553887475931 -0.720425818558912
-0.001842753024011 -0.442379952899663 0.030246115307965 0.077756155800545 -0.549760866123195 -0.212366144284148 -1.275203588696378 4.042307707867732 -0.716300123806413
-0.001453972245009 -0.445128757230279 0.029184284586544 0.071510703501862 -0.529963096685815 -0.215968273376943 -1.301313024122570 4.125048420811073 -0.712174429067236
-0.001096418727499 -0.447778572713708 0.028104443219659 0.065134685558380 -0.509751558146476 -0.219549773995975 -1.327418766027215 4.207776026348142 -0.708048734316957
-0.000770745299707 -0.450327330504440 0.027006694349679 0.058628120437767 -0.489126316042421 -0.223110646141311 -1.353520814393917 4.290490524414547 -0.703923039573340
-0.000477604697519 -0.452772962084653 0.025891141118973 0.051991026607631 -0.468087435910680 -0.226650889812896 -1.379619169237910 4.373191915079122 -0.699797344823061
-0.000217649564480 -0.455113399264206 0.024757886669908 0.045223422535662 -0.446634983288607 -0.230170505010763 -1.405713830558171 4.455880198321882 -0.695671650075003
0.000008467548198 -0.457346574180649 0.023607034144854 0.038325326689472 -0.424769023713212 -0.233669491734878 -1.431804798344235 4.538555374116182 -0.691545955333606
0.000200094181645 -0.459470419299215 0.022438686686180 0.031296757536681 -0.402489622721602 -0.237147849985253 -1.457892072602978 4.621217442479786 -0.687420260585547
0.000356577969329 -0.461482867412823 0.021252947436254 0.024137733544960 -0.379796845851021 -0.240605579761921 -1.483975653341230 4.703866403432677 -0.683294565835268
0.000477266637053 -0.463381851642078 0.020049919537444 0.016848273181945 -0.356690758638623 -0.244042681064849 -1.510055540537326 4.786502256921565 -0.679168871091651
0.000561508002963 -0.465165305435271 0.018829706132120 0.009428394915239 -0.333171426621459 -0.247459153894025 -1.536131734218883 4.869125003017505 -0.675043176343593
0.000608649977539 -0.466831162568379 0.017592410362650 0.001878117212552 -0.309238915336851 -0.250854998249483 -1.562204234365240 4.951734641656103 -0.670917481597755
0.000618040563602 -0.468377357145063 0.016338135371402 -0.005802541458542 -0.284893290321764 -0.254230214131201 -1.588273040985817 5.034331172879547 -0.666791786854137
0.000589027856309 -0.469801823596672 0.015066984300746 -0.013613562630368 -0.260134617113483 -0.257584801539190 -1.614338154076918 5.116914596661193 -0.662666092103859
0.000520960043158 -0.471102496682239 0.013779060293050 -0.021554927835297 -0.234962961249086 -0.260918760473461 -1.640399573640833 5.199484913016583 -0.658540397355800
0.000413185403981 -0.472277311488484 0.012474466490683 -0.029626618605682 -0.209378388265780 -0.264232090933980 -1.666457299682195 5.282042121963482 -0.654414702612183
0.000265052310953 -0.473324203429813 0.011153306036013 -0.037828616473886 -0.183380963700697 -0.267524792920759 -1.692511332179685 5.364586223424173 -0.650289007866345
0.000075909228583 -0.474241108248317 0.009815682071409 -0.046160902972297 -0.156970753090879 -0.270796866433820 -1.718561671169901 5.447117217525221 -0.646163313116066
-0.000154895286278 -0.475025962013771 0.008461697739240 -0.054623459633195 -0.130147821973758 -0.274048311473152 -1.744608316618093 5.529635104146724 -0.642037618372449
-0.000428012584444 -0.475676701123640 0.007091456181875 -0.063216267989045 -0.102912235886132 -0.277279128038732 -1.770651268542889 5.612139883353073 -0.637911923624390
-0.000744093924389 -0.476191262303071 0.005705060541681 -0.071939309572135 -0.075264060365399 -0.280489316130594 -1.796690526939859 5.694631555135388 -0.633786228876332
