0.000950631297241 -0.472280876955438 0.000000000000000 0.110069609268907 -0.026755049002436 0.315749286596634 -2.225604009467983 6.949402805256355 -0.687797370574339
0.001500979343585 -0.472414652200450 0.001578746432983 0.098941589221567 0.007991965023846 0.312310299743762 -2.190557987288427 6.840011171826976 -0.694607462121688
0.001995687289693 -0.472374692375331 0.003140297931702 0.087988799285125 0.042192020882981 0.308837262433154 -2.155516900556895 6.730633489706594 -0.701417553659045
0.002435631286119 -0.472163732270916 0.004684484243868 0.077211214782341 0.075845188331514 0.305330174664858 -2.120480749282330 6.621269758892989 -0.708227645204174
0.002821687360030 -0.471784506329259 0.006211135117192 0.066608811035929 0.108951537125979 0.301789036438838 -2.085449533457302 6.511919979397263 -0.715037736747082
0.003154731415210 -0.471239748643629 0.007720080299386 0.056181563368642 0.141511137022965 0.298213847755102 -2.050423253096151 6.402584151226076 -0.721847828291100
0.003435639232053 -0.470532192958514 0.009211149538162 0.045929447103162 0.173524057779095 0.294604608613647 -2.015401908170775 6.293262274330580 -0.728657919832898
0.003665286467569 -0.469664572669619 0.010684172581230 0.035852437562308 0.204990369150748 0.290961319014482 -1.980385498718089 6.183954348788490 -0.735468011376916
0.003844548655380 -0.468639620823865 0.012138979176302 0.025950510068717 0.235910140894691 0.287283978957598 -1.945374024710650 6.074660374548735 -0.742278102916494
0.003974301205724 -0.467460070119391 0.013575399071090 0.016223639945164 0.266283442767434 0.283572588443015 -1.910367486151719 5.965380351591332 -0.749088194460512
0.004055419405450 -0.466128652905554 0.014993262013305 0.006671802514406 0.296110344525391 0.279827147470713 -1.875365883053578 5.856114279980673 -0.755898286004530
0.004088778418022 -0.464648101182927 0.016392397750659 -0.002705026900862 0.325390915925294 0.276047656040690 -1.840369215408422 5.746862159674571 -0.762708377544108
0.004075253283518 -0.463021146603301 0.017772636030862 -0.011906872977904 0.354125226723667 0.272234114152969 -1.805377483217151 5.637623990673024 -0.769518469090347
0.004015718918628 -0.461250520469682 0.019133806601627 -0.020933760393990 0.382313346677032 0.268386521807518 -1.770390686475932 5.528399772989356 -0.776328560633255
0.003911050116658 -0.459338953736297 0.020475739210665 -0.029785713826370 0.409955345541979 0.264504879004351 -1.735408825187523 5.419189506605804 -0.783138652172832
0.003762121547526 -0.457289177008587 0.021798263605687 -0.038462757952307 0.437051293075008 0.260589185743487 -1.700431899363738 5.309993191566775 -0.789948743720181
0.003569807757765 -0.455103920543212 0.023101209534404 -0.046964917449126 0.463601259032842 0.256639442024886 -1.665459908978262 5.200810827798996 -0.796758835258649
0.003334983170519 -0.452785914248048 0.024384406744529 -0.055292216994017 0.489605313171837 0.252655647848593 -1.630492854055640 5.091642415362418 -0.803568926804887
0.003058522085549 -0.450337887682189 0.025647684983771 -0.063444681264296 0.515063525248649 0.248637803214569 -1.595530734585584 4.982487954250381 -0.810379018343355
0.002741298679228 -0.447762570055946 0.026890873999844 -0.071422334937224 0.539975965019901 0.244585908122852 -1.560573550570854 4.873347444436238 -0.817189109888483
0.002384187004541 -0.445062690230846 0.028113803540459 -0.079225202690078 0.564342702242082 0.240499962573409 -1.525621302001789 4.764220885928871 -0.823999201433612
0.001988060991091 -0.442240976719636 0.029316303353326 -0.086853309200087 0.588163806671727 0.236379966566241 -1.490673988896013 4.655108278746045 -0.830809292973189
0.001553794445091 -0.439300157686277 0.030498203186157 -0.094306679144567 0.611439348065457 0.232225920101375 -1.455731611240579 4.546009622881098 -0.837619384517208
0.001082261049368 -0.436242960945950 0.031659332786664 -0.101585337200770 0.634169396179862 0.228037823178789 -1.420794169035219 4.436924918302942 -0.844429476060116
0.000574334363364 -0.433072113965051 0.032799521902558 -0.108689308045946 0.656354020771377 0.223815675798489 -1.385861662287596 4.327854165058209 -0.851239567599693
0.000030887823134 -0.429790343861194 0.033918600281550 -0.115618616357384 0.677993291596668 0.219559477960490 -1.350934090992953 4.218797363126914 -0.858049659148152
-0.000547205258653 -0.426400377403210 0.035016397671353 -0.122373286812349 0.699087278412303 0.215269229664750 -1.316011455148178 4.109754512484631 -0.864859750687730
-0.001159071692714 -0.422904941011149 0.036092743819676 -0.128953344088090 0.719636050974726 0.210944930911311 -1.281093754767793 4.000725613197975 -0.871669842231748
-0.001803838413155 -0.419306760756275 0.037147468474233 -0.135358812861928 0.739639679040716 0.206586581700152 -1.246180989825407 3.891710665173687 -0.878479933770215
-0.002480632477465 -0.415608562361072 0.038180401382734 -0.141589717811056 0.759098232366584 0.202194182031301 -1.211273160349402 3.782709668496143 -0.885290025319785
-0.003188581066520 -0.411813071199239 0.039191372292890 -0.147646083612803 0.778011780709065 0.197767731904702 -1.176370266318949 3.673722623112052 -0.892100116857142
-0.003926811484584 -0.407923012295693 0.040180210952414 -0.153527934944397 0.796380393824625 0.193307231320416 -1.141472307751124 3.564749529059164 -0.898910208400050
-0.004694451159306 -0.403941110326570 0.041146747109016 -0.159235296483153 0.814204141469921 0.188812680278416 -1.106579284626474 3.455790386299729 -0.905720299947399
-0.005490627641722 -0.399870089619221 0.042090810510408 -0.164768192906285 0.831483093401419 0.184284078778679 -1.071691196964097 3.346845194860393 -0.912530391488087
-0.006314468606253 -0.395712674152214 0.043012230904301 -0.170126648891106 0.848217319375721 0.179721426821239 -1.036808044750370 3.237913954738936 -0.919340483027664
-0.007165101850709 -0.391471587555335 0.043910838038407 -0.175310689114858 0.864406889149416 0.175124724406100 -1.001929827990911 3.128996665919814 -0.926150574573903
-0.008041655296283 -0.387149553109588 0.044786461660438 -0.180320338254812 0.880051872479015 0.170493971533231 -0.967056546687106 3.020093328416351 -0.932960666115701
-0.008943256987557 -0.382749293747193 0.045638931518104 -0.185155620988248 0.895152339121097 0.165829168202652 -0.932188200836320 2.911203942228546 -0.939770757658609
-0.009869035092498 -0.378273532051587 0.046468077359117 -0.189816561992429 0.909708358832240 0.161130314414359 -0.897324790436954 2.802328507347518 -0.946580849202627
-0.010818117902460 -0.373724990257426 0.047273728931189 -0.194303185944614 0.923720001368977 0.156397410168346 -0.862466315495608 2.693467023791030 -0.953390940741095
-0.011789633832183 -0.369106390250581 0.048055715982031 -0.198615517522092 0.937187336487932 0.151630455464641 -0.827612776002562 2.584619491527995 -0.960201032289554
-0.012782711419794 -0.364420453568142 0.048813868259354 -0.202753581402105 0.950110433945572 0.146829450303193 -0.792764171967109 2.475785910589501 -0.967011123829131
-0.013796479326804 -0.359669901398414 0.049548015510870 -0.206717402261940 0.962489363498520 0.141994394684047 -0.757920503383563 2.366966280960003 -0.973821215370929
-0.014830066338114 -0.354857454580921 0.050257987484290 -0.210507004778858 0.974324194903320 0.137125288607193 -0.723081770254363 2.258160602646164 -0.980631306914947
-0.015882601362008 -0.349985833606405 0.050943613927326 -0.214122413630130 0.985614997916551 0.132222132072618 -0.688247972580602 2.149368875639102 -0.987441398457856
-0.016953213430159 -0.345057758616822 0.051604724587689 -0.217563653493033 0.996361842294746 0.127284925080329 -0.653419110357156 2.040591099952138 -0.994251490002984
-0.018041031697624 -0.340075949405348 0.052241149213091 -0.220830749044819 1.006564797794507 0.122313667630314 -0.618595183588533 1.931827275574172 -1.001061581540341
-0.019145185442848 -0.335043125416375 0.052852717551243 -0.223923724962762 1.016223934172378 0.117308359722612 -0.583776192275010 1.823077402507423 -1.007871673087690
-0.020264804067662 -0.329962005745514 0.053439259349856 -0.226842605924137 1.025339321184915 0.112269001357174 -0.548962136410758 1.714341480734127 -1.014681764628378
-0.021399017097283 -0.324835309139589 0.054000604356641 -0.229587416606190 1.033911028588586 0.107195592534032 -0.514153016007435 1.605619510314238 -1.021491856173506
-0.022546954180314 -0.319665753996646 0.054536582319312 -0.232158181686228 1.041939126140157 0.102088133253164 -0.479348831051163 1.496911491174480 -1.028301947711974
-0.023707745088745 -0.314456058365945 0.055047022985577 -0.234554925841483 1.049423683596029 0.096946623514604 -0.444549581552767 1.388217423359261 -1.035112039257102
-0.024880519717952 -0.309208939947965 0.055531756103150 -0.236777673749247 1.056364770712825 0.091771063318319 -0.409755267505030 1.279537306850820 -1.041922130803341
-0.026064408086698 -0.303927116094401 0.055990611419742 -0.238826450086772 1.062762457247080 0.086561452664302 -0.374965888912671 1.170871141655816 -1.048732222338478
-0.027258540337132 -0.298613303808166 0.056423418683064 -0.240701279531336 1.068616812955359 0.081317791552610 -0.340181445775134 1.062218927785352 -1.055542313889157
-0.028462046734789 -0.293270219743389 0.056830007640827 -0.242402186760211 1.073927907594285 0.076040079983164 -0.305401938086591 0.953580665203901 -1.062352405425404
-0.029674057668590 -0.287900580205417 0.057210208040742 -0.243929196450644 1.078695810920305 0.070728317956037 -0.270627365858422 0.844956353953652 -1.069162496972753
-0.030893703650843 -0.282507101150816 0.057563849630523 -0.245282333279936 1.082920592690073 0.065382505471173 -0.235857729078137 0.736345994010179 -1.075972588513441
-0.032120115317243 -0.277092498187366 0.057890762157878 -0.246461621925327 1.086602322660124 0.060002642528606 -0.201093027753507 0.627749585377924 -1.082782680056349
-0.033352423426870 -0.271659486574065 0.058190775370522 -0.247467087064095 1.089741070587014 0.054588729128324 -0.166333261883145 0.519167128056885 -1.089592771602588
-0.034589758862190 -0.266210781221130 0.058463719016163 -0.248298753373510 1.092336906227298 0.049140765270311 -0.131578431467327 0.410598622051506 -1.096402863138835
-0.035831252629058 -0.260749096689993 0.058709422842515 -0.248956645530847 1.094389899337556 0.043658750954617 -0.096828536501892 0.302044067355123 -1.103212954686184
-0.037076035856712 -0.255277147193306 0.058927716597288 -0.249440788213356 1.095900119674331 0.038142686181186 -0.062083576992944 0.193503463974398 -1.110023046224651
-0.038323239797779 -0.249797646594934 0.059118430028194 -0.249751206098321 1.096867636994203 0.032592570950063 -0.027343552937709 0.084976811901560 -1.116833137773110
-0.039571995828270 -0.244313308409963 0.059281392882944 -0.249887923863010 1.097292521053711 0.027008405261197 0.007391535666590 -0.023535888854509 -1.123643229312687
-0.040821435447585 -0.238826845804694 0.059416434909250 -0.249850966184677 1.097174841609438 0.021390189114634 0.042121688813013 -0.132034638298251 -1.130453320856706
-0.042070690278509 -0.233340971596647 0.059523385854823 -0.249640357740612 1.096514668417947 0.015737922510350 0.076846906510442 -0.240519436432995 -1.137263412399614
-0.043318892067212 -0.227858398254557 0.059602075467375 -0.249256123208060 1.095312071235782 0.010051605448352 0.111567188750550 -0.348990283257633 -1.144073503938081
-0.044565172683252 -0.222381837898379 0.059652333494617 -0.248698287264307 1.093567119819494 0.004331237928662 0.146282535540276 -0.457447178765502 -1.150883595488761
-0.045808664119574 -0.216914002299281 0.059673989684260 -0.247966874586605 1.091279883925667 -0.001423180048782 0.180992946869907 -0.565890122949941 -1.157693687022787
-0.047048498492507 -0.211457602879653 0.059666873784016 -0.247061909852256 1.088450433310917 -0.007211648483896 0.215698422756649 -0.674319115852029 -1.164503778572357
-0.048283808041768 -0.206015350713098 0.059630815541597 -0.245983417738473 1.085078837731657 -0.013034167376758 0.250398963178577 -0.782734157409593 -1.171313870111934
-0.049513725130460 -0.200589956524440 0.059565644704713 -0.244731422922580 1.081165166944609 -0.018890736727317 0.285094568154842 -0.891135247678143 -1.178123961654842
-0.050737382245073 -0.195184130689717 0.059471191021076 -0.243305950081805 1.076709490706218 -0.024781356535591 0.319785237671844 -0.999522386622154 -1.184934053197750
-0.051953911995482 -0.189800583236186 0.059347284238398 -0.241707023893446 1.071711878773107 -0.030706026801580 0.354470971740684 -1.107895574257167 -1.191744144741769
-0.053162447114949 -0.184442023842320 0.059193754104390 -0.239934669034743 1.066172400901821 -0.036664747525289 0.389151770349705 -1.216254810580963 -1.198554236283567
-0.054362120460123 -0.179111161837811 0.059010430366764 -0.237988910182994 1.060091126848917 -0.042657518706707 0.423827633510843 -1.324600095584660 -1.205364327827585
-0.055552065011038 -0.173810706203566 0.058797142773230 -0.235869772015440 1.053468126370993 -0.048684340345845 0.458498561214105 -1.432931429292683 -1.212174419369383
-0.056731413871115 -0.168543365571712 0.058553721071501 -0.233577279209370 1.046303469224530 -0.054745212442692 0.493164553466152 -1.541248811671725 -1.218984510908960
-0.057899300267162 -0.163311848225589 0.058279995009288 -0.231111456442039 1.038597225166171 -0.060840134997237 0.527825610263377 -1.649552242746211 -1.225794602457420
-0.059054857549372 -0.158118862099758 0.057975794334302 -0.228472328390722 1.030349463952440 -0.066969108009524 0.562481731608000 -1.757841722507258 -1.232604693995887
-0.060197219191326 -0.152967114779996 0.057640948794254 -0.225659919732682 1.021560255339904 -0.073132131479503 0.597132917495857 -1.866117250954868 -1.239414785543236
-0.061325518789989 -0.147859313503296 0.057275288136856 -0.222674255145203 1.012229669085130 -0.079329205407219 0.631779167936941 -1.974378828095702 -1.246224877080593
-0.062438890065715 -0.142798165157871 0.056878642109820 -0.219515359305518 1.002357774944651 -0.085560329792622 0.666420482915708 -2.082626453916436 -1.253034968624611
-0.063536466862243 -0.137786376283147 0.056450840460857 -0.216183256890939 0.991944642675069 -0.091825504635745 0.701056862447147 -2.190860128428174 -1.259845060171960
-0.064617383146698 -0.132826653069772 0.055991712937678 -0.212677972578704 0.980990342032928 -0.098124729936605 0.735688306521265 -2.299079851624253 -1.266655151709317
-0.065680773009591 -0.127921701359607 0.055501089287995 -0.208999531046097 0.969494942774807 -0.104458005695152 0.770314815145556 -2.407285623522437 -1.273465243254446
-0.066725770664822 -0.123074226645733 0.054978799259520 -0.205147956970370 0.957458514657195 -0.110825331911424 0.804936388311694 -2.515477444084979 -1.280275334797354
-0.067751510449674 -0.118286934072447 0.054424672599963 -0.201123275028811 0.944881127436770 -0.117226708585411 0.839553026026896 -2.623655313356288 -1.287085426339152
-0.068757126824818 -0.113562528435264 0.053838539057036 -0.196925509898677 0.931762850869988 -0.123662135717106 0.874164728287830 -2.731819231303056 -1.293895517880950
-0.069741754374311 -0.108903714180914 0.053220228378450 -0.192554686257237 0.918103754713473 -0.130131613306511 0.908771495095606 -2.839969197936387 -1.300705609429409
-0.070704527805597 -0.104313195407346 0.052569570311917 -0.188010828781759 0.903903908723791 -0.136635141353658 0.943373326448560 -2.948105213271823 -1.307515700962325
-0.071644581949506 -0.099793675863727 0.051886394605149 -0.183293962149517 0.889163382657432 -0.143172719858470 0.977970222351132 -3.056227277278278 -1.314325792516335
-0.072561051760254 -0.095347858950440 0.051170531005857 -0.178404111037761 0.873882246271040 -0.149744348821051 1.012562182792776 -3.164335389977957 -1.321135884049252
-0.073453072315442 -0.090978447719085 0.050421809261752 -0.173341300123797 0.858060569321151 -0.156350028241298 1.047149207789588 -3.272429551373079 -1.327945975598821
-0.074319778816061 -0.086688144872479 0.049640059120545 -0.168105554084849 0.841698421564285 -0.162989758119292 1.081731297326582 -3.380509761445882 -1.334756067137288
-0.075160306586486 -0.082479652764658 0.048825110329949 -0.162696897598216 0.824795872757056 -0.169663538454978 1.116308451413750 -3.488576020209688 -1.341566158682417
-0.075973791074477 -0.078355673400872 0.047976792637674 -0.157115355341148 0.807352992656007 -0.176371369248390 1.150880670042764 -3.596628327662277 -1.348376250225325
-0.076759367851182 -0.074318908437592 0.047094935791432 -0.151360951990934 0.789369851017696 -0.183113250499517 1.185447953223617 -3.704666683805868 -1.355186341769343
-0.077516172611137 -0.070372059182504 0.046179369538934 -0.145433712224816 0.770846517598667 -0.189889182208364 1.220010300945207 -3.812691088622699 -1.361996433304480
-0.078243341172261 -0.066517826594511 0.045229923627892 -0.139333660720090 0.751783062155553 -0.196699164374886 1.254567713219190 -3.920701542148297 -1.368806524857380
-0.078940009475862 -0.062758911283733 0.044246427806018 -0.133060822153994 0.732179554444812 -0.203543196999173 1.289120190032800 -4.028698044342693 -1.375616616395847
-0.079605313586632 -0.059098013511509 0.043228711821022 -0.126615221203830 0.712036064223098 -0.210421280081152 1.323667731398803 -4.136680595239195 -1.382426707936535
-0.080238389692651 -0.055537833190393 0.042176605420616 -0.119996882546836 0.691352661246902 -0.217333413620835 1.358210337307209 -4.244649194815597 -1.389236799482774
-0.080838374105385 -0.052081069884159 0.041089938352512 -0.113205830860300 0.670129415272824 -0.224279597618249 1.392748007764122 -4.352603843080782 -1.396046891021241
-0.081404403259686 -0.048730422807795 0.039968540364421 -0.106242090821479 0.648366396057420 -0.231259832073355 1.427280742766213 -4.460544540032529 -1.402856982569700
-0.081935613713794 -0.045488590827508 0.038812241204054 -0.099105687107648 0.626063673357258 -0.238274116986203 1.461808542315701 -4.568471285675280 -1.409667074108167
-0.082431142149332 -0.042358272460721 0.037620870619123 -0.091796644396069 0.603221316928881 -0.245322452356744 1.496331406408147 -4.676384080002371 -1.416477165652186
-0.082890125371312 -0.039342165876077 0.036394258357339 -0.084314987364029 0.579839396528870 -0.252404838185005 1.530849335053541 -4.784282923024907 -1.423287257193984
-0.083311700308133 -0.036442968893433 0.035132234166414 -0.076660740688761 0.555917981913745 -0.259521274470975 1.565362328238007 -4.892167814718462 -1.430097348739112
-0.083695004011576 -0.033663378983864 0.033834627794059 -0.068833929047571 0.531457142840153 -0.266671761214671 1.599870385974866 -5.000038755120784 -1.436907440279800
-0.084039173656814 -0.031006093269663 0.032501268987986 -0.060834577117697 0.506456949064549 -0.273856298416070 1.634373508253018 -5.107895744194124 -1.443717531824928
-0.084343346542403 -0.028473808524340 0.031131987495906 -0.052662709576431 0.480917470343578 -0.281074886075194 1.668871695081342 -5.215738781962909 -1.450527623364506
-0.084606660090285 -0.026069221172622 0.029726613065530 -0.044318351101025 0.454838776433764 -0.288327524192017 1.703364946453179 -5.323567868418255 -1.457337714909634
-0.084828251845790 -0.023795027290454 0.028284975444570 -0.035801526368759 0.428220937091672 -0.295614212766565 1.737853262374633 -5.431383003564605 -1.464147806452543
-0.085007259477634 -0.021653922604995 0.026806904380737 -0.027112260056886 0.401064022073849 -0.302934951798828 1.772336642838490 -5.539184187386414 -1.470957897992120
-0.085142820777918 -0.019648602494626 0.025292229621743 -0.018250576842693 0.373368101136917 -0.310289741288788 1.806815087851965 -5.646971419908109 -1.477767989540579
-0.085234073662132 -0.017781761988941 0.023740780915299 -0.009216501403433 0.345133244037377 -0.317678581236491 1.841288597408952 -5.754744701116365 -1.484578081079047
-0.085280156169149 -0.016056095768754 0.022152388009116 -0.000010058416389 0.316359520531795 -0.325101471641887 1.875757171516668 -5.862504031008964 -1.491388172620844
-0.085280206461231 -0.014474298166096 0.020526880650907 0.009368727441195 0.287047000376750 -0.332558412504991 1.910220810165120 -5.970249409590345 -1.498198264167083
-0.085233362824025 -0.013039063164212 0.018864088588382 0.018919831492020 0.257195753328798 -0.340049403825826 1.944679513363745 -6.077980836858288 -1.505008355706661
-0.085138763666565 -0.011753084397568 0.017163841569253 0.028643229058839 0.226805849144507 -0.347574445604359 1.979133281108103 -6.185698312812793 -1.511818447249569
-0.084995547521270 -0.010619055151845 0.015425969341231 0.038538895464379 0.195877357580443 -0.355133537840607 2.013582113397083 -6.293401837458301 -1.518628538796918
-0.084802853043949 -0.009639668363943 0.013650301652028 0.048606806031365 0.164410348393151 -0.362726680534592 2.048026010234572 -6.401091410792592 -1.525438630335385
-0.084559819013792 -0.008817616621977 0.011836668249355 0.058846936082538 0.132404891339188 -0.370353873686269 2.082464971617792 -6.508767032809004 -1.532248721879403
-0.084265584333379 -0.008155592165281 0.009984898880924 0.069259260940627 0.099861056175143 -0.378015117295666 2.116898997546190 -6.616428703520860 -1.539058813424532
-0.083919288028676 -0.007656286884406 0.008094823294445 0.079843755928358 0.066778912657539 -0.385710411362788 2.151328088021986 -6.724076422908176 -1.545868904962999
-0.083520069249034 -0.007322392321118 0.006166271237631 0.090600396368468 0.033158530542998 -0.393439755887603 2.185752243043515 -6.831710190997597 -1.552678996507018
-0.083067067267192 -0.007156599668403 0.004199072458193 0.101529157583685 -0.001000020411990 -0.401203150870139 2.220171462613552 -6.939330007766920 -1.559489088049926
-0.082559421479273 -0.007161599770463 0.002193056703843 0.112630014896753 -0.035696670450824 -0.409000596310388 2.220171462613552 -6.939330007766920 -1.559489088049926
-0.081996271404790 -0.007340083122717 0.000148053722291 -0.112630014896753 0.035696670450824 0.409000596310388 2.185752243043515 -6.831710190997597 -1.552678996507018
-0.082559421479273 -0.007161599770463 0.002193056703843 -0.101529157583685 0.001000020411990 0.401203150870139 2.151328088021986 -6.724076422908176 -1.545868904962999
-0.083067067267192 -0.007156599668403 0.004199072458193 -0.090600396368468 -0.033158530542998 0.393439755887603 2.116898997546190 -6.616428703520860 -1.539058813424532
-0.083520069249034 -0.007322392321118 0.006166271237631 -0.079843755928358 -0.066778912657539 0.385710411362788 2.082464971617792 -6.508767032809004 -1.532248721879403
-0.083919288028676 -0.007656286884406 0.008094823294445 -0.069259260940627 -0.099861056175143 0.378015117295666 2.048026010234572 -6.401091410792592 -1.525438630335385
-0.084265584333379 -0.008155592165281 0.009984898880924 -0.058846936082538 -0.132404891339188 0.370353873686269 2.013582113397083 -6.293401837458301 -1.518628538796918
-0.084559819013792 -0.008817616621977 0.011836668249355 -0.048606806031365 -0.164410348393151 0.362726680534592 1.979133281108103 -6.185698312812793 -1.511818447249569
-0.084802853043949 -0.009639668363943 0.013650301652028 -0.038538895464379 -0.195877357580443 0.355133537840607 1.944679513363745 -6.077980836858288 -1.505008355706661
-0.084995547521270 -0.010619055151845 0.015425969341231 -0.028643229058839 -0.226805849144507 0.347574445604359 1.910220810165120 -5.970249409590345 -1.498198264167083
-0.085138763666565 -0.011753084397568 0.017163841569253 -0.018919831492020 -0.257195753328798 0.340049403825826 1.875757171516668 -5.862504031008964 -1.491388172620844
-0.085233362824025 -0.013039063164212 0.018864088588382 -0.009368727441195 -0.287047000376750 0.332558412504991 1.841288597408952 -5.754744701116365 -1.484578081079047
-0.085280206461231 -0.014474298166096 0.020526880650907 0.000010058416389 -0.316359520531795 0.325101471641887 1.806815087851965 -5.646971419908109 -1.477767989540579
-0.085280156169149 -0.016056095768754 0.022152388009116 0.009216501403433 -0.345133244037377 0.317678581236491 1.772336642838490 -5.539184187386414 -1.470957897992120
-0.085234073662132 -0.017781761988941 0.023740780915299 0.018250576842693 -0.373368101136917 0.310289741288788 1.737853262374633 -5.431383003564605 -1.464147806452543
-0.085142820777918 -0.019648602494626 0.025292229621743 0.027112260056886 -0.401064022073849 0.302934951798828 1.703364946453179 -5.323567868418255 -1.457337714909634
-0.085007259477634 -0.021653922604995 0.026806904380737 0.035801526368759 -0.428220937091672 0.295614212766565 1.668871695081342 -5.215738781962909 -1.450527623364506
-0.084828251845790 -0.023795027290454 0.028284975444570 0.044318351101025 -0.454838776433764 0.288327524192017 1.634373508253018 -5.107895744194124 -1.443717531824928
-0.084606660090285 -0.026069221172622 0.029726613065530 0.052662709576431 -0.480917470343578 0.281074886075194 1.599870385974866 -5.000038755120784 -1.436907440279800
-0.084343346542403 -0.028473808524340 0.031131987495906 0.060834577117697 -0.506456949064549 0.273856298416070 1.565362328238007 -4.892167814718462 -1.430097348739112
-0.084039173656814 -0.031006093269663 0.032501268987986 0.068833929047571 -0.531457142840153 0.266671761214671 1.530849335053541 -4.784282923024907 -1.423287257193984
-0.083695004011576 -0.033663378983864 0.033834627794059 0.076660740688761 -0.555917981913745 0.259521274470975 1.496331406408147 -4.676384080002371 -1.416477165652186
-0.083311700308133 -0.036442968893433 0.035132234166414 0.084314987364029 -0.579839396528870 0.252404838185005 1.461808542315701 -4.568471285675280 -1.409667074108167
-0.082890125371312 -0.039342165876077 0.036394258357339 0.091796644396069 -0.603221316928881 0.245322452356744 1.427280742766213 -4.460544540032529 -1.402856982569700
-0.082431142149332 -0.042358272460721 0.037620870619123 0.099105687107648 -0.626063673357258 0.238274116986203 1.392748007764122 -4.352603843080782 -1.396046891021241
-0.081935613713794 -0.045488590827508 0.038812241204054 0.106242090821479 -0.648366396057420 0.231259832073355 1.358210337307209 -4.244649194815597 -1.389236799482774
-0.081404403259686 -0.048730422807795 0.039968540364421 0.113205830860300 -0.670129415272824 0.224279597618249 1.323667731398803 -4.136680595239195 -1.382426707936535
-0.080838374105385 -0.052081069884159 0.041089938352512 0.119996882546836 -0.691352661246902 0.217333413620835 1.289120190032800 -4.028698044342693 -1.375616616395847
-0.080238389692651 -0.055537833190393 0.042176605420616 0.126615221203830 -0.712036064223098 0.210421280081152 1.254567713219190 -3.920701542148297 -1.368806524857380
-0.079605313586632 -0.059098013511509 0.043228711821022 0.133060822153994 -0.732179554444812 0.203543196999173 1.220010300945207 -3.812691088622699 -1.361996433304480
-0.078940009475862 -0.062758911283733 0.044246427806018 0.139333660720090 -0.751783062155553 0.196699164374886 1.185447953223617 -3.704666683805868 -1.355186341769343
-0.078243341172261 -0.066517826594511 0.045229923627892 0.145433712224816 -0.770846517598667 0.189889182208364 1.150880670042764 -3.596628327662277 -1.348376250225325
-0.077516172611137 -0.070372059182504 0.046179369538934 0.151360951990934 -0.789369851017696 0.183113250499517 1.116308451413750 -3.488576020209688 -1.341566158682417
-0.076759367851182 -0.074318908437592 0.047094935791432 0.157115355341148 -0.807352992656007 0.176371369248390 1.081731297326582 -3.380509761445882 -1.334756067137288
-0.075973791074477 -0.078355673400872 0.047976792637674 0.162696897598216 -0.824795872757056 0.169663538454978 1.047149207789588 -3.272429551373079 -1.327945975598821
-0.075160306586486 -0.082479652764658 0.048825110329949 0.168105554084849 -0.841698421564285 0.162989758119292 1.012562182792776 -3.164335389977957 -1.321135884049252
-0.074319778816061 -0.086688144872479 0.049640059120545 0.173341300123797 -0.858060569321151 0.156350028241298 0.977970222351132 -3.056227277278278 -1.314325792516335
-0.073453072315442 -0.090978447719085 0.050421809261752 0.178404111037761 -0.873882246271040 0.149744348821051 0.943373326448560 -2.948105213271823 -1.307515700962325
-0.072561051760254 -0.095347858950440 0.051170531005857 0.183293962149517 -0.889163382657432 0.143172719858470 0.908771495095606 -2.839969197936387 -1.300705609429409
-0.071644581949506 -0.099793675863727 0.051886394605149 0.188010828781759 -0.903903908723791 0.136635141353658 0.874164728287830 -2.731819231303056 -1.293895517880950
-0.070704527805597 -0.104313195407346 0.052569570311917 0.192554686257237 -0.918103754713473 0.130131613306511 0.839553026026896 -2.623655313356288 -1.287085426339152
-0.069741754374311 -0.108903714180914 0.053220228378450 0.196925509898677 -0.931762850869988 0.123662135717106 0.804936388311694 -2.515477444084979 -1.280275334797354
-0.068757126824818 -0.113562528435264 0.053838539057036 0.201123275028811 -0.944881127436770 0.117226708585411 0.770314815145556 -2.407285623522437 -1.273465243254446
-0.067751510449674 -0.118286934072447 0.054424672599963 0.205147956970370 -0.957458514657195 0.110825331911424 0.735688306521265 -2.299079851624253 -1.266655151709317
-0.066725770664822 -0.123074226645733 0.054978799259520 0.208999531046097 -0.969494942774807 0.104458005695152 0.701056862447147 -2.190860128428174 -1.259845060171960
-0.065680773009591 -0.127921701359607 0.055501089287995 0.212677972578704 -0.980990342032928 0.098124729936605 0.666420482915708 -2.082626453916436 -1.253034968624611
-0.064617383146698 -0.132826653069772 0.055991712937678 0.216183256890939 -0.991944642675069 0.091825504635745 0.631779167936941 -1.974378828095702 -1.246224877080593
-0.063536466862243 -0.137786376283147 0.056450840460857 0.219515359305518 -1.002357774944651 0.085560329792622 0.597132917495857 -1.866117250954868 -1.239414785543236
-0.062438890065715 -0.142798165157871 0.056878642109820 0.222674255145203 -1.012229669085130 0.079329205407219 0.562481731608000 -1.757841722507258 -1.232604693995887
-0.061325518789989 -0.147859313503296 0.057275288136856 0.225659919732682 -1.021560255339904 0.073132131479503 0.527825610263377 -1.649552242746211 -1.225794602457420
-0.060197219191326 -0.152967114779996 0.057640948794254 0.228472328390722 -1.030349463952440 0.066969108009524 0.493164553466152 -1.541248811671725 -1.218984510908960
-0.059054857549372 -0.158118862099758 0.057975794334302 0.231111456442039 -1.038597225166171 0.060840134997237 0.458498561214105 -1.432931429292683 -1.212174419369383
-0.057899300267162 -0.163311848225589 0.058279995009288 0.233577279209370 -1.046303469224530 0.054745212442692 0.423827633510843 -1.324600095584660 -1.205364327827585
-0.056731413871115 -0.168543365571712 0.058553721071501 0.235869772015440 -1.053468126370993 0.048684340345845 0.389151770349705 -1.216254810580963 -1.198554236283567
-0.055552065011038 -0.173810706203566 0.058797142773230 0.237988910182994 -1.060091126848917 0.042657518706707 0.354470971740684 -1.107895574257167 -1.191744144741769
-0.054362120460123 -0.179111161837811 0.059010430366764 0.239934669034743 -1.066172400901821 0.036664747525289 0.319785237671844 -0.999522386622154 -1.184934053197750
-0.053162447114949 -0.184442023842320 0.059193754104390 0.241707023893446 -1.071711878773107 0.030706026801580 0.285094568154842 -0.891135247678143 -1.178123961654842
-0.051953911995482 -0.189800583236186 0.059347284238398 0.243305950081805 -1.076709490706218 0.024781356535591 0.250398963178577 -0.782734157409593 -1.171313870111934
-0.050737382245073 -0.195184130689717 0.059471191021076 0.244731422922580 -1.081165166944609 0.018890736727317 0.215698422756649 -0.674319115852029 -1.164503778572357
-0.049513725130460 -0.200589956524440 0.059565644704713 0.245983417738473 -1.085078837731657 0.013034167376758 0.180992946869907 -0.565890122949941 -1.157693687022787
-0.048283808041768 -0.206015350713098 0.059630815541597 0.247061909852256 -1.088450433310917 0.007211648483896 0.146282535540276 -0.457447178765502 -1.150883595488761
-0.047048498492507 -0.211457602879653 0.059666873784016 0.247966874586605 -1.091279883925667 0.001423180048782 0.111567188750550 -0.348990283257633 -1.144073503938081
-0.045808664119574 -0.216914002299281 0.059673989684260 0.248698287264307 -1.093567119819494 -0.004331237928662 0.076846906510442 -0.240519436432995 -1.137263412399614
-0.044565172683252 -0.222381837898379 0.059652333494617 0.249256123208060 -1.095312071235782 -0.010051605448352 0.042121688813013 -0.132034638298251 -1.130453320856706
-0.043318892067212 -0.227858398254557 0.059602075467375 0.249640357740612 -1.096514668417947 -0.015737922510350 0.007391535666590 -0.023535888854509 -1.123643229312687
-0.042070690278509 -0.233340971596647 0.059523385854823 0.249850966184677 -1.097174841609438 -0.021390189114634 -0.027343552937709 0.084976811901560 -1.116833137773110
-0.040821435447585 -0.238826845804694 0.059416434909250 0.249887923863010 -1.097292521053711 -0.027008405261197 -0.062083576992944 0.193503463974398 -1.110023046224651
-0.039571995828270 -0.244313308409963 0.059281392882944 0.249751206098321 -1.096867636994203 -0.032592570950063 -0.096828536501892 0.302044067355123 -1.103212954686184
-0.038323239797779 -0.249797646594934 0.059118430028194 0.249440788213356 -1.095900119674331 -0.038142686181186 -0.131578431467327 0.410598622051506 -1.096402863138835
-0.037076035856712 -0.255277147193306 0.058927716597288 0.248956645530847 -1.094389899337556 -0.043658750954617 -0.166333261883145 0.519167128056885 -1.089592771602588
-0.035831252629058 -0.260749096689993 0.058709422842515 0.248298753373510 -1.092336906227298 -0.049140765270311 -0.201093027753507 0.627749585377924 -1.082782680056349
-0.034589758862190 -0.266210781221130 0.058463719016163 0.247467087064095 -1.089741070587014 -0.054588729128324 -0.235857729078137 0.736345994010179 -1.075972588513441
-0.033352423426870 -0.271659486574065 0.058190775370522 0.246461621925327 -1.086602322660124 -0.060002642528606 -0.270627365858422 0.844956353953652 -1.069162496972753
-0.032120115317243 -0.277092498187366 0.057890762157878 0.245282333279936 -1.082920592690073 -0.065382505471173 -0.305401938086591 0.953580665203901 -1.062352405425404
-0.030893703650843 -0.282507101150816 0.057563849630523 0.243929196450644 -1.078695810920305 -0.070728317956037 -0.340181445775134 1.062218927785352 -1.055542313889157
-0.029674057668590 -0.287900580205417 0.057210208040742 0.242402186760211 -1.073927907594285 -0.076040079983164 -0.374965888912671 1.170871141655816 -1.048732222338478
-0.028462046734789 -0.293270219743389 0.056830007640827 0.240701279531336 -1.068616812955359 -0.081317791552610 -0.409755267505030 1.279537306850820 -1.041922130803341
-0.027258540337132 -0.298613303808166 0.056423418683064 0.238826450086772 -1.062762457247080 -0.086561452664302 -0.444549581552767 1.388217423359261 -1.035112039257102
-0.026064408086698 -0.303927116094401 0.055990611419742 0.236777673749247 -1.056364770712825 -0.091771063318319 -0.479348831051163 1.496911491174480 -1.028301947711974
-0.024880519717952 -0.309208939947965 0.055531756103150 0.234554925841483 -1.049423683596029 -0.096946623514604 -0.514153016007435 1.605619510314238 -1.021491856173506
-0.023707745088745 -0.314456058365945 0.055047022985577 0.232158181686228 -1.041939126140157 -0.102088133253164 -0.548962136410758 1.714341480734127 -1.014681764628378
-0.022546954180314 -0.319665753996646 0.054536582319312 0.229587416606190 -1.033911028588586 -0.107195592534032 -0.583776192275010 1.823077402507423 -1.007871673087690
-0.021399017097283 -0.324835309139589 0.054000604356641 0.226842605924137 -1.025339321184915 -0.112269001357174 -0.618595183588533 1.931827275574172 -1.001061581540341
-0.020264804067662 -0.329962005745514 0.053439259349856 0.223923724962762 -1.016223934172378 -0.117308359722612 -0.653419110357156 2.040591099952138 -0.994251490002984
-0.019145185442848 -0.335043125416375 0.052852717551243 0.220830749044819 -1.006564797794507 -0.122313667630314 -0.688247972580602 2.149368875639102 -0.987441398457856
-0.018041031697624 -0.340075949405348 0.052241149213091 0.217563653493033 -0.996361842294746 -0.127284925080329 -0.723081770254363 2.258160602646164 -0.980631306914947
-0.016953213430159 -0.345057758616822 0.051604724587689 0.214122413630130 -0.985614997916551 -0.132222132072618 -0.757920503383563 2.366966280960003 -0.973821215370929
-0.015882601362008 -0.349985833606405 0.050943613927326 0.210507004778858 -0.974324194903320 -0.137125288607193 -0.792764171967109 2.475785910589501 -0.967011123829131
-0.014830066338114 -0.354857454580921 0.050257987484290 0.206717402261940 -0.962489363498520 -0.141994394684047 -0.827612776002562 2.584619491527995 -0.960201032289554
-0.013796479326804 -0.359669901398414 0.049548015510870 0.202753581402105 -0.950110433945572 -0.146829450303193 -0.862466315495608 2.693467023791030 -0.953390940741095
-0.012782711419794 -0.364420453568142 0.048813868259354 0.198615517522092 -0.937187336487932 -0.151630455464641 -0.897324790436954 2.802328507347518 -0.946580849202627
-0.011789633832183 -0.369106390250581 0.048055715982031 0.194303185944614 -0.923720001368977 -0.156397410168346 -0.932188200836320 2.911203942228546 -0.939770757658609
-0.010818117902460 -0.373724990257426 0.047273728931189 0.189816561992429 -0.909708358832240 -0.161130314414359 -0.967056546687106 3.020093328416351 -0.932960666115701
-0.009869035092498 -0.378273532051587 0.046468077359117 0.185155620988248 -0.895152339121097 -0.165829168202652 -1.001929827990911 3.128996665919814 -0.926150574573903
-0.008943256987557 -0.382749293747193 0.045638931518104 0.180320338254812 -0.880051872479015 -0.170493971533231 -1.036808044750370 3.237913954738936 -0.919340483027664
-0.008041655296283 -0.387149553109588 0.044786461660438 0.175310689114858 -0.864406889149416 -0.175124724406100 -1.071691196964097 3.346845194860393 -0.912530391488087
-0.007165101850709 -0.391471587555335 0.043910838038407 0.170126648891106 -0.848217319375721 -0.179721426821239 -1.106579284626474 3.455790386299729 -0.905720299947399
-0.006314468606253 -0.395712674152214 0.043012230904301 0.164768192906285 -0.831483093401419 -0.184284078778679 -1.141472307751124 3.564749529059164 -0.898910208400050
-0.005490627641722 -0.399870089619221 0.042090810510408 0.159235296483153 -0.814204141469921 -0.188812680278416 -1.176370266318949 3.673722623112052 -0.892100116857142
-0.004694451159306 -0.403941110326570 0.041146747109016 0.153527934944397 -0.796380393824625 -0.193307231320416 -1.211273160349402 3.782709668496143 -0.885290025319785
-0.003926811484584 -0.407923012295693 0.040180210952414 0.147646083612803 -0.778011780709065 -0.197767731904702 -1.246180989825407 3.891710665173687 -0.878479933770215
-0.003188581066520 -0.411813071199239 0.039191372292890 0.141589717811056 -0.759098232366584 -0.202194182031301 -1.281093754767793 4.000725613197975 -0.871669842231748
-0.002480632477465 -0.415608562361072 0.038180401382734 0.135358812861928 -0.739639679040716 -0.206586581700152 -1.316011455148178 4.109754512484631 -0.864859750687730
-0.001803838413155 -0.419306760756275 0.037147468474233 0.128953344088090 -0.719636050974726 -0.210944930911311 -1.350934090992953 4.218797363126914 -0.858049659148152
-0.001159071692714 -0.422904941011149 0.036092743819676 0.122373286812349 -0.699087278412303 -0.215269229664750 -1.385861662287596 4.327854165058209 -0.851239567599693
-0.000547205258653 -0.426400377403210 0.035016397671353 0.115618616357384 -0.677993291596668 -0.219559477960490 -1.420794169035219 4.436924918302942 -0.844429476060116
0.000030887823134 -0.429790343861194 0.033918600281550 0.108689308045946 -0.656354020771377 -0.223815675798489 -1.455731611240579 4.546009622881098 -0.837619384517208
0.000574334363364 -0.433072113965051 0.032799521902558 0.101585337200770 -0.634169396179862 -0.228037823178789 -1.490673988896013 4.655108278746045 -0.830809292973189
0.001082261049368 -0.436242960945950 0.031659332786664 0.094306679144567 -0.611439348065457 -0.232225920101375 -1.525621302001789 4.764220885928871 -0.823999201433612
0.001553794445091 -0.439300157686277 0.030498203186157 0.086853309200087 -0.588163806671727 -0.236379966566241 -1.560573550570854 4.873347444436238 -0.817189109888483
0.001988060991091 -0.442240976719636 0.029316303353326 0.079225202690078 -0.564342702242082 -0.240499962573409 -1.595530734585584 4.982487954250381 -0.810379018343355
0.002384187004541 -0.445062690230846 0.028113803540459 0.071422334937224 -0.539975965019901 -0.244585908122852 -1.630492854055640 5.091642415362418 -0.803568926804887
0.002741298679228 -0.447762570055946 0.026890873999844 0.063444681264296 -0.515063525248649 -0.248637803214569 -1.665459908978262 5.200810827798996 -0.796758835258649
0.003058522085549 -0.450337887682189 0.025647684983771 0.055292216994017 -0.489605313171837 -0.252655647848593 -1.700431899363738 5.309993191566775 -0.789948743720181
0.003334983170519 -0.452785914248048 0.024384406744529 0.046964917449126 -0.463601259032842 -0.256639442024886 -1.735408825187523 5.419189506605804 -0.783138652172832
0.003569807757765 -0.455103920543212 0.023101209534404 0.038462757952307 -0.437051293075008 -0.260589185743487 -1.770390686475932 5.528399772989356 -0.776328560633255
0.003762121547526 -0.457289177008587 0.021798263605687 0.029785713826370 -0.409955345541979 -0.264504879004351 -1.805377483217151 5.637623990673024 -0.769518469090347
0.003911050116658 -0.459338953736297 0.020475739210665 0.020933760393990 -0.382313346677032 -0.268386521807518 -1.840369215408422 5.746862159674571 -0.762708377544108
0.004015718918628 -0.461250520469682 0.019133806601627 0.011906872977904 -0.354125226723667 -0.272234114152969 -1.875365883053578 5.856114279980673 -0.755898286004530
0.004075253283518 -0.463021146603301 0.017772636030862 0.002705026900862 -0.325390915925294 -0.276047656040690 -1.910367486151719 5.965380351591332 -0.749088194460512
0.004088778418022 -0.464648101182927 0.016392397750659 -0.006671802514406 -0.296110344525391 -0.279827147470713 -1.945374024710650 6.074660374548735 -0.742278102916494
0.004055419405450 -0.466128652905554 0.014993262013305 -0.016223639945164 -0.266283442767434 -0.283572588443015 -1.980385498718089 6.183954348788490 -0.735468011376916
0.003974301205724 -0.467460070119391 0.013575399071090 -0.025950510068717 -0.235910140894691 -0.287283978957598 -2.015401908170775 6.293262274330580 -0.728657919832898
0.003844548655380 -0.468639620823865 0.012138979176302 -0.035852437562308 -0.204990369150748 -0.290961319014482 -2.050423253096151 6.402584151226076 -0.721847828291100
0.003665286467569 -0.469664572669619 0.010684172581230 -0.045929447103162 -0.173524057779095 -0.294604608613647 -2.085449533457302 6.511919979397263 -0.715037736747082
0.003435639232053 -0.470532192958514 0.009211149538162 -0.056181563368642 -0.141511137022965 -0.298213847755102 -2.120480749282330 6.621269758892989 -0.708227645204174
0.003154731415210 -0.471239748643629 0.007720080299386 -0.066608811035929 -0.108951537125979 -0.301789036438838 -2.155516900556895 6.730633489706594 -0.701417553659045
0.002821687360030 -0.471784506329259 0.006211135117192 -0.077211214782341 -0.075845188331514 -0.305330174664858 -2.190557987288427 6.840011171826976 -0.694607462121688
