0.004352344234094 -0.467715280222476 0.000000000000000 0.119565082435924 -0.045525765978027 0.335432120322388 -2.585349850944968 7.956888674089946 -0.708984961641512
0.004950169646274 -0.467942909052366 0.001677160601612 0.106638333181200 -0.005741322607578 0.331887195514180 -2.541601603639892 7.822245413584561 -0.718958533214575
0.005483361312180 -0.467971615665404 0.003336596579183 0.093930325163000 0.033369904460345 0.328292402848107 -2.497872861162640 7.687662182755961 -0.728932104774316
0.005953012937995 -0.467804766143102 0.004978058593423 0.081440960857187 0.071808215374125 0.324647742324236 -2.454163623506131 7.553138981599705 -0.738905676342938
0.006360217742281 -0.467445725066232 0.006601297305045 0.069170142739656 0.109573910282124 0.320953213942521 -2.410473890660514 7.418675810075825 -0.748879247907119
0.006706068455979 -0.466897855514821 0.008206063374757 0.057117773286354 0.146667289332503 0.317208817702985 -2.366803662637966 7.284272668226510 -0.758852819471301
0.006991657322411 -0.466164519068158 0.009792107463272 0.045283754973164 0.183088652673635 0.313414553605629 -2.323152939439806 7.149929556058421 -0.768826391031041
0.007218076097276 -0.465249075804790 0.011359180231300 0.033667990275965 0.218838300453927 0.309570421650474 -2.279521721046777 7.015646473493842 -0.778799962608545
0.007386416048656 -0.464154884302521 0.012907032339553 0.022270381670731 0.253916532821397 0.305676421837431 -2.235910007486602 6.881423420648236 -0.788773534159404
0.007497767957010 -0.462885301638414 0.014435414448740 0.011090831633298 0.288323649924638 0.301732554166634 -2.192317798741065 6.747260397439447 -0.798747105736908
0.007553222115176 -0.461443683388790 0.015944077219573 0.000129242639593 0.322059951911835 0.297738818637949 -2.148745094807114 6.613157403878578 -0.808720677296648
0.007553868328374 -0.459833383629231 0.017432771312763 -0.010614482834443 0.355125738931228 0.293695215251466 -2.105191895695954 6.479114439976730 -0.818694248856389
0.007500795914202 -0.458057754934575 0.018901247389020 -0.021140442312923 0.387521311131112 0.289601744007184 -2.061658201413762 6.345131505771651 -0.828667820429452
0.007395093702637 -0.456120148378920 0.020349256109056 -0.031448733319992 0.419246968659970 0.285458404905037 -2.018144011937083 6.211208601185625 -0.838641391993633
0.007237850036038 -0.454023913535620 0.021776548133581 -0.041539453379677 0.450303011665898 0.281265197945069 -1.974649327283855 6.077345726280825 -0.848614963553374
0.007030152769139 -0.451772398477290 0.023182874123306 -0.051412700016096 0.480689740297302 0.277022123127302 -1.931174147452794 5.943542881030606 -0.858588535121996
0.006773089269059 -0.449368949775804 0.024567984738943 -0.061068570753360 0.510407454702455 0.272729180451692 -1.887718472431270 5.809800065426085 -0.868562106686177
0.006467746415292 -0.446816912502291 0.025931630641201 -0.070507163115517 0.539456455029586 0.268386369918261 -1.844282302242325 5.676117279516113 -0.878535678254799
0.006115210599714 -0.444119630227144 0.027273562490793 -0.079728574626728 0.567837041427166 0.263993691526987 -1.800865636859689 5.542494523222974 -0.888509249814540
0.005716567726581 -0.441280445020008 0.028593530948428 -0.088732902811027 0.595549514043281 0.259551145277914 -1.757468476306090 5.408931796635486 -0.898482821378721
0.005272903212526 -0.438302697449791 0.029891286674817 -0.097520245192557 0.622594173026458 0.255058731171021 -1.714090820557518 5.275429099649287 -0.908456392951784
0.004785301986563 -0.435189726584659 0.031166580330672 -0.106090699295345 0.648971318524705 0.250516449206262 -1.670732669644334 5.141986432386503 -0.918429964507084
0.004254848490086 -0.431944869992036 0.032419162576704 -0.114444362643566 0.674681250686637 0.245924299383726 -1.627394023541487 5.008603794751654 -0.928403536080147
0.003682626676868 -0.428571463738602 0.033648784073622 -0.122581332761274 0.699724269660396 0.241282281703326 -1.584074882253275 4.875281186766944 -0.938377107639887
0.003069720013062 -0.425072842390300 0.034855195482139 -0.130501707172540 0.724100675594230 0.236590396165126 -1.540775245793613 4.742018608461240 -0.948350679208509
0.002417211477199 -0.421452339012329 0.036038147462965 -0.138205583401508 0.747810768636537 0.231848642769084 -1.497495114146896 4.608816059814558 -0.958324250768250
0.001726183560192 -0.417713285169147 0.037197390676810 -0.145693058972243 0.770854848935609 0.227057021515242 -1.454234487318939 4.475673540811353 -0.968297822341313
0.000997718265330 -0.413859010924468 0.038332675784386 -0.152964231408837 0.793233216639666 0.222215532403536 -1.410993365313157 4.342591051484934 -0.978271393901053
0.000232897108286 -0.409892844841270 0.039443753446404 -0.160019198235403 0.814946171897091 0.217324175434030 -1.367771748119923 4.209568591806434 -0.988244965465235
-0.000567198882891 -0.405818113981785 0.040530374323574 -0.166858056976003 0.835994014856123 0.212382950606704 -1.324569635754724 4.076606161802498 -0.998218537033857
-0.001401489167771 -0.401638143907504 0.041592289076608 -0.173480905154776 0.856377045665135 0.207391857921535 -1.281387028199132 3.943703761439821 -1.008192108593597
-0.002268893693545 -0.397356258679178 0.042629248366215 -0.179887840295772 0.876095564472334 0.202350897378567 -1.238223925467824 3.810861390749487 -1.018165680166661
-0.003168332895024 -0.392975780856817 0.043641002853108 -0.186078959923111 0.895149871426082 0.197260068977734 -1.195080327557435 3.678079049724836 -1.028139251721960
-0.004098727694639 -0.388500031499686 0.044627303197997 -0.192054361560898 0.913540266674706 0.192119372719124 -1.151956234456686 3.545356738334782 -1.038112823295023
-0.005058999502444 -0.383932330166313 0.045587900061592 -0.197814142733182 0.931267050366380 0.186928808602649 -1.108851646187542 3.412694456637055 -1.048086394859205
-0.006048070216110 -0.379275994914481 0.046522544104606 -0.203358400964120 0.948330522649565 0.181688376628353 -1.065766562724224 3.280092204569485 -1.058059966418945
-0.007064862220930 -0.374534342301233 0.047430985987747 -0.208687233777741 0.964730983672413 0.176398076796258 -1.022700984091990 3.147549982196463 -1.068033537987567
-0.008108298389819 -0.369710687382871 0.048312976371729 -0.213800738698201 0.980468733583395 0.171057909106320 -0.979654910266275 3.015067789435832 -1.078007109551748
-0.009177302083310 -0.364808343714954 0.049168265917260 -0.218699013249532 0.995544072530574 0.165667873558561 -0.936628341268453 2.882645626371971 -1.087980681115930
-0.010270797149558 -0.359830623352301 0.049996605285053 -0.223382154955874 1.009957300662434 0.160227970152982 -0.893621277085754 2.750283492958250 -1.097954252684552
-0.011387707924337 -0.354780836848989 0.050797745135818 -0.227850261341303 1.023708718127225 0.154738198889559 -0.850633717727062 2.617981389219093 -1.107927824248733
-0.012526959231043 -0.349662293258353 0.051571436130266 -0.232103429929938 1.036798625073321 0.149198559768315 -0.807665663176554 2.485739315096769 -1.117901395808474
-0.013687476380693 -0.344478300132986 0.052317428929107 -0.236141758245821 1.049227321648805 0.143609052789273 -0.764717113454216 2.353557270675655 -1.127874967381537
-0.014868185171922 -0.339232163524742 0.053035474193054 -0.239965343813092 1.060995108002183 0.137969677952365 -0.721788068550056 2.221435255902460 -1.137848538936836
-0.016068011890988 -0.333927187984731 0.053725322582815 -0.243574284155842 1.072102284281695 0.132280435257681 -0.678878528461574 2.089373270792727 -1.147822110514340
-0.017285883311767 -0.328566676563323 0.054386724759104 -0.246968676798150 1.082549150635659 0.126541324705109 -0.635988493188772 1.957371315317591 -1.157795682065199
-0.018520726695758 -0.323153930810145 0.055019431382629 -0.250148619264094 1.092336007212247 0.120752346294783 -0.593117962742751 1.825429389532562 -1.167769253642703
-0.019771469792078 -0.317692250774083 0.055623193114103 -0.253114209077808 1.101463154159910 0.114913500026570 -0.550266937112409 1.693547493406555 -1.177742825198003
-0.021037040837467 -0.312184935003284 0.056197760614236 -0.255865543763370 1.109930891626942 0.109024785900580 -0.507435416299551 1.561725626924026 -1.187716396771066
-0.022316368556284 -0.306635280545149 0.056742884543739 -0.258402720844868 1.117739519761562 0.103086203916725 -0.464623400303754 1.429963790104960 -1.197689968330806
-0.023608382160508 -0.301046582946341 0.057258315563323 -0.260725837846387 1.124889338712087 0.097097754075071 -0.421830889132391 1.298261982949356 -1.207663539899428
-0.024912011349740 -0.295422136252781 0.057743804333698 -0.262834992292048 1.131380648626834 0.091059436375573 -0.379057882775591 1.166620205457214 -1.217637111459169
-0.026226186311201 -0.289765233009647 0.058199101515576 -0.264730281705926 1.137213749654120 0.084971250818278 -0.336304381239472 1.035038457619653 -1.227610683032232
-0.027549837719730 -0.284079164261376 0.058623957769667 -0.266411803612124 1.142388941942218 0.078833197403116 -0.293570384520547 0.903516739443333 -1.237584254587532
-0.028881896737791 -0.278367219551665 0.059018123756683 -0.267879655534727 1.146906525639435 0.072645276130179 -0.250855892620083 0.772055050917153 -1.247557826160595
-0.030221295015464 -0.272632686923468 0.059381350137334 -0.269133934997827 1.150766800894021 0.066407486999376 -0.208160905542654 0.640653392076640 -1.257531397724776
-0.031566964690454 -0.266878852918998 0.059713387572331 -0.270174739525540 1.153970067854404 0.060119830010752 -0.165485423281597 0.509311762872944 -1.267504969284516
-0.032917838388081 -0.261109002579726 0.060013986722384 -0.271002166641948 1.156516626668769 0.053782305164329 -0.122829445835249 0.378030163329379 -1.277478540853139
-0.034272849221291 -0.255326419446382 0.060282898248206 -0.271616313871124 1.158406777485416 0.047394912460064 -0.080192973217763 0.246808593468151 -1.287452112417320
-0.035630930790647 -0.249534385558955 0.060519872810506 -0.272017278737213 1.159640820452756 0.040957651897977 -0.037576005408324 0.115647053233747 -1.297425683981501
-0.036991017184333 -0.243736181456691 0.060724661069996 -0.272205158764255 1.160219055718925 0.034470523478070 0.005021457577803 -0.015454457314990 -1.307399255550123
-0.038352042978154 -0.237935086178096 0.060897013687387 -0.272180051476366 1.160141783432350 0.027933527200319 0.047599415743671 -0.146495938212476 -1.317372827114305
-0.039712943235536 -0.232134377260935 0.061036681323388 -0.271942054397648 1.159409303741288 0.021346663064747 0.090157869091223 -0.277477389450942 -1.327346398674045
-0.041072653507524 -0.226337330742228 0.061143414638712 -0.271491265052191 1.158021916794033 0.014709931071377 0.132696817622402 -0.408398811031496 -1.337319970247108
-0.042430109832785 -0.220547221158258 0.061216964294069 -0.270827780964079 1.155979922738876 0.008023331220142 0.175216261333044 -0.539260202948588 -1.347293541802408
-0.043784248737605 -0.214767321544564 0.061257080950170 -0.269951699657414 1.153283621724133 0.001286863511130 0.217716200220652 -0.670061565199997 -1.357267113379912
-0.045134007235892 -0.209000903435943 0.061263515267725 -0.268863118656311 1.149933313898133 -0.005499472055770 0.260196634299936 -0.800802897811259 -1.367240684930771
-0.046478322829174 -0.203251236866452 0.061236017907446 -0.267562135484811 1.145929299409076 -0.012335675480424 0.302657563550079 -0.931484200736854 -1.377214256508275
-0.047816133506598 -0.197521590369407 0.061174339530044 -0.266048847667061 1.141271878405392 -0.019221746762965 0.345098987985515 -1.062105474018971 -1.387187828068015
-0.049146377744933 -0.191815230977380 0.061078230796229 -0.264323352727133 1.135961351035297 -0.026157685903305 0.387520907602357 -1.192666717642066 -1.397161399627755
-0.050467994508569 -0.186135424222203 0.060947442366713 -0.262385748189121 1.129998017447087 -0.033143492901444 0.429923322399772 -1.323167931592817 -1.407134971205259
-0.051779923249515 -0.180485434134968 0.060781724902206 -0.260236131577123 1.123382177789123 -0.040179167757470 0.472306232378317 -1.453609115900090 -1.417108542756118
-0.053081103907400 -0.174868523246022 0.060580829063418 -0.257874600415231 1.116114132209622 -0.047264710471251 0.514669637538823 -1.583990270537239 -1.427082114333622
-0.054370476909476 -0.169287952584974 0.060344505511062 -0.255301252227537 1.108194180856936 -0.054400121042919 0.557013537878792 -1.714311395515367 -1.437055685888922
-0.055646983170614 -0.163746981680690 0.060072504905847 -0.252516184538143 1.099622623879359 -0.061585399472364 0.599337933401833 -1.844572490830032 -1.447029257461985
-0.056909564093305 -0.158248868561293 0.059764577908486 -0.249519494871134 1.090399761425209 -0.068820545759674 0.641642824104061 -1.974773556494558 -1.457002829021725
-0.058157161567660 -0.152796869754167 0.059420475179687 -0.246311280750613 1.080525893642736 -0.076105559904782 0.683928209990747 -2.104914592495621 -1.466976400585907
-0.059388717971414 -0.147394240285953 0.059039947380163 -0.242891639700660 1.070001320680258 -0.083440441907712 0.726194091053567 -2.234995598833223 -1.476949972158970
-0.060603176169917 -0.142044233682552 0.058622745170625 -0.239260669245392 1.058826342686092 -0.090825191768507 0.768440467300846 -2.365016575511802 -1.486923543714269
-0.061799479516144 -0.136750101969121 0.058168619211782 -0.235418466908888 1.047001259808533 -0.098259809487078 0.810667338729809 -2.494977522535802 -1.496897115282891
-0.062976571850688 -0.131515095670079 0.057677320164347 -0.231365130215239 1.034526372195854 -0.105744295063492 0.852874705339346 -2.624878439887457 -1.506870686847073
-0.064133397501764 -0.126342463809099 0.057148598689029 -0.227100756688542 1.021401979996417 -0.113278648497728 0.895062567127791 -2.754719327600075 -1.516844258415695
-0.065268901285207 -0.121235453909117 0.056582205446541 -0.222625443852903 1.007628383358417 -0.120862869789806 0.937230924100141 -2.884500185629246 -1.526817829979876
-0.066382028504472 -0.116197311992325 0.055977891097592 -0.217939289232402 0.993205882430270 -0.128496958939706 0.979379776252509 -3.014221014014939 -1.536791401544058
-0.067471724950634 -0.111231282580174 0.055335406302893 -0.213042390351140 0.978134777360196 -0.136180915947426 1.021509123586561 -3.143881812737170 -1.546764973103798
-0.068536936902389 -0.106340608693373 0.054654501723156 -0.207934844733207 0.962415368296510 -0.143914740812945 1.063618966099522 -3.273482581793719 -1.556738544676861
-0.069576611126055 -0.101528531851890 0.053934928019091 -0.202616749902709 0.946047955387541 -0.151698433536329 1.105709303798053 -3.403023321200127 -1.566712116236602
-0.070589694875569 -0.096798292074953 0.053176435851410 -0.197088203383719 0.929032838781541 -0.159531994117512 1.147780136673826 -3.532504030936412 -1.576685687805224
-0.071575135892488 -0.092153127881045 0.052378775880822 -0.191349302700350 0.911370318626858 -0.167415422556538 1.189831464732394 -3.661924711020337 -1.586659259364964
-0.072531882405989 -0.087596276287911 0.051541698768039 -0.185400145376688 0.893060695071757 -0.175348718853363 1.231863287970980 -3.791285361440799 -1.596632830938027
-0.073458883132873 -0.083130972812552 0.050664955173773 -0.179240828936833 0.874104268264553 -0.183331883008053 1.273875606392916 -3.920585982202240 -1.606606402497768
-0.074355087277557 -0.078760451471229 0.049748295758732 -0.172871450904868 0.854501338353542 -0.191364915020542 1.315868419993205 -4.049826573304660 -1.616579974061949
-0.075219444532081 -0.074487944779461 0.048791471183630 -0.166292108804902 0.834252205487018 -0.199447814890852 1.357841728777398 -4.179007134748058 -1.626553545630571
-0.076050905076106 -0.070316683752026 0.047794232109175 -0.159502900161015 0.813357169813278 -0.207580582619005 1.399795532741610 -4.308127666525774 -1.636527117194753
-0.076848419576911 -0.066249897902960 0.046756329196080 -0.152503922497307 0.791816531480649 -0.215763218204978 1.441729831885286 -4.437188168651129 -1.646500688754493
-0.077610939189397 -0.062290815245557 0.045677513105056 -0.145295273337881 0.769630590637393 -0.223995721648751 1.483644626212866 -4.566188641113023 -1.656474260327556
-0.078337415556087 -0.058442662292370 0.044557534496812 -0.137877050206817 0.746799647431828 -0.232278092950389 1.525539915719909 -4.695129083911453 -1.666447831887297
-0.079026800807121 -0.054708664055211 0.043396144032060 -0.130249350628217 0.723324002012271 -0.240610332109825 1.567415700408636 -4.824009497061965 -1.676421403455919
-0.079678047560262 -0.051092044045149 0.042193092371511 -0.122412272126174 0.699203954526961 -0.248992439127105 1.609271980276827 -4.952829880537912 -1.686394975015659
-0.080290108920893 -0.047596024272514 0.040948130175875 -0.114365912224790 0.674439805124272 -0.257424414002183 1.651108755330588 -5.081590234363720 -1.696368546584281
-0.080861938482017 -0.044223825246893 0.039661008105864 -0.106110368448137 0.649031853952453 -0.265906256735104 1.692926025562147 -5.210290558526065 -1.706342118152904
-0.081392490324257 -0.040978665977131 0.038331476822189 -0.097645738320326 0.622980401159823 -0.274437967325869 1.734723790973725 -5.338930853027168 -1.716315689708203
-0.081880719015859 -0.037863763971332 0.036959286985559 -0.088972119365457 0.596285746894687 -0.283019545774410 1.776502051569762 -5.467511117875912 -1.726289261281266
-0.082325579612686 -0.034882335236858 0.035544189256687 -0.080089609107609 0.568948191305307 -0.291650992080816 1.818260807344707 -5.596031353054531 -1.736262832849889
-0.082726027658224 -0.032037594280332 0.034085934296283 -0.070998305070885 0.540968034540035 -0.300332306245066 1.860000058300781 -5.724491558580791 -1.746236404400747
-0.083081019183579 -0.029332754107631 0.032584272765058 -0.061698304779381 0.512345576747131 -0.309063488267070 1.901719804439095 -5.852891734439147 -1.756209975978251
-0.083389510707476 -0.026771026223896 0.031038955323723 -0.052189705757186 0.483081118074935 -0.317844538146961 1.943420045759092 -5.981231880647364 -1.766183547537992
-0.083650459236262 -0.024355620633521 0.029449732632988 -0.042472605528390 0.453174958671698 -0.326675455884651 1.985100782258553 -6.109511997192119 -1.776157119102173
-0.083862822263904 -0.022089745840163 0.027816355353565 -0.032547101617098 0.422627398685738 -0.335556241480162 2.026762013940253 -6.237732084075631 -1.786130690670795
-0.084025557771989 -0.019976608846734 0.026138574146164 -0.022413291547396 0.391438738265359 -0.344486894933516 2.068403740801417 -6.365892141295681 -1.796104262234977
-0.084137624229726 -0.018019415155407 0.024416139671496 -0.012071272843389 0.359609277558881 -0.353467416244690 2.110025962845929 -6.493992168867813 -1.806077833799158
-0.084197980593943 -0.016221368767613 0.022648802590273 -0.001521143029160 0.327139316714542 -0.362497805413686 2.151628680070461 -6.622032166767600 -1.816051405358898
-0.084205586309089 -0.014585672184040 0.020836313563204 0.009237000371193 0.294029155880704 -0.371578062440481 2.193211892477787 -6.750012135008365 -1.826024976936402
-0.084159401307233 -0.013115526404637 0.018978423251002 0.020203059833582 0.260279095205662 -0.380708187325163 2.234775600062910 -6.877932073601212 -1.835998548491702
-0.084058386008065 -0.011814130928608 0.017074882314376 0.031376937833896 0.225889434837656 -0.389888180067621 2.276319802833604 -7.005791982523935 -1.845972120060324
-0.083901501318895 -0.010684683754420 0.015125441414038 0.042758536848064 0.190860474925036 -0.399118040667923 2.317844500780430 -7.133591861783195 -1.855945691624505
-0.083687708634655 -0.009730381379795 0.013129851210698 0.054347759351966 0.155192515616120 -0.408397769126045 2.359349693911716 -7.261331711392316 -1.865919263184246
-0.083415969837895 -0.008954418801714 0.011087862365068 0.066144507821525 0.118885857059159 -0.417727365441967 2.400835382223576 -7.389011531342415 -1.875892834761750
-0.083085247298788 -0.008359989516418 0.008999225537858 0.078148684732643 0.081940799402447 -0.427106829615775 2.442301565717120 -7.516631321620171 -1.885866406317049
-0.082694503875124 -0.007950285519406 0.006863691389779 0.090360192561229 0.044357642794346 -0.436536161647361 2.483748244391237 -7.644191082250007 -1.895839977881231
-0.082242702912318 -0.007728497305434 0.004681010581543 0.102778933783185 0.006136687383096 -0.446015361536767 2.525175418245373 -7.771690813211940 -1.905813549449853
-0.081728808243402 -0.007697813868519 0.002450933773859 0.115404810874412 -0.032721766682964 -0.455544429284016 2.525175418245373 -7.771690813211940 -1.905813549449853
-0.081151784189030 -0.007861422701934 0.000173211627439 -0.115404810874412 0.032721766682964 0.455544429284016 2.483748244391237 -7.644191082250007 -1.895839977881231
-0.081728808243402 -0.007697813868519 0.002450933773859 -0.102778933783185 -0.006136687383096 0.446015361536767 2.442301565717120 -7.516631321620171 -1.885866406317049
-0.082242702912318 -0.007728497305434 0.004681010581543 -0.090360192561229 -0.044357642794346 0.436536161647361 2.400835382223576 -7.389011531342415 -1.875892834761750
-0.082694503875124 -0.007950285519406 0.006863691389779 -0.078148684732643 -0.081940799402447 0.427106829615775 2.359349693911716 -7.261331711392316 -1.865919263184246
-0.083085247298788 -0.008359989516418 0.008999225537858 -0.066144507821525 -0.118885857059159 0.417727365441967 2.317844500780430 -7.133591861783195 -1.855945691624505
-0.083415969837895 -0.008954418801714 0.011087862365068 -0.054347759351966 -0.155192515616120 0.408397769126045 2.276319802833604 -7.005791982523935 -1.845972120060324
-0.083687708634655 -0.009730381379795 0.013129851210698 -0.042758536848064 -0.190860474925036 0.399118040667923 2.234775600062910 -6.877932073601212 -1.835998548491702
-0.083901501318895 -0.010684683754420 0.015125441414038 -0.031376937833896 -0.225889434837656 0.389888180067621 2.193211892477787 -6.750012135008365 -1.826024976936402
-0.084058386008065 -0.011814130928608 0.017074882314376 -0.020203059833582 -0.260279095205662 0.380708187325163 2.151628680070461 -6.622032166767600 -1.816051405358898
-0.084159401307233 -0.013115526404637 0.018978423251002 -0.009237000371193 -0.294029155880704 0.371578062440481 2.110025962845929 -6.493992168867813 -1.806077833799158
-0.084205586309089 -0.014585672184040 0.020836313563204 0.001521143029160 -0.327139316714542 0.362497805413686 2.068403740801417 -6.365892141295681 -1.796104262234977
-0.084197980593943 -0.016221368767613 0.022648802590273 0.012071272843389 -0.359609277558881 0.353467416244690 2.026762013940253 -6.237732084075631 -1.786130690670795
-0.084137624229726 -0.018019415155407 0.024416139671496 0.022413291547396 -0.391438738265359 0.344486894933516 1.985100782258553 -6.109511997192119 -1.776157119102173
-0.084025557771989 -0.019976608846734 0.026138574146164 0.032547101617098 -0.422627398685738 0.335556241480162 1.943420045759092 -5.981231880647364 -1.766183547537992
-0.083862822263904 -0.022089745840163 0.027816355353565 0.042472605528390 -0.453174958671698 0.326675455884651 1.901719804439095 -5.852891734439147 -1.756209975978251
-0.083650459236262 -0.024355620633521 0.029449732632988 0.052189705757186 -0.483081118074935 0.317844538146961 1.860000058300781 -5.724491558580791 -1.746236404400747
-0.083389510707476 -0.026771026223896 0.031038955323723 0.061698304779381 -0.512345576747131 0.309063488267070 1.818260807344707 -5.596031353054531 -1.736262832849889
-0.083081019183579 -0.029332754107631 0.032584272765058 0.070998305070885 -0.540968034540035 0.300332306245066 1.776502051569762 -5.467511117875912 -1.726289261281266
-0.082726027658224 -0.032037594280332 0.034085934296283 0.080089609107609 -0.568948191305307 0.291650992080816 1.734723790973725 -5.338930853027168 -1.716315689708203
-0.082325579612686 -0.034882335236858 0.035544189256687 0.088972119365457 -0.596285746894687 0.283019545774410 1.692926025562147 -5.210290558526065 -1.706342118152904
-0.081880719015859 -0.037863763971332 0.036959286985559 0.097645738320326 -0.622980401159823 0.274437967325869 1.651108755330588 -5.081590234363720 -1.696368546584281
-0.081392490324257 -0.040978665977131 0.038331476822189 0.106110368448137 -0.649031853952453 0.265906256735104 1.609271980276827 -4.952829880537912 -1.686394975015659
-0.080861938482017 -0.044223825246893 0.039661008105864 0.114365912224790 -0.674439805124272 0.257424414002183 1.567415700408636 -4.824009497061965 -1.676421403455919
-0.080290108920893 -0.047596024272514 0.040948130175875 0.122412272126174 -0.699203954526961 0.248992439127105 1.525539915719909 -4.695129083911453 -1.666447831887297
-0.079678047560262 -0.051092044045149 0.042193092371511 0.130249350628217 -0.723324002012271 0.240610332109825 1.483644626212866 -4.566188641113023 -1.656474260327556
-0.079026800807121 -0.054708664055211 0.043396144032060 0.137877050206817 -0.746799647431828 0.232278092950389 1.441729831885286 -4.437188168651129 -1.646500688754493
-0.078337415556087 -0.058442662292370 0.044557534496812 0.145295273337881 -0.769630590637393 0.223995721648751 1.399795532741610 -4.308127666525774 -1.636527117194753
-0.077610939189397 -0.062290815245557 0.045677513105056 0.152503922497307 -0.791816531480649 0.215763218204978 1.357841728777398 -4.179007134748058 -1.626553545630571
-0.076848419576911 -0.066249897902960 0.046756329196080 0.159502900161015 -0.813357169813278 0.207580582619005 1.315868419993205 -4.049826573304660 -1.616579974061949
-0.076050905076106 -0.070316683752026 0.047794232109175 0.166292108804902 -0.834252205487018 0.199447814890852 1.273875606392916 -3.920585982202240 -1.606606402497768
-0.075219444532081 -0.074487944779461 0.048791471183630 0.172871450904868 -0.854501338353542 0.191364915020542 1.231863287970980 -3.791285361440799 -1.596632830938027
-0.074355087277557 -0.078760451471229 0.049748295758732 0.179240828936833 -0.874104268264553 0.183331883008053 1.189831464732394 -3.661924711020337 -1.586659259364964
-0.073458883132873 -0.083130972812552 0.050664955173773 0.185400145376688 -0.893060695071757 0.175348718853363 1.147780136673826 -3.532504030936412 -1.576685687805224
-0.072531882405989 -0.087596276287911 0.051541698768039 0.191349302700350 -0.911370318626858 0.167415422556538 1.105709303798053 -3.403023321200127 -1.566712116236602
-0.071575135892488 -0.092153127881045 0.052378775880822 0.197088203383719 -0.929032838781541 0.159531994117512 1.063618966099522 -3.273482581793719 -1.556738544676861
-0.070589694875569 -0.096798292074953 0.053176435851410 0.202616749902709 -0.946047955387541 0.151698433536329 1.021509123586561 -3.143881812737170 -1.546764973103798
-0.069576611126055 -0.101528531851890 0.053934928019091 0.207934844733207 -0.962415368296510 0.143914740812945 0.979379776252509 -3.014221014014939 -1.536791401544058
-0.068536936902389 -0.106340608693373 0.054654501723156 0.213042390351140 -0.978134777360196 0.136180915947426 0.937230924100141 -2.884500185629246 -1.526817829979876
-0.067471724950634 -0.111231282580174 0.055335406302893 0.217939289232402 -0.993205882430270 0.128496958939706 0.895062567127791 -2.754719327600075 -1.516844258415695
-0.066382028504472 -0.116197311992325 0.055977891097592 0.222625443852903 -1.007628383358417 0.120862869789806 0.852874705339346 -2.624878439887457 -1.506870686847073
-0.065268901285207 -0.121235453909117 0.056582205446541 0.227100756688542 -1.021401979996417 0.113278648497728 0.810667338729809 -2.494977522535802 -1.496897115282891
-0.064133397501764 -0.126342463809099 0.057148598689029 0.231365130215239 -1.034526372195854 0.105744295063492 0.768440467300846 -2.365016575511802 -1.486923543714269
-0.062976571850688 -0.131515095670079 0.057677320164347 0.235418466908888 -1.047001259808533 0.098259809487078 0.726194091053567 -2.234995598833223 -1.476949972158970
-0.061799479516144 -0.136750101969121 0.058168619211782 0.239260669245392 -1.058826342686092 0.090825191768507 0.683928209990747 -2.104914592495621 -1.466976400585907
-0.060603176169917 -0.142044233682552 0.058622745170625 0.242891639700660 -1.070001320680258 0.083440441907712 0.641642824104061 -1.974773556494558 -1.457002829021725
-0.059388717971414 -0.147394240285953 0.059039947380163 0.246311280750613 -1.080525893642736 0.076105559904782 0.599337933401833 -1.844572490830032 -1.447029257461985
-0.058157161567660 -0.152796869754167 0.059420475179687 0.249519494871134 -1.090399761425209 0.068820545759674 0.557013537878792 -1.714311395515367 -1.437055685888922
-0.056909564093305 -0.158248868561293 0.059764577908486 0.252516184538143 -1.099622623879359 0.061585399472364 0.514669637538823 -1.583990270537239 -1.427082114333622
-0.055646983170614 -0.163746981680690 0.060072504905847 0.255301252227537 -1.108194180856936 0.054400121042919 0.472306232378317 -1.453609115900090 -1.417108542756118
-0.054370476909476 -0.169287952584974 0.060344505511062 0.257874600415231 -1.116114132209622 0.047264710471251 0.429923322399772 -1.323167931592817 -1.407134971205259
-0.053081103907400 -0.174868523246022 0.060580829063418 0.260236131577123 -1.123382177789123 0.040179167757470 0.387520907602357 -1.192666717642066 -1.397161399627755
-0.051779923249515 -0.180485434134968 0.060781724902206 0.262385748189121 -1.129998017447087 0.033143492901444 0.345098987985515 -1.062105474018971 -1.387187828068015
-0.050467994508569 -0.186135424222203 0.060947442366713 0.264323352727133 -1.135961351035297 0.026157685903305 0.302657563550079 -0.931484200736854 -1.377214256508275
-0.049146377744933 -0.191815230977380 0.061078230796229 0.266048847667061 -1.141271878405392 0.019221746762965 0.260196634299936 -0.800802897811259 -1.367240684930771
-0.047816133506598 -0.197521590369407 0.061174339530044 0.267562135484811 -1.145929299409076 0.012335675480424 0.217716200220652 -0.670061565199997 -1.357267113379912
-0.046478322829174 -0.203251236866452 0.061236017907446 0.268863118656311 -1.149933313898133 0.005499472055770 0.175216261333044 -0.539260202948588 -1.347293541802408
-0.045134007235892 -0.209000903435943 0.061263515267725 0.269951699657414 -1.153283621724133 -0.001286863511130 0.132696817622402 -0.408398811031496 -1.337319970247108
-0.043784248737605 -0.214767321544564 0.061257080950170 0.270827780964079 -1.155979922738876 -0.008023331220142 0.090157869091223 -0.277477389450942 -1.327346398674045
-0.042430109832785 -0.220547221158258 0.061216964294069 0.271491265052191 -1.158021916794033 -0.014709931071377 0.047599415743671 -0.146495938212476 -1.317372827114305
-0.041072653507524 -0.226337330742228 0.061143414638712 0.271942054397648 -1.159409303741288 -0.021346663064747 0.005021457577803 -0.015454457314990 -1.307399255550123
-0.039712943235536 -0.232134377260935 0.061036681323388 0.272180051476366 -1.160141783432350 -0.027933527200319 -0.037576005408324 0.115647053233747 -1.297425683981501
-0.038352042978154 -0.237935086178096 0.060897013687387 0.272205158764255 -1.160219055718925 -0.034470523478070 -0.080192973217763 0.246808593468151 -1.287452112417320
-0.036991017184333 -0.243736181456691 0.060724661069996 0.272017278737213 -1.159640820452756 -0.040957651897977 -0.122829445835249 0.378030163329379 -1.277478540853139
-0.035630930790647 -0.249534385558955 0.060519872810506 0.271616313871124 -1.158406777485416 -0.047394912460064 -0.165485423281597 0.509311762872944 -1.267504969284516
-0.034272849221291 -0.255326419446382 0.060282898248206 0.271002166641948 -1.156516626668769 -0.053782305164329 -0.208160905542654 0.640653392076640 -1.257531397724776
-0.032917838388081 -0.261109002579726 0.060013986722384 0.270174739525540 -1.153970067854404 -0.060119830010752 -0.250855892620083 0.772055050917153 -1.247557826160595
-0.031566964690454 -0.266878852918998 0.059713387572331 0.269133934997827 -1.150766800894021 -0.066407486999376 -0.293570384520547 0.903516739443333 -1.237584254587532
-0.030221295015464 -0.272632686923468 0.059381350137334 0.267879655534727 -1.146906525639435 -0.072645276130179 -0.336304381239472 1.035038457619653 -1.227610683032232
-0.028881896737791 -0.278367219551665 0.059018123756683 0.266411803612124 -1.142388941942218 -0.078833197403116 -0.379057882775591 1.166620205457214 -1.217637111459169
-0.027549837719730 -0.284079164261376 0.058623957769667 0.264730281705926 -1.137213749654120 -0.084971250818278 -0.421830889132391 1.298261982949356 -1.207663539899428
-0.026226186311201 -0.289765233009647 0.058199101515576 0.262834992292048 -1.131380648626834 -0.091059436375573 -0.464623400303754 1.429963790104960 -1.197689968330806
-0.024912011349740 -0.295422136252781 0.057743804333698 0.260725837846387 -1.124889338712087 -0.097097754075071 -0.507435416299551 1.561725626924026 -1.187716396771066
-0.023608382160508 -0.301046582946341 0.057258315563323 0.258402720844868 -1.117739519761562 -0.103086203916725 -0.550266937112409 1.693547493406555 -1.177742825198003
-0.022316368556284 -0.306635280545149 0.056742884543739 0.255865543763370 -1.109930891626942 -0.109024785900580 -0.593117962742751 1.825429389532562 -1.167769253642703
-0.021037040837467 -0.312184935003284 0.056197760614236 0.253114209077808 -1.101463154159910 -0.114913500026570 -0.635988493188772 1.957371315317591 -1.157795682065199
-0.019771469792078 -0.317692250774083 0.055623193114103 0.250148619264094 -1.092336007212247 -0.120752346294783 -0.678878528461574 2.089373270792727 -1.147822110514340
-0.018520726695758 -0.323153930810145 0.055019431382629 0.246968676798150 -1.082549150635659 -0.126541324705109 -0.721788068550056 2.221435255902460 -1.137848538936836
-0.017285883311767 -0.328566676563323 0.054386724759104 0.243574284155842 -1.072102284281695 -0.132280435257681 -0.764717113454216 2.353557270675655 -1.127874967381537
-0.016068011890988 -0.333927187984731 0.053725322582815 0.239965343813092 -1.060995108002183 -0.137969677952365 -0.807665663176554 2.485739315096769 -1.117901395808474
-0.014868185171922 -0.339232163524742 0.053035474193054 0.236141758245821 -1.049227321648805 -0.143609052789273 -0.850633717727062 2.617981389219093 -1.107927824248733
-0.013687476380693 -0.344478300132986 0.052317428929107 0.232103429929938 -1.036798625073321 -0.149198559768315 -0.893621277085754 2.750283492958250 -1.097954252684552
-0.012526959231043 -0.349662293258353 0.051571436130266 0.227850261341303 -1.023708718127225 -0.154738198889559 -0.936628341268453 2.882645626371971 -1.087980681115930
-0.011387707924337 -0.354780836848989 0.050797745135818 0.223382154955874 -1.009957300662434 -0.160227970152982 -0.979654910266275 3.015067789435832 -1.078007109551748
-0.010270797149558 -0.359830623352301 0.049996605285053 0.218699013249532 -0.995544072530574 -0.165667873558561 -1.022700984091990 3.147549982196463 -1.068033537987567
-0.009177302083310 -0.364808343714954 0.049168265917260 0.213800738698201 -0.980468733583395 -0.171057909106320 -1.065766562724224 3.280092204569485 -1.058059966418945
-0.008108298389819 -0.369710687382871 0.048312976371729 0.208687233777741 -0.964730983672413 -0.176398076796258 -1.108851646187542 3.412694456637055 -1.048086394859205
-0.007064862220930 -0.374534342301233 0.047430985987747 0.203358400964120 -0.948330522649565 -0.181688376628353 -1.151956234456686 3.545356738334782 -1.038112823295023
-0.006048070216110 -0.379275994914481 0.046522544104606 0.197814142733182 -0.931267050366380 -0.186928808602649 -1.195080327557435 3.678079049724836 -1.028139251721960
-0.005058999502444 -0.383932330166313 0.045587900061592 0.192054361560898 -0.913540266674706 -0.192119372719124 -1.238223925467824 3.810861390749487 -1.018165680166661
-0.004098727694639 -0.388500031499686 0.044627303197997 0.186078959923111 -0.895149871426082 -0.197260068977734 -1.281387028199132 3.943703761439821 -1.008192108593597
-0.003168332895024 -0.392975780856817 0.043641002853108 0.179887840295772 -0.876095564472334 -0.202350897378567 -1.324569635754724 4.076606161802498 -0.998218537033857
-0.002268893693545 -0.397356258679178 0.042629248366215 0.173480905154776 -0.856377045665135 -0.207391857921535 -1.367771748119923 4.209568591806434 -0.988244965465235
-0.001401489167771 -0.401638143907504 0.041592289076608 0.166858056976003 -0.835994014856123 -0.212382950606704 -1.410993365313157 4.342591051484934 -0.978271393901053
-0.000567198882891 -0.405818113981785 0.040530374323574 0.160019198235403 -0.814946171897091 -0.217324175434030 -1.454234487318939 4.475673540811353 -0.968297822341313
0.000232897108286 -0.409892844841270 0.039443753446404 0.152964231408837 -0.793233216639666 -0.222215532403536 -1.497495114146896 4.608816059814558 -0.958324250768250
0.000997718265330 -0.413859010924468 0.038332675784386 0.145693058972243 -0.770854848935609 -0.227057021515242 -1.540775245793613 4.742018608461240 -0.948350679208509
0.001726183560192 -0.417713285169147 0.037197390676810 0.138205583401508 -0.747810768636537 -0.231848642769084 -1.584074882253275 4.875281186766944 -0.938377107639887
0.002417211477199 -0.421452339012329 0.036038147462965 0.130501707172540 -0.724100675594230 -0.236590396165126 -1.627394023541487 5.008603794751654 -0.928403536080147
0.003069720013062 -0.425072842390300 0.034855195482139 0.122581332761274 -0.699724269660396 -0.241282281703326 -1.670732669644334 5.141986432386503 -0.918429964507084
0.003682626676868 -0.428571463738602 0.033648784073622 0.114444362643566 -0.674681250686637 -0.245924299383726 -1.714090820557518 5.275429099649287 -0.908456392951784
0.004254848490086 -0.431944869992036 0.032419162576704 0.106090699295345 -0.648971318524705 -0.250516449206262 -1.757468476306090 5.408931796635486 -0.898482821378721
0.004785301986563 -0.435189726584659 0.031166580330672 0.097520245192557 -0.622594173026458 -0.255058731171021 -1.800865636859689 5.542494523222974 -0.888509249814540
0.005272903212526 -0.438302697449791 0.029891286674817 0.088732902811027 -0.595549514043281 -0.259551145277914 -1.844282302242325 5.676117279516113 -0.878535678254799
0.005716567726581 -0.441280445020008 0.028593530948428 0.079728574626728 -0.567837041427166 -0.263993691526987 -1.887718472431270 5.809800065426085 -0.868562106686177
0.006115210599714 -0.444119630227144 0.027273562490793 0.070507163115517 -0.539456455029586 -0.268386369918261 -1.931174147452794 5.943542881030606 -0.858588535121996
0.006467746415292 -0.446816912502291 0.025931630641201 0.061068570753360 -0.510407454702455 -0.272729180451692 -1.974649327283855 6.077345726280825 -0.848614963553374
0.006773089269059 -0.449368949775804 0.024567984738943 0.051412700016096 -0.480689740297302 -0.277022123127302 -2.018144011937083 6.211208601185625 -0.838641391993633
0.007030152769139 -0.451772398477290 0.023182874123306 0.041539453379677 -0.450303011665898 -0.281265197945069 -2.061658201413762 6.345131505771651 -0.828667820429452
0.007237850036038 -0.454023913535620 0.021776548133581 0.031448733319992 -0.419246968659970 -0.285458404905037 -2.105191895695954 6.479114439976730 -0.818694248856389
0.007395093702637 -0.456120148378920 0.020349256109056 0.021140442312923 -0.387521311131112 -0.289601744007184 -2.148745094807114 6.613157403878578 -0.808720677296648
0.007500795914202 -0.458057754934575 0.018901247389020 0.010614482834443 -0.355125738931228 -0.293695215251466 -2.192317798741065 6.747260397439447 -0.798747105736908
0.007553868328374 -0.459833383629231 0.017432771312763 -0.000129242639593 -0.322059951911835 -0.297738818637949 -2.235910007486602 6.881423420648236 -0.788773534159404
0.007553222115176 -0.461443683388790 0.015944077219573 -0.011090831633298 -0.288323649924638 -0.301732554166634 -2.279521721046777 7.015646473493842 -0.778799962608545
0.007497767957010 -0.462885301638414 0.014435414448740 -0.022270381670731 -0.253916532821397 -0.305676421837431 -2.323152939439806 7.149929556058421 -0.768826391031041
0.007386416048656 -0.464154884302521 0.012907032339553 -0.033667990275965 -0.218838300453927 -0.309570421650474 -2.366803662637966 7.284272668226510 -0.758852819471301
0.007218076097276 -0.465249075804790 0.011359180231300 -0.045283754973164 -0.183088652673635 -0.313414553605629 -2.410473890660514 7.418675810075825 -0.748879247907119
0.006991657322411 -0.466164519068158 0.009792107463272 -0.057117773286354 -0.146667289332503 -0.317208817702985 -2.454163623506131 7.553138981599705 -0.738905676342938
0.006706068455979 -0.466897855514821 0.008206063374757 -0.069170142739656 -0.109573910282124 -0.320953213942521 -2.497872861162640 7.687662182755961 -0.728932104774316
0.006360217742281 -0.467445725066232 0.006601297305045 -0.081440960857187 -0.071808215374125 -0.324647742324236 -2.541601603639892 7.822245413584561 -0.718958533214575
