-0.009254507513324 -0.485977667154291 0.000000000000000 0.083100467537198 0.017063993725208 0.255791067688937 -1.333461226858540 4.361555145513396 -0.566092458322842
-0.008839005175638 -0.485892347185665 0.001278955338445 0.076433161402905 0.038871769452775 0.252960605397323 -1.317081835974232 4.307980571955916 -0.567389783543426
-0.008456839368624 -0.485697988338401 0.002543758365431 0.069847752223034 0.060411672312555 0.250123656479606 -1.300691810649202 4.254371214702513 -0.568687108777333
-0.008107600607508 -0.485395929976838 0.003794376647829 0.063344293169788 0.081683528386067 0.247280220935719 -1.284291150862210 4.200727073693233 -0.569984434006798
-0.007790879141659 -0.484987512334908 0.005030777752508 0.056922837415477 0.102687163754533 0.244430298765685 -1.267879856635505 4.147048148999133 -0.571281759236264
-0.007506264954582 -0.484474076516135 0.006252929246336 0.050583438132299 0.123422404499529 0.241573889969504 -1.251457927964016 4.093334440604668 -0.572579084470171
-0.007253347763921 -0.483856964493638 0.007460798696184 0.044326148492479 0.143889076702552 0.238710994547153 -1.235025364839555 4.039585948483193 -0.573876409695195
-0.007031717021458 -0.483137519110125 0.008654353668920 0.038151021668281 0.164087006444968 0.235841612498677 -1.218582167261395 3.985802672619165 -0.575173734924661
-0.006840961913117 -0.482317084077900 0.009833561731413 0.032058110831974 0.184016019808064 0.232965743824054 -1.202128335244870 3.931984613092521 -0.576471060158568
-0.006680671358957 -0.481397003978860 0.010998390450533 0.026047469155750 0.203675942873527 0.230083388523261 -1.185663868770864 3.878131769812221 -0.577768385388033
-0.006550434013178 -0.480378624264492 0.012148807393150 0.020119149811896 0.223066601722588 0.227194546596321 -1.169188767860645 3.824244142855981 -0.579065710617499
-0.006449838264119 -0.479263291255879 0.013284780126131 0.014273205972593 0.242187822436868 0.224299218043233 -1.152703032486942 3.770321732146087 -0.580363035842524
-0.006378472234256 -0.478052352143695 0.014406276216347 0.008509690810158 0.261039431097598 0.221397402864021 -1.136206662679176 3.716364537764694 -0.581660361080871
-0.006335923780205 -0.476747154988207 0.015513263230667 0.002828657496762 0.279621253786422 0.218489101058617 -1.119699658407129 3.662372559620763 -0.582957686305896
-0.006321780492721 -0.475349048719275 0.016605708735961 -0.002769840795274 0.297933116584526 0.215574312627087 -1.103182019704454 3.608345797807555 -0.584255011535362
-0.006335629696697 -0.473859383136352 0.017683580299096 -0.008285750893796 0.315974845573563 0.212653037569410 -1.086653746542807 3.554284252267337 -0.585552336764827
-0.006377058451166 -0.472279508908484 0.018746845486943 -0.013719019626510 0.333746266834900 0.209725275885586 -1.070114838933045 3.500187923004550 -0.586849661998734
-0.006445653549299 -0.470610777574310 0.019795471866371 -0.019069593821175 0.351247206449923 0.206791027575592 -1.053565296877598 3.446056810034737 -0.588146987223759
-0.006541001518405 -0.468854541542060 0.020829427004249 -0.024337420305563 0.368477490500096 0.203850292639474 -1.037005120368764 3.391890913337914 -0.589444312457665
-0.006662688619933 -0.467012154089560 0.021848678467446 -0.029522445907407 0.385436945066786 0.200903071077185 -1.020434309424584 3.337690232974033 -0.590741637687131
-0.006810300849470 -0.465084969364226 0.022853193822832 -0.034624617454530 0.402125396231656 0.197949362888750 -1.003852864015844 3.283454768838734 -0.592038962916597
-0.006983423936742 -0.463074342383068 0.023842940637276 -0.039643881774609 0.418542670075850 0.194989168074167 -0.987260784169816 3.229184521034156 -0.593336288146062
-0.007181643345615 -0.460981629032688 0.024817886477647 -0.044580185695458 0.434688592681021 0.192022486633436 -0.970658069868006 3.174879489471483 -0.594633613375528
-0.007404544274093 -0.458808186069283 0.025777998910814 -0.049433476044798 0.450562990128378 0.189049318566559 -0.954044721124744 3.120539674248413 -0.595930938604994
-0.007651711654317 -0.456555371118641 0.026723245503647 -0.054203699650422 0.466165688499620 0.186069663873534 -0.937420737930940 3.066165075280569 -0.597228263838900
-0.007922730152569 -0.454224542676143 0.027653593823014 -0.058890803340077 0.481496513876023 0.183083522554339 -0.920786120283679 3.011755692592377 -0.598525589063925
-0.008217184169269 -0.451817060106763 0.028569011435786 -0.063494733941495 0.496555292338985 0.180090894609020 -0.904140868192849 2.957311526208262 -0.599822914297832
-0.008534657838977 -0.449334283645068 0.029469465908831 -0.068015438282459 0.511341849970026 0.177091780037530 -0.887484981657860 2.902832576121561 -0.601120239522857
-0.008874735030389 -0.446777574395218 0.030354924809019 -0.072452863190749 0.525856012850634 0.174086178839916 -0.870818460663725 2.848318842283426 -0.602417564756763
-0.009236999346343 -0.444148294330965 0.031225355703218 -0.076806955494067 0.540097607062051 0.171074091016132 -0.854141305229594 2.793770324767131 -0.603714889986229
-0.009621034123813 -0.441447806295655 0.032080726158299 -0.081077662020215 0.554066458685887 0.168055516566201 -0.837453515347142 2.739187023532708 -0.605012215215694
-0.010026422433914 -0.438677474002225 0.032921003741130 -0.085264929596951 0.567762393803550 0.165030455490123 -0.820755091008735 2.684568938560172 -0.606309540445160
-0.010452747081899 -0.435838662033207 0.033746156018581 -0.089368705051995 0.581185238496351 0.161998907787897 -0.804046032228736 2.629916069898375 -0.607606865674626
-0.010899590607159 -0.432932735840726 0.034556150557520 -0.093388935213138 0.594334818845843 0.158960873459524 -0.787326338997224 2.575228417507347 -0.608904190908532
-0.011366535283225 -0.429961061746497 0.035350954924818 -0.097325566908124 0.607210960933380 0.155916352504981 -0.770596011323635 2.520505981431498 -0.610201516133557
-0.011853163117765 -0.426925006941830 0.036130536687343 -0.101178546964743 0.619813490840537 0.152865344924313 -0.753855049192079 2.465748761608655 -0.611498841363023
-0.012359055852589 -0.423825939487627 0.036894863411964 -0.104947822210703 0.632142234648581 0.149807850717498 -0.737103452618793 2.410956758092109 -0.612796166596929
-0.012883794963642 -0.420665228314384 0.037643902665552 -0.108633339473797 0.644197018439041 0.146743869884514 -0.720341221595866 2.356129970864096 -0.614093491826395
-0.013426961661011 -0.417444243222189 0.038377622014974 -0.112235045581776 0.655977668293362 0.143673402425382 -0.703568356121634 2.301268399897971 -0.615390817055861
-0.013988136888920 -0.414164354880722 0.039095989027101 -0.115752887362384 0.667484010292851 0.140596448340102 -0.686784856205117 2.246372045253686 -0.616688142285327
-0.014566901325732 -0.410826934829258 0.039798971268802 -0.119186811643410 0.678715870519120 0.137513007628676 -0.669990721834171 2.191440906871289 -0.617985467510351
-0.015162835383949 -0.407433355476662 0.040486536306945 -0.122536765252581 0.689673075053476 0.134423080291124 -0.653185953016500 2.136474984779646 -0.619282792748699
-0.015775519210212 -0.403984990101395 0.041158651708401 -0.125802695017663 0.700355449977375 0.131326666327380 -0.636370549753212 2.081474278989859 -0.620580117978164
-0.016404532685300 -0.400483212851508 0.041815285040038 -0.128984547766429 0.710762821372324 0.128223765737490 -0.619544512033832 2.026438789450857 -0.621877443198748
-0.017049455424133 -0.396929398744646 0.042456403868725 -0.132082270326599 0.720895015319578 0.125114378521496 -0.602707839881672 1.971368516258121 -0.623174768437096
-0.017709866775766 -0.393324923668048 0.043081975761333 -0.135095809526007 0.730751857900869 0.121998504679310 -0.585860533263288 1.916263459293965 -0.624472093666562
-0.018385345823396 -0.389671164378544 0.043691968284729 -0.138025112192323 0.740333175197339 0.118876144210978 -0.569002592208101 1.861123618644989 -0.625769418896027
-0.019075471384357 -0.385969498502557 0.044286349005784 -0.140870125153364 0.749638793290563 0.115747297116497 -0.552134016698763 1.805948994273443 -0.627066744121052
-0.019779822010124 -0.382221304536105 0.044865085491367 -0.143630795236858 0.758668538261931 0.112611963395892 -0.535254806745544 1.750739586199312 -0.628364069354959
-0.020497975986308 -0.378427961844795 0.045428145308346 -0.146307069270585 0.767422236192927 0.109470143049117 -0.518364962339146 1.695495394398172 -0.629661394588865
-0.021229511332661 -0.374590850663830 0.045975496023592 -0.148898894082281 0.775899713164918 0.106321836076173 -0.501464483489977 1.640216418901108 -0.630958719809449
-0.021974005803073 -0.370711352098006 0.046507105203972 -0.151406216499731 0.784100795259424 0.103167042477126 -0.484553370187629 1.584902659670373 -0.632256045047797
-0.022731036885571 -0.366790848121709 0.047022940416358 -0.153828983350669 0.792025308557776 0.100005762251887 -0.467631622436959 1.529554116737053 -0.633553370272821
-0.023500181802325 -0.362830721578920 0.047522969227618 -0.156167141462854 0.799673079141461 0.096837995400523 -0.450699240243657 1.474170790098928 -0.634850695506728
-0.024281017509639 -0.358832356183212 0.048007159204620 -0.158420637664072 0.807043933091955 0.093663741922989 -0.433756223595094 1.418752679729351 -0.636148020731753
-0.025073120697959 -0.354797136517753 0.048475477914235 -0.160589418782048 0.814137696490602 0.090483001819330 -0.416802572501818 1.363299785657190 -0.637445345965659
-0.025876067791870 -0.350726448035300 0.048927892923332 -0.162673431644557 0.820954195418888 0.087295775089502 -0.399838286959525 1.307812107873563 -0.638742671195125
-0.026689434950092 -0.346621677058205 0.049364371798779 -0.164672623079355 0.827493255958256 0.084102061733526 -0.382863366970854 1.252289646378468 -0.640039996420150
-0.027512798065489 -0.342484210778414 0.049784882107447 -0.166586939914209 0.833754704190148 0.080901861751426 -0.365877812525117 1.196732401143041 -0.641337321658497
-0.028345732765060 -0.338315437257463 0.050189391416204 -0.168416328976834 0.839738366195864 0.077695175143133 -0.348881623646047 1.141140372242777 -0.642634646883522
-0.029187814409944 -0.334116745426484 0.050577867291920 -0.170160737095065 0.845444068057077 0.074482001908716 -0.331874800304499 1.085513559584417 -0.643931972112988
-0.030038618095420 -0.329889525086198 0.050950277301463 -0.171820111096587 0.850871635854999 0.071262342048151 -0.314857342521846 1.029851963241235 -0.645229297342453
-0.030897718650903 -0.325635166906923 0.051306589011704 -0.173394397809196 0.856020895671206 0.068036195561438 -0.297829250292675 0.974155583177705 -0.646526622576360
-0.031764690639949 -0.321355062428567 0.051646769989511 -0.174883544060660 0.860891673587094 0.064803562448557 -0.280790523604635 0.918424419378283 -0.647823947801385
-0.032639108360252 -0.317050604060632 0.051970787801754 -0.176287496678683 0.865483795683986 0.061564442709550 -0.263741162482289 0.862658471905142 -0.649121273035291
-0.033520545843645 -0.312723185082212 0.052278610015302 -0.177606202491094 0.869797088043511 0.058318836344373 -0.246681166901908 0.806857740691669 -0.650418598264757
-0.034408576856101 -0.308374199641994 0.052570204197024 -0.178839608325604 0.873831376746970 0.055066743353049 -0.229610536874314 0.751022225768949 -0.651715923494223
-0.035302774897729 -0.304005042758260 0.052845537913789 -0.179987661009975 0.877586487875814 0.051808163735578 -0.212529272403950 0.695151927145865 -0.653013248723688
-0.036202713202779 -0.299617110318880 0.053104578732467 -0.181050307371995 0.881062247511544 0.048543097491960 -0.195437373478602 0.639246844791330 -0.654310573948713
-0.037107964739639 -0.295211799081323 0.053347294219927 -0.182027494239388 0.884258481735500 0.045271544622216 -0.178334840104932 0.583306978729770 -0.655607899191502
-0.038018102210836 -0.290790506672645 0.053573651943038 -0.182919168439913 0.887175016629149 0.041993505126259 -0.161221672290712 0.527332328963404 -0.656905224407645
-0.038932698053035 -0.286354631589500 0.053783619468669 -0.183725276801366 0.889811678273966 0.038708979004221 -0.144097870019844 0.471322895472248 -0.658202549645992
-0.039851324437042 -0.281905573198130 0.053977164363690 -0.184445766151466 0.892168292751327 0.035417966255991 -0.126963433305649 0.415278678280728 -0.659499874871017
-0.040773553267799 -0.277444731734373 0.054154254194970 -0.185080583317994 0.894244686142731 0.032120466881636 -0.109818362138969 0.359199677359978 -0.660797200104923
-0.041698956184389 -0.272973508303659 0.054314856529378 -0.185629675128689 0.896040684529531 0.028816480881111 -0.092662656527298 0.303085892734423 -0.662094525334389
-0.042627104560033 -0.268493304881012 0.054458938933784 -0.186092988411325 0.897556113993203 0.025506008254439 -0.075496316466472 0.246937324404062 -0.663391850559414
-0.043557569502089 -0.264005524311046 0.054586468975056 -0.186470469993658 0.898790800615223 0.022189049001642 -0.058319341955104 0.190753972342250 -0.664689175797761
-0.044489921852058 -0.259511570307970 0.054697414220064 -0.186762066703433 0.899744570476935 0.018865603122653 -0.041131733000965 0.134535836588956 -0.665986501022786
-0.045423732185575 -0.255012847455585 0.054791742235677 -0.186967725368438 0.900417249659879 0.015535670617539 -0.023933489590178 0.078282917093109 -0.667283826247811
-0.046358570812417 -0.250510761207286 0.054869420588765 -0.187087392816389 0.900808664245345 0.012199251486300 -0.006724611738840 0.021995213914661 -0.668581151486158
-0.047294007776499 -0.246006717886059 0.054930416846197 -0.187121015875083 0.900918640314918 0.008856345728869 0.010494900566371 -0.034327272996348 -0.669878476715624
-0.048229612855874 -0.241502124684484 0.054974698574841 -0.187068541372251 0.900747003949937 0.005506953345291 0.027725047317684 -0.090684543618824 -0.671175801940649
-0.049164955562736 -0.236998389664735 0.055002233341567 -0.186929916135663 0.900293581231842 0.002151074335588 0.044965828515930 -0.147076597941664 -0.672473127174555
-0.050099605143414 -0.232496921758575 0.055012988713245 -0.186705086993083 0.899558198242134 -0.001211291300285 0.062217244164997 -0.203503435993735 -0.673770452399580
-0.051033130578379 -0.227999130767365 0.055006932256744 -0.186394000772258 0.898540681062165 -0.004580143562283 0.079479294260720 -0.259965057747280 -0.675067777633487
-0.051965100582241 -0.223506427362054 0.054984031538932 -0.185996604300954 0.897240855773429 -0.007955482450450 0.096751978807263 -0.316461463216733 -0.676365102867393
-0.052895083603745 -0.219020223083187 0.054944254126680 -0.185512844406918 0.895658548457345 -0.011337307964787 0.114035297798243 -0.372992652413195 -0.677662428087977
-0.053822647825780 -0.214541930340900 0.054887567586856 -0.184942667917927 0.893793585195279 -0.014725620105227 0.131329251240320 -0.429558625303361 -0.678959753321884
-0.054747361165370 -0.210072962414924 0.054813939486330 -0.184286021661725 0.891645792068763 -0.018120418871836 0.148633839131551 -0.486159381913875 -0.680257078555790
-0.055668791273678 -0.205614733454580 0.054723337391971 -0.183542852466068 0.889214995159193 -0.021521704264615 0.165949061468607 -0.542794922242518 -0.681554403780815
-0.056586505536009 -0.201168658478784 0.054615728870648 -0.182713107158725 0.886501020547981 -0.024929476283519 0.183274918255372 -0.599465246280406 -0.682851729010281
-0.057500071071802 -0.196736153376044 0.054491081489230 -0.181796732567448 0.883503694316579 -0.028343734928571 0.200611409490181 -0.656170354023100 -0.684149054248628
-0.058409054734639 -0.192318634904461 0.054349362814587 -0.180793675519997 0.880222842546463 -0.031764480199814 0.217958535173868 -0.712910245497245 -0.685446379464771
-0.059313023112239 -0.187917520691729 0.054190540413588 -0.179703882844127 0.876658291318977 -0.035191712097138 0.235316295306154 -0.769684920673974 -0.686743704707560
-0.060211542526460 -0.183534229235134 0.054014581853103 -0.178527301367597 0.872809866715607 -0.038625430620676 0.252684689885097 -0.826494379562170 -0.688041029932585
-0.061104179033298 -0.179170179901556 0.053821454699999 -0.177263877918171 0.868677394817796 -0.042065635770339 0.270063718914582 -0.883338622166274 -0.689338355157609
-0.061990498422889 -0.174826792927467 0.053611126521148 -0.175913559323598 0.864260701706965 -0.045512327546127 0.287453382391001 -0.940217648484065 -0.690635680395957
-0.062870066219507 -0.170505489418932 0.053383564883417 -0.174476292411643 0.859559613464544 -0.048965505948106 0.304853680315742 -0.997131458522205 -0.691933005620982
-0.063742447681565 -0.166207691351609 0.053138737353676 -0.172952024010065 0.854573956171933 -0.052425170976211 0.322264612688805 -1.054080052256268 -0.693230330850447
-0.064607207801615 -0.161934821570750 0.052876611498795 -0.171340700946621 0.849303555910652 -0.055891322630464 0.339686179511300 -1.111063429715120 -0.694527656084354
-0.065463911306349 -0.157688303791196 0.052597154885643 -0.169642270049064 0.843748238762076 -0.059363960910885 0.357118380781007 -1.168081590889880 -0.695824981309379
-0.066312122656594 -0.153469562597386 0.052300335081089 -0.167856678145159 0.837907830807627 -0.062843085817432 0.374561216501257 -1.225134535771666 -0.697122306543285
-0.067151406047320 -0.149280023443348 0.051986119652002 -0.165983872062653 0.831782158128769 -0.066328697350149 0.392014686665942 -1.282222264369359 -0.698419631772751
-0.067981325407633 -0.145121112652704 0.051654476165251 -0.164023798629323 0.825371046806922 -0.069820795509012 0.409478791282836 -1.339344776678519 -0.699716957002217
-0.068801444400780 -0.140994257418669 0.051305372187706 -0.161976404672909 0.818674322923529 -0.073319380294024 0.426953530345831 -1.396502072703587 -0.701014282231682
-0.069611326424144 -0.136900885804052 0.050938775286236 -0.159841637021180 0.811691812560011 -0.076824451705182 0.444438903858257 -1.453694152442342 -0.702311607456707
-0.070410534609250 -0.132842426741252 0.050554653027710 -0.157619442501888 0.804423341797800 -0.080336009742465 0.461934911817896 -1.510921015888123 -0.703608932695055
-0.071198631821759 -0.128820310032263 0.050152972978997 -0.155309767942799 0.796868736718359 -0.083854054405941 0.479441554228632 -1.568182663052031 -0.704906257924520
-0.071975180661473 -0.124835966348671 0.049733702706968 -0.152912560171656 0.789027823403099 -0.087378585695563 0.496958831083805 -1.625479093934068 -0.706203583145104
-0.072739743462332 -0.120890827231655 0.049296809778490 -0.150427766016237 0.780900427933429 -0.090909603611289 0.514486742388964 -1.682810308520910 -0.707500908387892
-0.073491882292413 -0.116986325091988 0.048842261760433 -0.147855332304292 0.772486376390824 -0.094447108153228 0.532025288143001 -1.740176306821439 -0.708798233608476
-0.074231158953934 -0.113123893210034 0.048370026219667 -0.145195205863577 0.763785494856717 -0.097991099321271 0.549574468346470 -1.797577088840097 -0.710095558837942
-0.074957134983252 -0.109304965735750 0.047880070723061 -0.142447333521845 0.754797609412516 -0.101541577115460 0.567134282995485 -1.855012654572441 -0.711392884076290
-0.075669371650861 -0.105530977688688 0.047372362837484 -0.139611662106867 0.745522546139654 -0.105098541535842 0.584704732095598 -1.912483004009591 -0.712690209301314
-0.076367429961396 -0.101803364957990 0.046846870129804 -0.136688138446389 0.735960131119606 -0.108661992582348 0.602285815641812 -1.969988137173750 -0.713987534526339
-0.077050870653628 -0.098123564302392 0.046303560166893 -0.133676709368180 0.726110190433737 -0.112231930254980 0.619877533638569 -2.027528054036054 -0.715284859764687
-0.077719254200469 -0.094493013350223 0.045742400515618 -0.130577321699987 0.715972550163557 -0.115808354553804 0.637479886081982 -2.085102754625368 -0.716582184989711
-0.078372140808969 -0.090913150599405 0.045163358742849 -0.127389922269577 0.705547036390430 -0.119391265478752 0.655092872974272 -2.142712238919486 -0.717879510223618
-0.079009090420316 -0.087385415417453 0.044566402415455 -0.124114457904706 0.694833475195833 -0.122980663029870 0.672716494314884 -2.200356506922851 -0.719176835448643
-0.079629662709840 -0.083911248041474 0.043951499100306 -0.120750875433132 0.683831692661219 -0.126576547207113 0.690350750104929 -2.258035558653226 -0.720474160682549
-0.080233417087006 -0.080492089578168 0.043318616364270 -0.117299121682607 0.672541514867953 -0.130178918010526 0.707995640339965 -2.315749394083966 -0.721771485907574
-0.080819912695419 -0.077129382003828 0.042667721774217 -0.113759143480907 0.660962767897533 -0.133787775440064 0.725651165028318 -2.373498013239494 -0.723068811141481
-0.081388708412823 -0.073824568164340 0.041998782897017 -0.110130887655766 0.649095277831335 -0.137403119495771 0.743317324160553 -2.431281416095388 -0.724366136375387
-0.081939362851102 -0.070579091775184 0.041311767299538 -0.106414301034963 0.636938870750858 -0.141024950177648 0.760994117744440 -2.489099602673850 -0.725663461595971
-0.082471434356277 -0.067394397421429 0.040606642548650 -0.102609330446241 0.624493372737489 -0.144653267485628 0.778681545774429 -2.546952572963779 -0.726960786829878
-0.082984481008508 -0.064271930557742 0.039883376211222 -0.098715922717368 0.611758609872670 -0.148288071419778 0.796379608254405 -2.604840326962954 -0.728258112063784
-0.083478060622095 -0.061213137508379 0.039141935854123 -0.094734024676096 0.598734408237855 -0.151929361980097 0.814088305181038 -2.662762864680257 -0.729555437288809
-0.083951730745475 -0.058219465467189 0.038382289044222 -0.090663583150191 0.585420593914454 -0.155577139166541 0.831807636557658 -2.720720186111247 -0.730852762522716
-0.084405048661226 -0.055292362497617 0.037604403348390 -0.086504544967403 0.571816992983898 -0.159231402979154 0.849537602382044 -2.778712291249263 -0.732150087747740
-0.084837571386063 -0.052433277532697 0.036808246333494 -0.082256856955493 0.557923431527652 -0.162892153417893 0.867278202654198 -2.836739180109848 -0.733447412981647
-0.085248855670841 -0.049643660375059 0.035993785566405 -0.077920465942222 0.543739735627102 -0.166559390482801 0.885029437375784 -2.894800852670798 -0.734744738211113
-0.085638458000552 -0.046924961696924 0.035160988613991 -0.073495318755343 0.529265731363748 -0.170233114173857 0.902791306545692 -2.952897308960978 -0.736042063436138
-0.086005934594329 -0.044278633040105 0.034309823043121 -0.068981362222614 0.514501244818943 -0.173913324491037 0.920563810161701 -3.011028548947081 -0.737339388674485
-0.086350841405442 -0.041706126816010 0.033440256420666 -0.064378543171806 0.499446102074208 -0.177600021434410 0.938346948228808 -3.069194572664635 -0.738636713899510
-0.086672734121301 -0.039208896305639 0.032552256313494 -0.059686808430662 0.484100129210885 -0.181293205003907 0.956140720742016 -3.127395380078113 -0.739934039128975
-0.086971168163454 -0.036788395659585 0.031645790288474 -0.054906104826952 0.468463152310494 -0.184992875199552 0.973945127707432 -3.185630971223041 -0.741231364358441
-0.087245698687589 -0.034446079898032 0.030720825912477 -0.050036379188415 0.452534997454379 -0.188699032021344 0.991760169116174 -3.243901346061673 -0.742528689592348
-0.087495880583531 -0.032183404910760 0.029777330752370 -0.045077578342834 0.436315490724071 -0.192411675469306 1.009585844977123 -3.302206504625094 -0.743826014821813
-0.087721268475245 -0.030001827457140 0.028815272375023 -0.040029649117948 0.419804458200945 -0.196130805543415 1.027422155284730 -3.360546446902202 -0.745123340046838
-0.087921416720835 -0.027902805166135 0.027834618347306 -0.034892538341524 0.403001725966434 -0.199856422243649 1.045269100040103 -3.418921172890776 -0.746420665280745
-0.088095879412542 -0.025887796536303 0.026835336236088 -0.029666192841324 0.385907120101980 -0.203588525570053 1.063126679246018 -3.477330682588597 -0.747717990505770
-0.088244210376749 -0.023958260935793 0.025817393608238 -0.024350559445094 0.368520466689037 -0.207327115522582 1.080994892898590 -3.535774976006767 -0.749015315744117
-0.088365963173974 -0.022115658602348 0.024780758030625 -0.018945584980601 0.350841591809004 -0.211072192101303 1.098873741001150 -3.594254053131962 -0.750312640969142
-0.088460691098877 -0.020361450643303 0.023725397070118 -0.013451216275595 0.332870321543344 -0.214823755306148 1.116763223548145 -3.652767913970845 -0.751609966198608
-0.088527947180255 -0.018697099035586 0.022651278293588 -0.007867400157854 0.314606481973490 -0.218581805137141 1.134663340547348 -3.711316558532296 -0.752907291432514
-0.088567284181045 -0.017124066625719 0.021558369267902 -0.002194083455118 0.296049899180828 -0.222346341594304 1.152574091994318 -3.769899986794112 -0.754204616657539
-0.088578254598320 -0.015643817129815 0.020446637559930 0.003568787004854 0.277200399246857 -0.226117364677592 1.170495477887945 -3.828518198774056 -0.755501941891445
-0.088560410663296 -0.014257815133580 0.019316050736543 0.009421264394294 0.258057808252987 -0.229894874387049 1.188427498232669 -3.887171194472128 -0.756799267116470
-0.088513304341325 -0.012967526092316 0.018166576364607 0.015363401885457 0.238621952280627 -0.233678870722631 1.206370153022940 -3.945858973877225 -0.758096592345936
-0.088436487331897 -0.011774416330912 0.016998182010994 0.021395252650572 0.218892657411240 -0.237469353684361 1.224323442263753 -4.004581536998231 -0.759393917584283
-0.088329511068644 -0.010679953043856 0.015810835242572 0.027516869861891 0.198869749726249 -0.241266323272282 1.242287365950667 -4.063338883832923 -0.760691242809308
-0.088191926719335 -0.009685604295225 0.014604503626211 0.033728306691644 0.178553055307085 -0.245069779486329 1.260261924088679 -4.122131014379082 -0.761988568038774
-0.088023285185877 -0.008792839018690 0.013379154728779 0.040029616312087 0.157942400235189 -0.248879722326523 1.278247116673348 -4.180957928638929 -0.763285893268240
-0.087823137104316 -0.008003127017514 0.012134756117147 0.046420851895454 0.137037610591995 -0.252696151792864 1.296242943705783 -4.239819626614683 -0.764583218497705
-0.087591032844839 -0.007317938964554 0.010871275358182 0.052902066613983 0.115838512458921 -0.256519067885352 1.314249405188206 -4.298716108299683 -0.765880543731612
-0.087326522511769 -0.006738746402259 0.009588680018756 0.059473313639924 0.094344931917423 -0.260348470604010 1.332266501119506 -4.357647373700591 -0.767177868956637
-0.087029155943570 -0.006267021742672 0.008286937665736 0.066134646145521 0.072556695048920 -0.264184359948794 1.350294231494131 -4.416613422815185 -0.768475194190543
-0.086698482712842 -0.005904238267427 0.006966015865992 0.072886117302992 0.050473627934844 -0.268026735919746 1.368332596323740 -4.475614255639027 -0.769772519420009
-0.086334052126327 -0.005651870127753 0.005625882186393 0.079727780284611 0.028095556656649 -0.271875598516846 1.386381595598341 -4.534649872178775 -0.771069844645034
-0.085935413224904 -0.005511392344470 0.004266504193809 0.086659688262603 0.005422307295755 -0.275730947740072 1.404441229321263 -4.593720272436652 -0.772367169883381
-0.085502114783591 -0.005484280807991 0.002887849455108 0.093681894409209 -0.017546294066428 -0.279592783589488 1.422511497493062 -4.652825456399334 -0.773664495103965
-0.085033705311545 -0.005572012278323 0.001489885537161 0.100794451896674 -0.040810421348425 -0.283461106065008 1.422511497493062 -4.652825456399334 -0.773664495103965
-0.084529733052061 -0.005776064385065 0.000072580006836 -0.100794451896674 0.040810421348425 0.283461106065008 1.404441229321263 -4.593720272436652 -0.772367169883381
-0.085033705311545 -0.005572012278323 0.001489885537161 -0.093681894409209 0.017546294066428 0.279592783589488 1.386381595598341 -4.534649872178775 -0.771069844645034
-0.085502114783591 -0.005484280807991 0.002887849455108 -0.086659688262603 -0.005422307295755 0.275730947740072 1.368332596323740 -4.475614255639027 -0.769772519420009
-0.085935413224904 -0.005511392344470 0.004266504193809 -0.079727780284611 -0.028095556656649 0.271875598516846 1.350294231494131 -4.416613422815185 -0.768475194190543
-0.086334052126327 -0.005651870127753 0.005625882186393 -0.072886117302992 -0.050473627934844 0.268026735919746 1.332266501119506 -4.357647373700591 -0.767177868956637
-0.086698482712842 -0.005904238267427 0.006966015865992 -0.066134646145521 -0.072556695048920 0.264184359948794 1.314249405188206 -4.298716108299683 -0.765880543731612
-0.087029155943570 -0.006267021742672 0.008286937665736 -0.059473313639924 -0.094344931917423 0.260348470604010 1.296242943705783 -4.239819626614683 -0.764583218497705
-0.087326522511769 -0.006738746402259 0.009588680018756 -0.052902066613983 -0.115838512458921 0.256519067885352 1.278247116673348 -4.180957928638929 -0.763285893268240
-0.087591032844839 -0.007317938964554 0.010871275358182 -0.046420851895454 -0.137037610591995 0.252696151792864 1.260261924088679 -4.122131014379082 -0.761988568038774
-0.087823137104316 -0.008003127017514 0.012134756117147 -0.040029616312087 -0.157942400235189 0.248879722326523 1.242287365950667 -4.063338883832923 -0.760691242809308
-0.088023285185877 -0.008792839018690 0.013379154728779 -0.033728306691644 -0.178553055307085 0.245069779486329 1.224323442263753 -4.004581536998231 -0.759393917584283
-0.088191926719335 -0.009685604295225 0.014604503626211 -0.027516869861891 -0.198869749726249 0.241266323272282 1.206370153022940 -3.945858973877225 -0.758096592345936
-0.088329511068644 -0.010679953043856 0.015810835242572 -0.021395252650572 -0.218892657411240 0.237469353684361 1.188427498232669 -3.887171194472128 -0.756799267116470
-0.088436487331897 -0.011774416330912 0.016998182010994 -0.015363401885457 -0.238621952280627 0.233678870722631 1.170495477887945 -3.828518198774056 -0.755501941891445
-0.088513304341325 -0.012967526092316 0.018166576364607 -0.009421264394294 -0.258057808252987 0.229894874387049 1.152574091994318 -3.769899986794112 -0.754204616657539
-0.088560410663296 -0.014257815133580 0.019316050736543 -0.003568787004854 -0.277200399246857 0.226117364677592 1.134663340547348 -3.711316558532296 -0.752907291432514
-0.088578254598320 -0.015643817129815 0.020446637559930 0.002194083455118 -0.296049899180828 0.222346341594304 1.116763223548145 -3.652767913970845 -0.751609966198608
-0.088567284181045 -0.017124066625719 0.021558369267902 0.007867400157854 -0.314606481973490 0.218581805137141 1.098873741001150 -3.594254053131962 -0.750312640969142
-0.088527947180255 -0.018697099035586 0.022651278293588 0.013451216275595 -0.332870321543344 0.214823755306148 1.080994892898590 -3.535774976006767 -0.749015315744117
-0.088460691098877 -0.020361450643303 0.023725397070118 0.018945584980601 -0.350841591809004 0.211072192101303 1.063126679246018 -3.477330682588597 -0.747717990505770
-0.088365963173974 -0.022115658602348 0.024780758030625 0.024350559445094 -0.368520466689037 0.207327115522582 1.045269100040103 -3.418921172890776 -0.746420665280745
-0.088244210376749 -0.023958260935793 0.025817393608238 0.029666192841324 -0.385907120101980 0.203588525570053 1.027422155284730 -3.360546446902202 -0.745123340046838
-0.088095879412542 -0.025887796536303 0.026835336236088 0.034892538341524 -0.403001725966434 0.199856422243649 1.009585844977123 -3.302206504625094 -0.743826014821813
-0.087921416720835 -0.027902805166135 0.027834618347306 0.040029649117948 -0.419804458200945 0.196130805543415 0.991760169116174 -3.243901346061673 -0.742528689592348
-0.087721268475245 -0.030001827457140 0.028815272375023 0.045077578342834 -0.436315490724071 0.192411675469306 0.973945127707432 -3.185630971223041 -0.741231364358441
-0.087495880583531 -0.032183404910760 0.029777330752370 0.050036379188415 -0.452534997454379 0.188699032021344 0.956140720742016 -3.127395380078113 -0.739934039128975
-0.087245698687589 -0.034446079898032 0.030720825912477 0.054906104826952 -0.468463152310494 0.184992875199552 0.938346948228808 -3.069194572664635 -0.738636713899510
-0.086971168163454 -0.036788395659585 0.031645790288474 0.059686808430662 -0.484100129210885 0.181293205003907 0.920563810161701 -3.011028548947081 -0.737339388674485
-0.086672734121301 -0.039208896305639 0.032552256313494 0.064378543171806 -0.499446102074208 0.177600021434410 0.902791306545692 -2.952897308960978 -0.736042063436138
-0.086350841405442 -0.041706126816010 0.033440256420666 0.068981362222614 -0.514501244818943 0.173913324491037 0.885029437375784 -2.894800852670798 -0.734744738211113
-0.086005934594329 -0.044278633040105 0.034309823043121 0.073495318755343 -0.529265731363748 0.170233114173857 0.867278202654198 -2.836739180109848 -0.733447412981647
-0.085638458000552 -0.046924961696924 0.035160988613991 0.077920465942222 -0.543739735627102 0.166559390482801 0.849537602382044 -2.778712291249263 -0.732150087747740
-0.085248855670841 -0.049643660375059 0.035993785566405 0.082256856955493 -0.557923431527652 0.162892153417893 0.831807636557658 -2.720720186111247 -0.730852762522716
-0.084837571386063 -0.052433277532697 0.036808246333494 0.086504544967403 -0.571816992983898 0.159231402979154 0.814088305181038 -2.662762864680257 -0.729555437288809
-0.084405048661226 -0.055292362497617 0.037604403348390 0.090663583150191 -0.585420593914454 0.155577139166541 0.796379608254405 -2.604840326962954 -0.728258112063784
-0.083951730745475 -0.058219465467189 0.038382289044222 0.094734024676096 -0.598734408237855 0.151929361980097 0.778681545774429 -2.546952572963779 -0.726960786829878
-0.083478060622095 -0.061213137508379 0.039141935854123 0.098715922717368 -0.611758609872670 0.148288071419778 0.760994117744440 -2.489099602673850 -0.725663461595971
-0.082984481008508 -0.064271930557742 0.039883376211222 0.102609330446241 -0.624493372737489 0.144653267485628 0.743317324160553 -2.431281416095388 -0.724366136375387
-0.082471434356277 -0.067394397421429 0.040606642548650 0.106414301034963 -0.636938870750858 0.141024950177648 0.725651165028318 -2.373498013239494 -0.723068811141481
-0.081939362851102 -0.070579091775184 0.041311767299538 0.110130887655766 -0.649095277831335 0.137403119495771 0.707995640339965 -2.315749394083966 -0.721771485907574
-0.081388708412823 -0.073824568164340 0.041998782897017 0.113759143480907 -0.660962767897533 0.133787775440064 0.690350750104929 -2.258035558653226 -0.720474160682549
-0.080819912695419 -0.077129382003828 0.042667721774217 0.117299121682607 -0.672541514867953 0.130178918010526 0.672716494314884 -2.200356506922851 -0.719176835448643
-0.080233417087006 -0.080492089578168 0.043318616364270 0.120750875433132 -0.683831692661219 0.126576547207113 0.655092872974272 -2.142712238919486 -0.717879510223618
-0.079629662709840 -0.083911248041474 0.043951499100306 0.124114457904706 -0.694833475195833 0.122980663029870 0.637479886081982 -2.085102754625368 -0.716582184989711
-0.079009090420316 -0.087385415417453 0.044566402415455 0.127389922269577 -0.705547036390430 0.119391265478752 0.619877533638569 -2.027528054036054 -0.715284859764687
-0.078372140808969 -0.090913150599405 0.045163358742849 0.130577321699987 -0.715972550163557 0.115808354553804 0.602285815641812 -1.969988137173750 -0.713987534526339
-0.077719254200469 -0.094493013350223 0.045742400515618 0.133676709368180 -0.726110190433737 0.112231930254980 0.584704732095598 -1.912483004009591 -0.712690209301314
-0.077050870653628 -0.098123564302392 0.046303560166893 0.136688138446389 -0.735960131119606 0.108661992582348 0.567134282995485 -1.855012654572441 -0.711392884076290
-0.076367429961396 -0.101803364957990 0.046846870129804 0.139611662106867 -0.745522546139654 0.105098541535842 0.549574468346470 -1.797577088840097 -0.710095558837942
-0.075669371650861 -0.105530977688688 0.047372362837484 0.142447333521845 -0.754797609412516 0.101541577115460 0.532025288143001 -1.740176306821439 -0.708798233608476
-0.074957134983252 -0.109304965735750 0.047880070723061 0.145195205863577 -0.763785494856717 0.097991099321271 0.514486742388964 -1.682810308520910 -0.707500908387892
-0.074231158953934 -0.113123893210034 0.048370026219667 0.147855332304292 -0.772486376390824 0.094447108153228 0.496958831083805 -1.625479093934068 -0.706203583145104
-0.073491882292413 -0.116986325091988 0.048842261760433 0.150427766016237 -0.780900427933429 0.090909603611289 0.479441554228632 -1.568182663052031 -0.704906257924520
-0.072739743462332 -0.120890827231655 0.049296809778490 0.152912560171656 -0.789027823403099 0.087378585695563 0.461934911817896 -1.510921015888123 -0.703608932695055
-0.071975180661473 -0.124835966348671 0.049733702706968 0.155309767942799 -0.796868736718359 0.083854054405941 0.444438903858257 -1.453694152442342 -0.702311607456707
-0.071198631821759 -0.128820310032263 0.050152972978997 0.157619442501888 -0.804423341797800 0.080336009742465 0.426953530345831 -1.396502072703587 -0.701014282231682
-0.070410534609250 -0.132842426741252 0.050554653027710 0.159841637021180 -0.811691812560011 0.076824451705182 0.409478791282836 -1.339344776678519 -0.699716957002217
-0.069611326424144 -0.136900885804052 0.050938775286236 0.161976404672909 -0.818674322923529 0.073319380294024 0.392014686665942 -1.282222264369359 -0.698419631772751
-0.068801444400780 -0.140994257418669 0.051305372187706 0.164023798629323 -0.825371046806922 0.069820795509012 0.374561216501257 -1.225134535771666 -0.697122306543285
-0.067981325407633 -0.145121112652704 0.051654476165251 0.165983872062653 -0.831782158128769 0.066328697350149 0.357118380781007 -1.168081590889880 -0.695824981309379
-0.067151406047320 -0.149280023443348 0.051986119652002 0.167856678145159 -0.837907830807627 0.062843085817432 0.339686179511300 -1.111063429715120 -0.694527656084354
-0.066312122656594 -0.153469562597386 0.052300335081089 0.169642270049064 -0.843748238762076 0.059363960910885 0.322264612688805 -1.054080052256268 -0.693230330850447
-0.065463911306349 -0.157688303791196 0.052597154885643 0.171340700946621 -0.849303555910652 0.055891322630464 0.304853680315742 -0.997131458522205 -0.691933005620982
-0.064607207801615 -0.161934821570750 0.052876611498795 0.172952024010065 -0.854573956171933 0.052425170976211 0.287453382391001 -0.940217648484065 -0.690635680395957
-0.063742447681565 -0.166207691351609 0.053138737353676 0.174476292411643 -0.859559613464544 0.048965505948106 0.270063718914582 -0.883338622166274 -0.689338355157609
-0.062870066219507 -0.170505489418932 0.053383564883417 0.175913559323598 -0.864260701706965 0.045512327546127 0.252684689885097 -0.826494379562170 -0.688041029932585
-0.061990498422889 -0.174826792927467 0.053611126521148 0.177263877918171 -0.868677394817796 0.042065635770339 0.235316295306154 -0.769684920673974 -0.686743704707560
-0.061104179033298 -0.179170179901556 0.053821454699999 0.178527301367597 -0.872809866715607 0.038625430620676 0.217958535173868 -0.712910245497245 -0.685446379464771
-0.060211542526460 -0.183534229235134 0.054014581853103 0.179703882844127 -0.876658291318977 0.035191712097138 0.200611409490181 -0.656170354023100 -0.684149054248628
-0.059313023112239 -0.187917520691729 0.054190540413588 0.180793675519997 -0.880222842546463 0.031764480199814 0.183274918255372 -0.599465246280406 -0.682851729010281
-0.058409054734639 -0.192318634904461 0.054349362814587 0.181796732567448 -0.883503694316579 0.028343734928571 0.165949061468607 -0.542794922242518 -0.681554403780815
-0.057500071071802 -0.196736153376044 0.054491081489230 0.182713107158725 -0.886501020547981 0.024929476283519 0.148633839131551 -0.486159381913875 -0.680257078555790
-0.056586505536009 -0.201168658478784 0.054615728870648 0.183542852466068 -0.889214995159193 0.021521704264615 0.131329251240320 -0.429558625303361 -0.678959753321884
-0.055668791273678 -0.205614733454580 0.054723337391971 0.184286021661725 -0.891645792068763 0.018120418871836 0.114035297798243 -0.372992652413195 -0.677662428087977
-0.054747361165370 -0.210072962414924 0.054813939486330 0.184942667917927 -0.893793585195279 0.014725620105227 0.096751978807263 -0.316461463216733 -0.676365102867393
-0.053822647825780 -0.214541930340900 0.054887567586856 0.185512844406918 -0.895658548457345 0.011337307964787 0.079479294260720 -0.259965057747280 -0.675067777633487
-0.052895083603745 -0.219020223083187 0.054944254126680 0.185996604300954 -0.897240855773429 0.007955482450450 0.062217244164997 -0.203503435993735 -0.673770452399580
-0.051965100582241 -0.223506427362054 0.054984031538932 0.186394000772258 -0.898540681062165 0.004580143562283 0.044965828515930 -0.147076597941664 -0.672473127174555
-0.051033130578379 -0.227999130767365 0.055006932256744 0.186705086993083 -0.899558198242134 0.001211291300285 0.027725047317684 -0.090684543618824 -0.671175801940649
-0.050099605143414 -0.232496921758575 0.055012988713245 0.186929916135663 -0.900293581231842 -0.002151074335588 0.010494900566371 -0.034327272996348 -0.669878476715624
-0.049164955562736 -0.236998389664735 0.055002233341567 0.187068541372251 -0.900747003949937 -0.005506953345291 -0.006724611738840 0.021995213914661 -0.668581151486158
-0.048229612855874 -0.241502124684484 0.054974698574841 0.187121015875083 -0.900918640314918 -0.008856345728869 -0.023933489590178 0.078282917093109 -0.667283826247811
-0.047294007776499 -0.246006717886059 0.054930416846197 0.187087392816389 -0.900808664245345 -0.012199251486300 -0.041131733000965 0.134535836588956 -0.665986501022786
-0.046358570812417 -0.250510761207286 0.054869420588765 0.186967725368438 -0.900417249659879 -0.015535670617539 -0.058319341955104 0.190753972342250 -0.664689175797761
-0.045423732185575 -0.255012847455585 0.054791742235677 0.186762066703433 -0.899744570476935 -0.018865603122653 -0.075496316466472 0.246937324404062 -0.663391850559414
-0.044489921852058 -0.259511570307970 0.054697414220064 0.186470469993658 -0.898790800615223 -0.022189049001642 -0.092662656527298 0.303085892734423 -0.662094525334389
-0.043557569502089 -0.264005524311046 0.054586468975056 0.186092988411325 -0.897556113993203 -0.025506008254439 -0.109818362138969 0.359199677359978 -0.660797200104923
-0.042627104560033 -0.268493304881012 0.054458938933784 0.185629675128689 -0.896040684529531 -0.028816480881111 -0.126963433305649 0.415278678280728 -0.659499874871017
-0.041698956184389 -0.272973508303659 0.054314856529378 0.185080583317994 -0.894244686142731 -0.032120466881636 -0.144097870019844 0.471322895472248 -0.658202549645992
-0.040773553267799 -0.277444731734373 0.054154254194970 0.184445766151466 -0.892168292751327 -0.035417966255991 -0.161221672290712 0.527332328963404 -0.656905224407645
-0.039851324437042 -0.281905573198130 0.053977164363690 0.183725276801366 -0.889811678273966 -0.038708979004221 -0.178334840104932 0.583306978729770 -0.655607899191502
-0.038932698053035 -0.286354631589500 0.053783619468669 0.182919168439913 -0.887175016629149 -0.041993505126259 -0.195437373478602 0.639246844791330 -0.654310573948713
-0.038018102210836 -0.290790506672645 0.053573651943038 0.182027494239388 -0.884258481735500 -0.045271544622216 -0.212529272403950 0.695151927145865 -0.653013248723688
-0.037107964739639 -0.295211799081323 0.053347294219927 0.181050307371995 -0.881062247511544 -0.048543097491960 -0.229610536874314 0.751022225768949 -0.651715923494223
-0.036202713202779 -0.299617110318880 0.053104578732467 0.179987661009975 -0.877586487875814 -0.051808163735578 -0.246681166901908 0.806857740691669 -0.650418598264757
-0.035302774897729 -0.304005042758260 0.052845537913789 0.178839608325604 -0.873831376746970 -0.055066743353049 -0.263741162482289 0.862658471905142 -0.649121273035291
-0.034408576856101 -0.308374199641994 0.052570204197024 0.177606202491094 -0.869797088043511 -0.058318836344373 -0.280790523604635 0.918424419378283 -0.647823947801385
-0.033520545843645 -0.312723185082212 0.052278610015302 0.176287496678683 -0.865483795683986 -0.061564442709550 -0.297829250292675 0.974155583177705 -0.646526622576360
-0.032639108360252 -0.317050604060632 0.051970787801754 0.174883544060660 -0.860891673587094 -0.064803562448557 -0.314857342521846 1.029851963241235 -0.645229297342453
-0.031764690639949 -0.321355062428567 0.051646769989511 0.173394397809196 -0.856020895671206 -0.068036195561438 -0.331874800304499 1.085513559584417 -0.643931972112988
-0.030897718650903 -0.325635166906923 0.051306589011704 0.171820111096587 -0.850871635854999 -0.071262342048151 -0.348881623646047 1.141140372242777 -0.642634646883522
-0.030038618095420 -0.329889525086198 0.050950277301463 0.170160737095065 -0.845444068057077 -0.074482001908716 -0.365877812525117 1.196732401143041 -0.641337321658497
-0.029187814409944 -0.334116745426484 0.050577867291920 0.168416328976834 -0.839738366195864 -0.077695175143133 -0.382863366970854 1.252289646378468 -0.640039996420150
-0.028345732765060 -0.338315437257463 0.050189391416204 0.166586939914209 -0.833754704190148 -0.080901861751426 -0.399838286959525 1.307812107873563 -0.638742671195125
-0.027512798065489 -0.342484210778414 0.049784882107447 0.164672623079355 -0.827493255958256 -0.084102061733526 -0.416802572501818 1.363299785657190 -0.637445345965659
-0.026689434950092 -0.346621677058205 0.049364371798779 0.162673431644557 -0.820954195418888 -0.087295775089502 -0.433756223595094 1.418752679729351 -0.636148020731753
-0.025876067791870 -0.350726448035300 0.048927892923332 0.160589418782048 -0.814137696490602 -0.090483001819330 -0.450699240243657 1.474170790098928 -0.634850695506728
-0.025073120697959 -0.354797136517753 0.048475477914235 0.158420637664072 -0.807043933091955 -0.093663741922989 -0.467631622436959 1.529554116737053 -0.633553370272821
-0.024281017509639 -0.358832356183212 0.048007159204620 0.156167141462854 -0.799673079141461 -0.096837995400523 -0.484553370187629 1.584902659670373 -0.632256045047797
-0.023500181802325 -0.362830721578920 0.047522969227618 0.153828983350669 -0.792025308557776 -0.100005762251887 -0.501464483489977 1.640216418901108 -0.630958719809449
-0.022731036885571 -0.366790848121709 0.047022940416358 0.151406216499731 -0.784100795259424 -0.103167042477126 -0.518364962339146 1.695495394398172 -0.629661394588865
-0.021974005803073 -0.370711352098006 0.046507105203972 0.148898894082281 -0.775899713164918 -0.106321836076173 -0.535254806745544 1.750739586199312 -0.628364069354959
-0.021229511332661 -0.374590850663830 0.045975496023592 0.146307069270585 -0.767422236192927 -0.109470143049117 -0.552134016698763 1.805948994273443 -0.627066744121052
-0.020497975986308 -0.378427961844795 0.045428145308346 0.143630795236858 -0.758668538261931 -0.112611963395892 -0.569002592208101 1.861123618644989 -0.625769418896027
-0.019779822010124 -0.382221304536105 0.044865085491367 0.140870125153364 -0.749638793290563 -0.115747297116497 -0.585860533263288 1.916263459293965 -0.624472093666562
-0.019075471384357 -0.385969498502557 0.044286349005784 0.138025112192323 -0.740333175197339 -0.118876144210978 -0.602707839881672 1.971368516258121 -0.623174768437096
-0.018385345823396 -0.389671164378544 0.043691968284729 0.135095809526007 -0.730751857900869 -0.121998504679310 -0.619544512033832 2.026438789450857 -0.621877443198748
-0.017709866775766 -0.393324923668048 0.043081975761333 0.132082270326599 -0.720895015319578 -0.125114378521496 -0.636370549753212 2.081474278989859 -0.620580117978164
-0.017049455424133 -0.396929398744646 0.042456403868725 0.128984547766429 -0.710762821372324 -0.128223765737490 -0.653185953016500 2.136474984779646 -0.619282792748699
-0.016404532685300 -0.400483212851508 0.041815285040038 0.125802695017663 -0.700355449977375 -0.131326666327380 -0.669990721834171 2.191440906871289 -0.617985467510351
-0.015775519210212 -0.403984990101395 0.041158651708401 0.122536765252581 -0.689673075053476 -0.134423080291124 -0.686784856205117 2.246372045253686 -0.616688142285327
-0.015162835383949 -0.407433355476662 0.040486536306945 0.119186811643410 -0.678715870519120 -0.137513007628676 -0.703568356121634 2.301268399897971 -0.615390817055861
-0.014566901325732 -0.410826934829258 0.039798971268802 0.115752887362384 -0.667484010292851 -0.140596448340102 -0.720341221595866 2.356129970864096 -0.614093491826395
-0.013988136888920 -0.414164354880722 0.039095989027101 0.112235045581776 -0.655977668293362 -0.143673402425382 -0.737103452618793 2.410956758092109 -0.612796166596929
-0.013426961661011 -0.417444243222189 0.038377622014974 0.108633339473797 -0.644197018439041 -0.146743869884514 -0.753855049192079 2.465748761608655 -0.611498841363023
-0.012883794963642 -0.420665228314384 0.037643902665552 0.104947822210703 -0.632142234648581 -0.149807850717498 -0.770596011323635 2.520505981431498 -0.610201516133557
-0.012359055852589 -0.423825939487627 0.036894863411964 0.101178546964743 -0.619813490840537 -0.152865344924313 -0.787326338997224 2.575228417507347 -0.608904190908532
-0.011853163117765 -0.426925006941830 0.036130536687343 0.097325566908124 -0.607210960933380 -0.155916352504981 -0.804046032228736 2.629916069898375 -0.607606865674626
-0.011366535283225 -0.429961061746497 0.035350954924818 0.093388935213138 -0.594334818845843 -0.158960873459524 -0.820755091008735 2.684568938560172 -0.606309540445160
-0.010899590607159 -0.432932735840726 0.034556150557520 0.089368705051995 -0.581185238496351 -0.161998907787897 -0.837453515347142 2.739187023532708 -0.605012215215694
-0.010452747081899 -0.435838662033207 0.033746156018581 0.085264929596951 -0.567762393803550 -0.165030455490123 -0.854141305229594 2.793770324767131 -0.603714889986229
-0.010026422433914 -0.438677474002225 0.032921003741130 0.081077662020215 -0.554066458685887 -0.168055516566201 -0.870818460663725 2.848318842283426 -0.602417564756763
-0.009621034123813 -0.441447806295655 0.032080726158299 0.076806955494067 -0.540097607062051 -0.171074091016132 -0.887484981657860 2.902832576121561 -0.601120239522857
-0.009236999346343 -0.444148294330965 0.031225355703218 0.072452863190749 -0.525856012850634 -0.174086178839916 -0.904140868192849 2.957311526208262 -0.599822914297832
-0.008874735030389 -0.446777574395218 0.030354924809019 0.068015438282459 -0.511341849970026 -0.177091780037530 -0.920786120283679 3.011755692592377 -0.598525589063925
-0.008534657838977 -0.449334283645068 0.029469465908831 0.063494733941495 -0.496555292338985 -0.180090894609020 -0.937420737930940 3.066165075280569 -0.597228263838900
-0.008217184169269 -0.451817060106763 0.028569011435786 0.058890803340077 -0.481496513876023 -0.183083522554339 -0.954044721124744 3.120539674248413 -0.595930938604994
-0.007922730152569 -0.454224542676143 0.027653593823014 0.054203699650422 -0.466165688499620 -0.186069663873534 -0.970658069868006 3.174879489471483 -0.594633613375528
-0.007651711654317 -0.456555371118641 0.026723245503647 0.049433476044798 -0.450562990128378 -0.189049318566559 -0.987260784169816 3.229184521034156 -0.593336288146062
-0.007404544274093 -0.458808186069283 0.025777998910814 0.044580185695458 -0.434688592681021 -0.192022486633436 -1.003852864015844 3.283454768838734 -0.592038962916597
-0.007181643345615 -0.460981629032688 0.024817886477647 0.039643881774609 -0.418542670075850 -0.194989168074167 -1.020434309424584 3.337690232974033 -0.590741637687131
-0.006983423936742 -0.463074342383068 0.023842940637276 0.034624617454530 -0.402125396231656 -0.197949362888750 -1.037005120368764 3.391890913337914 -0.589444312457665
-0.006810300849470 -0.465084969364226 0.022853193822832 0.029522445907407 -0.385436945066786 -0.200903071077185 -1.053565296877598 3.446056810034737 -0.588146987223759
-0.006662688619933 -0.467012154089560 0.021848678467446 0.024337420305563 -0.368477490500096 -0.203850292639474 -1.070114838933045 3.500187923004550 -0.586849661998734
-0.006541001518405 -0.468854541542060 0.020829427004249 0.019069593821175 -0.351247206449923 -0.206791027575592 -1.086653746542807 3.554284252267337 -0.585552336764827
-0.006445653549299 -0.470610777574310 0.019795471866371 0.013719019626510 -0.333746266834900 -0.209725275885586 -1.103182019704454 3.608345797807555 -0.584255011535362
-0.006377058451166 -0.472279508908484 0.018746845486943 0.008285750893796 -0.315974845573563 -0.212653037569410 -1.119699658407129 3.662372559620763 -0.582957686305896
-0.006335629696697 -0.473859383136352 0.017683580299096 0.002769840795274 -0.297933116584526 -0.215574312627087 -1.136206662679176 3.716364537764694 -0.581660361080871
-0.006321780492721 -0.475349048719275 0.016605708735961 -0.002828657496762 -0.279621253786422 -0.218489101058617 -1.152703032486942 3.770321732146087 -0.580363035842524
-0.006335923780205 -0.476747154988207 0.015513263230667 -0.008509690810158 -0.261039431097598 -0.221397402864021 -1.169188767860645 3.824244142855981 -0.579065710617499
-0.006378472234256 -0.478052352143695 0.014406276216347 -0.014273205972593 -0.242187822436868 -0.224299218043233 -1.185663868770864 3.878131769812221 -0.577768385388033
-0.006449838264119 -0.479263291255879 0.013284780126131 -0.020119149811896 -0.223066601722588 -0.227194546596321 -1.202128335244870 3.931984613092521 -0.576471060158568
-0.006550434013178 -0.480378624264492 0.012148807393150 -0.026047469155750 -0.203675942873527 -0.230083388523261 -1.218582167261395 3.985802672619165 -0.575173734924661
-0.006680671358957 -0.481397003978860 0.010998390450533 -0.032058110831974 -0.184016019808064 -0.232965743824054 -1.235025364839555 4.039585948483193 -0.573876409695195
-0.006840961913117 -0.482317084077900 0.009833561731413 -0.038151021668281 -0.164087006444968 -0.235841612498677 -1.251457927964016 4.093334440604668 -0.572579084470171
-0.007031717021458 -0.483137519110125 0.008654353668920 -0.044326148492479 -0.143889076702552 -0.238710994547153 -1.267879856635505 4.147048148999133 -0.571281759236264
-0.007253347763921 -0.483856964493638 0.007460798696184 -0.050583438132299 -0.123422404499529 -0.241573889969504 -1.284291150862210 4.200727073693233 -0.569984434006798
-0.007506264954582 -0.484474076516135 0.006252929246336 -0.056922837415477 -0.102687163754533 -0.244430298765685 -1.300691810649202 4.254371214702513 -0.568687108777333
-0.007790879141659 -0.484987512334908 0.005030777752508 -0.063344293169788 -0.081683528386067 -0.247280220935719 -1.317081835974232 4.307980571955916 -0.567389783543426
