0.001848881662294 -0.485277693939588 0.000000000000000 0.077335710807600 0.000713035138311 0.205653449250387 -1.011022563153166 2.936222725491433 -0.113283041565104
0.002235560216332 -0.485274128763896 0.001028267246252 0.072280597991834 0.015394148765768 0.205087034042561 -1.000314968671345 2.905125613112958 -0.117821209033586
0.002596963206291 -0.485197158020067 0.002053702416465 0.067279023148477 0.029919776831333 0.204497927997394 -0.989615316752888 2.874051567631764 -0.122359376475423
0.002933358322033 -0.485047559135911 0.003076192056452 0.062330946564713 0.044290034669492 0.203886131115016 -0.978923607452900 2.843000589172195 -0.126897543935023
0.003245013054857 -0.484826108962563 0.004095622712027 0.057436328527448 0.058505037615353 0.203251643395341 -0.968239840713030 2.811972677601027 -0.131435711394623
0.003532194697494 -0.484533583774487 0.005111880929003 0.052595129323883 0.072564901003358 0.202594464838368 -0.957564016549513 2.780967832936021 -0.135973878845341
0.003795170344114 -0.484170759269470 0.006124853253195 0.047807309241135 0.086469740168038 0.201914595444141 -0.946896134993244 2.749986055272657 -0.140512046300501
0.004034206890319 -0.483738410568630 0.007134426230416 0.043072828566169 0.100219670444401 0.201212035212639 -0.936236196004830 2.719027344515457 -0.145050213755660
0.004249571033150 -0.483237312216408 0.008140486406479 0.038391647586145 0.113814807166979 0.200486784143861 -0.925584199603542 2.688091700693285 -0.149588381215260
0.004441529271081 -0.482668238180573 0.009142920327199 0.033763726588127 0.127255265670445 0.199738842237784 -0.914940145786552 2.657179123812803 -0.154126548661537
0.004610347904022 -0.482031961852220 0.010141614538387 0.029189025859195 0.140541161289509 0.198968209494477 -0.904304034549594 2.626289613867350 -0.158664716125578
0.004756293033317 -0.481329256045773 0.011136455585860 0.024667505686447 0.153672609358846 0.198174885913849 -0.893675865897489 2.595423170854705 -0.163202883576297
0.004879630561750 -0.480560892998979 0.012127330015429 0.020199126356959 0.166649725213119 0.197358871495967 -0.883055639833222 2.564579794794852 -0.167741051031456
0.004980626193535 -0.479727644372913 0.013114124372909 0.015783848157793 0.179472624187094 0.196520166240810 -0.872443356347598 2.533759485665588 -0.172279218486615
0.005059545434323 -0.478830281251978 0.014096725204113 0.011421631376055 0.192141421615422 0.195658770148377 -0.861839015442942 2.502962243446927 -0.176817385941774
0.005116653591204 -0.477869574143900 0.015075019054855 0.007112436298840 0.204656232832656 0.194774683218668 -0.851242617127511 2.472188068212144 -0.181355553401374
0.005152215772698 -0.476846292979737 0.016048892470948 0.002856223213203 0.217017173173717 0.193867905451661 -0.840654161401305 2.441436959899068 -0.185893720847652
0.005166496888764 -0.475761207113869 0.017018231998207 -0.001347047593804 0.229224357973212 0.192938436847423 -0.830073648234175 2.410708918474391 -0.190431888311693
0.005159761650795 -0.474615085324003 0.017982924182444 -0.005497415834975 0.241277902565584 0.191986277405864 -0.819501077682777 2.380003944071341 -0.194970055762411
0.005132274571620 -0.473408695811175 0.018942855569473 -0.009594921223388 0.253177922285941 0.191011427127052 -0.808936449690698 2.349322036547807 -0.199508223217570
0.005084299965503 -0.472142806199745 0.019897912705108 -0.013639603471842 0.264924532468680 0.190013886010965 -0.798379764294643 2.318663195974846 -0.204046390672730
0.005016101948144 -0.470818183537402 0.020847982135163 -0.017631502293315 0.276517848448554 0.188993654057601 -0.787831021467171 2.288027422319150 -0.208584558127889
0.004927944436677 -0.469435594295159 0.021792950405451 -0.021570657400651 0.287957985560150 0.187950731266961 -0.777290221247555 2.257414715653994 -0.213122725583048
0.004820091149674 -0.467995804367358 0.022732704061786 -0.025457108506889 0.299245059138420 0.186885117639046 -0.766757363587049 2.226825075875016 -0.217660893038207
0.004692805607140 -0.466499579071666 0.023667129649981 -0.029290895324824 0.310379184517795 0.185796813173855 -0.756232448529230 2.196258503059934 -0.222199060493367
0.004546351130516 -0.464947683149077 0.024596113715850 -0.033072057567470 0.321360477033095 0.184685817871388 -0.745715476039160 2.165714997166557 -0.226737227952967
0.004380990842678 -0.463340880763911 0.025519542805207 -0.036800634947666 0.332189052018927 0.183552131731624 -0.735206446139808 2.135194558219311 -0.231275395399244
0.004196987667940 -0.461679935503817 0.026437303463865 -0.040476667178365 0.342865024810024 0.182395754754627 -0.724705358824754 2.104697186209314 -0.235813562858844
0.003994604332048 -0.459965610379767 0.027349282237639 -0.044100193972489 0.353388510741071 0.181216686940333 -0.714212214092472 2.074222881134347 -0.240351730318444
0.003774103362186 -0.458198667826061 0.028255365672340 -0.047671255042951 0.363759625146742 0.180014928288741 -0.703727011942268 2.043771642998848 -0.244889897764722
0.003535747086971 -0.456379869700328 0.029155440313784 -0.051189890102663 0.373978483361737 0.178790478799917 -0.693249752373309 2.013343471789497 -0.249428065228763
0.003279797636458 -0.454509977283519 0.030049392707784 -0.054656138864529 0.384045200720684 0.177543338473773 -0.682780435395901 1.982938367537379 -0.253966232675040
0.003006516942135 -0.452589751279916 0.030937109400152 -0.058070041041509 0.393959892558371 0.176273507310398 -0.672319060991307 1.952556330202526 -0.258504400139081
0.002716166736927 -0.450619951817124 0.031818476936704 -0.061431636346465 0.403722674209384 0.174980985309703 -0.661865629176944 1.922197359813804 -0.263042567589800
0.002409008555195 -0.448601338446077 0.032693381863253 -0.064740964492350 0.413333661008453 0.173665772471754 -0.651420139948891 1.891861456377875 -0.267580735040518
0.002085303732733 -0.446534670141034 0.033561710725612 -0.067998065192094 0.422792968290342 0.172327868796551 -0.640982593294107 1.861548619843667 -0.272118902504559
0.001745313406773 -0.444420705299583 0.034423350069594 -0.071202978158565 0.432100711389560 0.170967274284028 -0.630552989229274 1.831258850273354 -0.276657069950836
0.001389298515980 -0.442260201742635 0.035278186441015 -0.074355743104711 0.441257005640927 0.169583988934274 -0.620131327748430 1.800992147633629 -0.281195237414877
0.001017519800456 -0.440053916714430 0.036126106385686 -0.077456399743453 0.450261966379095 0.168178012747200 -0.609717608848412 1.770748511928932 -0.285733404861155
0.000630237801739 -0.437802606882535 0.036966996449422 -0.080504987787695 0.459115708938740 0.166749345722894 -0.599311832538799 1.740527943172587 -0.290271572325196
0.000227712862801 -0.435507028337841 0.037800743178036 -0.083501546950389 0.467818348654603 0.165297987861268 -0.588913998796417 1.710330441331287 -0.294809739771473
-0.000189794871951 -0.433167936594568 0.038627233117343 -0.086446116944371 0.476370000861259 0.163823939162411 -0.578524107656930 1.680156006444999 -0.299347907231073
-0.000622025456673 -0.430786086590262 0.039446352813155 -0.089338737482656 0.484770780893484 0.162327199626255 -0.568142159085605 1.650004638489300 -0.303886074690674
-0.001068719144086 -0.428362232685794 0.040257988811286 -0.092179448278084 0.493020804085931 0.160807769252802 -0.557768153108193 1.619876337473070 -0.308424242136951
-0.001529616385477 -0.425897128665365 0.041062027657550 -0.094968289043625 0.501120185773296 0.159265648042117 -0.547402089706683 1.589771103389648 -0.312962409596551
-0.002004457830695 -0.423391527736498 0.041858355897761 -0.097705299492159 0.509069041290244 0.157700835994135 -0.537043968894360 1.559688936254577 -0.317500577051710
-0.002492984328156 -0.420846182530047 0.042646860077731 -0.100390519336630 0.516867485971517 0.156113333108876 -0.526693790664223 1.529629836052315 -0.322038744506870
-0.002994936924839 -0.418261845100189 0.043427426743276 -0.103023988289951 0.524515635151779 0.154503139386342 -0.516351555009711 1.499593802760657 -0.326576911962029
-0.003510056866289 -0.415639266924431 0.044199942440207 -0.105605746065000 0.532013604165582 0.152870254826531 -0.506017261952990 1.469580836459539 -0.331115079417188
-0.004038085596614 -0.412979198903603 0.044964293714340 -0.108135832374765 0.539361508347880 0.151214679429446 -0.495690911465932 1.439590937044599 -0.335653246867906
-0.004578764758488 -0.410282391361863 0.045720367111487 -0.110614286932095 0.546559463033103 0.149536413195106 -0.485372503571668 1.409624104593554 -0.340191414331947
-0.005131836193148 -0.407549594046698 0.046468049177463 -0.113041149449953 0.553607583556071 0.147835456123446 -0.475062038254764 1.379680339073097 -0.344729581778225
-0.005697041940398 -0.404781556128917 0.047207226458080 -0.115416459641227 0.560505985251436 0.146111808214555 -0.464759515525737 1.349759640492110 -0.349267749242266
-0.006274124238604 -0.401979026202660 0.047937785499153 -0.117740257218855 0.567254783453897 0.144365469468344 -0.454464935379512 1.319862008852812 -0.353805916688543
-0.006862825524698 -0.399142752285391 0.048659612846495 -0.120012581895753 0.573854093498161 0.142596439884901 -0.444178297812070 1.289987444130780 -0.358344084148143
-0.007462888434177 -0.396273481817900 0.049372595045919 -0.122233473384813 0.580304030718815 0.140804719464160 -0.433899602833854 1.260135946370422 -0.362882251603303
-0.008074055801101 -0.393371961664306 0.050076618643240 -0.124402971398983 0.586604710450667 0.138990308206144 -0.423628850437230 1.230307515538431 -0.367420419058462
-0.008696070658096 -0.390438938112053 0.050771570184271 -0.126521115651169 0.592756248028359 0.137153206110852 -0.413366040621088 1.200502151632588 -0.371958586509180
-0.009328676236352 -0.387475156871911 0.051457336214825 -0.128587945854274 0.598758758786522 0.135293413178306 -0.403111173389731 1.170719854672875 -0.376496753973221
-0.009971615965623 -0.384481363077978 0.052133803280716 -0.130603501721223 0.604612358059886 0.133410929408440 -0.392864248744962 1.140960624652632 -0.381034921419499
-0.010624633474229 -0.381458301287679 0.052800857927759 -0.132567822964948 0.610317161183149 0.131505754801342 -0.382625266684766 1.111224461580740 -0.385573088879099
-0.011287472589054 -0.378406715481763 0.053458386701765 -0.134480949298372 0.615873283491053 0.129577889356947 -0.372394227200479 1.081511365419452 -0.390111256334258
-0.011959877335546 -0.375327349064308 0.054106276148550 -0.136342920434374 0.621280840318150 0.127627333075275 -0.362171130303890 1.051821336204295 -0.394649423789417
-0.012641591937718 -0.372220944862717 0.054744412813926 -0.138153776085893 0.626539946999172 0.125654085956328 -0.351955975989443 1.022154373937489 -0.399187591240135
-0.013332360818147 -0.369088245127721 0.055372683243708 -0.139913555965841 0.631650718868859 0.123658148000128 -0.341748764265820 0.992510478607933 -0.403725758704176
-0.014031928597976 -0.365929991533377 0.055990973983709 -0.141622299787170 0.636613271261899 0.121639519206607 -0.331549495113936 0.962889650204524 -0.408263926150454
-0.014740040096912 -0.362746925177067 0.056599171579742 -0.143280047262739 0.641427719512921 0.119598199575854 -0.321358168551972 0.933291888731702 -0.412802093610054
-0.015456440333226 -0.359539786579503 0.057197162577621 -0.144886838105499 0.646094178956580 0.117534189107804 -0.311174784573681 0.903717194224996 -0.417340261060772
-0.016180874523753 -0.356309315684720 0.057784833523160 -0.146442712028368 0.650612764927705 0.115447487802500 -0.300999343174901 0.874165566615570 -0.421878428524813
-0.016913088083895 -0.353056251860081 0.058362070962172 -0.147947708744242 0.654983592760783 0.113338095659876 -0.290831844364653 0.844637005978921 -0.426416595971091
-0.017652826627616 -0.349781333896277 0.058928761440472 -0.149401867966065 0.659206777790677 0.111206012680021 -0.280672288134609 0.815131512263978 -0.430954763430691
-0.018399835967447 -0.346485300007324 0.059484791503872 -0.150805229406738 0.663282435351997 0.109051238862867 -0.270520674489766 0.785649085488505 -0.435492930881409
-0.019153862114480 -0.343168887830564 0.060030047698186 -0.152157832779187 0.667210680779440 0.106873774208460 -0.260377003425682 0.756189725645839 -0.440031098345450
-0.019914651278376 -0.339832834426667 0.060564416569229 -0.153459717796316 0.670991629407669 0.104673618716733 -0.250241274948604 0.726753432749305 -0.444569265791728
-0.020681949867358 -0.336477876279628 0.061087784662812 -0.154710924171059 0.674625396571416 0.102450772387774 -0.240113489049509 0.697340206776698 -0.449107433251328
-0.021455504488213 -0.333104749296771 0.061600038524751 -0.155911491616306 0.678112097605299 0.100205235221518 -0.229993645742693 0.667950047761323 -0.453645600706487
-0.022235061946295 -0.329714188808745 0.062101064700859 -0.157061459845020 0.681451847844106 0.097937007217985 -0.219881745009837 0.638582955658773 -0.458183768157205
-0.023020369245520 -0.326306929569524 0.062590749736949 -0.158160868570069 0.684644762622399 0.095646088377199 -0.209777786867038 0.609238930513456 -0.462721935616806
-0.023811173588370 -0.322883705756412 0.063068980178835 -0.159209757504404 0.687690957274967 0.093332478699115 -0.199681771300975 0.579917972287625 -0.467260103071965
-0.024607222375892 -0.319445250970038 0.063535642572330 -0.160208166360909 0.690590547136405 0.090996178183755 -0.189593698327051 0.550620081019026 -0.471798270522683
-0.025408263207697 -0.315992298234355 0.063990623463249 -0.161156134852544 0.693343647541500 0.088637186831142 -0.179513567929723 0.521345256672134 -0.476336437982283
-0.026214043881960 -0.312525579996648 0.064433809397405 -0.162053702692193 0.695950373824861 0.086255504641231 -0.169441380121205 0.492093499275814 -0.480874605437442
-0.027024312395421 -0.309045828127524 0.064865086920611 -0.162900909592799 0.698410841321240 0.083851131614043 -0.159377134889699 0.462864808798980 -0.485412772888161
-0.027838816943384 -0.305553773920917 0.065284342578681 -0.163697795267247 0.700725165365235 0.081424067749603 -0.149320832244365 0.433659185268276 -0.489950940347761
-0.028657305919721 -0.302050148094091 0.065691462917429 -0.164444399428469 0.702893461291576 0.078974313047864 -0.139272472186869 0.404476628685924 -0.494489107802920
-0.029479527916863 -0.298535680787633 0.066086334482668 -0.165140761789404 0.704915844435006 0.076501867508849 -0.129232054705553 0.375317139020837 -0.499027275258079
-0.030305231725810 -0.295011101565458 0.066468843820213 -0.165786922062931 0.706792430130110 0.074006731132559 -0.119199579813045 0.346180716308542 -0.503565442708798
-0.031134166336125 -0.291477139414808 0.066838877475875 -0.166382919961997 0.708523333711653 0.071488903919015 -0.109175047500187 0.317067360515733 -0.508103610168398
-0.031966080935935 -0.287934522746250 0.067196321995471 -0.166928795199497 0.710108670514231 0.068948385868173 -0.099158457771975 0.287977071680157 -0.512641777619116
-0.032800724911932 -0.284383979393678 0.067541063924811 -0.167424587488357 0.711548555872632 0.066385176980077 -0.089149810632294 0.258909849777389 -0.517179945078716
-0.033637847849374 -0.280826236614315 0.067872989809712 -0.167870336541519 0.712843105121519 0.063799277254684 -0.079149106066712 0.229865694802989 -0.521718112529435
-0.034477199532082 -0.277262021088708 0.068191986195985 -0.168266082071852 0.713992433595534 0.061190686692036 -0.069156344092436 0.200844606768058 -0.526256279989035
-0.035318529942441 -0.273692058920730 0.068497939629445 -0.168611863792315 0.714996656629374 0.058559405292091 -0.059171524696700 0.171846585672597 -0.530794447444194
-0.036161589261402 -0.270117075637583 0.068790736655906 -0.168907721415798 0.715855889557737 0.055905433054870 -0.049194647886441 0.142871631518826 -0.535332614899353
-0.037006127868481 -0.266537796189794 0.069070263821180 -0.169153694655230 0.716570247715331 0.053228769980374 -0.039225713659163 0.113919744293423 -0.539870782350071
-0.037851896341758 -0.262954944951218 0.069336407671082 -0.169349823223526 0.717139846436798 0.050529416068623 -0.029264722016253 0.084990924009709 -0.544408949805231
-0.038698645457875 -0.259369245719034 0.069589054751425 -0.169496146833607 0.717564801056847 0.047807371319597 -0.019311672955769 0.056085170665465 -0.548947117264831
-0.039546126192043 -0.255781421713750 0.069828091608023 -0.169592705198386 0.717845226910174 0.045062635733273 -0.009366566478541 0.027202484252919 -0.553485284719990
-0.040394089718035 -0.252192195579199 0.070053404786690 -0.169639538030779 0.717981239331439 0.042295209309673 0.000570597412375 -0.001657135212385 -0.558023452175149
-0.041242287408189 -0.248602289382542 0.070264880833238 -0.169636685043717 0.717972953655377 0.039505092048797 0.010499818726140 -0.030493687758204 -0.562561619621427
-0.042090470833408 -0.245012424614265 0.070462406293482 -0.169584185950086 0.717820485216586 0.036692283950690 0.020421097451928 -0.059307173352341 -0.567099787089909
-0.042938391763158 -0.241423322188182 0.070645867713235 -0.169482080462827 0.717523949349824 0.033856785015240 0.030334433592794 -0.088097592010339 -0.571637954536186
-0.043785802165472 -0.237835702441433 0.070815151638312 -0.169330408294863 0.717083461389773 0.030998595242560 0.040239827152622 -0.116864943729977 -0.576176121991345
-0.044632454206947 -0.234250285134484 0.070970144614524 -0.169129209159100 0.716499136671123 0.028117714632603 0.050137278133355 -0.145609228534571 -0.580714289450945
-0.045478100252742 -0.230667789451128 0.071110733187687 -0.168878522768433 0.715771090528450 0.025214143185348 0.060026786521672 -0.174330446365278 -0.585252456906105
-0.046322492866584 -0.227088933998486 0.071236803903614 -0.168578388835824 0.714899438296623 0.022287880900818 0.069908352332282 -0.203028597287602 -0.589790624356823
-0.047165384810763 -0.223514436807003 0.071348243308118 -0.168228847074163 0.713884295310185 0.019338927779033 0.079781975557136 -0.231703681252693 -0.594328791811982
-0.048006529046134 -0.219945015330452 0.071444937947013 -0.167829937196377 0.712725776903922 0.016367283819974 0.089647656203451 -0.260355698302739 -0.598866959271582
-0.048845678732116 -0.216381386445932 0.071526774366113 -0.167381698915360 0.711423998412408 0.013372949023616 0.099505394257904 -0.288984648395552 -0.603405126726742
-0.049682587226693 -0.212824266453870 0.071593639111231 -0.166884171944071 0.709979075170430 0.010355923389982 0.109355189737426 -0.317590531562217 -0.607943294177460
-0.050517008086413 -0.209274371078018 0.071645418728181 -0.166337395995383 0.708391122512619 0.007316206919095 0.119197042628139 -0.346173347789414 -0.612481461632619
-0.051348695066390 -0.205732415465455 0.071681999762777 -0.165741410782243 0.706660255773672 0.004253799610932 0.129030952935871 -0.374733097072699 -0.617019629092219
-0.052177402120301 -0.202199114186587 0.071703268760831 -0.165096256017563 0.704786590288309 0.001168701465470 0.138856920664232 -0.403269779432058 -0.621557796547378
-0.053002883400389 -0.198675181235145 0.071709112268159 -0.164401971414242 0.702770241391149 -0.001939087517266 0.148674945802119 -0.431783394838625 -0.626095963998097
-0.053824893257460 -0.195161330028189 0.071699416830572 -0.163658596685232 0.700611324416955 -0.005069567337257 0.158485028365074 -0.460273943330147 -0.630634131453256
-0.054643186240886 -0.191658273406104 0.071674068993886 -0.162866171543406 0.698309954700305 -0.008222737994523 0.168287168338388 -0.488741424853334 -0.635172298912856
-0.055457517098604 -0.188166723632603 0.071632955303913 -0.162024735701714 0.695866247576038 -0.011398599489088 0.178081365729277 -0.517185839468137 -0.639710466363574
-0.056267640777112 -0.184687392394723 0.071575962306468 -0.161134328873068 0.693280318378697 -0.014597151820905 0.187867620540239 -0.545607187130148 -0.644248633823175
-0.057073312421477 -0.181220990802829 0.071502976547363 -0.160194990770367 0.690552282443047 -0.017818394990021 0.197645932761004 -0.574005467859351 -0.648786801273893
-0.057874287375329 -0.177768229390614 0.071413884572413 -0.159206761106562 0.687682255103750 -0.021062328996391 0.207416302407115 -0.602380681655745 -0.653324968729052
-0.058670321180862 -0.174329818115095 0.071308572927431 -0.158169679594526 0.684670351695471 -0.024328953840036 0.217178729461365 -0.630732828503788 -0.657863136193093
-0.059461169578835 -0.170906466356618 0.071186928158231 -0.157083785947219 0.681516687552952 -0.027618269521001 0.226933213938463 -0.659061908421243 -0.662401303634930
-0.060246588508571 -0.167498882918853 0.071048836810626 -0.155949119877527 0.678221378010846 -0.030930276039176 0.236679755829527 -0.687367921408111 -0.666939471098971
-0.061026334107958 -0.164107776028799 0.070894185430430 -0.154765721098379 0.674784538403805 -0.034264973394671 0.246418355135392 -0.715650867442186 -0.671477638549689
-0.061800162713450 -0.160733853336780 0.070722860563457 -0.153533629322702 0.671206284066594 -0.037622361587419 0.256149011861884 -0.743910746556775 -0.676015806009289
-0.062567830860064 -0.157377821916447 0.070534748755520 -0.152252884263393 0.667486730333811 -0.041002440617466 0.265871726002342 -0.772147558723013 -0.680553973455567
-0.063329095281381 -0.154040388264778 0.070329736552433 -0.150923525633381 0.663625992540195 -0.044405210484744 0.275586497559543 -0.800361303949781 -0.685092140924048
-0.064083712909548 -0.150722258302077 0.070107710500009 -0.149545593145584 0.659624186020447 -0.047830671189364 0.285293326532376 -0.828551982245962 -0.689630308370326
-0.064831440875276 -0.147424137371975 0.069868557144062 -0.148119126512922 0.655481426109217 -0.051278822731216 0.294992212925282 -0.856719593607114 -0.694168475825485
-0.065572036507840 -0.144146730241429 0.069612163030406 -0.146644165448295 0.651197828141181 -0.054749665110343 0.304683156732155 -0.884864138026575 -0.698706643280644
-0.066305257335082 -0.140890741100723 0.069338414704854 -0.145120749664635 0.646773507451048 -0.058243198326746 0.314366157954660 -0.912985615504347 -0.703244810740244
-0.067030861083405 -0.137656873563467 0.069047198713221 -0.143548918874861 0.642208579373527 -0.061759422380447 0.324041216596127 -0.941084026053751 -0.707782978190963
-0.067748605677779 -0.134445830666600 0.068738401601318 -0.141928712791881 0.637503159243258 -0.065298337271402 0.333708332652116 -0.969159369661465 -0.712321145646122
-0.068458249241739 -0.131258314870384 0.068411909914961 -0.140260171128620 0.632657362394951 -0.068859942999633 0.343367506128178 -0.997211646336371 -0.716859313105722
-0.069159550097382 -0.128095028058409 0.068067610199963 -0.138543333597979 0.627671304163269 -0.072444239565161 0.353018737015431 -1.025240856062926 -0.721397480556440
-0.069852266765372 -0.124956671537592 0.067705389002137 -0.136778239912902 0.622545099882954 -0.076051226967944 0.362662025323868 -1.053246998865554 -0.725935648011600
-0.070536157964936 -0.121843946038178 0.067325132867298 -0.134964929786283 0.617278864888626 -0.079680905208002 0.372297371045716 -1.081230074719830 -0.730473815471200
-0.071210982613868 -0.118757551713735 0.066926728341258 -0.133103442931054 0.611872714515027 -0.083333274285358 0.381924774186526 -1.109190083645739 -0.735011982921918
-0.071876499828523 -0.115698188141159 0.066510061969831 -0.131193819060121 0.606326764096798 -0.087008334199967 0.391544234743524 -1.137127025636619 -0.739550150377077
-0.072532468923823 -0.112666554320675 0.066075020298831 -0.129236097886404 0.600641128968615 -0.090706084951853 0.401155752715043 -1.165040900676928 -0.744088317836678
-0.073178649413255 -0.109663348675832 0.065621489874072 -0.127230319122829 0.594815924465231 -0.094426526541036 0.410759328106636 -1.192931708793310 -0.748626485287396
-0.073814801008870 -0.106689269053506 0.065149357241367 -0.125176522482295 0.588851265921264 -0.098169658967473 0.420354960909419 -1.220799449961341 -0.753164652742555
-0.074440683621281 -0.103745012723900 0.064658508946529 -0.123074747677748 0.582747268671457 -0.101935482231186 0.429942651136717 -1.248644124203224 -0.757702820197714
-0.075056057359670 -0.100831276380543 0.064148831535373 -0.120925034422065 0.576504048050441 -0.105723996332174 0.439522398772985 -1.276465731503418 -0.762240987657314
-0.075660682531780 -0.097948756140290 0.063620211553712 -0.118727422428200 0.570121719392924 -0.109535201270461 0.449094203829326 -1.304264271857480 -0.766779155108033
-0.076254319643921 -0.095098147543326 0.063072535547360 -0.116481951409053 0.563600398033637 -0.113369097046001 0.458658066302964 -1.332039745289837 -0.771317322563192
-0.076836729400966 -0.092280145553158 0.062505690062130 -0.114188661077538 0.556940199307188 -0.117225683658817 0.468213986190569 -1.359792151778283 -0.775855490018351
-0.077407672706354 -0.089495444556622 0.061919561643836 -0.111847591146585 0.550141238548296 -0.121104961108909 0.477761963497692 -1.387521491331700 -0.780393657477951
-0.077966910662087 -0.086744738363880 0.061314036838291 -0.109458781329097 0.543203631091638 -0.125006929396299 0.487301998218226 -1.415227763932325 -0.784931824928670
-0.078514204568732 -0.084028720208422 0.060689002191310 -0.107022271338006 0.536127492271976 -0.128931588520942 0.496834090358278 -1.442910969622346 -0.789469992383829
-0.079049315925422 -0.081348082747062 0.060044344248705 -0.104538100886215 0.528912937423864 -0.132878938482861 0.506358239913407 -1.470571108355134 -0.794008159838988
-0.079572006429854 -0.078703518059943 0.059379949556291 -0.102006309686647 0.521560081882089 -0.136848979282056 0.515874446884168 -1.498208180159555 -0.798546327294147
-0.080082037978287 -0.076095717650532 0.058695704659881 -0.099426937452227 0.514069040981291 -0.140841710918527 0.525382711274447 -1.525822185024506 -0.803084494753747
-0.080579172665548 -0.073525372445626 0.057991496105288 -0.096800023895854 0.506439930056168 -0.144857133392295 0.534883033078692 -1.553413122952207 -0.807622662204466
-0.081063172785027 -0.070993172795345 0.057267210438326 -0.094125608730461 0.498672864441407 -0.148895246703318 0.544375412300235 -1.580980993938219 -0.812160829659625
-0.081533800828680 -0.068499808473138 0.056522734204810 -0.091403731668960 0.490767959471716 -0.152956050851616 0.553859848939076 -1.608525798000304 -0.816698997114784
-0.081990819487024 -0.066045968675779 0.055757953950552 -0.088634432424264 0.482725330481715 -0.157039545837190 0.563336342992438 -1.636047535107377 -0.821237164574384
-0.082433991649146 -0.063632342023371 0.054972756221366 -0.085817750709302 0.474545092806178 -0.161145731660062 0.572804894465873 -1.663546205292743 -0.825775332020662
-0.082863080402692 -0.061259616559340 0.054167027563066 -0.082953726236973 0.466227361779714 -0.165274608320165 0.582265503352719 -1.691021808531978 -0.830313499484703
-0.083277849033877 -0.058928479750441 0.053340654521465 -0.080042398720209 0.457772252737054 -0.169426175817589 0.591718169656863 -1.718474344840626 -0.834851666930980
-0.083678061027478 -0.056639618486756 0.052493523642377 -0.077083807871925 0.449179881012851 -0.173600434152243 0.601162893379414 -1.745903814203142 -0.839389834395021
-0.084063480066838 -0.054393719081692 0.051625521471616 -0.074077993405028 0.440450361941835 -0.177797383324219 0.610599674515377 -1.773310216635071 -0.843928001850180
-0.084433870033863 -0.052191467271983 0.050736534554994 -0.071024995032451 0.431583810858660 -0.182017023333469 0.620028513069748 -1.800693552125310 -0.848466169296458
-0.084788995009025 -0.050033548217689 0.049826449438327 -0.067924852467102 0.422580343098033 -0.186259354179952 0.629449409042526 -1.828053820689401 -0.853004336760499
-0.085128619271361 -0.047920646502199 0.048895152667427 -0.064777605421890 0.413440073994586 -0.190524375863754 0.638862362427606 -1.855391022298480 -0.857542504206776
-0.085452507298470 -0.045853446132226 0.047942530788109 -0.061583293609752 0.404163118883094 -0.194812088384788 0.648267373234979 -1.882705156990294 -0.862080671666376
-0.085760423766519 -0.043832630537811 0.046968470346185 -0.058341956743577 0.394749593098143 -0.199122491743120 0.657664441450767 -1.909996224724875 -0.866618839125977
-0.086052133550237 -0.041858882572320 0.045972857887469 -0.055053634536323 0.385199611974518 -0.203455585938750 0.667053567092180 -1.937264225542190 -0.871157006576695
-0.086327401722918 -0.039932884512447 0.044955579957775 -0.051718366700862 0.375513290846807 -0.207811370971633 0.676434750143118 -1.964509159400052 -0.875695174031854
-0.086585993556423 -0.038055318058213 0.043916523102917 -0.048336192950146 0.365690745049807 -0.212189846841793 0.685807990616349 -1.991731026342869 -0.880233341487013
-0.086827674521173 -0.036226864332964 0.042855573868708 -0.044907152997065 0.355732089918093 -0.216591013549228 0.695173288500217 -2.018929826337335 -0.884771508942173
-0.087052210286159 -0.034448203883374 0.041772618800962 -0.041431286554564 0.345637440786406 -0.221014871093939 0.704530643805268 -2.046105559392331 -0.889309676397332
-0.087259366718931 -0.032720016679442 0.040667544445492 -0.037908633335537 0.335406912989444 -0.225461419475925 0.713880056524840 -2.073258225516739 -0.893847843856932
-0.087448909885609 -0.031042982114495 0.039540237348113 -0.034339233052913 0.325040621861861 -0.229930658695210 0.723221526661155 -2.100387824695016 -0.898386011303209
-0.087620606050874 -0.029417779005185 0.038390584054637 -0.030723125419607 0.314538682738386 -0.234422588751726 0.732555054215323 -2.127494356953807 -0.902924178762810
-0.087774221677972 -0.027845085591493 0.037218471110878 -0.027060350148531 0.303901210953617 -0.238937209645540 0.741880639184567 -2.154577822255366 -0.907462346217969
-0.087909523428714 -0.026325579536725 0.036023785062650 -0.023350946952608 0.293128321842340 -0.243474521376630 0.751198281570553 -2.181638220624116 -0.912000513677569
-0.088026278163477 -0.024859937927514 0.034806412455767 -0.019594955544755 0.282220130739219 -0.248034523945018 0.760507981373837 -2.208675552071160 -0.916538681123846
-0.088124252941201 -0.023448837273818 0.033566239836042 -0.015792415637886 0.271176752978863 -0.252617217350637 0.769809738593308 -2.235689816558750 -0.921076848587887
-0.088203215019391 -0.022092953508923 0.032303153749289 -0.011943366944919 0.259998303896070 -0.257222601593576 0.779103553228966 -2.262681014126855 -0.925615016034165
-0.088262931854115 -0.020792961989443 0.031017040741321 -0.008047849178774 0.248684898825435 -0.261850676673747 0.788389425283031 -2.289649144751049 -0.930153183493765
-0.088303171100009 -0.019549537495316 0.029707787357952 -0.004105902052359 0.237236653101680 -0.266501442591216 0.797667354750509 -2.316594208433553 -0.934691350953365
-0.088323700610271 -0.018363354229807 0.028375280144996 -0.000117565278607 0.225653682059512 -0.271174899345983 0.806937341637504 -2.343516205185470 -0.939229518399642
-0.088324288436664 -0.017235085819510 0.027019405648266 0.003917121429581 0.213936101033585 -0.275871046937981 0.816199385939020 -2.370415134995696 -0.943767685863683
-0.088304702829516 -0.016165405314342 0.025640050413576 0.007998118359276 0.202084025358606 -0.280589885367299 0.825453487658390 -2.397290997873114 -0.948305853309961
-0.088264712237720 -0.015154985187549 0.024237100986740 0.012125385797568 0.190097570369241 -0.285331414633849 0.834699646793391 -2.424143793811062 -0.952844020774002
-0.088204085308732 -0.014204497335703 0.022810443913571 0.016298884031535 0.177976851400186 -0.290095634737719 0.843937863347355 -2.450973522813982 -0.957382188220279
-0.088122590888574 -0.013314613078702 0.021359965739882 0.020518573348272 0.165721983786116 -0.294882545678821 0.853168137313620 -2.477780184872991 -0.961920355679879
-0.088019998021833 -0.012486003159771 0.019885553011488 0.024784414034840 0.153333082861751 -0.299692147457220 0.862390468700514 -2.504563780005853 -0.966458523139480
-0.087896075951659 -0.011719337745462 0.018387092274202 0.029096366378342 0.140810263961721 -0.304524440072917 0.871604857500818 -2.531324308192584 -0.970996690581316
-0.087750594119767 -0.011015286425654 0.016864470073837 0.033454390665846 0.128153642420759 -0.309379423525824 0.880811303720641 -2.558061769442066 -0.975534858054239
-0.087583322166438 -0.010374518213550 0.015317572956208 0.037858447184450 0.115363333573548 -0.314257097816095 0.890009807355541 -2.584776163756519 -0.980073025496075
-0.087394029930515 -0.009797701545682 0.013746287467128 0.042308496221227 0.102439452754766 -0.319157462943576 0.899200368406627 -2.611467491140385 -0.984611192955676
-0.087182487449409 -0.009285504281908 0.012150500152410 0.046804498063260 0.089382115299064 -0.324080518908354 0.908382986874456 -2.638135751573678 -0.989149360410835
-0.086948464959093 -0.008838593705413 0.010530097557868 0.051346412997633 0.076191436541195 -0.329026265710408 0.917557662760693 -2.664780945085266 -0.993687527865994
-0.086691732894105 -0.008457636522707 0.008884966229316 0.055934201311436 0.062867531815769 -0.333994703349738 0.926724396059786 -2.691403071644061 -0.998225695321153
-0.086412061887548 -0.008143298863628 0.007214992712567 0.060567823291735 0.049410516457549 -0.338985831826344 0.935883186779507 -2.718002131278929 -1.002763862771872
-0.086109222771089 -0.007896246281341 0.005520063553436 0.065247239225633 0.035820505801154 -0.343999651140203 0.945034034913195 -2.744578123969887 -1.007302030235913
-0.085782986574961 -0.007717143752335 0.003800065297735 0.069972409400199 0.022097615181305 -0.349036161291383 0.954176940464180 -2.771131049723596 -1.011840197682190
-0.085433124527960 -0.007606655676428 0.002054884491278 0.074743294102519 0.008241959932687 -0.354095362279794 0.963311903431907 -2.797660908537836 -1.016378365146231
-0.085059408057447 -0.007565445876765 0.000284407679879 0.079559853619679 -0.005746344610003 -0.359177254105525 0.972438923815822 -2.824167700425928 -1.020916532592508
-0.084661608789349 -0.007594177599815 -0.001511478590649 0.084422048238758 -0.019867183112132 -0.364281836768487 0.972438923815822 -2.824167700425928 -1.020916532592508
-0.084239498548155 -0.007693513515375 -0.003332887774491 -0.084422048238758 0.019867183112132 0.364281836768487 0.963311903431907 -2.797660908537836 -1.016378365146231
-0.084661608789349 -0.007594177599815 -0.001511478590649 -0.079559853619679 0.005746344610003 0.359177254105525 0.954176940464180 -2.771131049723596 -1.011840197682190
-0.085059408057447 -0.007565445876765 0.000284407679879 -0.074743294102519 -0.008241959932687 0.354095362279794 0.945034034913195 -2.744578123969887 -1.007302030235913
-0.085433124527960 -0.007606655676428 0.002054884491278 -0.069972409400199 -0.022097615181305 0.349036161291383 0.935883186779507 -2.718002131278929 -1.002763862771872
-0.085782986574961 -0.007717143752335 0.003800065297735 -0.065247239225633 -0.035820505801154 0.343999651140203 0.926724396059786 -2.691403071644061 -0.998225695321153
-0.086109222771089 -0.007896246281341 0.005520063553436 -0.060567823291735 -0.049410516457549 0.338985831826344 0.917557662760693 -2.664780945085266 -0.993687527865994
-0.086412061887548 -0.008143298863628 0.007214992712567 -0.055934201311436 -0.062867531815769 0.333994703349738 0.908382986874456 -2.638135751573678 -0.989149360410835
-0.086691732894105 -0.008457636522707 0.008884966229316 -0.051346412997633 -0.076191436541195 0.329026265710408 0.899200368406627 -2.611467491140385 -0.984611192955676
-0.086948464959093 -0.008838593705413 0.010530097557868 -0.046804498063260 -0.089382115299064 0.324080518908354 0.890009807355541 -2.584776163756519 -0.980073025496075
-0.087182487449409 -0.009285504281908 0.012150500152410 -0.042308496221227 -0.102439452754766 0.319157462943576 0.880811303720641 -2.558061769442066 -0.975534858054239
-0.087394029930515 -0.009797701545682 0.013746287467128 -0.037858447184450 -0.115363333573548 0.314257097816095 0.871604857500818 -2.531324308192584 -0.970996690581316
-0.087583322166438 -0.010374518213550 0.015317572956208 -0.033454390665846 -0.128153642420759 0.309379423525824 0.862390468700514 -2.504563780005853 -0.966458523139480
-0.087750594119767 -0.011015286425654 0.016864470073837 -0.029096366378342 -0.140810263961721 0.304524440072917 0.853168137313620 -2.477780184872991 -0.961920355679879
-0.087896075951659 -0.011719337745462 0.018387092274202 -0.024784414034840 -0.153333082861751 0.299692147457220 0.843937863347355 -2.450973522813982 -0.957382188220279
-0.088019998021833 -0.012486003159771 0.019885553011488 -0.020518573348272 -0.165721983786116 0.294882545678821 0.834699646793391 -2.424143793811062 -0.952844020774002
-0.088122590888574 -0.013314613078702 0.021359965739882 -0.016298884031535 -0.177976851400186 0.290095634737719 0.825453487658390 -2.397290997873114 -0.948305853309961
-0.088204085308732 -0.014204497335703 0.022810443913571 -0.012125385797568 -0.190097570369241 0.285331414633849 0.816199385939020 -2.370415134995696 -0.943767685863683
-0.088264712237720 -0.015154985187549 0.024237100986740 -0.007998118359276 -0.202084025358606 0.280589885367299 0.806937341637504 -2.343516205185470 -0.939229518399642
-0.088304702829516 -0.016165405314342 0.025640050413576 -0.003917121429581 -0.213936101033585 0.275871046937981 0.797667354750509 -2.316594208433553 -0.934691350953365
-0.088324288436664 -0.017235085819510 0.027019405648266 0.000117565278607 -0.225653682059512 0.271174899345983 0.788389425283031 -2.289649144751049 -0.930153183493765
-0.088323700610271 -0.018363354229807 0.028375280144996 0.004105902052359 -0.237236653101680 0.266501442591216 0.779103553228966 -2.262681014126855 -0.925615016034165
-0.088303171100009 -0.019549537495316 0.029707787357952 0.008047849178774 -0.248684898825435 0.261850676673747 0.769809738593308 -2.235689816558750 -0.921076848587887
-0.088262931854115 -0.020792961989443 0.031017040741321 0.011943366944919 -0.259998303896070 0.257222601593576 0.760507981373837 -2.208675552071160 -0.916538681123846
-0.088203215019391 -0.022092953508923 0.032303153749289 0.015792415637886 -0.271176752978863 0.252617217350637 0.751198281570553 -2.181638220624116 -0.912000513677569
-0.088124252941201 -0.023448837273818 0.033566239836042 0.019594955544755 -0.282220130739219 0.248034523945018 0.741880639184567 -2.154577822255366 -0.907462346217969
-0.088026278163477 -0.024859937927514 0.034806412455767 0.023350946952608 -0.293128321842340 0.243474521376630 0.732555054215323 -2.127494356953807 -0.902924178762810
-0.087909523428714 -0.026325579536725 0.036023785062650 0.027060350148531 -0.303901210953617 0.238937209645540 0.723221526661155 -2.100387824695016 -0.898386011303209
-0.087774221677972 -0.027845085591493 0.037218471110878 0.030723125419607 -0.314538682738386 0.234422588751726 0.713880056524840 -2.073258225516739 -0.893847843856932
-0.087620606050874 -0.029417779005185 0.038390584054637 0.034339233052913 -0.325040621861861 0.229930658695210 0.704530643805268 -2.046105559392331 -0.889309676397332
-0.087448909885609 -0.031042982114495 0.039540237348113 0.037908633335537 -0.335406912989444 0.225461419475925 0.695173288500217 -2.018929826337335 -0.884771508942173
-0.087259366718931 -0.032720016679442 0.040667544445492 0.041431286554564 -0.345637440786406 0.221014871093939 0.685807990616349 -1.991731026342869 -0.880233341487013
-0.087052210286159 -0.034448203883374 0.041772618800962 0.044907152997065 -0.355732089918093 0.216591013549228 0.676434750143118 -1.964509159400052 -0.875695174031854
-0.086827674521173 -0.036226864332964 0.042855573868708 0.048336192950146 -0.365690745049807 0.212189846841793 0.667053567092180 -1.937264225542190 -0.871157006576695
-0.086585993556423 -0.038055318058213 0.043916523102917 0.051718366700862 -0.375513290846807 0.207811370971633 0.657664441450767 -1.909996224724875 -0.866618839125977
-0.086327401722918 -0.039932884512447 0.044955579957775 0.055053634536323 -0.385199611974518 0.203455585938750 0.648267373234979 -1.882705156990294 -0.862080671666376
-0.086052133550237 -0.041858882572320 0.045972857887469 0.058341956743577 -0.394749593098143 0.199122491743120 0.638862362427606 -1.855391022298480 -0.857542504206776
-0.085760423766519 -0.043832630537811 0.046968470346185 0.061583293609752 -0.404163118883094 0.194812088384788 0.629449409042526 -1.828053820689401 -0.853004336760499
-0.085452507298470 -0.045853446132226 0.047942530788109 0.064777605421890 -0.413440073994586 0.190524375863754 0.620028513069748 -1.800693552125310 -0.848466169296458
-0.085128619271361 -0.047920646502199 0.048895152667427 0.067924852467102 -0.422580343098033 0.186259354179952 0.610599674515377 -1.773310216635071 -0.843928001850180
-0.084788995009025 -0.050033548217689 0.049826449438327 0.071024995032451 -0.431583810858660 0.182017023333469 0.601162893379414 -1.745903814203142 -0.839389834395021
-0.084433870033863 -0.052191467271983 0.050736534554994 0.074077993405028 -0.440450361941835 0.177797383324219 0.591718169656863 -1.718474344840626 -0.834851666930980
-0.084063480066838 -0.054393719081692 0.051625521471616 0.077083807871925 -0.449179881012851 0.173600434152243 0.582265503352719 -1.691021808531978 -0.830313499484703
-0.083678061027478 -0.056639618486756 0.052493523642377 0.080042398720209 -0.457772252737054 0.169426175817589 0.572804894465873 -1.663546205292743 -0.825775332020662
-0.083277849033877 -0.058928479750441 0.053340654521465 0.082953726236973 -0.466227361779714 0.165274608320165 0.563336342992438 -1.636047535107377 -0.821237164574384
-0.082863080402692 -0.061259616559340 0.054167027563066 0.085817750709302 -0.474545092806178 0.161145731660062 0.553859848939076 -1.608525798000304 -0.816698997114784
-0.082433991649146 -0.063632342023371 0.054972756221366 0.088634432424264 -0.482725330481715 0.157039545837190 0.544375412300235 -1.580980993938219 -0.812160829659625
-0.081990819487024 -0.066045968675779 0.055757953950552 0.091403731668960 -0.490767959471716 0.152956050851616 0.534883033078692 -1.553413122952207 -0.807622662204466
-0.081533800828680 -0.068499808473138 0.056522734204810 0.094125608730461 -0.498672864441407 0.148895246703318 0.525382711274447 -1.525822185024506 -0.803084494753747
-0.081063172785027 -0.070993172795345 0.057267210438326 0.096800023895854 -0.506439930056168 0.144857133392295 0.515874446884168 -1.498208180159555 -0.798546327294147
-0.080579172665548 -0.073525372445626 0.057991496105288 0.099426937452227 -0.514069040981291 0.140841710918527 0.506358239913407 -1.470571108355134 -0.794008159838988
-0.080082037978287 -0.076095717650532 0.058695704659881 0.102006309686647 -0.521560081882089 0.136848979282056 0.496834090358278 -1.442910969622346 -0.789469992383829
-0.079572006429854 -0.078703518059943 0.059379949556291 0.104538100886215 -0.528912937423864 0.132878938482861 0.487301998218226 -1.415227763932325 -0.784931824928670
-0.079049315925422 -0.081348082747062 0.060044344248705 0.107022271338006 -0.536127492271976 0.128931588520942 0.477761963497692 -1.387521491331700 -0.780393657477951
-0.078514204568732 -0.084028720208422 0.060689002191310 0.109458781329097 -0.543203631091638 0.125006929396299 0.468213986190569 -1.359792151778283 -0.775855490018351
-0.077966910662087 -0.086744738363880 0.061314036838291 0.111847591146585 -0.550141238548296 0.121104961108909 0.458658066302964 -1.332039745289837 -0.771317322563192
-0.077407672706354 -0.089495444556622 0.061919561643836 0.114188661077538 -0.556940199307188 0.117225683658817 0.449094203829326 -1.304264271857480 -0.766779155108033
-0.076836729400966 -0.092280145553158 0.062505690062130 0.116481951409053 -0.563600398033637 0.113369097046001 0.439522398772985 -1.276465731503418 -0.762240987657314
-0.076254319643921 -0.095098147543326 0.063072535547360 0.118727422428200 -0.570121719392924 0.109535201270461 0.429942651136717 -1.248644124203224 -0.757702820197714
-0.075660682531780 -0.097948756140290 0.063620211553712 0.120925034422065 -0.576504048050441 0.105723996332174 0.420354960909419 -1.220799449961341 -0.753164652742555
-0.075056057359670 -0.100831276380543 0.064148831535373 0.123074747677748 -0.582747268671457 0.101935482231186 0.410759328106636 -1.192931708793310 -0.748626485287396
-0.074440683621281 -0.103745012723900 0.064658508946529 0.125176522482295 -0.588851265921264 0.098169658967473 0.401155752715043 -1.165040900676928 -0.744088317836678
-0.073814801008870 -0.106689269053506 0.065149357241367 0.127230319122829 -0.594815924465231 0.094426526541036 0.391544234743524 -1.137127025636619 -0.739550150377077
-0.073178649413255 -0.109663348675832 0.065621489874072 0.129236097886404 -0.600641128968615 0.090706084951853 0.381924774186526 -1.109190083645739 -0.735011982921918
-0.072532468923823 -0.112666554320675 0.066075020298831 0.131193819060121 -0.606326764096798 0.087008334199967 0.372297371045716 -1.081230074719830 -0.730473815471200
-0.071876499828523 -0.115698188141159 0.066510061969831 0.133103442931054 -0.611872714515027 0.083333274285358 0.362662025323868 -1.053246998865554 -0.725935648011600
-0.071210982613868 -0.118757551713735 0.066926728341258 0.134964929786283 -0.617278864888626 0.079680905208002 0.353018737015431 -1.025240856062926 -0.721397480556440
-0.070536157964936 -0.121843946038178 0.067325132867298 0.136778239912902 -0.622545099882954 0.076051226967944 0.343367506128178 -0.997211646336371 -0.716859313105722
-0.069852266765372 -0.124956671537592 0.067705389002137 0.138543333597979 -0.627671304163269 0.072444239565161 0.333708332652116 -0.969159369661465 -0.712321145646122
-0.069159550097382 -0.128095028058409 0.068067610199963 0.140260171128620 -0.632657362394951 0.068859942999633 0.324041216596127 -0.941084026053751 -0.707782978190963
-0.068458249241739 -0.131258314870384 0.068411909914961 0.141928712791881 -0.637503159243258 0.065298337271402 0.314366157954660 -0.912985615504347 -0.703244810740244
-0.067748605677779 -0.134445830666600 0.068738401601318 0.143548918874861 -0.642208579373527 0.061759422380447 0.304683156732155 -0.884864138026575 -0.698706643280644
-0.067030861083405 -0.137656873563467 0.069047198713221 0.145120749664635 -0.646773507451048 0.058243198326746 0.294992212925282 -0.856719593607114 -0.694168475825485
-0.066305257335082 -0.140890741100723 0.069338414704854 0.146644165448295 -0.651197828141181 0.054749665110343 0.285293326532376 -0.828551982245962 -0.689630308370326
-0.065572036507840 -0.144146730241429 0.069612163030406 0.148119126512922 -0.655481426109217 0.051278822731216 0.275586497559543 -0.800361303949781 -0.685092140924048
-0.064831440875276 -0.147424137371975 0.069868557144062 0.149545593145584 -0.659624186020447 0.047830671189364 0.265871726002342 -0.772147558723013 -0.680553973455567
-0.064083712909548 -0.150722258302077 0.070107710500009 0.150923525633381 -0.663625992540195 0.044405210484744 0.256149011861884 -0.743910746556775 -0.676015806009289
-0.063329095281381 -0.154040388264778 0.070329736552433 0.152252884263393 -0.667486730333811 0.041002440617466 0.246418355135392 -0.715650867442186 -0.671477638549689
-0.062567830860064 -0.157377821916447 0.070534748755520 0.153533629322702 -0.671206284066594 0.037622361587419 0.236679755829527 -0.687367921408111 -0.666939471098971
-0.061800162713450 -0.160733853336780 0.070722860563457 0.154765721098379 -0.674784538403805 0.034264973394671 0.226933213938463 -0.659061908421243 -0.662401303634930
-0.061026334107958 -0.164107776028799 0.070894185430430 0.155949119877527 -0.678221378010846 0.030930276039176 0.217178729461365 -0.630732828503788 -0.657863136193093
-0.060246588508571 -0.167498882918853 0.071048836810626 0.157083785947219 -0.681516687552952 0.027618269521001 0.207416302407115 -0.602380681655745 -0.653324968729052
-0.059461169578835 -0.170906466356618 0.071186928158231 0.158169679594526 -0.684670351695471 0.024328953840036 0.197645932761004 -0.574005467859351 -0.648786801273893
-0.058670321180862 -0.174329818115095 0.071308572927431 0.159206761106562 -0.687682255103750 0.021062328996391 0.187867620540239 -0.545607187130148 -0.644248633823175
-0.057874287375329 -0.177768229390614 0.071413884572413 0.160194990770367 -0.690552282443047 0.017818394990021 0.178081365729277 -0.517185839468137 -0.639710466363574
-0.057073312421477 -0.181220990802829 0.071502976547363 0.161134328873068 -0.693280318378697 0.014597151820905 0.168287168338388 -0.488741424853334 -0.635172298912856
-0.056267640777112 -0.184687392394723 0.071575962306468 0.162024735701714 -0.695866247576038 0.011398599489088 0.158485028365074 -0.460273943330147 -0.630634131453256
-0.055457517098604 -0.188166723632603 0.071632955303913 0.162866171543406 -0.698309954700305 0.008222737994523 0.148674945802119 -0.431783394838625 -0.626095963998097
-0.054643186240886 -0.191658273406104 0.071674068993886 0.163658596685232 -0.700611324416955 0.005069567337257 0.138856920664232 -0.403269779432058 -0.621557796547378
-0.053824893257460 -0.195161330028189 0.071699416830572 0.164401971414242 -0.702770241391149 0.001939087517266 0.129030952935871 -0.374733097072699 -0.617019629092219
-0.053002883400389 -0.198675181235145 0.071709112268159 0.165096256017563 -0.704786590288309 -0.001168701465470 0.119197042628139 -0.346173347789414 -0.612481461632619
-0.052177402120301 -0.202199114186587 0.071703268760831 0.165741410782243 -0.706660255773672 -0.004253799610932 0.109355189737426 -0.317590531562217 -0.607943294177460
-0.051348695066390 -0.205732415465455 0.071681999762777 0.166337395995383 -0.708391122512619 -0.007316206919095 0.099505394257904 -0.288984648395552 -0.603405126726742
-0.050517008086413 -0.209274371078018 0.071645418728181 0.166884171944071 -0.709979075170430 -0.010355923389982 0.089647656203451 -0.260355698302739 -0.598866959271582
-0.049682587226693 -0.212824266453870 0.071593639111231 0.167381698915360 -0.711423998412408 -0.013372949023616 0.079781975557136 -0.231703681252693 -0.594328791811982
-0.048845678732116 -0.216381386445932 0.071526774366113 0.167829937196377 -0.712725776903922 -0.016367283819974 0.069908352332282 -0.203028597287602 -0.589790624356823
-0.048006529046134 -0.219945015330452 0.071444937947013 0.168228847074163 -0.713884295310185 -0.019338927779033 0.060026786521672 -0.174330446365278 -0.585252456906105
-0.047165384810763 -0.223514436807003 0.071348243308118 0.168578388835824 -0.714899438296623 -0.022287880900818 0.050137278133355 -0.145609228534571 -0.580714289450945
-0.046322492866584 -0.227088933998486 0.071236803903614 0.168878522768433 -0.715771090528450 -0.025214143185348 0.040239827152622 -0.116864943729977 -0.576176121991345
-0.045478100252742 -0.230667789451128 0.071110733187687 0.169129209159100 -0.716499136671123 -0.028117714632603 0.030334433592794 -0.088097592010339 -0.571637954536186
-0.044632454206947 -0.234250285134484 0.070970144614524 0.169330408294863 -0.717083461389773 -0.030998595242560 0.020421097451928 -0.059307173352341 -0.567099787089909
-0.043785802165472 -0.237835702441433 0.070815151638312 0.169482080462827 -0.717523949349824 -0.033856785015240 0.010499818726140 -0.030493687758204 -0.562561619621427
-0.042938391763158 -0.241423322188182 0.070645867713235 0.169584185950086 -0.717820485216586 -0.036692283950690 0.000570597412375 -0.001657135212385 -0.558023452175149
-0.042090470833408 -0.245012424614265 0.070462406293482 0.169636685043717 -0.717972953655377 -0.039505092048797 -0.009366566478541 0.027202484252919 -0.553485284719990
-0.041242287408189 -0.248602289382542 0.070264880833238 0.169639538030779 -0.717981239331439 -0.042295209309673 -0.019311672955769 0.056085170665465 -0.548947117264831
-0.040394089718035 -0.252192195579199 0.070053404786690 0.169592705198386 -0.717845226910174 -0.045062635733273 -0.029264722016253 0.084990924009709 -0.544408949805231
-0.039546126192043 -0.255781421713750 0.069828091608023 0.169496146833607 -0.717564801056847 -0.047807371319597 -0.039225713659163 0.113919744293423 -0.539870782350071
-0.038698645457875 -0.259369245719034 0.069589054751425 0.169349823223526 -0.717139846436798 -0.050529416068623 -0.049194647886441 0.142871631518826 -0.535332614899353
-0.037851896341758 -0.262954944951218 0.069336407671082 0.169153694655230 -0.716570247715331 -0.053228769980374 -0.059171524696700 0.171846585672597 -0.530794447444194
-0.037006127868481 -0.266537796189794 0.069070263821180 0.168907721415798 -0.715855889557737 -0.055905433054870 -0.069156344092436 0.200844606768058 -0.526256279989035
-0.036161589261402 -0.270117075637583 0.068790736655906 0.168611863792315 -0.714996656629374 -0.058559405292091 -0.079149106066712 0.229865694802989 -0.521718112529435
-0.035318529942441 -0.273692058920730 0.068497939629445 0.168266082071852 -0.713992433595534 -0.061190686692036 -0.089149810632294 0.258909849777389 -0.517179945078716
-0.034477199532082 -0.277262021088708 0.068191986195985 0.167870336541519 -0.712843105121519 -0.063799277254684 -0.099158457771975 0.287977071680157 -0.512641777619116
-0.033637847849374 -0.280826236614315 0.067872989809712 0.167424587488357 -0.711548555872632 -0.066385176980077 -0.109175047500187 0.317067360515733 -0.508103610168398
-0.032800724911932 -0.284383979393678 0.067541063924811 0.166928795199497 -0.710108670514231 -0.068948385868173 -0.119199579813045 0.346180716308542 -0.503565442708798
-0.031966080935935 -0.287934522746250 0.067196321995471 0.166382919961997 -0.708523333711653 -0.071488903919015 -0.129232054705553 0.375317139020837 -0.499027275258079
-0.031134166336125 -0.291477139414808 0.066838877475875 0.165786922062931 -0.706792430130110 -0.074006731132559 -0.139272472186869 0.404476628685924 -0.494489107802920
-0.030305231725810 -0.295011101565458 0.066468843820213 0.165140761789404 -0.704915844435006 -0.076501867508849 -0.149320832244365 0.433659185268276 -0.489950940347761
-0.029479527916863 -0.298535680787633 0.066086334482668 0.164444399428469 -0.702893461291576 -0.078974313047864 -0.159377134889699 0.462864808798980 -0.485412772888161
-0.028657305919721 -0.302050148094091 0.065691462917429 0.163697795267247 -0.700725165365235 -0.081424067749603 -0.169441380121205 0.492093499275814 -0.480874605437442
-0.027838816943384 -0.305553773920917 0.065284342578681 0.162900909592799 -0.698410841321240 -0.083851131614043 -0.179513567929723 0.521345256672134 -0.476336437982283
-0.027024312395421 -0.309045828127524 0.064865086920611 0.162053702692193 -0.695950373824861 -0.086255504641231 -0.189593698327051 0.550620081019026 -0.471798270522683
-0.026214043881960 -0.312525579996648 0.064433809397405 0.161156134852544 -0.693343647541500 -0.088637186831142 -0.199681771300975 0.579917972287625 -0.467260103071965
-0.025408263207697 -0.315992298234355 0.063990623463249 0.160208166360909 -0.690590547136405 -0.090996178183755 -0.209777786867038 0.609238930513456 -0.462721935616806
-0.024607222375892 -0.319445250970038 0.063535642572330 0.159209757504404 -0.687690957274967 -0.093332478699115 -0.219881745009837 0.638582955658773 -0.458183768157205
-0.023811173588370 -0.322883705756412 0.063068980178835 0.158160868570069 -0.684644762622399 -0.095646088377199 -0.229993645742693 0.667950047761323 -0.453645600706487
-0.023020369245520 -0.326306929569524 0.062590749736949 0.157061459845020 -0.681451847844106 -0.097937007217985 -0.240113489049509 0.697340206776698 -0.449107433251328
-0.022235061946295 -0.329714188808745 0.062101064700859 0.155911491616306 -0.678112097605299 -0.100205235221518 -0.250241274948604 0.726753432749305 -0.444569265791728
-0.021455504488213 -0.333104749296771 0.061600038524751 0.154710924171059 -0.674625396571416 -0.102450772387774 -0.260377003425682 0.756189725645839 -0.440031098345450
-0.020681949867358 -0.336477876279628 0.061087784662812 0.153459717796316 -0.670991629407669 -0.104673618716733 -0.270520674489766 0.785649085488505 -0.435492930881409
-0.019914651278376 -0.339832834426667 0.060564416569229 0.152157832779187 -0.667210680779440 -0.106873774208460 -0.280672288134609 0.815131512263978 -0.430954763430691
-0.019153862114480 -0.343168887830564 0.060030047698186 0.150805229406738 -0.663282435351997 -0.109051238862867 -0.290831844364653 0.844637005978921 -0.426416595971091
-0.018399835967447 -0.346485300007324 0.059484791503872 0.149401867966065 -0.659206777790677 -0.111206012680021 -0.300999343174901 0.874165566615570 -0.421878428524813
-0.017652826627616 -0.349781333896277 0.058928761440472 0.147947708744242 -0.654983592760783 -0.113338095659876 -0.311174784573681 0.903717194224996 -0.417340261060772
-0.016913088083895 -0.353056251860081 0.058362070962172 0.146442712028368 -0.650612764927705 -0.115447487802500 -0.321358168551972 0.933291888731702 -0.412802093610054
-0.016180874523753 -0.356309315684720 0.057784833523160 0.144886838105499 -0.646094178956580 -0.117534189107804 -0.331549495113936 0.962889650204524 -0.408263926150454
-0.015456440333226 -0.359539786579503 0.057197162577621 0.143280047262739 -0.641427719512921 -0.119598199575854 -0.341748764265820 0.992510478607933 -0.403725758704176
-0.014740040096912 -0.362746925177067 0.056599171579742 0.141622299787170 -0.636613271261899 -0.121639519206607 -0.351955975989443 1.022154373937489 -0.399187591240135
-0.014031928597976 -0.365929991533377 0.055990973983709 0.139913555965841 -0.631650718868859 -0.123658148000128 -0.362171130303890 1.051821336204295 -0.394649423789417
-0.013332360818147 -0.369088245127721 0.055372683243708 0.138153776085893 -0.626539946999172 -0.125654085956328 -0.372394227200479 1.081511365419452 -0.390111256334258
-0.012641591937718 -0.372220944862717 0.054744412813926 0.136342920434374 -0.621280840318150 -0.127627333075275 -0.382625266684766 1.111224461580740 -0.385573088879099
-0.011959877335546 -0.375327349064308 0.054106276148550 0.134480949298372 -0.615873283491053 -0.129577889356947 -0.392864248744962 1.140960624652632 -0.381034921419499
-0.011287472589054 -0.378406715481763 0.053458386701765 0.132567822964948 -0.610317161183149 -0.131505754801342 -0.403111173389731 1.170719854672875 -0.376496753973221
-0.010624633474229 -0.381458301287679 0.052800857927759 0.130603501721223 -0.604612358059886 -0.133410929408440 -0.413366040621088 1.200502151632588 -0.371958586509180
-0.009971615965623 -0.384481363077978 0.052133803280716 0.128587945854274 -0.598758758786522 -0.135293413178306 -0.423628850437230 1.230307515538431 -0.367420419058462
-0.009328676236352 -0.387475156871911 0.051457336214825 0.126521115651169 -0.592756248028359 -0.137153206110852 -0.433899602833854 1.260135946370422 -0.362882251603303
-0.008696070658096 -0.390438938112053 0.050771570184271 0.124402971398983 -0.586604710450667 -0.138990308206144 -0.444178297812070 1.289987444130780 -0.358344084148143
-0.008074055801101 -0.393371961664306 0.050076618643240 0.122233473384813 -0.580304030718815 -0.140804719464160 -0.454464935379512 1.319862008852812 -0.353805916688543
-0.007462888434177 -0.396273481817900 0.049372595045919 0.120012581895753 -0.573854093498161 -0.142596439884901 -0.464759515525737 1.349759640492110 -0.349267749242266
-0.006862825524698 -0.399142752285391 0.048659612846495 0.117740257218855 -0.567254783453897 -0.144365469468344 -0.475062038254764 1.379680339073097 -0.344729581778225
-0.006274124238604 -0.401979026202660 0.047937785499153 0.115416459641227 -0.560505985251436 -0.146111808214555 -0.485372503571668 1.409624104593554 -0.340191414331947
-0.005697041940398 -0.404781556128917 0.047207226458080 0.113041149449953 -0.553607583556071 -0.147835456123446 -0.495690911465932 1.439590937044599 -0.335653246867906
-0.005131836193148 -0.407549594046698 0.046468049177463 0.110614286932095 -0.546559463033103 -0.149536413195106 -0.506017261952990 1.469580836459539 -0.331115079417188
-0.004578764758488 -0.410282391361863 0.045720367111487 0.108135832374765 -0.539361508347880 -0.151214679429446 -0.516351555009711 1.499593802760657 -0.326576911962029
-0.004038085596614 -0.412979198903603 0.044964293714340 0.105605746065000 -0.532013604165582 -0.152870254826531 -0.526693790664223 1.529629836052315 -0.322038744506870
-0.003510056866289 -0.415639266924431 0.044199942440207 0.103023988289951 -0.524515635151779 -0.154503139386342 -0.537043968894360 1.559688936254577 -0.317500577051710
-0.002994936924839 -0.418261845100189 0.043427426743276 0.100390519336630 -0.516867485971517 -0.156113333108876 -0.547402089706683 1.589771103389648 -0.312962409596551
-0.002492984328156 -0.420846182530047 0.042646860077731 0.097705299492159 -0.509069041290244 -0.157700835994135 -0.557768153108193 1.619876337473070 -0.308424242136951
-0.002004457830695 -0.423391527736498 0.041858355897761 0.094968289043625 -0.501120185773296 -0.159265648042117 -0.568142159085605 1.650004638489300 -0.303886074690674
-0.001529616385477 -0.425897128665365 0.041062027657550 0.092179448278084 -0.493020804085931 -0.160807769252802 -0.578524107656930 1.680156006444999 -0.299347907231073
-0.001068719144086 -0.428362232685794 0.040257988811286 0.089338737482656 -0.484770780893484 -0.162327199626255 -0.588913998796417 1.710330441331287 -0.294809739771473
-0.000622025456673 -0.430786086590262 0.039446352813155 0.086446116944371 -0.476370000861259 -0.163823939162411 -0.599311832538799 1.740527943172587 -0.290271572325196
-0.000189794871951 -0.433167936594568 0.038627233117343 0.083501546950389 -0.467818348654603 -0.165297987861268 -0.609717608848412 1.770748511928932 -0.285733404861155
0.000227712862801 -0.435507028337841 0.037800743178036 0.080504987787695 -0.459115708938740 -0.166749345722894 -0.620131327748430 1.800992147633629 -0.281195237414877
0.000630237801739 -0.437802606882535 0.036966996449422 0.077456399743453 -0.450261966379095 -0.168178012747200 -0.630552989229274 1.831258850273354 -0.276657069950836
0.001017519800456 -0.440053916714430 0.036126106385686 0.074355743104711 -0.441257005640927 -0.169583988934274 -0.640982593294107 1.861548619843667 -0.272118902504559
0.001389298515980 -0.442260201742635 0.035278186441015 0.071202978158565 -0.432100711389560 -0.170967274284028 -0.651420139948891 1.891861456377875 -0.267580735040518
0.001745313406773 -0.444420705299583 0.034423350069594 0.067998065192094 -0.422792968290342 -0.172327868796551 -0.661865629176944 1.922197359813804 -0.263042567589800
0.002085303732733 -0.446534670141034 0.033561710725612 0.064740964492350 -0.413333661008453 -0.173665772471754 -0.672319060991307 1.952556330202526 -0.258504400139081
0.002409008555195 -0.448601338446077 0.032693381863253 0.061431636346465 -0.403722674209384 -0.174980985309703 -0.682780435395901 1.982938367537379 -0.253966232675040
0.002716166736927 -0.450619951817124 0.031818476936704 0.058070041041509 -0.393959892558371 -0.176273507310398 -0.693249752373309 2.013343471789497 -0.249428065228763
0.003006516942135 -0.452589751279916 0.030937109400152 0.054656138864529 -0.384045200720684 -0.177543338473773 -0.703727011942268 2.043771642998848 -0.244889897764722
0.003279797636458 -0.454509977283519 0.030049392707784 0.051189890102663 -0.373978483361737 -0.178790478799917 -0.714212214092472 2.074222881134347 -0.240351730318444
0.003535747086971 -0.456379869700328 0.029155440313784 0.047671255042951 -0.363759625146742 -0.180014928288741 -0.724705358824754 2.104697186209314 -0.235813562858844
0.003774103362186 -0.458198667826061 0.028255365672340 0.044100193972489 -0.353388510741071 -0.181216686940333 -0.735206446139808 2.135194558219311 -0.231275395399244
0.003994604332048 -0.459965610379767 0.027349282237639 0.040476667178365 -0.342865024810024 -0.182395754754627 -0.745715476039160 2.165714997166557 -0.226737227952967
0.004196987667940 -0.461679935503817 0.026437303463865 0.036800634947666 -0.332189052018927 -0.183552131731624 -0.756232448529230 2.196258503059934 -0.222199060493367
0.004380990842678 -0.463340880763911 0.025519542805207 0.033072057567470 -0.321360477033095 -0.184685817871388 -0.766757363587049 2.226825075875016 -0.217660893038207
0.004546351130516 -0.464947683149077 0.024596113715850 0.029290895324824 -0.310379184517795 -0.185796813173855 -0.777290221247555 2.257414715653994 -0.213122725583048
0.004692805607140 -0.466499579071666 0.023667129649981 0.025457108506889 -0.299245059138420 -0.186885117639046 -0.787831021467171 2.288027422319150 -0.208584558127889
0.004820091149674 -0.467995804367358 0.022732704061786 0.021570657400651 -0.287957985560150 -0.187950731266961 -0.798379764294643 2.318663195974846 -0.204046390672730
0.004927944436677 -0.469435594295159 0.021792950405451 0.017631502293315 -0.276517848448554 -0.188993654057601 -0.808936449690698 2.349322036547807 -0.199508223217570
0.005016101948144 -0.470818183537402 0.020847982135163 0.013639603471842 -0.264924532468680 -0.190013886010965 -0.819501077682777 2.380003944071341 -0.194970055762411
0.005084299965503 -0.472142806199745 0.019897912705108 0.009594921223388 -0.253177922285941 -0.191011427127052 -0.830073648234175 2.410708918474391 -0.190431888311693
0.005132274571620 -0.473408695811175 0.018942855569473 0.005497415834975 -0.241277902565584 -0.191986277405864 -0.840654161401305 2.441436959899068 -0.185893720847652
0.005159761650795 -0.474615085324003 0.017982924182444 0.001347047593804 -0.229224357973212 -0.192938436847423 -0.851242617127511 2.472188068212144 -0.181355553401374
0.005166496888764 -0.475761207113869 0.017018231998207 -0.002856223213203 -0.217017173173717 -0.193867905451661 -0.861839015442942 2.502962243446927 -0.176817385941774
0.005152215772698 -0.476846292979737 0.016048892470948 -0.007112436298840 -0.204656232832656 -0.194774683218668 -0.872443356347598 2.533759485665588 -0.172279218486615
0.005116653591204 -0.477869574143900 0.015075019054855 -0.011421631376055 -0.192141421615422 -0.195658770148377 -0.883055639833222 2.564579794794852 -0.167741051031456
0.005059545434323 -0.478830281251978 0.014096725204113 -0.015783848157793 -0.179472624187094 -0.196520166240810 -0.893675865897489 2.595423170854705 -0.163202883576297
0.004980626193535 -0.479727644372913 0.013114124372909 -0.020199126356959 -0.166649725213119 -0.197358871495967 -0.904304034549594 2.626289613867350 -0.158664716125578
0.004879630561750 -0.480560892998979 0.012127330015429 -0.024667505686447 -0.153672609358846 -0.198174885913849 -0.914940145786552 2.657179123812803 -0.154126548661537
0.004756293033317 -0.481329256045773 0.011136455585860 -0.029189025859195 -0.140541161289509 -0.198968209494477 -0.925584199603542 2.688091700693285 -0.149588381215260
0.004610347904022 -0.482031961852220 0.010141614538387 -0.033763726588127 -0.127255265670445 -0.199738842237784 -0.936236196004830 2.719027344515457 -0.145050213755660
0.004441529271081 -0.482668238180573 0.009142920327199 -0.038391647586145 -0.113814807166979 -0.200486784143861 -0.946896134993244 2.749986055272657 -0.140512046300501
0.004249571033150 -0.483237312216408 0.008140486406479 -0.043072828566169 -0.100219670444401 -0.201212035212639 -0.957564016549513 2.780967832936021 -0.135973878845341
0.004034206890319 -0.483738410568630 0.007134426230416 -0.047807309241135 -0.086469740168038 -0.201914595444141 -0.968239840713030 2.811972677601027 -0.131435711394623
0.003795170344114 -0.484170759269470 0.006124853253195 -0.052595129323883 -0.072564901003358 -0.202594464838368 -0.978923607452900 2.843000589172195 -0.126897543935023
0.003532194697494 -0.484533583774487 0.005111880929003 -0.057436328527448 -0.058505037615353 -0.203251643395341 -0.989615316752888 2.874051567631764 -0.122359376475423
0.003245013054857 -0.484826108962563 0.004095622712027 -0.062330946564713 -0.044290034669492 -0.203886131115016 -1.000314968671345 2.905125613112958 -0.117821209033586
