-0.011897568376780 -0.454586904279279 0.000000000000000 0.138693960658918 -0.157227872862920 0.243091848652388 -0.799304386197297 2.472993202689011 -0.263998356679895
-0.011204098573486 -0.455373043643594 0.001215459243262 0.134697438727932 -0.144862906849474 0.241771856868989 -0.808257607133461 2.499457537399330 -0.268549257658179
-0.010530611379846 -0.456097358177841 0.002424318527607 0.130656150692264 -0.132365619162478 0.240429110580698 -0.816888018421930 2.524945643469501 -0.273100158623141
-0.009877330626385 -0.456759186273654 0.003626464080510 0.126571710600155 -0.119740890945130 0.239063609787582 -0.825195620104968 2.549457521028309 -0.277651059596984
-0.009244472073384 -0.457357890728379 0.004821782129448 0.122445732499630 -0.106993603339989 0.237675354489597 -0.833180412153356 2.572993169978055 -0.282201960573047
-0.008632243410886 -0.457892858745079 0.006010158901896 0.118279830438863 -0.094128637490098 0.236264344686732 -0.840842394588087 2.595552590387573 -0.286752861538009
-0.008040844258692 -0.458363501932530 0.007191480625330 0.114075618465923 -0.081150874538161 0.234830580379042 -0.848181567398160 2.617135782232438 -0.291303762511852
-0.007470466166362 -0.458769256305221 0.008365633527225 0.109834710628932 -0.068065195626998 0.233374061566483 -0.855197930586596 2.637742745505989 -0.295854663485695
-0.006921292613217 -0.459109582283356 0.009532503835058 0.105558720975999 -0.054876481899468 0.231894788249054 -0.861891484156274 2.657373480225989 -0.300405564457318
-0.006393499008337 -0.459383964692853 0.010691977776303 0.101249263555218 -0.041589614498339 0.230392760426767 -0.868262228109726 2.676027986396878 -0.304956465426720
-0.005887252690561 -0.459591912765345 0.011843941578437 0.096907952414669 -0.028209474566354 0.228867978099634 -0.874310162425687 2.693706263965367 -0.309507366400563
-0.005402712928488 -0.459732960138176 0.012988281468935 0.092536401602540 -0.014740943246527 0.227320441267631 -0.880035287138919 2.710408313018053 -0.314058267374406
-0.004940030920475 -0.459806664854409 0.014124883675273 0.088136225166846 -0.001188901681437 0.225750149930759 -0.885437602216321 2.726134133461677 -0.318609168339368
-0.004499349794641 -0.459812609362816 0.015253634424927 0.083709037155764 0.012441768985871 0.224157104089062 -0.890517107668928 2.740883725340648 -0.323160069317652
-0.004080804608862 -0.459750400517887 0.016374419945372 0.079256451617420 0.026146187612575 0.222541303742474 -0.895273803527691 2.754657088734902 -0.327710970284834
-0.003684522350775 -0.459619669579824 0.017487126464084 0.074780082599781 0.039919473056249 0.220902748891050 -0.899707689731508 2.767454223473464 -0.332261871260897
-0.003310621937776 -0.459420072214543 0.018591640208540 0.070281544151124 0.053756744173616 0.219241439534745 -0.903818766334052 2.779275129689562 -0.336812772230299
-0.002959214217020 -0.459151288493675 0.019687847406213 0.065762450319453 0.067653119822064 0.217557375673594 -0.907607033298202 2.790119807314362 -0.341363673199702
-0.002630401965423 -0.458813022894564 0.020775634284581 0.061224415152962 0.081603718858636 0.215850557307595 -0.911072490667672 2.799988256441122 -0.345914574175765
-0.002324279889658 -0.458405004300271 0.021854887071119 0.056669052699624 0.095603660140842 0.214120984436716 -0.914215138387228 2.808880476929954 -0.350465475145167
-0.002040934626160 -0.457926985999567 0.022925491993303 0.052097977007688 0.109648062525491 0.212368657060991 -0.917034976515088 2.816796468934069 -0.355016376119011
-0.001780444741122 -0.457378745686939 0.023987335278608 0.047512802125112 0.123732044870162 0.210593575180396 -0.919532004986165 2.823736232275831 -0.359567277086192
-0.001542880730496 -0.456760085462589 0.025040303154510 0.042915142100182 0.137850726031541 0.208795738794965 -0.921706223859647 2.829699767126215 -0.364118178064476
-0.001328305019995 -0.456070831832431 0.026084281848485 0.038306610980883 0.151999224867172 0.206975147904642 -0.923557633102645 2.834687073383080 -0.368669079031658
-0.001136771965091 -0.455310835708095 0.027119157588008 0.033688822815370 0.166172660234087 0.205131802509484 -0.925086232736738 2.838698151115260 -0.373219980003281
-0.000968327851014 -0.454479972406925 0.028144816600555 0.029063391651686 0.180366150989664 0.203265702609468 -0.926292022732714 2.841733000236157 -0.377770880977124
-0.000823010892756 -0.453578141651976 0.029161145113603 0.024431931538023 0.194574815990844 0.201376848204582 -0.927175003107086 2.843791620792402 -0.382321781948747
-0.000700851235066 -0.452605267572022 0.030168029354626 0.019796056522487 0.208793774094806 0.199465239294838 -0.927735173886779 2.844874012868370 -0.386872682918149
-0.000601870952453 -0.451561298701548 0.031165355551100 0.015157380653054 0.223018144159148 0.197530875880247 -0.927972535008717 2.844980176262002 -0.391423583891992
-0.000526084049188 -0.450446207980752 0.032153009930501 0.010517517978010 0.237243045040458 0.195573757960787 -0.927887086529938 2.844110111170917 -0.395974484863615
-0.000473496459298 -0.449259992755550 0.033130878720305 0.005878082545360 0.251463595596313 0.193593885536469 -0.927478828426018 2.842263817490753 -0.400525385835238
-0.000444106046571 -0.448002674777568 0.034098848147987 0.001240688403230 0.265674914683767 0.191591258607293 -0.926747760705837 2.839441295270362 -0.405076286806860
-0.000437902604555 -0.446674300204150 0.035056804441024 -0.003393050400299 0.279872121160119 0.189565877173259 -0.925693883352952 2.835642544454231 -0.409627187778483
-0.000454867856556 -0.445274939598349 0.036004633826890 -0.008021519817064 0.294050333882390 0.187517741234366 -0.924317196385749 2.830867565093431 -0.414178088747885
-0.000494975455642 -0.443804687928937 0.036942222533062 -0.012643105798993 0.308204671707857 0.185446850790627 -0.922617699786049 2.825116357132451 -0.418728989726169
-0.000558190984637 -0.442263664570398 0.037869456787015 -0.017256194297923 0.322330253493519 0.183353205841996 -0.920595393593196 2.818388920702297 -0.423279890691131
-0.000644471956126 -0.440652013302930 0.038786222816225 -0.021859171265889 0.336422198097031 0.181236806388541 -0.918250277749388 2.810685255614231 -0.427830791667194
-0.000753767812456 -0.438969902312445 0.039692406848168 -0.026450422654636 0.350475624375102 0.179097652430205 -0.915582352287309 2.802005361970394 -0.432381692636596
-0.000886019925729 -0.437217524190570 0.040587895110319 -0.031028334416072 0.364485651184954 0.176935743967022 -0.912591617223887 2.792349239835179 -0.436932593608219
-0.001041161597809 -0.435395095934645 0.041472573830154 -0.035591292502192 0.378447397384130 0.174751080998981 -0.909278072522557 2.781716889073138 -0.441483494579842
-0.001219118060320 -0.433502858947724 0.042346329235149 -0.040137682864804 0.392355981829495 0.172543663526081 -0.905641718192060 2.770108309733121 -0.446034395553685
-0.001419806474644 -0.431541079038577 0.043209047552779 -0.044665891455765 0.406206523378161 0.170313491548313 -0.901682554268757 2.757523501912829 -0.450585296527528
-0.001643135931923 -0.429510046421686 0.044060615010521 -0.049174304227109 0.419994140887725 0.168060565065675 -0.897400580699842 2.743962465459049 -0.455136197492489
-0.001889007453059 -0.427410075717247 0.044900917835849 -0.053661307130608 0.433713953215020 0.165784884078213 -0.892795797509879 2.729425200442837 -0.459687098470773
-0.002157313988712 -0.425241505951172 0.045729842256240 -0.058125286118157 0.447361079217234 0.163486448585859 -0.887868204712122 2.713911706904160 -0.464237999437955
-0.002447940419302 -0.423004700555086 0.046547274499169 -0.062564627141718 0.460930637751755 0.161165258588669 -0.882617802280758 2.697421984760862 -0.468788900409578
-0.002760763555011 -0.420700047366327 0.047353100792113 -0.066977716153122 0.474417747675560 0.158821314086621 -0.877044590235354 2.679956034088438 -0.473339801385642
-0.003095652135777 -0.418327958627949 0.048147207362546 -0.071362939104298 0.487817527846002 0.156454615079693 -0.871148568565849 2.661513854833597 -0.477890702355044
-0.003452466831298 -0.415888870988719 0.048929480437944 -0.075718681947128 0.501125097120170 0.154065161567918 -0.864929737270578 2.642095447005222 -0.482441603324446
-0.003831060241034 -0.413383245503119 0.049699806245784 -0.080043330633480 0.514335574355196 0.151652953551296 -0.858388096366819 2.621700810656602 -0.486992504300510
-0.004231276894201 -0.410811567631343 0.050458071013540 -0.084335271115315 0.527444078408479 0.149217991029793 -0.851523645821681 2.600329945681157 -0.491543405269912
-0.004652953249778 -0.408174347239300 0.051204160968689 -0.088592889344423 0.540445728136885 0.146760274003443 -0.844336385671524 2.577982852194349 -0.496094306239314
-0.005095917696500 -0.405472118598616 0.051937962338707 -0.092814571272781 0.553335642397856 0.144279802472247 -0.836826315895045 2.554659530127346 -0.500645207217598
-0.005559990552864 -0.402705440386626 0.052659361351068 -0.096998702852256 0.566108940048493 0.141776576436159 -0.828993436495715 2.530359979497909 -0.505196108182560
-0.006044984067125 -0.399874895686384 0.053368244233249 -0.101143670034734 0.578760739945983 0.139250595895246 -0.820837747472353 2.505084200290497 -0.509747009158623
-0.006550702417299 -0.396981091986654 0.054064497212725 -0.105247858772096 0.591286160947435 0.136701860849453 -0.812359248832523 2.478832192538416 -0.514297910128025
-0.007076941711159 -0.394024661181917 0.054748006516972 -0.109309655016259 0.603680321910127 0.134130371298813 -0.803557940573518 2.451603956230564 -0.518848811101869
-0.007623489986240 -0.391006259572366 0.055418658373466 -0.113327444719126 0.615938341691280 0.131536127243304 -0.794433822684168 2.423399491329192 -0.523399712073491
-0.008190127209836 -0.387926567863910 0.056076339009683 -0.117299613832547 0.628055339147926 0.128919128682936 -0.784986895182027 2.394218797896475 -0.527950613040673
-0.008776625278999 -0.384786291168170 0.056720934653097 -0.121224548308457 0.640026433137408 0.126279375617733 -0.775217158048430 2.364061875870238 -0.532501514018957
-0.009382748020541 -0.381586159002483 0.057352331531186 -0.125100634098699 0.651846742516760 0.123616868047638 -0.765124611303220 2.332928725301553 -0.537052414988359
-0.010008251191035 -0.378326925289899 0.057970415871424 -0.128926257155216 0.663511386143267 0.120931605972696 -0.754709254932806 2.300819346168215 -0.541603315957762
-0.010652882476811 -0.375009368359183 0.058575073901288 -0.132699803429880 0.675015482874108 0.118223589392907 -0.743971088938422 2.267733738461342 -0.546154216929384
-0.011316381493960 -0.371634290944812 0.059166191848252 -0.136419658874572 0.686354151566415 0.115492818308260 -0.732910113326879 2.233671902203138 -0.550705117905448
-0.011998479788333 -0.368202520186980 0.059743655939794 -0.140084209441206 0.697522511077431 0.112739292718733 -0.721526328090333 2.198633837366959 -0.555256018874850
-0.012698900835539 -0.364714907631593 0.060307352403387 -0.143691841081658 0.708515680264266 0.109963012624359 -0.709819733233014 2.162619543979449 -0.559806919846473
-0.013417360040947 -0.361172329230272 0.060857167466509 -0.147240939747823 0.719328777984163 0.107163978025127 -0.697790328762771 2.125629022047271 -0.564357820818095
-0.014153564739686 -0.357575685340351 0.061392987356635 -0.150729891391637 0.729956923094399 0.104342188921036 -0.685438114649550 2.087662271486046 -0.568908721789718
-0.014907214196645 -0.353925900724879 0.061914698301240 -0.154157081964884 0.740395234451829 0.101497645312087 -0.672763090936934 2.048719292433443 -0.573459622761341
-0.015677999606469 -0.350223924552620 0.062422186527800 -0.157520897419569 0.750638830913997 0.098630347198281 -0.659765257599587 2.008800084809526 -0.578010523735184
-0.016465604093567 -0.346470730398050 0.062915338263792 -0.160819723707567 0.760682831338044 0.095740294579605 -0.646444614623987 1.967904648558783 -0.582561424704586
-0.017269702712105 -0.342667316241360 0.063394039736690 -0.164051946780687 0.770522354580838 0.092827487456082 -0.632801162044616 1.926032983810000 -0.587112325676209
-0.018089962446008 -0.338814704468456 0.063858177173970 -0.167215952590910 0.780152519499888 0.089891925827701 -0.618834899835108 1.883185090472139 -0.591663226650052
-0.018926042208963 -0.334913941870956 0.064307636803109 -0.170310127090086 0.789568444952249 0.086933609694451 -0.604545828009756 1.839360968580728 -0.596214127619454
-0.019777592844413 -0.330966099646195 0.064742304851581 -0.173332856230134 0.798765249795153 0.083952539056353 -0.589933946558985 1.794560618120222 -0.600765028591077
-0.020644257125564 -0.326972273397219 0.065162067546863 -0.176282525962929 0.807738052885754 0.080948713913398 -0.574999255483211 1.748784039086182 -0.605315929567141
-0.021525669755378 -0.322933583132790 0.065566811116430 -0.179157522240345 0.816481973081185 0.077922134265562 -0.559741754797699 1.702031231511913 -0.609866830534322
-0.022421457366580 -0.318851173267384 0.065956421787757 -0.181956231014334 0.824992129238744 0.074872800112891 -0.544161444477470 1.654302195355228 -0.614417731508166
-0.023331238521652 -0.314726212621191 0.066330785788322 -0.184677038236721 0.833263640215520 0.071800711455350 -0.528258324540981 1.605596930633890 -0.618968632479788
-0.024254623712835 -0.310559894420113 0.066689789345599 -0.187318329859426 0.841291624868690 0.068705868292951 -0.512032394986428 1.555915437370103 -0.623519533449191
-0.025191215362133 -0.306353436295770 0.067033318687063 -0.189878491834358 0.849071202055540 0.065588270625705 -0.495483655806317 1.505257715521680 -0.628070434425254
-0.026140607821304 -0.302108080285492 0.067361260040192 -0.192355910113390 0.856597490633149 0.062447918453579 -0.478612107007587 1.453623765130807 -0.632621335392436
-0.027102387371871 -0.297825092832326 0.067673499632460 -0.194748970648428 0.863865609458803 0.059284811776616 -0.461417748582188 1.401013586146416 -0.637172236368500
-0.028076132225113 -0.293505764785032 0.067969923691343 -0.197056059391339 0.870870677389535 0.056098950594774 -0.443900580540252 1.347427178619576 -0.641723137337902
-0.029061412522070 -0.289151411398085 0.068250418444317 -0.199275562294040 0.877607813282633 0.052890334908084 -0.426060602877754 1.292864542539185 -0.646274038309524
-0.030057790333540 -0.284763372331671 0.068514870118857 -0.201405865308429 0.884072135995329 0.049658964716537 -0.407897815587477 1.237325677871937 -0.650824939278927
-0.031064819660082 -0.280343011651695 0.068763164942440 -0.203445354386366 0.890258764384688 0.046404840020142 -0.389412218683299 1.180810584655578 -0.655375840257211
-0.032082046432014 -0.275891717829771 0.068995189142541 -0.205392415479783 0.896162817307966 0.043127960818856 -0.370603812150372 1.123319262865685 -0.659926741224393
-0.033109008509413 -0.271410903743231 0.069210828946635 -0.207245434540534 0.901779413622295 0.039828327112734 -0.351472595999103 1.064851712526682 -0.664477642198236
-0.034145235682116 -0.266902006675120 0.069409970582199 -0.209002797520530 0.907103672184928 0.036505938901743 -0.332018570230463 1.005407933614144 -0.669028543165417
-0.035190249669718 -0.262366488314195 0.069592500276707 -0.210662890371682 0.912130711852999 0.033160796185916 -0.312241734833907 0.944987926141394 -0.673579444141481
-0.036243564121577 -0.257805834754930 0.069758304257637 -0.212224099045852 0.916855651483706 0.029792898965209 -0.292142089820258 0.883591690103991 -0.678130345110883
-0.037304684616806 -0.253221556497512 0.069907268752463 -0.213684809494953 0.921273609934226 0.026402247239654 -0.271719635181744 0.821219225505265 -0.682681246084726
-0.038373108664281 -0.248615188447841 0.070039279988661 -0.215043407670862 0.925379706061752 0.022988841009230 -0.250974370923640 0.757870532342997 -0.687232147058570
-0.039448325702635 -0.243988289917532 0.070154224193707 -0.216298279525480 0.929169058723467 0.019552680273938 -0.229906297043170 0.693545610609414 -0.691783048025751
-0.040529817100263 -0.239342444623915 0.070251987595077 -0.217447811010696 0.932636786776514 0.016093765033809 -0.208515413542554 0.628244460327831 -0.696333948999595
-0.041617056155316 -0.234679260690032 0.070332456420246 -0.218490388078409 0.935778009078153 0.012612095288811 -0.186801720421514 0.561967081476045 -0.700884849971217
-0.042709508095708 -0.230000370644641 0.070395516896690 -0.219424396680516 0.938587844485533 0.009107671038955 -0.164765217673668 0.494713474052944 -0.705435750940619
-0.043806630079111 -0.225307431422214 0.070441055251885 -0.220248222768885 0.941061411855798 0.005580492284252 -0.142405905310672 0.426483638076292 -0.709986651914463
-0.044907871192955 -0.220602124362935 0.070468957713306 -0.220960252295438 0.943193830046180 0.002030559024679 -0.119723783318371 0.357277573527215 -0.714537552890526
-0.046012672454432 -0.215886155212704 0.070479110508430 -0.221558871212030 0.944980217913816 -0.001542128739773 -0.096718851717026 0.287095280435690 -0.719088453853267
-0.047120466810493 -0.211161254123135 0.070471399864731 -0.222042465470615 0.946415694315994 -0.005137571009040 -0.073391110482213 0.215936758756197 -0.723639354833772
-0.048230679137846 -0.206429175651555 0.070445712009685 -0.222409421023026 0.947495378109775 -0.008755767783208 -0.049740559630029 0.143802008520932 -0.728190255798733
-0.049342726242961 -0.201691698761006 0.070401933170769 -0.222658123821176 0.948214388152380 -0.012396719062202 -0.025767199158255 0.070691029734338 -0.732741156772576
-0.050456016862067 -0.196950626820244 0.070339949575458 -0.222786959816967 0.948567843301051 -0.016060424846065 -0.001471029062450 -0.003396177634674 -0.737292057746419
-0.051569951661151 -0.192207787603739 0.070259647451228 -0.222794314962280 0.948550862412878 -0.019746885134797 0.023147950652391 -0.078459613550574 -0.741842958718042
-0.052683923235963 -0.187465033291674 0.070160913025554 -0.222678575209018 0.948158564345125 -0.023456099928387 0.048089739990154 -0.154499278037790 -0.746393859687444
-0.053797316112008 -0.182724240469949 0.070043632525912 -0.222438126509067 0.947386067954936 -0.027188069226824 0.073354338953613 -0.231515171096319 -0.750944760659067
-0.054909506744553 -0.177987310130174 0.069907692179778 -0.222071354814299 0.946228492099455 -0.030942793030120 0.098941747527781 -0.309507292692857 -0.755495661635130
-0.056019863518625 -0.173256167669677 0.069752978214627 -0.221576646076660 0.944680955635990 -0.034720271338295 0.124851965737083 -0.388475642885133 -0.760046562600092
-0.057127746749008 -0.168532762891497 0.069579376857936 -0.220952386247975 0.942738577421565 -0.038520504151296 0.151084993555428 -0.468420221610977 -0.764597463578376
-0.058232508680248 -0.163819070004389 0.069386774337179 -0.220196961280197 0.940396476313510 -0.042343491469188 0.177640831001691 -0.549341028917016 -0.769148364547778
-0.059333493486649 -0.159117087622821 0.069175056879834 -0.219308757125189 0.937649771168925 -0.046189233291927 0.204519478070875 -0.631238064789930 -0.773699265517180
-0.060430037272275 -0.154428838766977 0.068944110713374 -0.218286159734835 0.934493580844975 -0.050057729619513 0.231720934756319 -0.714111329211953 -0.778250166491024
-0.061521468070949 -0.149756370862752 0.068693822065276 -0.217127555061053 0.930923024198915 -0.053948980451968 0.259245201068570 -0.797960822205290 -0.782801067462646
-0.062607105846254 -0.145101755741757 0.068424077163017 -0.215831329055710 0.926933220087889 -0.057862985789281 0.287092276999301 -0.882786543763281 -0.787351968434269
-0.063686262491533 -0.140467089641318 0.068134762234070 -0.214395867670714 0.922519287369072 -0.061799745631452 0.315262162549068 -0.968588493879263 -0.791902869408112
-0.064758241829886 -0.135854493204472 0.067825763505913 -0.212819556857968 0.917676344899676 -0.065759259978493 0.343754857726752 -1.055366672564340 -0.796453770377514
-0.065822339614176 -0.131266111479974 0.067496967206020 -0.211100782569335 0.912399511536854 -0.069741528830380 0.372570362521807 -1.143121079805187 -0.801004671346917
-0.066877843527023 -0.126704113922290 0.067148259561868 -0.209237930756725 0.906683906137828 -0.073746552187115 0.401708676937007 -1.231851715619570 -0.805555572322980
-0.067924033180807 -0.122170694391601 0.066779526800933 -0.207229387372040 0.900524647559731 -0.077774330048730 0.431169800977904 -1.321558579989723 -0.810106473294603
-0.068960180117667 -0.117668071153802 0.066390655150689 -0.205073538367151 0.893916854659782 -0.081824862415203 0.460953734637837 -1.412241672926751 -0.814657374264005
-0.069985547809503 -0.113198486880503 0.065981530838613 -0.202768769693962 0.886855646295148 -0.085898149286523 0.491060477918470 -1.503900994421770 -0.819208275233407
-0.070999391657972 -0.108764208649027 0.065552040092181 -0.200313467304369 0.879336141323039 -0.089994190662690 0.521490030822025 -1.596536544483662 -0.823759176211691
-0.072000958994494 -0.104367527942412 0.065102069138867 -0.197706017150259 0.871353458600621 -0.094112986543748 0.552242393348501 -1.690148323119089 -0.828310077181094
-0.072989489080245 -0.100010760649409 0.064631504206148 -0.194944805183517 0.862902716985026 -0.098254536929654 0.583317565491237 -1.784736330294745 -0.832860978150496
-0.073964213106163 -0.095696247064484 0.064140231521500 -0.192028217356061 0.853979035333552 -0.102418841820406 0.614715547261890 -1.880300566055038 -0.837411879124339
-0.074924354192943 -0.091426351887816 0.063628137312398 -0.188954639619751 0.844577532503277 -0.106605901216028 0.646436338650469 -1.976841030364440 -0.841962780095962
-0.075869127391042 -0.087203464225300 0.063095107806318 -0.185722457926499 0.834693327351455 -0.110815715116508 0.678479939658638 -2.074357723247378 -0.846513681065364
-0.076797739680675 -0.083029997588543 0.062541029230735 -0.182330058228206 0.824321538735218 -0.115048283521835 0.710846350294725 -2.172850644688307 -0.851064582039207
-0.077709389971816 -0.078908389894866 0.061965787813126 -0.178775826476732 0.813457285511776 -0.119303606432031 0.743535570544851 -2.272319794693889 -0.855615483013050
-0.078603269104199 -0.074841103467308 0.061369269780966 -0.175058148624008 0.802095686538307 -0.123581683847096 0.776547600421229 -2.372765173257463 -0.860166383980232
-0.079478559847319 -0.070830625034616 0.060751361361731 -0.171175410621902 0.790231860672019 -0.127882515766997 0.809882439918863 -2.474186780396792 -0.864717284954075
-0.080334436900429 -0.066879465731256 0.060111948782896 -0.167125998422307 0.777860926770035 -0.132206102191768 0.843540089036643 -2.576584616087452 -0.869268185925698
-0.081170066892540 -0.062990161097406 0.059450918271937 -0.162908297977124 0.764978003689598 -0.136552443121396 0.877520547775124 -2.679958680344985 -0.873819086899541
-0.081984608382426 -0.059165271078958 0.058768156056330 -0.158520695238248 0.751578210287873 -0.140921538555894 0.911823816136526 -2.784308973169392 -0.878369987868943
-0.082777211858617 -0.055407380027518 0.058063548363550 -0.153961576157566 0.737656665422026 -0.145313388495238 0.946449894120294 -2.889635494554010 -0.882920888842786
-0.083547019739405 -0.051719096700408 0.057336981421074 -0.149229326686964 0.723208487949256 -0.149727992939452 0.981398781722542 -2.995938244501062 -0.887471789812189
-0.084293166372840 -0.048103054260662 0.056588341456377 -0.144322332778352 0.708228796726751 -0.154165351888513 1.016670478951043 -3.103217223012766 -0.892022690781591
-0.085014778036732 -0.044561910277028 0.055817514696934 -0.139238980383596 0.692712710611687 -0.158625465342421 1.052264985794693 -3.211472430089124 -0.896573591757654
-0.085710972938650 -0.041098346723970 0.055024387370222 -0.133977655454623 0.676655348461241 -0.163108333301210 1.088182302265150 -3.320703865725694 -0.901124492729277
-0.086380861215923 -0.037715069981664 0.054208845703716 -0.128536743943297 0.660051829132613 -0.167613955764856 1.124422428354643 -3.430911529924696 -0.905675393700900
-0.087023544935639 -0.034414810836001 0.053370775924892 -0.122914631801524 0.642897271482989 -0.172142332733360 1.160985364066502 -3.542095422697233 -0.910226294672523
-0.087638118094647 -0.031200324478586 0.052510064261225 -0.117109704981191 0.625186794369503 -0.176693464206723 1.197871109399617 -3.654255544016660 -0.914777195644145
-0.088223666619553 -0.028074390506738 0.051626596940192 -0.111120349434193 0.606915516649420 -0.181267350184944 1.235079664353433 -3.767391893914063 -0.919328096611327
-0.088779268366724 -0.025039812923491 0.050720260189267 -0.104944951112426 0.588078557179850 -0.185863990668000 1.272611028930726 -3.881504472367237 -0.923878997587391
-0.089303993122286 -0.022099420137592 0.049790940235927 -0.098581895967773 0.568671034818014 -0.190483385655937 1.310465203126499 -3.996593279378402 -0.928429898563454
-0.089796902602125 -0.019256064963502 0.048838523307647 -0.092029569952140 0.548688068421121 -0.195125535148755 1.348642186947413 -4.112658314969764 -0.932980799526195
-0.090257050451885 -0.016512624621396 0.047862895631903 -0.085286359017403 0.528124776846273 -0.199790439146386 1.387141980386808 -4.229699579112456 -0.937531700504479
-0.090683482246972 -0.013872000737165 0.046863943436171 -0.078350649115469 0.506976278950710 -0.204478097648908 1.425964583449124 -4.347717071817581 -0.942082601473881
-0.091075235492550 -0.011337119342411 0.045841552947927 -0.071220826198223 0.485237693591622 -0.209188510656277 1.465109996132141 -4.466710793085138 -0.946633502443284
-0.091431339623541 -0.008910930874453 0.044795610394645 -0.063895276217563 0.462904139626197 -0.213921678168494 1.504578218438080 -4.586680742924010 -0.951184403421568
-0.091750816004629 -0.006596410176322 0.043726002003803 -0.056372385125372 0.439970735911577 -0.218677600185602 1.544369250363054 -4.707626921323094 -0.955735304388750
-0.092032677930256 -0.004396556496764 0.042632614002875 -0.048650538873557 0.416432601304961 -0.223456276707545 1.584483091912059 -4.829549328282390 -0.960286205358152
-0.092275930624623 -0.002314393490239 0.041515332619337 -0.040728123413997 0.392284854663549 -0.228257707734336 1.624919743081765 -4.952447963806339 -0.964837106336436
-0.092479571241693 -0.000352969216922 0.040374044080666 -0.032603524698588 0.367522614844518 -0.233081893266018 1.665679203872727 -5.076322827894941 -0.969388007303618
-0.092642588865186 0.001484643857301 0.039208634614335 -0.024275128679224 0.342141000705043 -0.237928833302536 1.706761474284946 -5.201173920545976 -0.973938908275240
-0.092763964508582 0.003195348860826 0.038018990447823 -0.015741321307799 0.316135131102313 -0.242798527843913 1.748166554318420 -5.327001241755003 -0.978489809249083
-0.092842671115121 0.004776024516338 0.036804997808603 -0.007000488536207 0.289500124893538 -0.247690976890158 1.789894443973705 -5.453804791539785 -0.983040710220706
-0.092877673557802 0.006223525140805 0.035566542924152 0.001948983683661 0.262231100935839 -0.252606180441262 1.831945143251357 -5.581584569878117 -0.987591611190108
-0.092867928639384 0.007534680645485 0.034303512021946 0.011108709399918 0.234323178086449 -0.257544138497212 1.874318652149709 -5.710340576781103 -0.992142512161731
-0.092812385092385 0.008706296535917 0.033015791329460 0.020480302660666 0.205771475202543 -0.262504851058021 1.917014970669317 -5.840072812250963 -0.996693413137795
-0.092709983579081 0.009735153911930 0.031703267074170 0.030065377514013 0.176571111141288 -0.267488318123710 1.960034098811292 -5.970781276278814 -1.001244314107197
-0.092559656691511 0.010618009467636 0.030365825483551 0.039865548008070 0.146717204759894 -0.272494539694246 2.003376036572857 -6.102465968873538 -1.005795215076599
-0.092360328951471 0.011351595491436 0.029003352785080 0.049882428190934 0.116204874915526 -0.277523515769629 2.047040783959564 -6.235126890035136 -1.010346116057104
-0.092110916810516 0.011932619866013 0.027615735206232 0.060117632110732 0.085029240465351 -0.282575246349914 2.091028340962531 -6.368764039750285 -1.014897017015404
-0.091810328649962 0.012357766068340 0.026202858974482 0.070572773815544 0.053185420266599 -0.287649731434991 2.135338707592305 -6.503377418034528 -1.019447917995908
-0.091457464780885 0.012623693169673 0.024764610317308 0.081249467353506 0.020668533176427 -0.292746971024971 2.179971883840004 -6.638967024883424 -1.023998818963090
-0.091051217444117 0.012727035835555 0.023300875462183 0.092149326772706 -0.012526301947990 -0.297866965119786 2.224927869710625 -6.775532860292532 -1.028549719939154
-0.090590470810254 0.012664404325815 0.021811540636584 0.103273966121259 -0.046403966249453 -0.303009713719482 2.270206665202501 -6.913074924270735 -1.033100620910776
-0.090074100979647 0.012432384494568 0.020296492067986 0.114624999447271 -0.080969340870807 -0.308175216824036 2.315808270316189 -7.051593216804708 -1.037651521882399
-0.089500975982411 0.012027537790214 0.018755615983866 0.126204040798852 -0.116227306954830 -0.313363474433448 2.361732685050022 -7.191087737901114 -1.042202422849581
-0.088869955778417 0.011446401255440 0.017188798611699 0.138012704224103 -0.152182745644336 -0.318574486547696 2.407979909407332 -7.331558487571055 -1.046753323823424
-0.088179892257296 0.010685487527218 0.015595926178960 0.150052603771139 -0.188840538082191 -0.323808253166813 2.454549943384787 -7.473005465796767 -1.051304224801708
-0.087429629238441 0.009741284836807 0.013976884913126 0.162325353488063 -0.226205565411175 -0.329064774290821 2.501442786985164 -7.615428672584912 -1.055855125762228
-0.086618002471000 0.008610257009751 0.012331561041672 0.174832567422989 -0.264282708774100 -0.334344049919633 2.548658440204021 -7.758828107942151 -1.060406026742733
-0.085743839633885 0.007288843465881 0.010659840792074 0.187575859624009 -0.303076849313810 -0.339646080053346 2.596196903047465 -7.903203771852940 -1.064956927712135
-0.084805960335765 0.005773459219312 0.008961610391807 0.200556844139246 -0.342592868173075 -0.344970864691907 2.644058175511610 -8.048555664339485 -1.069507828681537
-0.083803176115069 0.004060494878446 0.007236756068348 0.213777135016804 -0.382835646494772 -0.350318403835315 2.692242257595900 -8.194883785377360 -1.074058729657601
-0.082734290439985 0.002146316645972 0.005485164049171 0.227238346304784 -0.423810065421659 -0.355688697483603 2.740749149303667 -8.342188134990991 -1.078609630624783
-0.081598098708461 0.000027266318864 0.003706720561753 0.240942092051302 -0.465521006096614 -0.361081745636727 2.789578850630470 -8.490468713155952 -1.083160531598626
-0.080393388248205 -0.002300338711619 0.001901311833570 0.254889986304455 -0.507973349662394 -0.366497548294720 2.789578850630470 -8.490468713155952 -1.083160531598626
-0.079118938316682 -0.004840205459931 0.000068824092096 -0.254889986304455 0.507973349662394 0.366497548294720 2.740749149303667 -8.342188134990991 -1.078609630624783
-0.080393388248205 -0.002300338711619 0.001901311833570 -0.240942092051302 0.465521006096614 0.361081745636727 2.692242257595900 -8.194883785377360 -1.074058729657601
-0.081598098708461 0.000027266318864 0.003706720561753 -0.227238346304784 0.423810065421659 0.355688697483603 2.644058175511610 -8.048555664339485 -1.069507828681537
-0.082734290439985 0.002146316645972 0.005485164049171 -0.213777135016804 0.382835646494772 0.350318403835315 2.596196903047465 -7.903203771852940 -1.064956927712135
-0.083803176115069 0.004060494878446 0.007236756068348 -0.200556844139246 0.342592868173075 0.344970864691907 2.548658440204021 -7.758828107942151 -1.060406026742733
-0.084805960335765 0.005773459219312 0.008961610391807 -0.187575859624009 0.303076849313810 0.339646080053346 2.501442786985164 -7.615428672584912 -1.055855125762228
-0.085743839633885 0.007288843465881 0.010659840792074 -0.174832567422989 0.264282708774100 0.334344049919633 2.454549943384787 -7.473005465796767 -1.051304224801708
-0.086618002471000 0.008610257009751 0.012331561041672 -0.162325353488063 0.226205565411175 0.329064774290821 2.407979909407332 -7.331558487571055 -1.046753323823424
-0.087429629238441 0.009741284836807 0.013976884913126 -0.150052603771139 0.188840538082191 0.323808253166813 2.361732685050022 -7.191087737901114 -1.042202422849581
-0.088179892257296 0.010685487527218 0.015595926178960 -0.138012704224103 0.152182745644336 0.318574486547696 2.315808270316189 -7.051593216804708 -1.037651521882399
-0.088869955778417 0.011446401255440 0.017188798611699 -0.126204040798852 0.116227306954830 0.313363474433448 2.270206665202501 -6.913074924270735 -1.033100620910776
-0.089500975982411 0.012027537790214 0.018755615983866 -0.114624999447271 0.080969340870807 0.308175216824036 2.224927869710625 -6.775532860292532 -1.028549719939154
-0.090074100979647 0.012432384494568 0.020296492067986 -0.103273966121259 0.046403966249453 0.303009713719482 2.179971883840004 -6.638967024883424 -1.023998818963090
-0.090590470810254 0.012664404325815 0.021811540636584 -0.092149326772706 0.012526301947990 0.297866965119786 2.135338707592305 -6.503377418034528 -1.019447917995908
-0.091051217444117 0.012727035835555 0.023300875462183 -0.081249467353506 -0.020668533176427 0.292746971024971 2.091028340962531 -6.368764039750285 -1.014897017015404
-0.091457464780885 0.012623693169673 0.024764610317308 -0.070572773815544 -0.053185420266599 0.287649731434991 2.047040783959564 -6.235126890035136 -1.010346116057104
-0.091810328649962 0.012357766068340 0.026202858974482 -0.060117632110732 -0.085029240465351 0.282575246349914 2.003376036572857 -6.102465968873538 -1.005795215076599
-0.092110916810516 0.011932619866013 0.027615735206232 -0.049882428190934 -0.116204874915526 0.277523515769629 1.960034098811292 -5.970781276278814 -1.001244314107197
-0.092360328951471 0.011351595491436 0.029003352785080 -0.039865548008070 -0.146717204759894 0.272494539694246 1.917014970669317 -5.840072812250963 -0.996693413137795
-0.092559656691511 0.010618009467636 0.030365825483551 -0.030065377514013 -0.176571111141288 0.267488318123710 1.874318652149709 -5.710340576781103 -0.992142512161731
-0.092709983579081 0.009735153911930 0.031703267074170 -0.020480302660666 -0.205771475202543 0.262504851058021 1.831945143251357 -5.581584569878117 -0.987591611190108
-0.092812385092385 0.008706296535917 0.033015791329460 -0.011108709399918 -0.234323178086449 0.257544138497212 1.789894443973705 -5.453804791539785 -0.983040710220706
-0.092867928639384 0.007534680645485 0.034303512021946 -0.001948983683661 -0.262231100935839 0.252606180441262 1.748166554318420 -5.327001241755003 -0.978489809249083
-0.092877673557802 0.006223525140805 0.035566542924152 0.007000488536207 -0.289500124893538 0.247690976890158 1.706761474284946 -5.201173920545976 -0.973938908275240
-0.092842671115121 0.004776024516338 0.036804997808603 0.015741321307799 -0.316135131102313 0.242798527843913 1.665679203872727 -5.076322827894941 -0.969388007303618
-0.092763964508582 0.003195348860826 0.038018990447823 0.024275128679224 -0.342141000705043 0.237928833302536 1.624919743081765 -4.952447963806339 -0.964837106336436
-0.092642588865186 0.001484643857301 0.039208634614335 0.032603524698588 -0.367522614844518 0.233081893266018 1.584483091912059 -4.829549328282390 -0.960286205358152
-0.092479571241693 -0.000352969216922 0.040374044080666 0.040728123413997 -0.392284854663549 0.228257707734336 1.544369250363054 -4.707626921323094 -0.955735304388750
-0.092275930624623 -0.002314393490239 0.041515332619337 0.048650538873557 -0.416432601304961 0.223456276707545 1.504578218438080 -4.586680742924010 -0.951184403421568
-0.092032677930256 -0.004396556496764 0.042632614002875 0.056372385125372 -0.439970735911577 0.218677600185602 1.465109996132141 -4.466710793085138 -0.946633502443284
-0.091750816004629 -0.006596410176322 0.043726002003803 0.063895276217563 -0.462904139626197 0.213921678168494 1.425964583449124 -4.347717071817581 -0.942082601473881
-0.091431339623541 -0.008910930874453 0.044795610394645 0.071220826198223 -0.485237693591622 0.209188510656277 1.387141980386808 -4.229699579112456 -0.937531700504479
-0.091075235492550 -0.011337119342411 0.045841552947927 0.078350649115469 -0.506976278950710 0.204478097648908 1.348642186947413 -4.112658314969764 -0.932980799526195
-0.090683482246972 -0.013872000737165 0.046863943436171 0.085286359017403 -0.528124776846273 0.199790439146386 1.310465203126499 -3.996593279378402 -0.928429898563454
-0.090257050451885 -0.016512624621396 0.047862895631903 0.092029569952140 -0.548688068421121 0.195125535148755 1.272611028930726 -3.881504472367237 -0.923878997587391
-0.089796902602125 -0.019256064963502 0.048838523307647 0.098581895967773 -0.568671034818014 0.190483385655937 1.235079664353433 -3.767391893914063 -0.919328096611327
-0.089303993122286 -0.022099420137592 0.049790940235927 0.104944951112426 -0.588078557179850 0.185863990668000 1.197871109399617 -3.654255544016660 -0.914777195644145
-0.088779268366724 -0.025039812923491 0.050720260189267 0.111120349434193 -0.606915516649420 0.181267350184944 1.160985364066502 -3.542095422697233 -0.910226294672523
-0.088223666619553 -0.028074390506738 0.051626596940192 0.117109704981191 -0.625186794369503 0.176693464206723 1.124422428354643 -3.430911529924696 -0.905675393700900
-0.087638118094647 -0.031200324478586 0.052510064261225 0.122914631801524 -0.642897271482989 0.172142332733360 1.088182302265150 -3.320703865725694 -0.901124492729277
-0.087023544935639 -0.034414810836001 0.053370775924892 0.128536743943297 -0.660051829132613 0.167613955764856 1.052264985794693 -3.211472430089124 -0.896573591757654
-0.086380861215923 -0.037715069981664 0.054208845703716 0.133977655454623 -0.676655348461241 0.163108333301210 1.016670478951043 -3.103217223012766 -0.892022690781591
-0.085710972938650 -0.041098346723970 0.055024387370222 0.139238980383596 -0.692712710611687 0.158625465342421 0.981398781722542 -2.995938244501062 -0.887471789812189
-0.085014778036732 -0.044561910277028 0.055817514696934 0.144322332778352 -0.708228796726751 0.154165351888513 0.946449894120294 -2.889635494554010 -0.882920888842786
-0.084293166372840 -0.048103054260662 0.056588341456377 0.149229326686964 -0.723208487949256 0.149727992939452 0.911823816136526 -2.784308973169392 -0.878369987868943
-0.083547019739405 -0.051719096700408 0.057336981421074 0.153961576157566 -0.737656665422026 0.145313388495238 0.877520547775124 -2.679958680344985 -0.873819086899541
-0.082777211858617 -0.055407380027518 0.058063548363550 0.158520695238248 -0.751578210287873 0.140921538555894 0.843540089036643 -2.576584616087452 -0.869268185925698
-0.081984608382426 -0.059165271078958 0.058768156056330 0.162908297977124 -0.764978003689598 0.136552443121396 0.809882439918863 -2.474186780396792 -0.864717284954075
-0.081170066892540 -0.062990161097406 0.059450918271937 0.167125998422307 -0.777860926770035 0.132206102191768 0.776547600421229 -2.372765173257463 -0.860166383980232
-0.080334436900429 -0.066879465731256 0.060111948782896 0.171175410621902 -0.790231860672019 0.127882515766997 0.743535570544851 -2.272319794693889 -0.855615483013050
-0.079478559847319 -0.070830625034616 0.060751361361731 0.175058148624008 -0.802095686538307 0.123581683847096 0.710846350294725 -2.172850644688307 -0.851064582039207
-0.078603269104199 -0.074841103467308 0.061369269780966 0.178775826476732 -0.813457285511776 0.119303606432031 0.678479939658638 -2.074357723247378 -0.846513681065364
-0.077709389971816 -0.078908389894866 0.061965787813126 0.182330058228206 -0.824321538735218 0.115048283521835 0.646436338650469 -1.976841030364440 -0.841962780095962
-0.076797739680675 -0.083029997588543 0.062541029230735 0.185722457926499 -0.834693327351455 0.110815715116508 0.614715547261890 -1.880300566055038 -0.837411879124339
-0.075869127391042 -0.087203464225300 0.063095107806318 0.188954639619751 -0.844577532503277 0.106605901216028 0.583317565491237 -1.784736330294745 -0.832860978150496
-0.074924354192943 -0.091426351887816 0.063628137312398 0.192028217356061 -0.853979035333552 0.102418841820406 0.552242393348501 -1.690148323119089 -0.828310077181094
-0.073964213106163 -0.095696247064484 0.064140231521500 0.194944805183517 -0.862902716985026 0.098254536929654 0.521490030822025 -1.596536544483662 -0.823759176211691
-0.072989489080245 -0.100010760649409 0.064631504206148 0.197706017150259 -0.871353458600621 0.094112986543748 0.491060477918470 -1.503900994421770 -0.819208275233407
-0.072000958994494 -0.104367527942412 0.065102069138867 0.200313467304369 -0.879336141323039 0.089994190662690 0.460953734637837 -1.412241672926751 -0.814657374264005
-0.070999391657972 -0.108764208649027 0.065552040092181 0.202768769693962 -0.886855646295148 0.085898149286523 0.431169800977904 -1.321558579989723 -0.810106473294603
-0.069985547809503 -0.113198486880503 0.065981530838613 0.205073538367151 -0.893916854659782 0.081824862415203 0.401708676937007 -1.231851715619570 -0.805555572322980
-0.068960180117667 -0.117668071153802 0.066390655150689 0.207229387372040 -0.900524647559731 0.077774330048730 0.372570362521807 -1.143121079805187 -0.801004671346917
-0.067924033180807 -0.122170694391601 0.066779526800933 0.209237930756725 -0.906683906137828 0.073746552187115 0.343754857726752 -1.055366672564340 -0.796453770377514
-0.066877843527023 -0.126704113922290 0.067148259561868 0.211100782569335 -0.912399511536854 0.069741528830380 0.315262162549068 -0.968588493879263 -0.791902869408112
-0.065822339614176 -0.131266111479974 0.067496967206020 0.212819556857968 -0.917676344899676 0.065759259978493 0.287092276999301 -0.882786543763281 -0.787351968434269
-0.064758241829886 -0.135854493204472 0.067825763505913 0.214395867670714 -0.922519287369072 0.061799745631452 0.259245201068570 -0.797960822205290 -0.782801067462646
-0.063686262491533 -0.140467089641318 0.068134762234070 0.215831329055710 -0.926933220087889 0.057862985789281 0.231720934756319 -0.714111329211953 -0.778250166491024
-0.062607105846254 -0.145101755741757 0.068424077163017 0.217127555061053 -0.930923024198915 0.053948980451968 0.204519478070875 -0.631238064789930 -0.773699265517180
-0.061521468070949 -0.149756370862752 0.068693822065276 0.218286159734835 -0.934493580844975 0.050057729619513 0.177640831001691 -0.549341028917016 -0.769148364547778
-0.060430037272275 -0.154428838766977 0.068944110713374 0.219308757125189 -0.937649771168925 0.046189233291927 0.151084993555428 -0.468420221610977 -0.764597463578376
-0.059333493486649 -0.159117087622821 0.069175056879834 0.220196961280197 -0.940396476313510 0.042343491469188 0.124851965737083 -0.388475642885133 -0.760046562600092
-0.058232508680248 -0.163819070004389 0.069386774337179 0.220952386247975 -0.942738577421565 0.038520504151296 0.098941747527781 -0.309507292692857 -0.755495661635130
-0.057127746749008 -0.168532762891497 0.069579376857936 0.221576646076660 -0.944680955635990 0.034720271338295 0.073354338953613 -0.231515171096319 -0.750944760659067
-0.056019863518625 -0.173256167669677 0.069752978214627 0.222071354814299 -0.946228492099455 0.030942793030120 0.048089739990154 -0.154499278037790 -0.746393859687444
-0.054909506744553 -0.177987310130174 0.069907692179778 0.222438126509067 -0.947386067954936 0.027188069226824 0.023147950652391 -0.078459613550574 -0.741842958718042
-0.053797316112008 -0.182724240469949 0.070043632525912 0.222678575209018 -0.948158564345125 0.023456099928387 -0.001471029062450 -0.003396177634674 -0.737292057746419
-0.052683923235963 -0.187465033291674 0.070160913025554 0.222794314962280 -0.948550862412878 0.019746885134797 -0.025767199158255 0.070691029734338 -0.732741156772576
-0.051569951661151 -0.192207787603739 0.070259647451228 0.222786959816967 -0.948567843301051 0.016060424846065 -0.049740559630029 0.143802008520932 -0.728190255798733
-0.050456016862067 -0.196950626820244 0.070339949575458 0.222658123821176 -0.948214388152380 0.012396719062202 -0.073391110482213 0.215936758756197 -0.723639354833772
-0.049342726242961 -0.201691698761006 0.070401933170769 0.222409421023026 -0.947495378109775 0.008755767783208 -0.096718851717026 0.287095280435690 -0.719088453853267
-0.048230679137846 -0.206429175651555 0.070445712009685 0.222042465470615 -0.946415694315994 0.005137571009040 -0.119723783318371 0.357277573527215 -0.714537552890526
-0.047120466810493 -0.211161254123135 0.070471399864731 0.221558871212030 -0.944980217913816 0.001542128739773 -0.142405905310672 0.426483638076292 -0.709986651914463
-0.046012672454432 -0.215886155212704 0.070479110508430 0.220960252295438 -0.943193830046180 -0.002030559024679 -0.164765217673668 0.494713474052944 -0.705435750940619
-0.044907871192955 -0.220602124362935 0.070468957713306 0.220248222768885 -0.941061411855798 -0.005580492284252 -0.186801720421514 0.561967081476045 -0.700884849971217
-0.043806630079111 -0.225307431422214 0.070441055251885 0.219424396680516 -0.938587844485533 -0.009107671038955 -0.208515413542554 0.628244460327831 -0.696333948999595
-0.042709508095708 -0.230000370644641 0.070395516896690 0.218490388078409 -0.935778009078153 -0.012612095288811 -0.229906297043170 0.693545610609414 -0.691783048025751
-0.041617056155316 -0.234679260690032 0.070332456420246 0.217447811010696 -0.932636786776514 -0.016093765033809 -0.250974370923640 0.757870532342997 -0.687232147058570
-0.040529817100263 -0.239342444623915 0.070251987595077 0.216298279525480 -0.929169058723467 -0.019552680273938 -0.271719635181744 0.821219225505265 -0.682681246084726
-0.039448325702635 -0.243988289917532 0.070154224193707 0.215043407670862 -0.925379706061752 -0.022988841009230 -0.292142089820258 0.883591690103991 -0.678130345110883
-0.038373108664281 -0.248615188447841 0.070039279988661 0.213684809494953 -0.921273609934226 -0.026402247239654 -0.312241734833907 0.944987926141394 -0.673579444141481
-0.037304684616806 -0.253221556497512 0.069907268752463 0.212224099045852 -0.916855651483706 -0.029792898965209 -0.332018570230463 1.005407933614144 -0.669028543165417
-0.036243564121577 -0.257805834754930 0.069758304257637 0.210662890371682 -0.912130711852999 -0.033160796185916 -0.351472595999103 1.064851712526682 -0.664477642198236
-0.035190249669718 -0.262366488314195 0.069592500276707 0.209002797520530 -0.907103672184928 -0.036505938901743 -0.370603812150372 1.123319262865685 -0.659926741224393
-0.034145235682116 -0.266902006675120 0.069409970582199 0.207245434540534 -0.901779413622295 -0.039828327112734 -0.389412218683299 1.180810584655578 -0.655375840257211
-0.033109008509413 -0.271410903743231 0.069210828946635 0.205392415479783 -0.896162817307966 -0.043127960818856 -0.407897815587477 1.237325677871937 -0.650824939278927
-0.032082046432014 -0.275891717829771 0.068995189142541 0.203445354386366 -0.890258764384688 -0.046404840020142 -0.426060602877754 1.292864542539185 -0.646274038309524
-0.031064819660082 -0.280343011651695 0.068763164942440 0.201405865308429 -0.884072135995329 -0.049658964716537 -0.443900580540252 1.347427178619576 -0.641723137337902
-0.030057790333540 -0.284763372331671 0.068514870118857 0.199275562294040 -0.877607813282633 -0.052890334908084 -0.461417748582188 1.401013586146416 -0.637172236368500
-0.029061412522070 -0.289151411398085 0.068250418444317 0.197056059391339 -0.870870677389535 -0.056098950594774 -0.478612107007587 1.453623765130807 -0.632621335392436
-0.028076132225113 -0.293505764785032 0.067969923691343 0.194748970648428 -0.863865609458803 -0.059284811776616 -0.495483655806317 1.505257715521680 -0.628070434425254
-0.027102387371871 -0.297825092832326 0.067673499632460 0.192355910113390 -0.856597490633149 -0.062447918453579 -0.512032394986428 1.555915437370103 -0.623519533449191
-0.026140607821304 -0.302108080285492 0.067361260040192 0.189878491834358 -0.849071202055540 -0.065588270625705 -0.528258324540981 1.605596930633890 -0.618968632479788
-0.025191215362133 -0.306353436295770 0.067033318687063 0.187318329859426 -0.841291624868690 -0.068705868292951 -0.544161444477470 1.654302195355228 -0.614417731508166
-0.024254623712835 -0.310559894420113 0.066689789345599 0.184677038236721 -0.833263640215520 -0.071800711455350 -0.559741754797699 1.702031231511913 -0.609866830534322
-0.023331238521652 -0.314726212621191 0.066330785788322 0.181956231014334 -0.824992129238744 -0.074872800112891 -0.574999255483211 1.748784039086182 -0.605315929567141
-0.022421457366580 -0.318851173267384 0.065956421787757 0.179157522240345 -0.816481973081185 -0.077922134265562 -0.589933946558985 1.794560618120222 -0.600765028591077
-0.021525669755378 -0.322933583132790 0.065566811116430 0.176282525962929 -0.807738052885754 -0.080948713913398 -0.604545828009756 1.839360968580728 -0.596214127619454
-0.020644257125564 -0.326972273397219 0.065162067546863 0.173332856230134 -0.798765249795153 -0.083952539056353 -0.618834899835108 1.883185090472139 -0.591663226650052
-0.019777592844413 -0.330966099646195 0.064742304851581 0.170310127090086 -0.789568444952249 -0.086933609694451 -0.632801162044616 1.926032983810000 -0.587112325676209
-0.018926042208963 -0.334913941870956 0.064307636803109 0.167215952590910 -0.780152519499888 -0.089891925827701 -0.646444614623987 1.967904648558783 -0.582561424704586
-0.018089962446008 -0.338814704468456 0.063858177173970 0.164051946780687 -0.770522354580838 -0.092827487456082 -0.659765257599587 2.008800084809526 -0.578010523735184
-0.017269702712105 -0.342667316241360 0.063394039736690 0.160819723707567 -0.760682831338044 -0.095740294579605 -0.672763090936934 2.048719292433443 -0.573459622761341
-0.016465604093567 -0.346470730398050 0.062915338263792 0.157520897419569 -0.750638830913997 -0.098630347198281 -0.685438114649550 2.087662271486046 -0.568908721789718
-0.015677999606469 -0.350223924552620 0.062422186527800 0.154157081964884 -0.740395234451829 -0.101497645312087 -0.697790328762771 2.125629022047271 -0.564357820818095
-0.014907214196645 -0.353925900724879 0.061914698301240 0.150729891391637 -0.729956923094399 -0.104342188921036 -0.709819733233014 2.162619543979449 -0.559806919846473
-0.014153564739686 -0.357575685340351 0.061392987356635 0.147240939747823 -0.719328777984163 -0.107163978025127 -0.721526328090333 2.198633837366959 -0.555256018874850
-0.013417360040947 -0.361172329230272 0.060857167466509 0.143691841081658 -0.708515680264266 -0.109963012624359 -0.732910113326879 2.233671902203138 -0.550705117905448
-0.012698900835539 -0.364714907631593 0.060307352403387 0.140084209441206 -0.697522511077431 -0.112739292718733 -0.743971088938422 2.267733738461342 -0.546154216929384
-0.011998479788333 -0.368202520186980 0.059743655939794 0.136419658874572 -0.686354151566415 -0.115492818308260 -0.754709254932806 2.300819346168215 -0.541603315957762
-0.011316381493960 -0.371634290944812 0.059166191848252 0.132699803429880 -0.675015482874108 -0.118223589392907 -0.765124611303220 2.332928725301553 -0.537052414988359
-0.010652882476811 -0.375009368359183 0.058575073901288 0.128926257155216 -0.663511386143267 -0.120931605972696 -0.775217158048430 2.364061875870238 -0.532501514018957
-0.010008251191035 -0.378326925289899 0.057970415871424 0.125100634098699 -0.651846742516760 -0.123616868047638 -0.784986895182027 2.394218797896475 -0.527950613040673
-0.009382748020541 -0.381586159002483 0.057352331531186 0.121224548308457 -0.640026433137408 -0.126279375617733 -0.794433822684168 2.423399491329192 -0.523399712073491
-0.008776625278999 -0.384786291168170 0.056720934653097 0.117299613832547 -0.628055339147926 -0.128919128682936 -0.803557940573518 2.451603956230564 -0.518848811101869
-0.008190127209836 -0.387926567863910 0.056076339009683 0.113327444719126 -0.615938341691280 -0.131536127243304 -0.812359248832523 2.478832192538416 -0.514297910128025
-0.007623489986240 -0.391006259572366 0.055418658373466 0.109309655016259 -0.603680321910127 -0.134130371298813 -0.820837747472353 2.505084200290497 -0.509747009158623
-0.007076941711159 -0.394024661181917 0.054748006516972 0.105247858772096 -0.591286160947435 -0.136701860849453 -0.828993436495715 2.530359979497909 -0.505196108182560
-0.006550702417299 -0.396981091986654 0.054064497212725 0.101143670034734 -0.578760739945983 -0.139250595895246 -0.836826315895045 2.554659530127346 -0.500645207217598
-0.006044984067125 -0.399874895686384 0.053368244233249 0.096998702852256 -0.566108940048493 -0.141776576436159 -0.844336385671524 2.577982852194349 -0.496094306239314
-0.005559990552864 -0.402705440386626 0.052659361351068 0.092814571272781 -0.553335642397856 -0.144279802472247 -0.851523645821681 2.600329945681157 -0.491543405269912
-0.005095917696500 -0.405472118598616 0.051937962338707 0.088592889344423 -0.540445728136885 -0.146760274003443 -0.858388096366819 2.621700810656602 -0.486992504300510
-0.004652953249778 -0.408174347239300 0.051204160968689 0.084335271115315 -0.527444078408479 -0.149217991029793 -0.864929737270578 2.642095447005222 -0.482441603324446
-0.004231276894201 -0.410811567631343 0.050458071013540 0.080043330633480 -0.514335574355196 -0.151652953551296 -0.871148568565849 2.661513854833597 -0.477890702355044
-0.003831060241034 -0.413383245503119 0.049699806245784 0.075718681947128 -0.501125097120170 -0.154065161567918 -0.877044590235354 2.679956034088438 -0.473339801385642
-0.003452466831298 -0.415888870988719 0.048929480437944 0.071362939104298 -0.487817527846002 -0.156454615079693 -0.882617802280758 2.697421984760862 -0.468788900409578
-0.003095652135777 -0.418327958627949 0.048147207362546 0.066977716153122 -0.474417747675560 -0.158821314086621 -0.887868204712122 2.713911706904160 -0.464237999437955
-0.002760763555011 -0.420700047366327 0.047353100792113 0.062564627141718 -0.460930637751755 -0.161165258588669 -0.892795797509879 2.729425200442837 -0.459687098470773
-0.002447940419302 -0.423004700555086 0.046547274499169 0.058125286118157 -0.447361079217234 -0.163486448585859 -0.897400580699842 2.743962465459049 -0.455136197492489
-0.002157313988712 -0.425241505951172 0.045729842256240 0.053661307130608 -0.433713953215020 -0.165784884078213 -0.901682554268757 2.757523501912829 -0.450585296527528
-0.001889007453059 -0.427410075717247 0.044900917835849 0.049174304227109 -0.419994140887725 -0.168060565065675 -0.905641718192060 2.770108309733121 -0.446034395553685
-0.001643135931923 -0.429510046421686 0.044060615010521 0.044665891455765 -0.406206523378161 -0.170313491548313 -0.909278072522557 2.781716889073138 -0.441483494579842
-0.001419806474644 -0.431541079038577 0.043209047552779 0.040137682864804 -0.392355981829495 -0.172543663526081 -0.912591617223887 2.792349239835179 -0.436932593608219
-0.001219118060320 -0.433502858947724 0.042346329235149 0.035591292502192 -0.378447397384130 -0.174751080998981 -0.915582352287309 2.802005361970394 -0.432381692636596
-0.001041161597809 -0.435395095934645 0.041472573830154 0.031028334416072 -0.364485651184954 -0.176935743967022 -0.918250277749388 2.810685255614231 -0.427830791667194
-0.000886019925729 -0.437217524190570 0.040587895110319 0.026450422654636 -0.350475624375102 -0.179097652430205 -0.920595393593196 2.818388920702297 -0.423279890691131
-0.000753767812456 -0.438969902312445 0.039692406848168 0.021859171265889 -0.336422198097031 -0.181236806388541 -0.922617699786049 2.825116357132451 -0.418728989726169
-0.000644471956126 -0.440652013302930 0.038786222816225 0.017256194297923 -0.322330253493519 -0.183353205841996 -0.924317196385749 2.830867565093431 -0.414178088747885
-0.000558190984637 -0.442263664570398 0.037869456787015 0.012643105798993 -0.308204671707857 -0.185446850790627 -0.925693883352952 2.835642544454231 -0.409627187778483
-0.000494975455642 -0.443804687928937 0.036942222533062 0.008021519817064 -0.294050333882390 -0.187517741234366 -0.926747760705837 2.839441295270362 -0.405076286806860
-0.000454867856556 -0.445274939598349 0.036004633826890 0.003393050400299 -0.279872121160119 -0.189565877173259 -0.927478828426018 2.842263817490753 -0.400525385835238
-0.000437902604555 -0.446674300204150 0.035056804441024 -0.001240688403230 -0.265674914683767 -0.191591258607293 -0.927887086529938 2.844110111170917 -0.395974484863615
-0.000444106046571 -0.448002674777568 0.034098848147987 -0.005878082545360 -0.251463595596313 -0.193593885536469 -0.927972535008717 2.844980176262002 -0.391423583891992
-0.000473496459298 -0.449259992755550 0.033130878720305 -0.010517517978010 -0.237243045040458 -0.195573757960787 -0.927735173886779 2.844874012868370 -0.386872682918149
-0.000526084049188 -0.450446207980752 0.032153009930501 -0.015157380653054 -0.223018144159148 -0.197530875880247 -0.927175003107086 2.843791620792402 -0.382321781948747
-0.000601870952453 -0.451561298701548 0.031165355551100 -0.019796056522487 -0.208793774094806 -0.199465239294838 -0.926292022732714 2.841733000236157 -0.377770880977124
-0.000700851235066 -0.452605267572022 0.030168029354626 -0.024431931538023 -0.194574815990844 -0.201376848204582 -0.925086232736738 2.838698151115260 -0.373219980003281
-0.000823010892756 -0.453578141651976 0.029161145113603 -0.029063391651686 -0.180366150989664 -0.203265702609468 -0.923557633102645 2.834687073383080 -0.368669079031658
-0.000968327851014 -0.454479972406925 0.028144816600555 -0.033688822815370 -0.166172660234087 -0.205131802509484 -0.921706223859647 2.829699767126215 -0.364118178064476
-0.001136771965091 -0.455310835708095 0.027119157588008 -0.038306610980883 -0.151999224867172 -0.206975147904642 -0.919532004986165 2.823736232275831 -0.359567277086192
-0.001328305019995 -0.456070831832431 0.026084281848485 -0.042915142100182 -0.137850726031541 -0.208795738794965 -0.917034976515088 2.816796468934069 -0.355016376119011
-0.001542880730496 -0.456760085462589 0.025040303154510 -0.047512802125112 -0.123732044870162 -0.210593575180396 -0.914215138387228 2.808880476929954 -0.350465475145167
-0.001780444741122 -0.457378745686939 0.023987335278608 -0.052097977007688 -0.109648062525491 -0.212368657060991 -0.911072490667672 2.799988256441122 -0.345914574175765
-0.002040934626160 -0.457926985999567 0.022925491993303 -0.056669052699624 -0.095603660140842 -0.214120984436716 -0.907607033298202 2.790119807314362 -0.341363673199702
-0.002324279889658 -0.458405004300271 0.021854887071119 -0.061224415152962 -0.081603718858636 -0.215850557307595 -0.903818766334052 2.779275129689562 -0.336812772230299
-0.002630401965423 -0.458813022894564 0.020775634284581 -0.065762450319453 -0.067653119822064 -0.217557375673594 -0.899707689731508 2.767454223473464 -0.332261871260897
-0.002959214217020 -0.459151288493675 0.019687847406213 -0.070281544151124 -0.053756744173616 -0.219241439534745 -0.895273803527691 2.754657088734902 -0.327710970284834
-0.003310621937776 -0.459420072214543 0.018591640208540 -0.074780082599781 -0.039919473056249 -0.220902748891050 -0.890517107668928 2.740883725340648 -0.323160069317652
-0.003684522350775 -0.459619669579824 0.017487126464084 -0.079256451617420 -0.026146187612575 -0.222541303742474 -0.885437602216321 2.726134133461677 -0.318609168339368
-0.004080804608862 -0.459750400517887 0.016374419945372 -0.083709037155764 -0.012441768985871 -0.224157104089062 -0.880035287138919 2.710408313018053 -0.314058267374406
-0.004499349794641 -0.459812609362816 0.015253634424927 -0.088136225166846 0.001188901681437 -0.225750149930759 -0.874310162425687 2.693706263965367 -0.309507366400563
-0.004940030920475 -0.459806664854409 0.014124883675273 -0.092536401602540 0.014740943246527 -0.227320441267631 -0.868262228109726 2.676027986396878 -0.304956465426720
-0.005402712928488 -0.459732960138176 0.012988281468935 -0.096907952414669 0.028209474566354 -0.228867978099634 -0.861891484156274 2.657373480225989 -0.300405564457318
-0.005887252690561 -0.459591912765345 0.011843941578437 -0.101249263555218 0.041589614498339 -0.230392760426767 -0.855197930586596 2.637742745505989 -0.295854663485695
-0.006393499008337 -0.459383964692853 0.010691977776303 -0.105558720975999 0.054876481899468 -0.231894788249054 -0.848181567398160 2.617135782232438 -0.291303762511852
-0.006921292613217 -0.459109582283356 0.009532503835058 -0.109834710628932 0.068065195626998 -0.233374061566483 -0.840842394588087 2.595552590387573 -0.286752861538009
-0.007470466166362 -0.458769256305221 0.008365633527225 -0.114075618465923 0.081150874538161 -0.234830580379042 -0.833180412153356 2.572993169978055 -0.282201960573047
-0.008040844258692 -0.458363501932530 0.007191480625330 -0.118279830438863 0.094128637490098 -0.236264344686732 -0.825195620104968 2.549457521028309 -0.277651059596984
-0.008632243410886 -0.457892858745079 0.006010158901896 -0.122445732499630 0.106993603339989 -0.237675354489597 -0.816888018421930 2.524945643469501 -0.273100158623141
-0.009244472073384 -0.457357890728379 0.004821782129448 -0.126571710600155 0.119740890945130 -0.239063609787582 -0.808257607133461 2.499457537399330 -0.268549257658179
