-0.004586616840790 -0.449741635349971 0.000000000000000 0.171450819912425 -0.205970390429955 0.357874896242172 -2.087061359500075 6.501708371775550 -0.346002729473271
-0.003729362741228 -0.450771487302121 0.001789374481211 0.161015513114924 -0.173461848571077 0.356144882594805 -2.073336616239124 6.459785331291990 -0.363823242225392
-0.002924285175653 -0.451638796544976 0.003570098894185 0.150648830033729 -0.141162921914617 0.354325766383679 -2.059155056036432 6.416417167069977 -0.381643754979732
-0.002171041025484 -0.452344611154549 0.005341727726103 0.140353054753547 -0.109080836079267 0.352417547608780 -2.044516678900277 6.371603879129495 -0.399464267731853
-0.001469275751717 -0.452890015334946 0.007103815464147 0.130130471359045 -0.077222816683620 0.350420226270121 -2.029421484804028 6.325345467372845 -0.417284780487304
-0.000818623394921 -0.453276129418364 0.008855916595498 0.119983363935025 -0.045596089346756 0.348333802367684 -2.013869473770757 6.277641931899947 -0.435105293241644
-0.000218706575246 -0.453504109865097 0.010597585607336 0.109914016566171 -0.014207879687256 0.346158275901476 -1.997860645802477 6.228493272690816 -0.452925805993765
0.000330863507585 -0.453575149263534 0.012328376986844 0.099924713337159 0.016934586676198 0.343893646871507 -1.981395000879987 6.177899489698824 -0.470746318748105
0.000830487074270 -0.453490476330153 0.014047845221201 0.090017738332759 0.047824084124692 0.341539915277767 -1.964472539010831 6.125860582941733 -0.488566831502446
0.001280575765934 -0.453251355909529 0.015755544797590 0.080195375637705 0.078453387039401 0.339097081120254 -1.947093260204064 6.072376552459513 -0.506387344254566
0.001681552644123 -0.452859088974332 0.017451030203191 0.070459909336685 0.108815269801699 0.336565144398981 -1.929257164444628 6.017447398194431 -0.524207857005576
0.002033852190806 -0.452315012625324 0.019133855925186 0.060813623514461 0.138902506792671 0.333944105113954 -1.910964251758268 5.961073120217542 -0.542028369762138
0.002337920308379 -0.451620500091360 0.020803576450756 0.051258802255670 0.168707872393759 0.331233963265143 -1.892214522101684 5.903253718420043 -0.559848882519809
0.002594214319657 -0.450776960729392 0.022459746267082 0.041797729645162 0.198224140985859 0.328434718852544 -1.873007975523935 5.843989192932941 -0.577669395264158
0.002803202967883 -0.449785840024462 0.024101919861344 0.032432689767542 0.227444086950523 0.325546371876223 -1.853344611996433 5.783279543678521 -0.595489908026270
0.002965366416720 -0.448648619589710 0.025729651720725 0.023165966707560 0.256360484668916 0.322568922336092 -1.833224431511161 5.721124770619035 -0.613310420777280
0.003081196250258 -0.447366817166365 0.027342496332406 0.013999844550004 0.284966108522011 0.319502370232205 -1.812647434103927 5.657524873881048 -0.631130933527180
0.003151195473008 -0.445941986623755 0.028940008183567 0.004936607379484 0.313253732891416 0.316346715564569 -1.791613619729592 5.592479853320231 -0.648951446284851
0.003175878509906 -0.444375717959298 0.030521741761390 -0.004021460719164 0.341216132158018 0.313101958333145 -1.770122988429060 5.525989709054269 -0.666771959035861
0.003155771206310 -0.442669637298508 0.032087251553056 -0.012872075661309 0.368846080703289 0.309768098537966 -1.748175540174576 5.458054441009885 -0.684592471790202
0.003091410828003 -0.440825406894991 0.033636092045745 -0.021612953362182 0.396136352908338 0.306345136179015 -1.725771274981129 5.388674049220388 -0.702412984546763
0.002983346061192 -0.438844725130450 0.035167817726640 -0.030241809737087 0.423079723154440 0.302833071256281 -1.702910192834042 5.317848533654690 -0.720233497296663
0.002832137012507 -0.436729326514678 0.036681983082922 -0.038756360701258 0.449668965822714 0.299231903769798 -1.679592293758157 5.245577894379405 -0.738054010051004
0.002638355209001 -0.434480981685564 0.038178142601771 -0.047154322170048 0.475896855294611 0.295541633719543 -1.655817577725371 5.171862131310156 -0.755874522805344
0.002402583598150 -0.432101497409091 0.039655850770369 -0.055433410058675 0.501756165951162 0.291762261105516 -1.631586044750811 5.096701244498014 -0.773695035559685
0.002125416547857 -0.429592716579335 0.041114662075896 -0.063591340282429 0.527239672173652 0.287893785927718 -1.606897694835171 5.020095233931876 -0.791515548309585
0.001807459846445 -0.426956518218467 0.042554131005535 -0.071625828756605 0.552340148343311 0.283936208186170 -1.581752527976091 4.942044099622844 -0.809336061068366
0.001449330702662 -0.424194817476750 0.043973812046466 -0.079534591396486 0.577050368841425 0.279889527880828 -1.556150544166704 4.862547841537612 -0.827156573821597
0.001051657745679 -0.421309565632543 0.045373259685870 -0.087315344117319 0.601363108049113 0.275753745011720 -1.530091743416514 4.781606459711707 -0.844977086569276
0.000615081025093 -0.418302750092298 0.046752028410928 -0.094965802834402 0.625271140347672 0.271528859578873 -1.503576125725312 4.699219954134026 -0.862797599326948
0.000140252010921 -0.415176394390559 0.048109672708823 -0.102483683463028 0.648767240118342 0.267214871582239 -1.476603691085779 4.615388324795688 -0.880618112080178
-0.000372166406394 -0.411932558189968 0.049445747066734 -0.109866701918457 0.671844181742320 0.262811781021838 -1.449174439504333 4.530111571710016 -0.898438624835629
-0.000921499915987 -0.408573337281256 0.050759805971843 -0.117112574115979 0.694494739600870 0.258319587897660 -1.421288370972926 4.443389694845923 -0.916259137585529
-0.001507062786567 -0.405100863583252 0.052051403911331 -0.124219015970843 0.716711688075100 0.253738292209732 -1.392945485508071 4.355222694274463 -0.934079650342090
-0.002128157866421 -0.401517305142876 0.053320095372380 -0.131183743398384 0.738487801546472 0.249067893958022 -1.364145783086246 4.265610569889056 -0.951900163095321
-0.002784076583413 -0.397824866135144 0.054565434842170 -0.138004472313815 0.759815854395918 0.244308393142545 -1.334889263729239 4.174553321798502 -0.969720675847441
-0.003474098944982 -0.394025786863164 0.055786976807883 -0.144678918632461 0.780688621004910 0.239459789763308 -1.305175927430596 4.082050949947291 -0.987541188601782
-0.004197493538144 -0.390122343758140 0.056984275756699 -0.151204798269614 0.801098875754647 0.234522083820299 -1.275005774174914 3.988103454308778 -1.005361701352792
-0.004953517529492 -0.386116849379366 0.058156886175801 -0.157579827140489 0.821039393026191 0.229495275313535 -1.244378803982937 3.892710834938473 -1.023182214111573
-0.005741416665195 -0.382011652414235 0.059304362552369 -0.163801721160403 0.840502947200883 0.224379364242977 -1.213295016853427 3.795873091827495 -1.041002726860363
-0.006560425270997 -0.377809137678231 0.060426259373583 -0.169868196244671 0.859482312660020 0.219174350608675 -1.181754412766728 3.697590224940317 -1.058823239619144
-0.007409766252220 -0.373511726114931 0.061522131126627 -0.175776968308504 0.877970263784722 0.213880234410579 -1.149756991741802 3.597862234299143 -1.076643752365714
-0.008288651093762 -0.369121874796007 0.062591532298680 -0.181525753267213 0.895959574956218 0.208497015648751 -1.117302753774058 3.496689119917296 -1.094464265126716
-0.009196279860098 -0.364642076921226 0.063634017376923 -0.187112267036084 0.913443020555804 0.203024694323117 -1.084391698861903 3.394070881777012 -1.112284777877726
-0.010131841195279 -0.360074861818447 0.064649140848539 -0.192534225530393 0.930413374964689 0.197463270433729 -1.051023827000414 3.290007519869409 -1.130105290629846
-0.011094512322931 -0.355422794943624 0.065636457200708 -0.197789344665395 0.946863412564036 0.191812743980579 -1.017199138202141 3.184499034230015 -1.147925803379746
-0.012083459046258 -0.350688477880804 0.066595520920611 -0.202875340356406 0.962785907735186 0.186073114963681 -0.982917632455088 3.077545424816641 -1.165746316142968
-0.013097835748040 -0.345874548342128 0.067525886495429 -0.207789928518681 0.978173634859270 0.180244383382966 -0.948179309762165 2.969146691653712 -1.183566828886207
-0.014136785390633 -0.340983680167831 0.068427108412344 -0.212530825067492 0.993019368317538 0.174326549238535 -0.912984170129555 2.859302834743449 -1.201387341647209
-0.015199439515971 -0.336018583326244 0.069298741158536 -0.217095745918140 1.007315882491255 0.168319612530299 -0.877332213551424 2.748013854074749 -1.219207854399329
-0.016284918245561 -0.330982003913787 0.070140339221188 -0.221482406985897 1.021055951761629 0.162223573258302 -0.841223440027072 2.635279749652053 -1.237028367151449
-0.017392330280491 -0.325876724154979 0.070951457087479 -0.225688524186032 1.034232350509889 0.156038431422545 -0.804657849557411 2.521100521462039 -1.254848879905790
-0.018520772901421 -0.320705562402430 0.071731649244592 -0.229711813433819 1.046837853117200 0.149764187023016 -0.767635442149306 2.405476169544674 -1.272669392657910
-0.019669331968590 -0.315471373136844 0.072480470179707 -0.233549990644566 1.058865233964923 0.143400840059726 -0.730156217795264 2.288406693857770 -1.290489905413361
-0.020837081921813 -0.310177046967019 0.073197474380006 -0.237200771733542 1.070307267434212 0.136948390532660 -0.692220176488068 2.169892094410208 -1.308310418165481
-0.022023085780481 -0.304825510629848 0.073882216332669 -0.240661872615983 1.081156727906263 0.130406838441832 -0.653827318249089 2.049932371213092 -1.326130930924263
-0.023226395143561 -0.299419726990317 0.074534250524878 -0.243931009207228 1.091406389762328 0.123776183787211 -0.614977643059733 1.928527524270862 -1.343951443667502
-0.024446050189597 -0.293962695041505 0.075153131443814 -0.247005897422527 1.101049027383683 0.117056426568873 -0.575671150925550 1.805677553559093 -1.361771956430724
-0.025681079676709 -0.288457449904587 0.075738413576659 -0.249884253177154 1.110077415151478 0.110247566786720 -0.535907841848760 1.681382459111092 -1.379592469177293
-0.026930500942595 -0.282907062828829 0.076289651410592 -0.252563792386398 1.118484327447034 0.103349604440833 -0.495687715829640 1.555642240891331 -1.397412981937185
-0.028193319904527 -0.277314641191594 0.076806399432797 -0.255042230965546 1.126262538651490 0.096362539531147 -0.455010772860143 1.428456898919794 -1.415233494690415
-0.029468531059355 -0.271683328498337 0.077288212130452 -0.257317284829847 1.133404823146089 0.089286372057695 -0.413877012953867 1.299826433212026 -1.433054007435874
-0.030755117483504 -0.266016304382606 0.077734643990741 -0.259386669894617 1.139903955312149 0.082121102020516 -0.372286436099156 1.169750843725836 -1.450874520197987
-0.032052050832977 -0.260316784606045 0.078145249500843 -0.261248102075112 1.145752709530778 0.074866729419526 -0.330239042298786 1.038230130496753 -1.468695032946776
-0.033358291343353 -0.254588021058392 0.078519583147941 -0.262899297286606 1.150943860183262 0.067523254254792 -0.287734831559139 0.905264293517005 -1.486515545705558
-0.034672787829786 -0.248833301757475 0.078857199419215 -0.264337971444402 1.155470181650847 0.060090676526264 -0.244773803869669 0.770853332773269 -1.504336058454347
-0.035994477687008 -0.243055950849221 0.079157652801846 -0.265561840463750 1.159324448314714 0.052568996233993 -0.201355959243421 0.634997248293301 -1.522156571207578
-0.037322286889327 -0.237259328607647 0.079420497783016 -0.266568620259967 1.162499434556180 0.044958213377955 -0.157481297661244 0.497696040023810 -1.539977083964139
-0.038655129990626 -0.231446831434867 0.079645288849906 -0.267356026748274 1.164987914756299 0.037258327958134 -0.113149819148117 0.358949708041401 -1.557797596717370
-0.039991910124368 -0.225621891861085 0.079831580489697 -0.267921775844014 1.166782663296506 0.029469339974547 -0.068361523680172 0.218758252272799 -1.575618109470600
-0.041331519003588 -0.219787978544603 0.079978927189569 -0.268263583462415 1.167876454557870 0.021591249427194 -0.023116411275170 0.077121672772407 -1.593438622219390
-0.042672836920900 -0.213948596271813 0.080086883436705 -0.268379165518791 1.168262062921732 0.013624056316097 0.022585518078544 -0.065960030497525 -1.611259134983722
-0.044014732748494 -0.208107285957205 0.080155003718286 -0.268266237928398 1.167932262769245 0.005567760641179 0.068744264373755 -0.210486857517012 -1.629079647725851
-0.045356063938136 -0.202267624643358 0.080182842521492 -0.267922516606529 1.166879828481659 -0.002577637597451 0.115359827615735 -0.356458808286053 -1.646900160487963
-0.046695676521169 -0.196433225500950 0.080169954333504 -0.267345717468451 1.165097534440229 -0.010812138399890 0.162432207800045 -0.503875882820193 -1.664720673233422
-0.048032405108511 -0.190607737828749 0.080115893641505 -0.266533556429450 1.162578155026128 -0.019135741766058 0.209961404930292 -0.652738081101667 -1.682541185996644
-0.049365072890658 -0.184794847053618 0.080020214932675 -0.265483749404799 1.159314464620620 -0.027548447696041 0.257947419000926 -0.803045403128255 -1.700361698742103
-0.050692491637682 -0.178998274730515 0.079882472694195 -0.264194012309794 1.155299237604979 -0.036050256189751 0.306390250020550 -0.954797848928823 -1.718182211500885
-0.052013461699231 -0.173221778542490 0.079702221413246 -0.262662061059692 1.150525248360335 -0.044641167247256 0.355289897982503 -1.107995418472285 -1.736002724250785
-0.053326772004529 -0.167469152300689 0.079479015577010 -0.260885611569779 1.144985271267973 -0.053321180868510 0.404646362887340 -1.262638111769743 -1.753823237007346
-0.054631200062378 -0.161744225944349 0.079212409672667 -0.258862379755342 1.138672080709124 -0.062090297053546 0.454459644738114 -1.418725928825637 -1.771643749759466
-0.055925511961155 -0.156050865540803 0.078901958187399 -0.256590081531652 1.131578451064996 -0.070948515802344 0.504729743532051 -1.576258869626646 -1.789464262512697
-0.057208462368813 -0.150392973285478 0.078547215608388 -0.254066432813992 1.123697156716863 -0.079895837114907 0.555456659271925 -1.735236934197193 -1.807284775265927
-0.058478794532883 -0.144774487501894 0.078147736422813 -0.251289149517632 1.115020972045877 -0.088932260991237 0.606640391954683 -1.895660122510634 -1.825105288023599
-0.059735240280471 -0.139199382641664 0.077703075117857 -0.248255947557859 1.105542671433324 -0.098057787431355 0.658280941580880 -2.057528434582512 -1.842925800770168
-0.060976520018261 -0.133671669284498 0.077212786180700 -0.244964542849954 1.095255029260411 -0.107272416435206 0.710378308153847 -2.220841870408385 -1.860746313530059
-0.062201342732511 -0.128195394138196 0.076676424098524 -0.241412651309185 1.084150819908369 -0.116576148002856 0.762932491668311 -2.385600429990475 -1.878566826279959
-0.063408405989056 -0.122774640038654 0.076093543358510 -0.237597988850843 1.072222817758417 -0.125968982134256 0.815943492128435 -2.551804113315459 -1.896387339035410
-0.064596395933311 -0.117413525949862 0.075463698447838 -0.233518271390201 1.059463797191840 -0.135450918829433 0.869411309534218 -2.719452920414422 -1.914207851789751
-0.065763987290262 -0.112116206963903 0.074786443853691 -0.229171214842530 1.045866532589768 -0.145021958088382 0.923335943881498 -2.888546851251839 -1.932028364537430
-0.066909843364474 -0.106886874300954 0.074061334063249 -0.224554535123123 1.031423798333508 -0.154682099911069 0.977717395172495 -3.059085905852132 -1.949848877300653
-0.068032616040090 -0.101729755309286 0.073287923563694 -0.219665948147260 1.016128368804248 -0.164431344297572 1.032555663411094 -3.231070084197540 -1.967669390045002
-0.069130945780826 -0.096649113465265 0.072465766842206 -0.214503169830205 0.999973018383260 -0.174269691247797 1.087850748592301 -3.404499386310267 -1.985489902807114
-0.070203461629977 -0.091649248373349 0.071594418385967 -0.209063916087243 0.982950521451709 -0.184197140761833 1.143602650717779 -3.579373812168107 -2.003310415552573
-0.071248781210413 -0.086734495766090 0.070673432682158 -0.203345902833654 0.965053652390868 -0.194213692839595 1.199811369785864 -3.755693361777723 -2.021130928311354
-0.072265510724582 -0.081909227504136 0.069702364217960 -0.197346845984725 0.946275185581980 -0.204319347481152 1.256476905801551 -3.933458035156878 -2.038951441062364
-0.073252244954505 -0.077177851576226 0.068680767480554 -0.191064461455717 0.926607895406195 -0.214514104686464 1.313599258757625 -4.112667832267825 -2.056771953817815
-0.074207567261784 -0.072544812099195 0.067608196957122 -0.184496465161929 0.906044556244856 -0.224797964455553 1.371178428662412 -4.293322753150530 -2.074592466567715
-0.075130049587594 -0.068014589317971 0.066484207134844 -0.177640573018617 0.884577942479103 -0.235170926788392 1.429214415507585 -4.475422797791673 -2.092412979326497
-0.076018252452687 -0.063591699605575 0.065308352500902 -0.170494500941079 0.862200828490145 -0.245632991685024 1.487707219298140 -4.658967966162386 -2.110233492081948
-0.076870724957392 -0.059280695463124 0.064080187542477 -0.163055964844588 0.838905988659333 -0.256184159145434 1.546656840034077 -4.843958258311520 -2.128054004826296
-0.077686004781615 -0.055086165519828 0.062799266746750 -0.155322680644418 0.814686197367775 -0.266824429169565 1.606063277712622 -5.030393674205769 -2.145874517585078
-0.078462618184837 -0.051012734532989 0.061465144600902 -0.147292364255855 0.789534228996747 -0.277553801757491 1.665926532335438 -5.218274213856233 -2.163695030341639
-0.079199080006116 -0.047065063388005 0.060077375592115 -0.138962731594178 0.763442857927465 -0.288372276909199 1.726246603904191 -5.407599877254032 -2.181515543090429
-0.079893893664087 -0.043247849098368 0.058635514207569 -0.130331498574657 0.736404858541195 -0.299279854624651 1.787023492416662 -5.598370664419150 -2.199336055843659
-0.080545551156961 -0.039565824805662 0.057139114934445 -0.121396381112573 0.708413005219100 -0.310276534903869 1.848257197871739 -5.790586575324941 -2.217156568604661
-0.081152533062523 -0.036023759779566 0.055587732259926 -0.112155095123215 0.679460072342475 -0.321362317746893 1.909947720272753 -5.984247609995830 -2.234977081347900
-0.081713308538139 -0.032626459417854 0.053980920671192 -0.102605356521851 0.649538834292496 -0.332537203153632 1.972095059616374 -6.179353768411833 -2.252797594107792
-0.082226335320749 -0.029378765246391 0.052318234655423 -0.092744881223769 0.618642065450437 -0.343801191124171 2.034699215907598 -6.375905050595154 -2.270618106859912
-0.082690059726868 -0.026285554919139 0.050599228699803 -0.082571385144231 0.586762540197461 -0.355154281658471 2.097760189138098 -6.573901456519149 -2.288438619615363
-0.083102916652589 -0.023351742218152 0.048823457291510 -0.072082584198541 0.553893032914865 -0.366596474756548 2.161277979317866 -6.773342986203801 -2.306259132366373
-0.083463329573581 -0.020582277053578 0.046990474917727 -0.061276194301951 0.520026317983846 -0.378127770418379 2.225252586437465 -6.974229639642449 -2.324079645119603
-0.083769710545091 -0.017982145463658 0.045099836065636 -0.050149931369764 0.485155169785634 -0.389748168643977 2.289684010504667 -7.176561416835092 -2.341900157876164
-0.084020460201940 -0.015556369614730 0.043151095222416 -0.038701511317241 0.449272362701458 -0.401457669433358 2.354572251513920 -7.380338317783952 -2.359720670626064
-0.084213967758526 -0.013310007801223 0.041143806875249 -0.026928650059671 0.412370671112539 -0.413256272786489 2.419917309468556 -7.585560342477926 -2.377541183384846
-0.084348611008825 -0.011248154445660 0.039077525511316 -0.014829063512328 0.374442869400149 -0.425143978703413 2.485719184366908 -7.792227490941439 -2.395361696132525
-0.084422756326386 -0.009375940098659 0.036951805617799 -0.002400467590494 0.335481731945442 -0.437120787184075 2.551977876211198 -8.000339763152287 -2.413182208891307
-0.084434758664339 -0.007698531438932 0.034766201681879 0.010359421790562 0.295480033129680 -0.449186698228532 2.618693384995874 -8.209897159110469 -2.431002721637876
-0.084382961555386 -0.006221131273284 0.032520268190736 0.023452888715542 0.254430547334128 -0.461341711836721 2.685865710728708 -8.420899678831528 -2.448823234401099
-0.084265697111808 -0.004948978536613 0.030213559631553 0.036882217269185 0.212326048939970 -0.473585828008727 2.753494853403038 -8.633347322306584 -2.466643747146557
-0.084081286025462 -0.003887348291913 0.027845630491509 0.050649691536200 0.169159312328437 -0.485919046744460 2.821580813024416 -8.847240089531194 -2.484464259904229
-0.083828037567781 -0.003041551730271 0.025416035257787 0.064757595601322 0.124923111880781 -0.498341368043981 2.890123589588400 -9.062577980516462 -2.502284772656349
-0.083504249589775 -0.002416936170867 0.022924328417567 0.079208213549264 0.079610221978199 -0.510852791907263 2.959123183094992 -9.279360995249064 -2.520105285409580
-0.083108208522028 -0.002018885060976 0.020370064458031 0.094003829464739 0.033213417001954 -0.523453318334310 3.028579593548630 -9.497589133737883 -2.537925798165030
-0.082638189374705 -0.001852817975967 0.017752797866359 0.109146727432483 -0.014274528666736 -0.536142947325136 3.098492820944876 -9.717262395987358 -2.555746310916041
-0.082092455737542 -0.001924190619300 0.015072083129733 0.124639191537207 -0.062860840646672 -0.548921678879716 3.168862865286504 -9.938380781984169 -2.573566823672602
-0.081469259779856 -0.002238494822534 0.012327474735335 0.140483505863639 -0.112552744556593 -0.561789512998079 3.239689726570738 -10.160944291734975 -2.591387336423612
-0.080766842250538 -0.002801258545317 0.009518527170344 0.156681954496493 -0.163357466015268 -0.574746449680197 3.310973404800355 -10.384952925250879 -2.609207849179063
-0.079983432478056 -0.003618045875393 0.006644794921943 0.173236821520495 -0.215282230641523 -0.587792488926092 3.382713899974243 -10.610406682503015 -2.627028361934514
-0.079117248370453 -0.004694457028600 0.003705832477313 0.190150391020366 -0.268334264054038 -0.600927630735765 3.382713899974243 -10.610406682503015 -2.627028361934514
-0.078166496415351 -0.006036128348871 0.000701194323634 -0.190150391020366 0.268334264054038 0.600927630735765 3.310973404800355 -10.384952925250879 -2.609207849179063
-0.079117248370453 -0.004694457028600 0.003705832477313 -0.173236821520495 0.215282230641523 0.587792488926092 3.239689726570738 -10.160944291734975 -2.591387336423612
-0.079983432478056 -0.003618045875393 0.006644794921943 -0.156681954496493 0.163357466015268 0.574746449680197 3.168862865286504 -9.938380781984169 -2.573566823672602
-0.080766842250538 -0.002801258545317 0.009518527170344 -0.140483505863639 0.112552744556593 0.561789512998079 3.098492820944876 -9.717262395987358 -2.555746310916041
-0.081469259779856 -0.002238494822534 0.012327474735335 -0.124639191537207 0.062860840646672 0.548921678879716 3.028579593548630 -9.497589133737883 -2.537925798165030
-0.082092455737542 -0.001924190619300 0.015072083129733 -0.109146727432483 0.014274528666736 0.536142947325136 2.959123183094992 -9.279360995249064 -2.520105285409580
-0.082638189374705 -0.001852817975967 0.017752797866359 -0.094003829464739 -0.033213417001954 0.523453318334310 2.890123589588400 -9.062577980516462 -2.502284772656349
-0.083108208522028 -0.002018885060976 0.020370064458031 -0.079208213549264 -0.079610221978199 0.510852791907263 2.821580813024416 -8.847240089531194 -2.484464259904229
-0.083504249589775 -0.002416936170867 0.022924328417567 -0.064757595601322 -0.124923111880781 0.498341368043981 2.753494853403038 -8.633347322306584 -2.466643747146557
-0.083828037567781 -0.003041551730271 0.025416035257787 -0.050649691536200 -0.169159312328437 0.485919046744460 2.685865710728708 -8.420899678831528 -2.448823234401099
-0.084081286025462 -0.003887348291913 0.027845630491509 -0.036882217269185 -0.212326048939970 0.473585828008727 2.618693384995874 -8.209897159110469 -2.431002721637876
-0.084265697111808 -0.004948978536613 0.030213559631553 -0.023452888715542 -0.254430547334128 0.461341711836721 2.551977876211198 -8.000339763152287 -2.413182208891307
-0.084382961555386 -0.006221131273284 0.032520268190736 -0.010359421790562 -0.295480033129680 0.449186698228532 2.485719184366908 -7.792227490941439 -2.395361696132525
-0.084434758664339 -0.007698531438932 0.034766201681879 0.002400467590494 -0.335481731945442 0.437120787184075 2.419917309468556 -7.585560342477926 -2.377541183384846
-0.084422756326386 -0.009375940098659 0.036951805617799 0.014829063512328 -0.374442869400149 0.425143978703413 2.354572251513920 -7.380338317783952 -2.359720670626064
-0.084348611008825 -0.011248154445660 0.039077525511316 0.026928650059671 -0.412370671112539 0.413256272786489 2.289684010504667 -7.176561416835092 -2.341900157876164
-0.084213967758526 -0.013310007801223 0.041143806875249 0.038701511317241 -0.449272362701458 0.401457669433358 2.225252586437465 -6.974229639642449 -2.324079645119603
-0.084020460201940 -0.015556369614730 0.043151095222416 0.050149931369764 -0.485155169785634 0.389748168643977 2.161277979317866 -6.773342986203801 -2.306259132366373
-0.083769710545091 -0.017982145463658 0.045099836065636 0.061276194301951 -0.520026317983846 0.378127770418379 2.097760189138098 -6.573901456519149 -2.288438619615363
-0.083463329573581 -0.020582277053578 0.046990474917727 0.072082584198541 -0.553893032914865 0.366596474756548 2.034699215907598 -6.375905050595154 -2.270618106859912
-0.083102916652589 -0.023351742218152 0.048823457291510 0.082571385144231 -0.586762540197461 0.355154281658471 1.972095059616374 -6.179353768411833 -2.252797594107792
-0.082690059726868 -0.026285554919139 0.050599228699803 0.092744881223769 -0.618642065450437 0.343801191124171 1.909947720272753 -5.984247609995830 -2.234977081347900
-0.082226335320749 -0.029378765246391 0.052318234655423 0.102605356521851 -0.649538834292496 0.332537203153632 1.848257197871739 -5.790586575324941 -2.217156568604661
-0.081713308538139 -0.032626459417854 0.053980920671192 0.112155095123215 -0.679460072342475 0.321362317746893 1.787023492416662 -5.598370664419150 -2.199336055843659
-0.081152533062523 -0.036023759779566 0.055587732259926 0.121396381112573 -0.708413005219100 0.310276534903869 1.726246603904191 -5.407599877254032 -2.181515543090429
-0.080545551156961 -0.039565824805662 0.057139114934445 0.130331498574657 -0.736404858541195 0.299279854624651 1.665926532335438 -5.218274213856233 -2.163695030341639
-0.079893893664087 -0.043247849098368 0.058635514207569 0.138962731594178 -0.763442857927465 0.288372276909199 1.606063277712622 -5.030393674205769 -2.145874517585078
-0.079199080006116 -0.047065063388005 0.060077375592115 0.147292364255855 -0.789534228996747 0.277553801757491 1.546656840034077 -4.843958258311520 -2.128054004826296
-0.078462618184837 -0.051012734532989 0.061465144600902 0.155322680644418 -0.814686197367775 0.266824429169565 1.487707219298140 -4.658967966162386 -2.110233492081948
-0.077686004781615 -0.055086165519828 0.062799266746750 0.163055964844588 -0.838905988659333 0.256184159145434 1.429214415507585 -4.475422797791673 -2.092412979326497
-0.076870724957392 -0.059280695463124 0.064080187542477 0.170494500941079 -0.862200828490145 0.245632991685024 1.371178428662412 -4.293322753150530 -2.074592466567715
-0.076018252452687 -0.063591699605575 0.065308352500902 0.177640573018617 -0.884577942479103 0.235170926788392 1.313599258757625 -4.112667832267825 -2.056771953817815
-0.075130049587594 -0.068014589317971 0.066484207134844 0.184496465161929 -0.906044556244856 0.224797964455553 1.256476905801551 -3.933458035156878 -2.038951441062364
-0.074207567261784 -0.072544812099195 0.067608196957122 0.191064461455717 -0.926607895406195 0.214514104686464 1.199811369785864 -3.755693361777723 -2.021130928311354
-0.073252244954505 -0.077177851576226 0.068680767480554 0.197346845984725 -0.946275185581980 0.204319347481152 1.143602650717779 -3.579373812168107 -2.003310415552573
-0.072265510724582 -0.081909227504136 0.069702364217960 0.203345902833654 -0.965053652390868 0.194213692839595 1.087850748592301 -3.404499386310267 -1.985489902807114
-0.071248781210413 -0.086734495766090 0.070673432682158 0.209063916087243 -0.982950521451709 0.184197140761833 1.032555663411094 -3.231070084197540 -1.967669390045002
-0.070203461629977 -0.091649248373349 0.071594418385967 0.214503169830205 -0.999973018383260 0.174269691247797 0.977717395172495 -3.059085905852132 -1.949848877300653
-0.069130945780826 -0.096649113465265 0.072465766842206 0.219665948147260 -1.016128368804248 0.164431344297572 0.923335943881498 -2.888546851251839 -1.932028364537430
-0.068032616040090 -0.101729755309286 0.073287923563694 0.224554535123123 -1.031423798333508 0.154682099911069 0.869411309534218 -2.719452920414422 -1.914207851789751
-0.066909843364474 -0.106886874300954 0.074061334063249 0.229171214842530 -1.045866532589768 0.145021958088382 0.815943492128435 -2.551804113315459 -1.896387339035410
-0.065763987290262 -0.112116206963903 0.074786443853691 0.233518271390201 -1.059463797191840 0.135450918829433 0.762932491668311 -2.385600429990475 -1.878566826279959
-0.064596395933311 -0.117413525949862 0.075463698447838 0.237597988850843 -1.072222817758417 0.125968982134256 0.710378308153847 -2.220841870408385 -1.860746313530059
-0.063408405989056 -0.122774640038654 0.076093543358510 0.241412651309185 -1.084150819908369 0.116576148002856 0.658280941580880 -2.057528434582512 -1.842925800770168
-0.062201342732511 -0.128195394138196 0.076676424098524 0.244964542849954 -1.095255029260411 0.107272416435206 0.606640391954683 -1.895660122510634 -1.825105288023599
-0.060976520018261 -0.133671669284498 0.077212786180700 0.248255947557859 -1.105542671433324 0.098057787431355 0.555456659271925 -1.735236934197193 -1.807284775265927
-0.059735240280471 -0.139199382641664 0.077703075117857 0.251289149517632 -1.115020972045877 0.088932260991237 0.504729743532051 -1.576258869626646 -1.789464262512697
-0.058478794532883 -0.144774487501894 0.078147736422813 0.254066432813992 -1.123697156716863 0.079895837114907 0.454459644738114 -1.418725928825637 -1.771643749759466
-0.057208462368813 -0.150392973285478 0.078547215608388 0.256590081531652 -1.131578451064996 0.070948515802344 0.404646362887340 -1.262638111769743 -1.753823237007346
-0.055925511961155 -0.156050865540803 0.078901958187399 0.258862379755342 -1.138672080709124 0.062090297053546 0.355289897982503 -1.107995418472285 -1.736002724250785
-0.054631200062378 -0.161744225944349 0.079212409672667 0.260885611569779 -1.144985271267973 0.053321180868510 0.306390250020550 -0.954797848928823 -1.718182211500885
-0.053326772004529 -0.167469152300689 0.079479015577010 0.262662061059692 -1.150525248360335 0.044641167247256 0.257947419000926 -0.803045403128255 -1.700361698742103
-0.052013461699231 -0.173221778542490 0.079702221413246 0.264194012309794 -1.155299237604979 0.036050256189751 0.209961404930292 -0.652738081101667 -1.682541185996644
-0.050692491637682 -0.178998274730515 0.079882472694195 0.265483749404799 -1.159314464620620 0.027548447696041 0.162432207800045 -0.503875882820193 -1.664720673233422
-0.049365072890658 -0.184794847053618 0.080020214932675 0.266533556429450 -1.162578155026128 0.019135741766058 0.115359827615735 -0.356458808286053 -1.646900160487963
-0.048032405108511 -0.190607737828749 0.080115893641505 0.267345717468451 -1.165097534440229 0.010812138399890 0.068744264373755 -0.210486857517012 -1.629079647725851
-0.046695676521169 -0.196433225500950 0.080169954333504 0.267922516606529 -1.166879828481659 0.002577637597451 0.022585518078544 -0.065960030497525 -1.611259134983722
-0.045356063938136 -0.202267624643358 0.080182842521492 0.268266237928398 -1.167932262769245 -0.005567760641179 -0.023116411275170 0.077121672772407 -1.593438622219390
-0.044014732748494 -0.208107285957205 0.080155003718286 0.268379165518791 -1.168262062921732 -0.013624056316097 -0.068361523680172 0.218758252272799 -1.575618109470600
-0.042672836920900 -0.213948596271813 0.080086883436705 0.268263583462415 -1.167876454557870 -0.021591249427194 -0.113149819148117 0.358949708041401 -1.557797596717370
-0.041331519003588 -0.219787978544603 0.079978927189569 0.267921775844014 -1.166782663296506 -0.029469339974547 -0.157481297661244 0.497696040023810 -1.539977083964139
-0.039991910124368 -0.225621891861085 0.079831580489697 0.267356026748274 -1.164987914756299 -0.037258327958134 -0.201355959243421 0.634997248293301 -1.522156571207578
-0.038655129990626 -0.231446831434867 0.079645288849906 0.266568620259967 -1.162499434556180 -0.044958213377955 -0.244773803869669 0.770853332773269 -1.504336058454347
-0.037322286889327 -0.237259328607647 0.079420497783016 0.265561840463750 -1.159324448314714 -0.052568996233993 -0.287734831559139 0.905264293517005 -1.486515545705558
-0.035994477687008 -0.243055950849221 0.079157652801846 0.264337971444402 -1.155470181650847 -0.060090676526264 -0.330239042298786 1.038230130496753 -1.468695032946776
-0.034672787829786 -0.248833301757475 0.078857199419215 0.262899297286606 -1.150943860183262 -0.067523254254792 -0.372286436099156 1.169750843725836 -1.450874520197987
-0.033358291343353 -0.254588021058392 0.078519583147941 0.261248102075112 -1.145752709530778 -0.074866729419526 -0.413877012953867 1.299826433212026 -1.433054007435874
-0.032052050832977 -0.260316784606045 0.078145249500843 0.259386669894617 -1.139903955312149 -0.082121102020516 -0.455010772860143 1.428456898919794 -1.415233494690415
-0.030755117483504 -0.266016304382606 0.077734643990741 0.257317284829847 -1.133404823146089 -0.089286372057695 -0.495687715829640 1.555642240891331 -1.397412981937185
-0.029468531059355 -0.271683328498337 0.077288212130452 0.255042230965546 -1.126262538651490 -0.096362539531147 -0.535907841848760 1.681382459111092 -1.379592469177293
-0.028193319904527 -0.277314641191594 0.076806399432797 0.252563792386398 -1.118484327447034 -0.103349604440833 -0.575671150925550 1.805677553559093 -1.361771956430724
-0.026930500942595 -0.282907062828829 0.076289651410592 0.249884253177154 -1.110077415151478 -0.110247566786720 -0.614977643059733 1.928527524270862 -1.343951443667502
-0.025681079676709 -0.288457449904587 0.075738413576659 0.247005897422527 -1.101049027383683 -0.117056426568873 -0.653827318249089 2.049932371213092 -1.326130930924263
-0.024446050189597 -0.293962695041505 0.075153131443814 0.243931009207228 -1.091406389762328 -0.123776183787211 -0.692220176488068 2.169892094410208 -1.308310418165481
-0.023226395143561 -0.299419726990317 0.074534250524878 0.240661872615983 -1.081156727906263 -0.130406838441832 -0.730156217795264 2.288406693857770 -1.290489905413361
-0.022023085780481 -0.304825510629848 0.073882216332669 0.237200771733542 -1.070307267434212 -0.136948390532660 -0.767635442149306 2.405476169544674 -1.272669392657910
-0.020837081921813 -0.310177046967019 0.073197474380006 0.233549990644566 -1.058865233964923 -0.143400840059726 -0.804657849557411 2.521100521462039 -1.254848879905790
-0.019669331968590 -0.315471373136844 0.072480470179707 0.229711813433819 -1.046837853117200 -0.149764187023016 -0.841223440027072 2.635279749652053 -1.237028367151449
-0.018520772901421 -0.320705562402430 0.071731649244592 0.225688524186032 -1.034232350509889 -0.156038431422545 -0.877332213551424 2.748013854074749 -1.219207854399329
-0.017392330280491 -0.325876724154979 0.070951457087479 0.221482406985897 -1.021055951761629 -0.162223573258302 -0.912984170129555 2.859302834743449 -1.201387341647209
-0.016284918245561 -0.330982003913787 0.070140339221188 0.217095745918140 -1.007315882491255 -0.168319612530299 -0.948179309762165 2.969146691653712 -1.183566828886207
-0.015199439515971 -0.336018583326244 0.069298741158536 0.212530825067492 -0.993019368317538 -0.174326549238535 -0.982917632455088 3.077545424816641 -1.165746316142968
-0.014136785390633 -0.340983680167831 0.068427108412344 0.207789928518681 -0.978173634859270 -0.180244383382966 -1.017199138202141 3.184499034230015 -1.147925803379746
-0.013097835748040 -0.345874548342128 0.067525886495429 0.202875340356406 -0.962785907735186 -0.186073114963681 -1.051023827000414 3.290007519869409 -1.130105290629846
-0.012083459046258 -0.350688477880804 0.066595520920611 0.197789344665395 -0.946863412564036 -0.191812743980579 -1.084391698861903 3.394070881777012 -1.112284777877726
-0.011094512322931 -0.355422794943624 0.065636457200708 0.192534225530393 -0.930413374964689 -0.197463270433729 -1.117302753774058 3.496689119917296 -1.094464265126716
-0.010131841195279 -0.360074861818447 0.064649140848539 0.187112267036084 -0.913443020555804 -0.203024694323117 -1.149756991741802 3.597862234299143 -1.076643752365714
-0.009196279860098 -0.364642076921226 0.063634017376923 0.181525753267213 -0.895959574956218 -0.208497015648751 -1.181754412766728 3.697590224940317 -1.058823239619144
-0.008288651093762 -0.369121874796007 0.062591532298680 0.175776968308504 -0.877970263784722 -0.213880234410579 -1.213295016853427 3.795873091827495 -1.041002726860363
-0.007409766252220 -0.373511726114931 0.061522131126627 0.169868196244671 -0.859482312660020 -0.219174350608675 -1.244378803982937 3.892710834938473 -1.023182214111573
-0.006560425270997 -0.377809137678231 0.060426259373583 0.163801721160403 -0.840502947200883 -0.224379364242977 -1.275005774174914 3.988103454308778 -1.005361701352792
-0.005741416665195 -0.382011652414235 0.059304362552369 0.157579827140489 -0.821039393026191 -0.229495275313535 -1.305175927430596 4.082050949947291 -0.987541188601782
-0.004953517529492 -0.386116849379366 0.058156886175801 0.151204798269614 -0.801098875754647 -0.234522083820299 -1.334889263729239 4.174553321798502 -0.969720675847441
-0.004197493538144 -0.390122343758140 0.056984275756699 0.144678918632461 -0.780688621004910 -0.239459789763308 -1.364145783086246 4.265610569889056 -0.951900163095321
-0.003474098944982 -0.394025786863164 0.055786976807883 0.138004472313815 -0.759815854395918 -0.244308393142545 -1.392945485508071 4.355222694274463 -0.934079650342090
-0.002784076583413 -0.397824866135144 0.054565434842170 0.131183743398384 -0.738487801546472 -0.249067893958022 -1.421288370972926 4.443389694845923 -0.916259137585529
-0.002128157866421 -0.401517305142876 0.053320095372380 0.124219015970843 -0.716711688075100 -0.253738292209732 -1.449174439504333 4.530111571710016 -0.898438624835629
-0.001507062786567 -0.405100863583252 0.052051403911331 0.117112574115979 -0.694494739600870 -0.258319587897660 -1.476603691085779 4.615388324795688 -0.880618112080178
-0.000921499915987 -0.408573337281256 0.050759805971843 0.109866701918457 -0.671844181742320 -0.262811781021838 -1.503576125725312 4.699219954134026 -0.862797599326948
-0.000372166406394 -0.411932558189968 0.049445747066734 0.102483683463028 -0.648767240118342 -0.267214871582239 -1.530091743416514 4.781606459711707 -0.844977086569276
0.000140252010921 -0.415176394390559 0.048109672708823 0.094965802834402 -0.625271140347672 -0.271528859578873 -1.556150544166704 4.862547841537612 -0.827156573821597
0.000615081025093 -0.418302750092298 0.046752028410928 0.087315344117319 -0.601363108049113 -0.275753745011720 -1.581752527976091 4.942044099622844 -0.809336061068366
0.001051657745679 -0.421309565632543 0.045373259685870 0.079534591396486 -0.577050368841425 -0.279889527880828 -1.606897694835171 5.020095233931876 -0.791515548309585
0.001449330702662 -0.424194817476750 0.043973812046466 0.071625828756605 -0.552340148343311 -0.283936208186170 -1.631586044750811 5.096701244498014 -0.773695035559685
0.001807459846445 -0.426956518218467 0.042554131005535 0.063591340282429 -0.527239672173652 -0.287893785927718 -1.655817577725371 5.171862131310156 -0.755874522805344
0.002125416547857 -0.429592716579335 0.041114662075896 0.055433410058675 -0.501756165951162 -0.291762261105516 -1.679592293758157 5.245577894379405 -0.738054010051004
0.002402583598150 -0.432101497409091 0.039655850770369 0.047154322170048 -0.475896855294611 -0.295541633719543 -1.702910192834042 5.317848533654690 -0.720233497296663
0.002638355209001 -0.434480981685564 0.038178142601771 0.038756360701258 -0.449668965822714 -0.299231903769798 -1.725771274981129 5.388674049220388 -0.702412984546763
0.002832137012507 -0.436729326514678 0.036681983082922 0.030241809737087 -0.423079723154440 -0.302833071256281 -1.748175540174576 5.458054441009885 -0.684592471790202
0.002983346061192 -0.438844725130450 0.035167817726640 0.021612953362182 -0.396136352908338 -0.306345136179015 -1.770122988429060 5.525989709054269 -0.666771959035861
0.003091410828003 -0.440825406894991 0.033636092045745 0.012872075661309 -0.368846080703289 -0.309768098537966 -1.791613619729592 5.592479853320231 -0.648951446284851
0.003155771206310 -0.442669637298508 0.032087251553056 0.004021460719164 -0.341216132158018 -0.313101958333145 -1.812647434103927 5.657524873881048 -0.631130933527180
0.003175878509906 -0.444375717959298 0.030521741761390 -0.004936607379484 -0.313253732891416 -0.316346715564569 -1.833224431511161 5.721124770619035 -0.613310420777280
0.003151195473008 -0.445941986623755 0.028940008183567 -0.013999844550004 -0.284966108522011 -0.319502370232205 -1.853344611996433 5.783279543678521 -0.595489908026270
0.003081196250258 -0.447366817166365 0.027342496332406 -0.023165966707560 -0.256360484668916 -0.322568922336092 -1.873007975523935 5.843989192932941 -0.577669395264158
0.002965366416720 -0.448648619589710 0.025729651720725 -0.032432689767542 -0.227444086950523 -0.325546371876223 -1.892214522101684 5.903253718420043 -0.559848882519809
0.002803202967883 -0.449785840024462 0.024101919861344 -0.041797729645162 -0.198224140985859 -0.328434718852544 -1.910964251758268 5.961073120217542 -0.542028369762138
0.002594214319657 -0.450776960729392 0.022459746267082 -0.051258802255670 -0.168707872393759 -0.331233963265143 -1.929257164444628 6.017447398194431 -0.524207857005576
0.002337920308379 -0.451620500091360 0.020803576450756 -0.060813623514461 -0.138902506792671 -0.333944105113954 -1.947093260204064 6.072376552459513 -0.506387344254566
0.002033852190806 -0.452315012625324 0.019133855925186 -0.070459909336685 -0.108815269801699 -0.336565144398981 -1.964472539010831 6.125860582941733 -0.488566831502446
0.001681552644123 -0.452859088974332 0.017451030203191 -0.080195375637705 -0.078453387039401 -0.339097081120254 -1.981395000879987 6.177899489698824 -0.470746318748105
0.001280575765934 -0.453251355909529 0.015755544797590 -0.090017738332759 -0.047824084124692 -0.341539915277767 -1.997860645802477 6.228493272690816 -0.452925805993765
0.000830487074270 -0.453490476330153 0.014047845221201 -0.099924713337159 -0.016934586676198 -0.343893646871507 -2.013869473770757 6.277641931899947 -0.435105293241644
0.000330863507585 -0.453575149263534 0.012328376986844 -0.109914016566171 0.014207879687256 -0.346158275901476 -2.029421484804028 6.325345467372845 -0.417284780487304
-0.000218706575246 -0.453504109865097 0.010597585607336 -0.119983363935025 0.045596089346756 -0.348333802367684 -2.044516678900277 6.371603879129495 -0.399464267731853
-0.000818623394921 -0.453276129418364 0.008855916595498 -0.130130471359045 0.077222816683620 -0.350420226270121 -2.059155056036432 6.416417167069977 -0.381643754979732
-0.001469275751717 -0.452890015334946 0.007103815464147 -0.140353054753547 0.109080836079267 -0.352417547608780 -2.073336616239124 6.459785331291990 -0.363823242225392
