-0.008877317732701 -0.451120725216779 0.000000000000000 0.155261610787850 -0.174591419678405 0.336251611971206 -1.620143449982370 5.117650027930409 -0.316310036510004
-0.008101009678762 -0.451993682315171 0.001681258059856 0.147160893537938 -0.149003169538753 0.334670061788656 -1.614859610736263 5.101882710425443 -0.329864368986410
-0.007365205211072 -0.452738698162864 0.003354608368799 0.139086595484257 -0.123493755986626 0.333020739943723 -1.609171843632884 5.084817178115930 -0.343418701471698
-0.006669772233651 -0.453356166942797 0.005019712068518 0.131040736266092 -0.098069670096046 0.331303646436365 -1.603080148716401 5.066453431190610 -0.356973033952546
-0.006014568552320 -0.453846515293278 0.006676230300700 0.123025335522510 -0.072737402940093 0.329518781266602 -1.596584525906974 5.046791469347500 -0.370527366428952
-0.005399441874708 -0.454210202307978 0.008323824207033 0.115042412892975 -0.047503445593355 0.327666144434458 -1.589684975277403 5.025831292846394 -0.384081698912020
-0.004824229810243 -0.454447719535945 0.009962154929205 0.107093988016588 -0.022374289129123 0.325745735939897 -1.582381496780769 5.003572901525200 -0.397636031395088
-0.004288759870160 -0.454559590981591 0.011590883608905 0.099182080532684 0.002643575378503 0.323757555782922 -1.574674090451084 4.980016295506040 -0.411190363873715
-0.003792849467497 -0.454546373104698 0.013209671387819 0.091308710080429 0.027543656856033 0.321701603963553 -1.566562756264295 4.955161474691216 -0.424744696352342
-0.003336305917094 -0.454408654820418 0.014818179407637 0.083475896299108 0.052319464229489 0.319577880481792 -1.558047494219089 4.929008439096272 -0.438299028835409
-0.002918926435599 -0.454147057499270 0.016416068810046 0.075685658828012 0.076964506424970 0.317386385337615 -1.549128304330244 4.901557188758954 -0.451853361316257
-0.002540498141459 -0.453762234967146 0.018003000736734 0.067940017306361 0.101472292368765 0.315127118531033 -1.539805186609074 4.872807723714789 -0.465407693794884
-0.002200798054927 -0.453254873505302 0.019578636329389 0.060240991373316 0.125836330987339 0.312800080062059 -1.530078141007106 4.842760043808347 -0.478962026277951
-0.001899593098060 -0.452625691850365 0.021142636729699 0.052590600668280 0.150050131206381 0.310405269930669 -1.519947167578119 4.811414149223925 -0.492516358756578
-0.001636640094719 -0.451875441194333 0.022694663079353 0.044990864830389 0.174107201952500 0.307942688136886 -1.509412266288076 4.778770039832736 -0.506070691235205
-0.001411685770567 -0.451004905184571 0.024234376520037 0.037443803498949 0.198001052151664 0.305412334680710 -1.498473437155853 4.744827715708055 -0.519625023722714
-0.001224466753072 -0.450014899923812 0.025761438193441 0.029951436313170 0.221725190730204 0.302814209562097 -1.487130680173226 4.709587176829899 -0.533179356201341
-0.001074709571506 -0.448906273970161 0.027275509241251 0.022515782912304 0.245273126614354 0.300148312781090 -1.475383995333292 4.673048423151638 -0.546733688677747
-0.000962130656945 -0.447679908337090 0.028776250805157 0.015138862935637 0.268638368730112 0.297414644337701 -1.463233382652390 4.635211454755428 -0.560288021158595
-0.000886436342267 -0.446336716493439 0.030263324026845 0.007822696022375 0.291814426003889 0.294613204231908 -1.450678842116262 4.596076271567995 -0.573842353643883
-0.000847322862155 -0.444877644363420 0.031736390048005 0.000569301811794 0.314794807361729 0.291743992463689 -1.437720373736254 4.555642873649290 -0.587396686122510
-0.000844476353096 -0.443303670326611 0.033195110010323 -0.006619300056887 0.337573021729975 0.288807009033076 -1.424357977505147 4.513911260961567 -0.600951018603357
-0.000877572853380 -0.441615805217961 0.034639145055489 -0.013741089944413 0.360142578034783 0.285802253940060 -1.410591653413368 4.470881433482621 -0.614505351081984
-0.000946278303102 -0.439815092327787 0.036068156325189 -0.020794048211480 0.382496985202196 0.282729727184650 -1.396421401486381 4.426553391281285 -0.628059683562832
-0.001050248544160 -0.437902607401776 0.037481804961112 -0.027776155218912 0.404629752158603 0.279589428766835 -1.381847221703439 4.380927134304269 -0.641614016048120
-0.001189129320254 -0.435879458640983 0.038879752104946 -0.034685391327429 0.426534387830124 0.276381358686595 -1.366869114077622 4.334002662595982 -0.655168348522306
-0.001362556276892 -0.433746786701832 0.040261658898379 -0.041519736897817 0.448204401143104 0.273105516943983 -1.351487078588287 4.285779976072046 -0.668722681007594
-0.001570154961381 -0.431505764696117 0.041627186483099 -0.048277172290759 0.469633301023464 0.269761903538945 -1.335701115261247 4.236259074825721 -0.682277013488441
-0.001811540822834 -0.429157598191000 0.042975996000794 -0.054955677867065 0.490814596397593 0.266350518471503 -1.319511224084809 4.185439958832582 -0.695831345967068
-0.002086319212170 -0.426703525209012 0.044307748593151 -0.061553233987489 0.511741796191756 0.262871361741668 -1.302917405045649 4.133322628028235 -0.709385678445695
-0.002394085382107 -0.424144816228053 0.045622105401860 -0.068067821012717 0.532408409331897 0.259324433349439 -1.285919658171111 4.079907082510381 -0.722940010930984
-0.002734424487171 -0.421482774181393 0.046918727568607 -0.074497419303573 0.552807944744449 0.255709733294784 -1.268517983438883 4.025193322210185 -0.736494343411831
-0.003106911583689 -0.418718734457671 0.048197276235081 -0.080840009220767 0.572933911355500 0.252027261577725 -1.250712380864508 3.969181347165396 -0.750048675886017
-0.003511111629792 -0.415854064900894 0.049457412542969 -0.087093571125090 0.592779818091327 0.248277018198295 -1.232502850434941 3.911871157353808 -0.763603008371305
-0.003946579485418 -0.412890165810437 0.050698797633961 -0.093256085377264 0.612339173878096 0.244459003156439 -1.213889392152023 3.853262752762099 -0.777157340852153
-0.004412859912304 -0.409828469941047 0.051921092649743 -0.099325532338024 0.631605487641906 0.240573216452178 -1.194872006032438 3.793356133452441 -0.790711673333000
-0.004909487573994 -0.406670442502837 0.053123958732004 -0.105299892368187 0.650572268309169 0.236619658085513 -1.175450692044513 3.732151299331576 -0.804266005811627
-0.005435987035835 -0.403417581161291 0.054307057022432 -0.111177145828409 0.669233024805826 0.232598328056455 -1.155625450225753 3.669648250503865 -0.817820338294695
-0.005991872764977 -0.400071416037262 0.055470048662714 -0.116955273079538 0.687581266058346 0.228509226364981 -1.135396280545903 3.605846986873829 -0.831374670773322
-0.006576649130375 -0.396633509706970 0.056612594794539 -0.122632254482267 0.705610500992715 0.224352353011115 -1.114763183019118 3.540747508505859 -0.844929003256389
-0.007189810402786 -0.393105457202007 0.057734356559594 -0.128206070397363 0.723314238535244 0.220127707994833 -1.093726157641722 3.474349815357769 -0.858483335735016
-0.007830840754773 -0.389488886009331 0.058834995099569 -0.133674701185572 0.740685987612033 0.215835291316158 -1.072285204421830 3.406653907493951 -0.872037668215864
-0.008499214260701 -0.385785456071270 0.059914171556149 -0.139036127207681 0.757719257149503 0.211475102975078 -1.050440323340091 3.337659784810043 -0.885592000696711
-0.009194394896739 -0.381996859785523 0.060971547071025 -0.144288328824381 0.774407556073553 0.207047142971595 -1.028191514419602 3.267367447417069 -0.899146333177558
-0.009915836540861 -0.378124822005155 0.062006782785883 -0.149429286396479 0.790744393310638 0.202551411305707 -1.005538777643089 3.195776895230651 -0.912700665656185
-0.010662982972844 -0.374171100038602 0.063019539842411 -0.154456980284695 0.806723277786792 0.197987907977426 -0.982482113017213 3.122888128292978 -0.926254998141474
-0.011435267874267 -0.370137483649668 0.064009479382298 -0.159369390849781 0.822337718428257 0.193356632986719 -0.959021520546693 3.048701146610711 -0.939809330620101
-0.012232114828516 -0.366025795057527 0.064976262547232 -0.164164498452514 0.837581224161310 0.188657586333618 -0.935157000220427 2.973215950148322 -0.953363663098727
-0.013052937320779 -0.361837888936720 0.065919550478900 -0.168840283453616 0.852447303912052 0.183890768018125 -0.910888552049588 2.896432538936899 -0.966917995581795
-0.013897138738047 -0.357575652417160 0.066839004318991 -0.173394726213864 0.866929466606736 0.179056178040216 -0.886216176029447 2.818350912969780 -0.980472328060422
-0.014764112369116 -0.353241005084126 0.067734285209192 -0.177825807094012 0.881021221171585 0.174153816399913 -0.861139872151490 2.738971072222540 -0.994026660543490
-0.015653241404586 -0.348835898978268 0.068605054291191 -0.182131506454769 0.894716076532698 0.169183683097196 -0.835659640430475 2.658293016730706 -1.007580993022117
-0.016563898936860 -0.344362318595605 0.069450972706677 -0.186309804656921 0.908007541616351 0.164145778132085 -0.809775480863362 2.576316746489837 -1.021135325502964
-0.017495447960145 -0.339822280887523 0.070271701597338 -0.190358682061238 0.920889125348801 0.159040101504571 -0.783487393435367 2.493042261448863 -1.034689657986032
-0.018447241370451 -0.335217835260779 0.071066902104861 -0.194276119028415 0.933354336656045 0.153866653214640 -0.756795378172581 2.408469561703264 -1.048243990464659
-0.019418621965593 -0.330551063577499 0.071836235370934 -0.198060095919278 0.945396684464561 0.148625433262317 -0.729699435046138 2.322598647153118 -1.061798322943286
-0.020408922445189 -0.325824080155176 0.072579362537245 -0.201708593094509 0.957009677700327 0.143316441647601 -0.702199564076578 2.235429517856158 -1.075352655428574
-0.021417465410662 -0.321039031766674 0.073295944745483 -0.205219590914892 0.968186825289608 0.137939678370458 -0.674295765259736 2.146962173807943 -1.088906987904981
-0.022443563365236 -0.316198097640226 0.073985643137336 -0.208591069741190 0.978921636158647 0.132495143430933 -0.645988038589923 2.057196614997370 -1.102461320388048
-0.023486518713942 -0.311303489459433 0.074648118854490 -0.211821009934140 0.989207619233634 0.126982836828993 -0.617276384067278 1.966132841413337 -1.116015652871116
-0.024545623763613 -0.306357451363265 0.075283033038635 -0.214907391854476 0.999038283440701 0.121402758564637 -0.588160801702625 1.873770853080270 -1.129569985345302
-0.025620160722885 -0.301362259946061 0.075890046831458 -0.217848195862989 1.008407137706102 0.115754908637911 -0.558641291483891 1.780110649991506 -1.143124317830591
-0.026709401702200 -0.296320224257531 0.076468821374648 -0.220641402320409 1.017307690956060 0.110039287048758 -0.528717853413435 1.685152232131504 -1.156678650309217
-0.027812608713802 -0.291233685802751 0.077019017809892 -0.223284991587476 1.025733452116717 0.104255893797212 -0.498390487499861 1.588895599520246 -1.170232982794506
-0.028929033671740 -0.286105018542167 0.077540297278878 -0.225776944024975 1.033677930114318 0.098404728883239 -0.467659193728875 1.491340752135528 -1.183787315268692
-0.030057918391865 -0.280936628891595 0.078032320923294 -0.228115239993620 1.041134633874996 0.092485792306896 -0.436523972115188 1.392487690019539 -1.197341647751760
-0.031198494591833 -0.275730955722220 0.078494749884829 -0.230297859854196 1.048097072325094 0.086499084068137 -0.404984822646032 1.292336413103445 -1.210895980234827
-0.032349983891104 -0.270490470360595 0.078927245305169 -0.232322783967426 1.054558754390611 0.080444604166963 -0.373041745331260 1.190886921458301 -1.224450312711234
-0.033511597810941 -0.265217676588642 0.079329468326004 -0.234187992694082 1.060513188997902 0.074322352603406 -0.340694740167957 1.088139215050798 -1.238004645196522
-0.034682537774411 -0.259915110643652 0.079701080089021 -0.235891466394922 1.065953885073156 0.068132329377424 -0.307943807150157 0.984093293866506 -1.251558977675149
-0.035861995106386 -0.254585341218287 0.080041741735908 -0.237431185430673 1.070874351542489 0.061874534489048 -0.274788946284243 0.878749157928738 -1.265113310155996
-0.037049151033539 -0.249230969460574 0.080351114408353 -0.238805130162094 1.075268097332133 0.055548967938268 -0.241230157571604 0.772106807236383 -1.278667642632403
-0.038243176684350 -0.243854628973913 0.080628859248045 -0.240011280949952 1.079128631368315 0.049155629725106 -0.207267441009462 0.664166241790554 -1.292221975119912
-0.039443233089099 -0.238458985817072 0.080874637396670 -0.241047618154999 1.082449462577267 0.042694519849507 -0.172900796591158 0.554927461563492 -1.305776307596318
-0.040648471179874 -0.233046738504186 0.081088109995918 -0.241912122137955 1.085224099885085 0.036165638311525 -0.138130224330291 0.444390466595168 -1.319330640081606
-0.041858031790564 -0.227620618004760 0.081268938187475 -0.242602773259606 1.087446052218061 0.029568985111117 -0.102955724217146 0.332555256850053 -1.332884972555792
-0.043071045656862 -0.222183387743670 0.081416783113031 -0.243117551880692 1.089108828502311 0.022904560248338 -0.067377296253945 0.219421832367006 -1.346439305038860
-0.044286633416266 -0.216737843601158 0.081531305914273 -0.243454438361962 1.090205937664146 0.016172363723144 -0.031394940442908 0.104990193108279 -1.359993637521928
-0.045503905608075 -0.211286813912838 0.081612167732888 -0.243611413064176 1.090730888629687 0.009372395535534 0.004991343219851 -0.010739660911696 -1.373547970002775
-0.046721962673396 -0.205833159469689 0.081659029710566 -0.243586456348077 1.090677190325129 0.002504655685520 0.041781554732112 -0.127767729680706 -1.387102302479182
-0.047939894955137 -0.200379773518063 0.081671552988994 -0.243377548574417 1.090038351676725 -0.004430855826876 0.078975694093320 -0.246094013229836 -1.400656634962250
-0.049156782698009 -0.194929581759680 0.081649398709859 -0.242982670103950 1.088807881610576 -0.011434139001687 0.116573761302918 -0.365718511505797 -1.414210967443097
-0.050371696048529 -0.189485542351627 0.081592228014851 -0.242399801297435 1.086979289053047 -0.018505193838902 0.154575756364239 -0.486641224575202 -1.427765299921724
-0.051583695055016 -0.184050645906362 0.081499702045656 -0.241626922515614 1.084546082930171 -0.025644020338511 0.192981679271731 -0.608862152382539 -1.441319632409233
-0.052791829667594 -0.178627915491711 0.081371481943964 -0.240662014119256 1.081501772168258 -0.032850618500557 0.231791530034831 -0.732381294961115 -1.454873964881198
-0.053995139738190 -0.173220406630870 0.081207228851461 -0.239503056469081 1.077839865693453 -0.040124988324963 0.271005308642991 -0.857198652302049 -1.468428297366486
-0.055192655020535 -0.167831207302402 0.081006603909836 -0.238148029925866 1.073553872431943 -0.047467129811796 0.310623015102873 -0.983314224394238 -1.481982629845113
-0.056383395170165 -0.162463437940243 0.080769268260777 -0.236594914850352 1.068637301309971 -0.054877042961021 0.350644649408927 -1.110728011246565 -1.495536962328181
-0.057566369744417 -0.157120251433693 0.080494883045972 -0.234841691603307 1.063083661253739 -0.062354727772662 0.391070211570033 -1.239440012865689 -1.509091294809028
-0.058740578202433 -0.151804833127424 0.080183109407109 -0.232886340545457 1.056886461189410 -0.069900184246707 0.431899701575089 -1.369450229240510 -1.522645627285435
-0.059905009905160 -0.146520400821477 0.079833608485875 -0.230726842037582 1.050039210043208 -0.077513412383134 0.473133119435198 -1.500758660377688 -1.536199959770723
-0.061058644115348 -0.141270204771261 0.079446041423960 -0.228361176440406 1.042535416741319 -0.085194412181988 0.514770465139813 -1.633365306270562 -1.549754292249350
-0.062200449997550 -0.136057527687554 0.079020069363050 -0.225787324114707 1.034368590209966 -0.092943183643235 0.556811738697816 -1.767270166925794 -1.563308624727977
-0.063329386618124 -0.130885684736505 0.078555353444833 -0.223003265421218 1.025532239375337 -0.100759726766875 0.599256940104764 -1.902473242345604 -1.576862957215486
-0.064444402945230 -0.125758023539628 0.078051554810999 -0.220006980720694 1.016019873163609 -0.108644041552952 0.642106069359549 -2.038974532521109 -1.590417289689672
-0.065544437848833 -0.120677924173810 0.077508334603234 -0.216796450373896 1.005825000501004 -0.116596128001401 0.685359126465501 -2.176774037454532 -1.603971622172740
-0.066628420100703 -0.115648799171305 0.076925353963227 -0.213369654741569 0.994941130313731 -0.124615986112264 0.729016111421510 -2.315871757152532 -1.617525954649146
-0.067695268374411 -0.110674093519736 0.076302274032666 -0.209724574184461 0.983361771527969 -0.132703615885510 0.773077024224800 -2.456267691610670 -1.631080287136655
-0.068743891245333 -0.105757284662096 0.075638755953238 -0.205859189063337 0.971080433069915 -0.140859017321193 0.817541864880922 -2.597961840822283 -1.644634619615282
-0.069773187190650 -0.100901882496747 0.074934460866633 -0.201771479738933 0.958090623865804 -0.149082190419270 0.862410633384325 -2.740954204800694 -1.658188952093909
-0.070782044589344 -0.096111429377418 0.074189049914536 -0.197459426572011 0.944385852841800 -0.157373135179739 0.907683329737785 -2.885244783534802 -1.671743284576976
-0.071769341722204 -0.091389500113209 0.073402184238637 -0.192921009923322 0.929959628924126 -0.165731851602624 0.953359953941302 -3.030833577035708 -1.685297617055603
-0.072733946771821 -0.086739701968588 0.072573524980624 -0.188154210153615 0.914805461038948 -0.174158339687902 0.999440505994875 -3.177720585285648 -1.698851949534230
-0.073674717822589 -0.082165674663393 0.071702733282185 -0.183157007623641 0.898916858112520 -0.182652599435573 1.045924985896840 -3.325905808309049 -1.712406282021739
-0.074590502860707 -0.077671090372831 0.070789470285007 -0.177927382694157 0.882287329070974 -0.191214630845682 1.092813393649972 -3.475389246081484 -1.725960614495925
-0.075480139774178 -0.073259653727476 0.069833397130779 -0.172463315725907 0.864910382840567 -0.199844433918162 1.140105729249830 -3.626170898611836 -1.739514946978993
-0.076342456352808 -0.068935101813273 0.068834174961188 -0.166762787079658 0.846779528347508 -0.208542008653056 1.187801992703630 -3.778250765922309 -1.753069279459840
-0.077176270288206 -0.064701204171535 0.067791464917922 -0.160823777116140 0.827888274517896 -0.217307355050356 1.235902184004156 -3.931628847966273 -1.766623611940688
-0.077980389173787 -0.060561762798946 0.066704928142671 -0.154644266196119 0.808230130278065 -0.226140473110059 1.284406303154739 -4.086305144790359 -1.780177944421535
-0.078753610504767 -0.056520612147556 0.065574225777120 -0.148222234680345 0.787798604554113 -0.235041362832167 1.333314350154824 -4.242279656361259 -1.793732276900162
-0.079494721678169 -0.052581619124785 0.064399018962960 -0.141555662929571 0.766587206272307 -0.244010024216668 1.382626325005520 -4.399552382703398 -1.807286609383230
-0.080202499992817 -0.048748683093424 0.063178968841876 -0.134642531304544 0.744589444358790 -0.253046457263584 1.432342227704053 -4.558123323794572 -1.820840941864077
-0.080875712649340 -0.045025735871630 0.061913736555558 -0.127480820166023 0.721798827739817 -0.262150661972904 1.482462058253753 -4.717992479652544 -1.834395274344924
-0.081513116750170 -0.041416741732931 0.060602983245694 -0.120068509874754 0.698208865341554 -0.271322638344629 1.532985816654620 -4.879159850272874 -1.847949606819110
-0.082113459299543 -0.037925697406223 0.059246370053971 -0.112403580791481 0.673813066090190 -0.280562386378724 1.583913502900547 -5.041625435646679 -1.861503939306619
-0.082675477203501 -0.034556632075772 0.057843558122077 -0.104484013276979 0.648604938911956 -0.289869906075257 1.635245116999307 -5.205389235782842 -1.875058271789687
-0.083197897269886 -0.031313607381212 0.056394208591701 -0.096307787691982 0.622577992733042 -0.299245197434206 1.686980658948678 -5.370451250681363 -1.888612604261652
-0.083679436208346 -0.028200717417547 0.054897982604530 -0.087872884397239 0.595725736479635 -0.308688260455514 1.739120128744220 -5.536811480335579 -1.902166936749161
-0.084118800630332 -0.025222088735149 0.053354541302252 -0.079177283753518 0.568041679077957 -0.318199095139260 1.791663526392040 -5.704469924756594 -1.915721269227788
-0.084514687049099 -0.022381880339759 0.051763545826556 -0.070218966121557 0.539519329454174 -0.327777701485399 1.844610851889361 -5.873426583928865 -1.929275601708635
-0.084865781879707 -0.019684283692488 0.050124657319129 -0.060995911862111 0.510152196534530 -0.337424079493942 1.897962105235074 -6.043681457865713 -1.942829934189483
-0.085170761439018 -0.017133522709815 0.048437536921659 -0.051506101335935 0.479933789245202 -0.347138229164889 1.951717286429733 -6.215234546571580 -1.956384266668110
-0.085428291945697 -0.014733853763589 0.046701845775835 -0.041747514903787 0.448857616512344 -0.356920150498230 2.005876395478334 -6.388085850017600 -1.969938599148957
-0.085637029520216 -0.012489565681028 0.044917245023344 -0.031718132926395 0.416917187262256 -0.366769843493975 2.060439432370331 -6.562235368237079 -1.983492931634245
-0.085795620184848 -0.010404979744716 0.043083395805874 -0.021415935764543 0.384106010421070 -0.376687308152146 2.115406397117936 -6.737683101221137 -1.997047264108431
-0.085902699863671 -0.008484449692611 0.041199959265113 -0.010838903778954 0.350417594914965 -0.386672544472688 2.170777289710601 -6.914429048947568 -2.010601596598161
-0.085956894382566 -0.006732361718036 0.039266596542749 0.000014982669599 0.315845449670227 -0.396725552455679 2.226552110154434 -7.092473211451900 -2.024155929065685
-0.085956819469218 -0.005153134469685 0.037282968780471 0.011147743220372 0.280383083612967 -0.406846332101007 2.282730858449988 -7.271815588707486 -2.037710261557635
-0.085901080753116 -0.003751219051620 0.035248737119966 0.022561397512622 0.244024005669430 -0.417034883408796 2.339313534592824 -7.452456180725431 -2.051264594036262
-0.085788273765553 -0.002531099023273 0.033163562702922 0.034257965185586 0.206761724765803 -0.427291206378977 2.396300138584051 -7.634394987503512 -2.064818926508227
-0.085616983939625 -0.001497290399444 0.031027106671027 0.046239465878506 0.168589749828285 -0.437615301011518 2.453690670428665 -7.817632009035069 -2.078373259002397
-0.085385786610232 -0.000654341650303 0.028839030165970 0.058507919230649 0.129501589783110 -0.448007167306530 2.511485130120006 -8.002167245340086 -2.091927591474363
-0.085093247014079 -0.000006833701387 0.026598994329437 0.071065344881249 0.089490753556409 -0.458466805263902 2.569683517661403 -8.188000696389697 -2.105481923957431
-0.084737920289673 0.000440620066395 0.024306660303117 0.083913762469556 0.048550750074461 -0.468994214883689 2.628285833055077 -8.375132362212767 -2.119036256438278
-0.084318351477325 0.000683373816767 0.021961689228699 0.097055191634832 0.006675088263397 -0.479589396165880 2.687292076292702 -8.563562242787093 -2.132590588914685
-0.083833075519151 0.000716749258084 0.019563742247870 0.110491652016295 -0.036142722950538 -0.490252349110454 2.746702247387045 -8.753290338128217 -2.146144921402193
-0.083280617259070 0.000536035643332 0.017112480502317 0.124225163253230 -0.079909174641180 -0.500983073717465 2.806516346324783 -8.944316648222816 -2.159699253878600
-0.082659491442803 0.000136489770126 0.014607565133730 0.138257744984854 -0.124630757882294 -0.511781569986858 2.866734373116464 -9.136641173081994 -2.173253586361668
-0.081968202717879 -0.000486664019286 0.012048657283796 0.152591416850437 -0.170313963747704 -0.522647837918666 2.927356327754871 -9.330263912696868 -2.186807918840294
-0.081205245633627 -0.001338233838024 0.009435418094202 0.167228198489211 -0.216965283311188 -0.533581877512868 2.988382210245555 -9.525184867074099 -2.200362251318921
-0.080369104641181 -0.002423060254580 0.006767508706638 0.182170109540439 -0.264591207646558 -0.544583688769462 3.049812020582410 -9.721404036218129 -2.213916583808651
-0.079458254093479 -0.003746016292813 0.004044590262791 0.197419169643351 -0.313198227827649 -0.555653271688505 3.049812020582410 -9.721404036218129 -2.213916583808651
-0.078471158245262 -0.005312007431951 0.001266323904348 -0.197419169643351 0.313198227827649 0.555653271688505 2.988382210245555 -9.525184867074099 -2.200362251318921
-0.079458254093479 -0.003746016292813 0.004044590262791 -0.182170109540439 0.264591207646558 0.544583688769462 2.927356327754871 -9.330263912696868 -2.186807918840294
-0.080369104641181 -0.002423060254580 0.006767508706638 -0.167228198489211 0.216965283311188 0.533581877512868 2.866734373116464 -9.136641173081994 -2.173253586361668
-0.081205245633627 -0.001338233838024 0.009435418094202 -0.152591416850437 0.170313963747704 0.522647837918666 2.806516346324783 -8.944316648222816 -2.159699253878600
-0.081968202717879 -0.000486664019286 0.012048657283796 -0.138257744984854 0.124630757882294 0.511781569986858 2.746702247387045 -8.753290338128217 -2.146144921402193
-0.082659491442803 0.000136489770126 0.014607565133730 -0.124225163253230 0.079909174641180 0.500983073717465 2.687292076292702 -8.563562242787093 -2.132590588914685
-0.083280617259070 0.000536035643332 0.017112480502317 -0.110491652016295 0.036142722950538 0.490252349110454 2.628285833055077 -8.375132362212767 -2.119036256438278
-0.083833075519151 0.000716749258084 0.019563742247870 -0.097055191634832 -0.006675088263397 0.479589396165880 2.569683517661403 -8.188000696389697 -2.105481923957431
-0.084318351477325 0.000683373816767 0.021961689228699 -0.083913762469556 -0.048550750074461 0.468994214883689 2.511485130120006 -8.002167245340086 -2.091927591474363
-0.084737920289673 0.000440620066395 0.024306660303117 -0.071065344881249 -0.089490753556409 0.458466805263902 2.453690670428665 -7.817632009035069 -2.078373259002397
-0.085093247014079 -0.000006833701387 0.026598994329437 -0.058507919230649 -0.129501589783110 0.448007167306530 2.396300138584051 -7.634394987503512 -2.064818926508227
-0.085385786610232 -0.000654341650303 0.028839030165970 -0.046239465878506 -0.168589749828285 0.437615301011518 2.339313534592824 -7.452456180725431 -2.051264594036262
-0.085616983939625 -0.001497290399444 0.031027106671027 -0.034257965185586 -0.206761724765803 0.427291206378977 2.282730858449988 -7.271815588707486 -2.037710261557635
-0.085788273765553 -0.002531099023273 0.033163562702922 -0.022561397512622 -0.244024005669430 0.417034883408796 2.226552110154434 -7.092473211451900 -2.024155929065685
-0.085901080753116 -0.003751219051620 0.035248737119966 -0.011147743220372 -0.280383083612967 0.406846332101007 2.170777289710601 -6.914429048947568 -2.010601596598161
-0.085956819469218 -0.005153134469685 0.037282968780471 -0.000014982669599 -0.315845449670227 0.396725552455679 2.115406397117936 -6.737683101221137 -1.997047264108431
-0.085956894382566 -0.006732361718036 0.039266596542749 0.010838903778954 -0.350417594914965 0.386672544472688 2.060439432370331 -6.562235368237079 -1.983492931634245
-0.085902699863671 -0.008484449692611 0.041199959265113 0.021415935764543 -0.384106010421070 0.376687308152146 2.005876395478334 -6.388085850017600 -1.969938599148957
-0.085795620184848 -0.010404979744716 0.043083395805874 0.031718132926395 -0.416917187262256 0.366769843493975 1.951717286429733 -6.215234546571580 -1.956384266668110
-0.085637029520216 -0.012489565681028 0.044917245023344 0.041747514903787 -0.448857616512344 0.356920150498230 1.897962105235074 -6.043681457865713 -1.942829934189483
-0.085428291945697 -0.014733853763589 0.046701845775835 0.051506101335935 -0.479933789245202 0.347138229164889 1.844610851889361 -5.873426583928865 -1.929275601708635
-0.085170761439018 -0.017133522709815 0.048437536921659 0.060995911862111 -0.510152196534530 0.337424079493942 1.791663526392040 -5.704469924756594 -1.915721269227788
-0.084865781879707 -0.019684283692488 0.050124657319129 0.070218966121557 -0.539519329454174 0.327777701485399 1.739120128744220 -5.536811480335579 -1.902166936749161
-0.084514687049099 -0.022381880339759 0.051763545826556 0.079177283753518 -0.568041679077957 0.318199095139260 1.686980658948678 -5.370451250681363 -1.888612604261652
-0.084118800630332 -0.025222088735149 0.053354541302252 0.087872884397239 -0.595725736479635 0.308688260455514 1.635245116999307 -5.205389235782842 -1.875058271789687
-0.083679436208346 -0.028200717417547 0.054897982604530 0.096307787691982 -0.622577992733042 0.299245197434206 1.583913502900547 -5.041625435646679 -1.861503939306619
-0.083197897269886 -0.031313607381212 0.056394208591701 0.104484013276979 -0.648604938911956 0.289869906075257 1.532985816654620 -4.879159850272874 -1.847949606819110
-0.082675477203501 -0.034556632075772 0.057843558122077 0.112403580791481 -0.673813066090190 0.280562386378724 1.482462058253753 -4.717992479652544 -1.834395274344924
-0.082113459299543 -0.037925697406223 0.059246370053971 0.120068509874754 -0.698208865341554 0.271322638344629 1.432342227704053 -4.558123323794572 -1.820840941864077
-0.081513116750170 -0.041416741732931 0.060602983245694 0.127480820166023 -0.721798827739817 0.262150661972904 1.382626325005520 -4.399552382703398 -1.807286609383230
-0.080875712649340 -0.045025735871630 0.061913736555558 0.134642531304544 -0.744589444358790 0.253046457263584 1.333314350154824 -4.242279656361259 -1.793732276900162
-0.080202499992817 -0.048748683093424 0.063178968841876 0.141555662929571 -0.766587206272307 0.244010024216668 1.284406303154739 -4.086305144790359 -1.780177944421535
-0.079494721678169 -0.052581619124785 0.064399018962960 0.148222234680345 -0.787798604554113 0.235041362832167 1.235902184004156 -3.931628847966273 -1.766623611940688
-0.078753610504767 -0.056520612147556 0.065574225777120 0.154644266196119 -0.808230130278065 0.226140473110059 1.187801992703630 -3.778250765922309 -1.753069279459840
-0.077980389173787 -0.060561762798946 0.066704928142671 0.160823777116140 -0.827888274517896 0.217307355050356 1.140105729249830 -3.626170898611836 -1.739514946978993
-0.077176270288206 -0.064701204171535 0.067791464917922 0.166762787079658 -0.846779528347508 0.208542008653056 1.092813393649972 -3.475389246081484 -1.725960614495925
-0.076342456352808 -0.068935101813273 0.068834174961188 0.172463315725907 -0.864910382840567 0.199844433918162 1.045924985896840 -3.325905808309049 -1.712406282021739
-0.075480139774178 -0.073259653727476 0.069833397130779 0.177927382694157 -0.882287329070974 0.191214630845682 0.999440505994875 -3.177720585285648 -1.698851949534230
-0.074590502860707 -0.077671090372831 0.070789470285007 0.183157007623641 -0.898916858112520 0.182652599435573 0.953359953941302 -3.030833577035708 -1.685297617055603
-0.073674717822589 -0.082165674663393 0.071702733282185 0.188154210153615 -0.914805461038948 0.174158339687902 0.907683329737785 -2.885244783534802 -1.671743284576976
-0.072733946771821 -0.086739701968588 0.072573524980624 0.192921009923322 -0.929959628924126 0.165731851602624 0.862410633384325 -2.740954204800694 -1.658188952093909
-0.071769341722204 -0.091389500113209 0.073402184238637 0.197459426572011 -0.944385852841800 0.157373135179739 0.817541864880922 -2.597961840822283 -1.644634619615282
-0.070782044589344 -0.096111429377418 0.074189049914536 0.201771479738933 -0.958090623865804 0.149082190419270 0.773077024224800 -2.456267691610670 -1.631080287136655
-0.069773187190650 -0.100901882496747 0.074934460866633 0.205859189063337 -0.971080433069915 0.140859017321193 0.729016111421510 -2.315871757152532 -1.617525954649146
-0.068743891245333 -0.105757284662096 0.075638755953238 0.209724574184461 -0.983361771527969 0.132703615885510 0.685359126465501 -2.176774037454532 -1.603971622172740
-0.067695268374411 -0.110674093519736 0.076302274032666 0.213369654741569 -0.994941130313731 0.124615986112264 0.642106069359549 -2.038974532521109 -1.590417289689672
-0.066628420100703 -0.115648799171305 0.076925353963227 0.216796450373896 -1.005825000501004 0.116596128001401 0.599256940104764 -1.902473242345604 -1.576862957215486
-0.065544437848833 -0.120677924173810 0.077508334603234 0.220006980720694 -1.016019873163609 0.108644041552952 0.556811738697816 -1.767270166925794 -1.563308624727977
-0.064444402945230 -0.125758023539628 0.078051554810999 0.223003265421218 -1.025532239375337 0.100759726766875 0.514770465139813 -1.633365306270562 -1.549754292249350
-0.063329386618124 -0.130885684736505 0.078555353444833 0.225787324114707 -1.034368590209966 0.092943183643235 0.473133119435198 -1.500758660377688 -1.536199959770723
-0.062200449997550 -0.136057527687554 0.079020069363050 0.228361176440406 -1.042535416741319 0.085194412181988 0.431899701575089 -1.369450229240510 -1.522645627285435
-0.061058644115348 -0.141270204771261 0.079446041423960 0.230726842037582 -1.050039210043208 0.077513412383134 0.391070211570033 -1.239440012865689 -1.509091294809028
-0.059905009905160 -0.146520400821477 0.079833608485875 0.232886340545457 -1.056886461189410 0.069900184246707 0.350644649408927 -1.110728011246565 -1.495536962328181
-0.058740578202433 -0.151804833127424 0.080183109407109 0.234841691603307 -1.063083661253739 0.062354727772662 0.310623015102873 -0.983314224394238 -1.481982629845113
-0.057566369744417 -0.157120251433693 0.080494883045972 0.236594914850352 -1.068637301309971 0.054877042961021 0.271005308642991 -0.857198652302049 -1.468428297366486
-0.056383395170165 -0.162463437940243 0.080769268260777 0.238148029925866 -1.073553872431943 0.047467129811796 0.231791530034831 -0.732381294961115 -1.454873964881198
-0.055192655020535 -0.167831207302402 0.081006603909836 0.239503056469081 -1.077839865693453 0.040124988324963 0.192981679271731 -0.608862152382539 -1.441319632409233
-0.053995139738190 -0.173220406630870 0.081207228851461 0.240662014119256 -1.081501772168258 0.032850618500557 0.154575756364239 -0.486641224575202 -1.427765299921724
-0.052791829667594 -0.178627915491711 0.081371481943964 0.241626922515614 -1.084546082930171 0.025644020338511 0.116573761302918 -0.365718511505797 -1.414210967443097
-0.051583695055016 -0.184050645906362 0.081499702045656 0.242399801297435 -1.086979289053047 0.018505193838902 0.078975694093320 -0.246094013229836 -1.400656634962250
-0.050371696048529 -0.189485542351627 0.081592228014851 0.242982670103950 -1.088807881610576 0.011434139001687 0.041781554732112 -0.127767729680706 -1.387102302479182
-0.049156782698009 -0.194929581759680 0.081649398709859 0.243377548574417 -1.090038351676725 0.004430855826876 0.004991343219851 -0.010739660911696 -1.373547970002775
-0.047939894955137 -0.200379773518063 0.081671552988994 0.243586456348077 -1.090677190325129 -0.002504655685520 -0.031394940442908 0.104990193108279 -1.359993637521928
-0.046721962673396 -0.205833159469689 0.081659029710566 0.243611413064176 -1.090730888629687 -0.009372395535534 -0.067377296253945 0.219421832367006 -1.346439305038860
-0.045503905608075 -0.211286813912838 0.081612167732888 0.243454438361962 -1.090205937664146 -0.016172363723144 -0.102955724217146 0.332555256850053 -1.332884972555792
-0.044286633416266 -0.216737843601158 0.081531305914273 0.243117551880692 -1.089108828502311 -0.022904560248338 -0.138130224330291 0.444390466595168 -1.319330640081606
-0.043071045656862 -0.222183387743670 0.081416783113031 0.242602773259606 -1.087446052218061 -0.029568985111117 -0.172900796591158 0.554927461563492 -1.305776307596318
-0.041858031790564 -0.227620618004760 0.081268938187475 0.241912122137955 -1.085224099885085 -0.036165638311525 -0.207267441009462 0.664166241790554 -1.292221975119912
-0.040648471179874 -0.233046738504186 0.081088109995918 0.241047618154999 -1.082449462577267 -0.042694519849507 -0.241230157571604 0.772106807236383 -1.278667642632403
-0.039443233089099 -0.238458985817072 0.080874637396670 0.240011280949952 -1.079128631368315 -0.049155629725106 -0.274788946284243 0.878749157928738 -1.265113310155996
-0.038243176684350 -0.243854628973913 0.080628859248045 0.238805130162094 -1.075268097332133 -0.055548967938268 -0.307943807150157 0.984093293866506 -1.251558977675149
-0.037049151033539 -0.249230969460574 0.080351114408353 0.237431185430673 -1.070874351542489 -0.061874534489048 -0.340694740167957 1.088139215050798 -1.238004645196522
-0.035861995106386 -0.254585341218287 0.080041741735908 0.235891466394922 -1.065953885073156 -0.068132329377424 -0.373041745331260 1.190886921458301 -1.224450312711234
-0.034682537774411 -0.259915110643652 0.079701080089021 0.234187992694082 -1.060513188997902 -0.074322352603406 -0.404984822646032 1.292336413103445 -1.210895980234827
-0.033511597810941 -0.265217676588642 0.079329468326004 0.232322783967426 -1.054558754390611 -0.080444604166963 -0.436523972115188 1.392487690019539 -1.197341647751760
-0.032349983891104 -0.270490470360595 0.078927245305169 0.230297859854196 -1.048097072325094 -0.086499084068137 -0.467659193728875 1.491340752135528 -1.183787315268692
-0.031198494591833 -0.275730955722220 0.078494749884829 0.228115239993620 -1.041134633874996 -0.092485792306896 -0.498390487499861 1.588895599520246 -1.170232982794506
-0.030057918391865 -0.280936628891595 0.078032320923294 0.225776944024975 -1.033677930114318 -0.098404728883239 -0.528717853413435 1.685152232131504 -1.156678650309217
-0.028929033671740 -0.286105018542167 0.077540297278878 0.223284991587476 -1.025733452116717 -0.104255893797212 -0.558641291483891 1.780110649991506 -1.143124317830591
-0.027812608713802 -0.291233685802751 0.077019017809892 0.220641402320409 -1.017307690956060 -0.110039287048758 -0.588160801702625 1.873770853080270 -1.129569985345302
-0.026709401702200 -0.296320224257531 0.076468821374648 0.217848195862989 -1.008407137706102 -0.115754908637911 -0.617276384067278 1.966132841413337 -1.116015652871116
-0.025620160722885 -0.301362259946061 0.075890046831458 0.214907391854476 -0.999038283440701 -0.121402758564637 -0.645988038589923 2.057196614997370 -1.102461320388048
-0.024545623763613 -0.306357451363265 0.075283033038635 0.211821009934140 -0.989207619233634 -0.126982836828993 -0.674295765259736 2.146962173807943 -1.088906987904981
-0.023486518713942 -0.311303489459433 0.074648118854490 0.208591069741190 -0.978921636158647 -0.132495143430933 -0.702199564076578 2.235429517856158 -1.075352655428574
-0.022443563365236 -0.316198097640226 0.073985643137336 0.205219590914892 -0.968186825289608 -0.137939678370458 -0.729699435046138 2.322598647153118 -1.061798322943286
-0.021417465410662 -0.321039031766674 0.073295944745483 0.201708593094509 -0.957009677700327 -0.143316441647601 -0.756795378172581 2.408469561703264 -1.048243990464659
-0.020408922445189 -0.325824080155176 0.072579362537245 0.198060095919278 -0.945396684464561 -0.148625433262317 -0.783487393435367 2.493042261448863 -1.034689657986032
-0.019418621965593 -0.330551063577499 0.071836235370934 0.194276119028415 -0.933354336656045 -0.153866653214640 -0.809775480863362 2.576316746489837 -1.021135325502964
-0.018447241370451 -0.335217835260779 0.071066902104861 0.190358682061238 -0.920889125348801 -0.159040101504571 -0.835659640430475 2.658293016730706 -1.007580993022117
-0.017495447960145 -0.339822280887523 0.070271701597338 0.186309804656921 -0.908007541616351 -0.164145778132085 -0.861139872151490 2.738971072222540 -0.994026660543490
-0.016563898936860 -0.344362318595605 0.069450972706677 0.182131506454769 -0.894716076532698 -0.169183683097196 -0.886216176029447 2.818350912969780 -0.980472328060422
-0.015653241404586 -0.348835898978268 0.068605054291191 0.177825807094012 -0.881021221171585 -0.174153816399913 -0.910888552049588 2.896432538936899 -0.966917995581795
-0.014764112369116 -0.353241005084126 0.067734285209192 0.173394726213864 -0.866929466606736 -0.179056178040216 -0.935157000220427 2.973215950148322 -0.953363663098727
-0.013897138738047 -0.357575652417160 0.066839004318991 0.168840283453616 -0.852447303912052 -0.183890768018125 -0.959021520546693 3.048701146610711 -0.939809330620101
-0.013052937320779 -0.361837888936720 0.065919550478900 0.164164498452514 -0.837581224161310 -0.188657586333618 -0.982482113017213 3.122888128292978 -0.926254998141474
-0.012232114828516 -0.366025795057527 0.064976262547232 0.159369390849781 -0.822337718428257 -0.193356632986719 -1.005538777643089 3.195776895230651 -0.912700665656185
-0.011435267874267 -0.370137483649668 0.064009479382298 0.154456980284695 -0.806723277786792 -0.197987907977426 -1.028191514419602 3.267367447417069 -0.899146333177558
-0.010662982972844 -0.374171100038602 0.063019539842411 0.149429286396479 -0.790744393310638 -0.202551411305707 -1.050440323340091 3.337659784810043 -0.885592000696711
-0.009915836540861 -0.378124822005155 0.062006782785883 0.144288328824381 -0.774407556073553 -0.207047142971595 -1.072285204421830 3.406653907493951 -0.872037668215864
-0.009194394896739 -0.381996859785523 0.060971547071025 0.139036127207681 -0.757719257149503 -0.211475102975078 -1.093726157641722 3.474349815357769 -0.858483335735016
-0.008499214260701 -0.385785456071270 0.059914171556149 0.133674701185572 -0.740685987612033 -0.215835291316158 -1.114763183019118 3.540747508505859 -0.844929003256389
-0.007830840754773 -0.389488886009331 0.058834995099569 0.128206070397363 -0.723314238535244 -0.220127707994833 -1.135396280545903 3.605846986873829 -0.831374670773322
-0.007189810402786 -0.393105457202007 0.057734356559594 0.122632254482267 -0.705610500992715 -0.224352353011115 -1.155625450225753 3.669648250503865 -0.817820338294695
-0.006576649130375 -0.396633509706970 0.056612594794539 0.116955273079538 -0.687581266058346 -0.228509226364981 -1.175450692044513 3.732151299331576 -0.804266005811627
-0.005991872764977 -0.400071416037262 0.055470048662714 0.111177145828409 -0.669233024805826 -0.232598328056455 -1.194872006032438 3.793356133452441 -0.790711673333000
-0.005435987035835 -0.403417581161291 0.054307057022432 0.105299892368187 -0.650572268309169 -0.236619658085513 -1.213889392152023 3.853262752762099 -0.777157340852153
-0.004909487573994 -0.406670442502837 0.053123958732004 0.099325532338024 -0.631605487641906 -0.240573216452178 -1.232502850434941 3.911871157353808 -0.763603008371305
-0.004412859912304 -0.409828469941047 0.051921092649743 0.093256085377264 -0.612339173878096 -0.244459003156439 -1.250712380864508 3.969181347165396 -0.750048675886017
-0.003946579485418 -0.412890165810437 0.050698797633961 0.087093571125090 -0.592779818091327 -0.248277018198295 -1.268517983438883 4.025193322210185 -0.736494343411831
-0.003511111629792 -0.415854064900894 0.049457412542969 0.080840009220767 -0.572933911355500 -0.252027261577725 -1.285919658171111 4.079907082510381 -0.722940010930984
-0.003106911583689 -0.418718734457671 0.048197276235081 0.074497419303573 -0.552807944744449 -0.255709733294784 -1.302917405045649 4.133322628028235 -0.709385678445695
-0.002734424487171 -0.421482774181393 0.046918727568607 0.068067821012717 -0.532408409331897 -0.259324433349439 -1.319511224084809 4.185439958832582 -0.695831345967068
-0.002394085382107 -0.424144816228053 0.045622105401860 0.061553233987489 -0.511741796191756 -0.262871361741668 -1.335701115261247 4.236259074825721 -0.682277013488441
-0.002086319212170 -0.426703525209012 0.044307748593151 0.054955677867065 -0.490814596397593 -0.266350518471503 -1.351487078588287 4.285779976072046 -0.668722681007594
-0.001811540822834 -0.429157598191000 0.042975996000794 0.048277172290759 -0.469633301023464 -0.269761903538945 -1.366869114077622 4.334002662595982 -0.655168348522306
-0.001570154961381 -0.431505764696117 0.041627186483099 0.041519736897817 -0.448204401143104 -0.273105516943983 -1.381847221703439 4.380927134304269 -0.641614016048120
-0.001362556276892 -0.433746786701832 0.040261658898379 0.034685391327429 -0.426534387830124 -0.276381358686595 -1.396421401486381 4.426553391281285 -0.628059683562832
-0.001189129320254 -0.435879458640983 0.038879752104946 0.027776155218912 -0.404629752158603 -0.279589428766835 -1.410591653413368 4.470881433482621 -0.614505351081984
-0.001050248544160 -0.437902607401776 0.037481804961112 0.020794048211480 -0.382496985202196 -0.282729727184650 -1.424357977505147 4.513911260961567 -0.600951018603357
-0.000946278303102 -0.439815092327787 0.036068156325189 0.013741089944413 -0.360142578034783 -0.285802253940060 -1.437720373736254 4.555642873649290 -0.587396686122510
-0.000877572853380 -0.441615805217961 0.034639145055489 0.006619300056887 -0.337573021729975 -0.288807009033076 -1.450678842116262 4.596076271567995 -0.573842353643883
-0.000844476353096 -0.443303670326611 0.033195110010323 -0.000569301811794 -0.314794807361729 -0.291743992463689 -1.463233382652390 4.635211454755428 -0.560288021158595
-0.000847322862155 -0.444877644363420 0.031736390048005 -0.007822696022375 -0.291814426003889 -0.294613204231908 -1.475383995333292 4.673048423151638 -0.546733688677747
-0.000886436342267 -0.446336716493439 0.030263324026845 -0.015138862935637 -0.268638368730112 -0.297414644337701 -1.487130680173226 4.709587176829899 -0.533179356201341
-0.000962130656945 -0.447679908337090 0.028776250805157 -0.022515782912304 -0.245273126614354 -0.300148312781090 -1.498473437155853 4.744827715708055 -0.519625023722714
-0.001074709571506 -0.448906273970161 0.027275509241251 -0.029951436313170 -0.221725190730204 -0.302814209562097 -1.509412266288076 4.778770039832736 -0.506070691235205
-0.001224466753072 -0.450014899923812 0.025761438193441 -0.037443803498949 -0.198001052151664 -0.305412334680710 -1.519947167578119 4.811414149223925 -0.492516358756578
-0.001411685770567 -0.451004905184571 0.024234376520037 -0.044990864830389 -0.174107201952500 -0.307942688136886 -1.530078141007106 4.842760043808347 -0.478962026277951
-0.001636640094719 -0.451875441194333 0.022694663079353 -0.052590600668280 -0.150050131206381 -0.310405269930669 -1.539805186609074 4.872807723714789 -0.465407693794884
-0.001899593098060 -0.452625691850365 0.021142636729699 -0.060240991373316 -0.125836330987339 -0.312800080062059 -1.549128304330244 4.901557188758954 -0.451853361316257
-0.002200798054927 -0.453254873505302 0.019578636329389 -0.067940017306361 -0.101472292368765 -0.315127118531033 -1.558047494219089 4.929008439096272 -0.438299028835409
-0.002540498141459 -0.453762234967146 0.018003000736734 -0.075685658828012 -0.076964506424970 -0.317386385337615 -1.566562756264295 4.955161474691216 -0.424744696352342
-0.002918926435599 -0.454147057499270 0.016416068810046 -0.083475896299108 -0.052319464229489 -0.319577880481792 -1.574674090451084 4.980016295506040 -0.411190363873715
-0.003336305917094 -0.454408654820418 0.014818179407637 -0.091308710080429 -0.027543656856033 -0.321701603963553 -1.582381496780769 5.003572901525200 -0.397636031395088
-0.003792849467497 -0.454546373104698 0.013209671387819 -0.099182080532684 -0.002643575378503 -0.323757555782922 -1.589684975277403 5.025831292846394 -0.384081698912020
-0.004288759870160 -0.454559590981591 0.011590883608905 -0.107093988016588 0.022374289129123 -0.325745735939897 -1.596584525906974 5.046791469347500 -0.370527366428952
-0.004824229810243 -0.454447719535945 0.009962154929205 -0.115042412892975 0.047503445593355 -0.327666144434458 -1.603080148716401 5.066453431190610 -0.356973033952546
-0.005399441874708 -0.454210202307978 0.008323824207033 -0.123025335522510 0.072737402940093 -0.329518781266602 -1.609171843632884 5.084817178115930 -0.343418701471698
-0.006014568552320 -0.453846515293278 0.006676230300700 -0.131040736266092 0.098069670096046 -0.331303646436365 -1.614859610736263 5.101882710425443 -0.329864368986410
