-0.017458719516526 -0.453878904950381 0.000000000000000 0.132770633035647 -0.127533127675461 0.309834095698536 -1.044467900883500 3.416300568528374 -0.284144495226180
-0.016794866351348 -0.454516570588758 0.001549170478493 0.127548293531229 -0.110451624832819 0.308413373222405 -1.047988247878801 3.427815104712906 -0.293112221556591
-0.016157124883692 -0.455068828712922 0.003091237344605 0.122308352291835 -0.093312549309255 0.306947812114622 -1.051172111175072 3.438229052317165 -0.302079947882561
-0.015545583122232 -0.455535391459469 0.004625976405178 0.117052491735960 -0.076121404047669 0.305437412375209 -1.054019490731167 3.447542411190163 -0.311047674208531
-0.014960320663553 -0.455915998479707 0.006153163467054 0.111782394282304 -0.058883691991718 0.303882174004166 -1.056530386551249 3.455755181358544 -0.320015400538942
-0.014401408692141 -0.456210416939666 0.007672574337075 0.106499742349548 -0.041604916084925 0.302282097001472 -1.058704798662935 3.462867362906685 -0.328983126869353
-0.013868909980393 -0.456418441520090 0.009183984822082 0.101206218356233 -0.024290579270392 0.300637181367125 -1.060542727056857 3.468878955810162 -0.337950853195323
-0.013362878888612 -0.456539894416442 0.010687170728918 0.095903504720949 -0.006946184491341 0.298947427101148 -1.062044171705675 3.473789959971274 -0.346918579521294
-0.012883361365007 -0.456574625338899 0.012181907864423 0.090593283862421 0.010422765308515 0.297212834203542 -1.063209132637910 3.477600375483281 -0.355886305851705
-0.012430394945695 -0.456522511512356 0.013667972035441 0.085277238199231 0.027810767185932 0.295433402674283 -1.064037609846760 3.480310202330639 -0.364854032182116
-0.012004008754699 -0.456383457676427 0.015145139048813 0.079957050149997 0.045212318197585 0.293609132513373 -1.064529603316752 3.481919440464498 -0.373821758503645
-0.011604223503949 -0.456157396085439 0.016613184711379 0.074634402133414 0.062621915399907 0.291740023720855 -1.064685113075295 3.482428089969236 -0.382789484838497
-0.011231051493282 -0.455844286508439 0.018071884829984 0.069310976568037 0.080034055849754 0.289826076296662 -1.064504139105804 3.481836150769357 -0.391757211164467
-0.010884496610442 -0.455444116229191 0.019521015211467 0.063988455872508 0.097443236603600 0.287867290240840 -1.063986681407725 3.480143622924814 -0.400724937494878
-0.010564554331079 -0.454956900046173 0.020960351662671 0.058668522465469 0.114843954718225 0.285863665553365 -1.063132739996808 3.477350506406740 -0.409692663816408
-0.010271211718752 -0.454382680272581 0.022389669990438 0.053352858765485 0.132230707250258 0.283815202234283 -1.061942314825662 3.473456801135200 -0.418660390146819
-0.010004447424925 -0.453721526736330 0.023808746001609 0.048043147191357 0.149597991255934 0.281721900283549 -1.060415405972556 3.468462507298931 -0.427628116481671
-0.009764231688968 -0.452973536780050 0.025217355503027 0.042741070161494 0.166940303792429 0.279583759701141 -1.058552013361858 3.462367624711415 -0.436595842803200
-0.009550526338160 -0.452138835261088 0.026615274301533 0.037448310094685 0.184252141915986 0.277400780487125 -1.056352137045607 3.455172153492558 -0.445563569133611
-0.009363284787687 -0.451217574551508 0.028002278203969 0.032166549409457 0.201528002683449 0.275172962641457 -1.053815776981756 3.446876093546880 -0.454531295459581
-0.009202452040640 -0.450209934538091 0.029378143017176 0.026897470524548 0.218762383151183 0.272900306164159 -1.050942933225191 3.437479445007607 -0.463499021789993
-0.009067964688017 -0.449116122622335 0.030742644547997 0.021642755858422 0.235949780376221 0.270582811055209 -1.047733605703885 3.426982207701545 -0.472466748115963
-0.008959750908725 -0.447936373720454 0.032095558603273 0.016404087829903 0.253084691414729 0.268220477314629 -1.044187794491530 3.415384381795228 -0.481434474450815
-0.008877730469575 -0.446670950263380 0.033436660989846 0.011183148857445 0.270161613323705 0.265813304942375 -1.040305499536154 3.402685967182073 -0.490402200767903
-0.008821814725288 -0.445320142196762 0.034765727514558 0.005981621359764 0.287175043159615 0.263361293938535 -1.036086720854618 3.388886963879845 -0.499369927107196
-0.008791906618489 -0.443884266980964 0.036082533984250 0.000801187755491 0.304119477979015 0.260864444302999 -1.031531458458718 3.373987371957377 -0.508337653424284
-0.008787900679712 -0.442363669591069 0.037386856205765 -0.004356469536802 0.320989414838802 0.258322756035878 -1.026639712320629 3.357987191277001 -0.517305379763577
-0.008809683027396 -0.440758722516875 0.038678469985945 -0.009489668098405 0.337779350795187 0.255736229137060 -1.021411482469564 3.340886421987488 -0.526273106080666
-0.008857131367888 -0.439069825762899 0.039957151131630 -0.014596725510753 0.354483782905124 0.253104863606657 -1.015846768889703 3.322685064002240 -0.535240832419959
-0.008930114995442 -0.437297406848373 0.041222675449663 -0.019675959355202 0.371097208225135 0.250428659444557 -1.009945571588192 3.303383117354564 -0.544208558741488
-0.009028494792218 -0.435441920807248 0.042474818746886 -0.024725687213143 0.387614123811908 0.247707616650850 -1.003707890549072 3.282980581995609 -0.553176285067458
-0.009152123228283 -0.433503850188188 0.043713356830140 -0.029744226665888 0.404029026721886 0.244941735225512 -0.997133725794894 3.261477457996431 -0.562144011402310
-0.009300844361613 -0.431483705054579 0.044938065506268 -0.034729895294863 0.420336414011868 0.242131015168501 -0.990223077309421 3.238873745299298 -0.571111737728280
-0.009474493838087 -0.429382022984519 0.046148720582110 -0.039681010681410 0.436530782738365 0.239275456479859 -0.982975945117148 3.215169443993027 -0.580079464049810
-0.009672898891494 -0.427199369070827 0.047345097864510 -0.044595890406995 0.452606629958330 0.236375059159610 -0.975392329167352 3.190364553908864 -0.589047190389103
-0.009895878343529 -0.424936335921036 0.048526973160308 -0.049472852052832 0.468558452727874 0.233429823207665 -0.967472229513322 3.164459075211123 -0.598014916710632
-0.010143242603793 -0.422593543657396 0.049694122276346 -0.054310213200399 0.484380748103930 0.230439748624112 -0.959215646126887 3.137453007826529 -0.606982643036602
-0.010414793669795 -0.420171639916877 0.050846321019467 -0.059106291431033 0.500068013143062 0.227404835408929 -0.950622579019983 3.109346351777287 -0.615950369371454
-0.010710325126950 -0.417671299851161 0.051983345196511 -0.063859404326133 0.515614744901949 0.224325083562071 -0.941693028181506 3.080139107038971 -0.624918095692983
-0.011029622148581 -0.415093226126652 0.053104970614322 -0.068567869467041 0.531015440437144 0.221200493083606 -0.932426993627000 3.049831273644887 -0.633885822027835
-0.011372461495916 -0.412438148924466 0.054210973079740 -0.073230004435176 0.546264596805368 0.218031063973467 -0.922824475328571 3.018422851535085 -0.642853548349365
-0.011738611518092 -0.409706825940439 0.055301128399607 -0.077844126811819 0.561356711063044 0.214816796231720 -0.912885473326394 2.985913840800603 -0.651821274679776
-0.012127832152151 -0.406900042385124 0.056375212380766 -0.082408554178450 0.576286280267047 0.211557689858322 -0.902609987583694 2.952304241365944 -0.660789001010187
-0.012539874923043 -0.404018610983789 0.057433000830057 -0.086921604116369 0.591047801473876 0.208253744853271 -0.891998018125520 2.917594053257755 -0.669756727336157
-0.012974482943625 -0.401063371976419 0.058474269554324 -0.091381594206997 0.605635771740165 0.204904961216590 -0.881049564926475 2.881783276464933 -0.678724453666568
-0.013431390914660 -0.398035193117718 0.059498794360407 -0.095786842031629 0.620044688122490 0.201511338948257 -0.869764628020631 2.844871911016345 -0.687692179992538
-0.013910325124818 -0.394934969677106 0.060506351055148 -0.100135665171732 0.634269047677571 0.198072878048294 -0.858143207376275 2.806859956889785 -0.696659906318509
-0.014411003450677 -0.391763624438718 0.061496715445389 -0.104426381208613 0.648303347462020 0.194589578516702 -0.846185303014016 2.767747414076371 -0.705627632653361
-0.014933135356720 -0.388522107701408 0.062469663337973 -0.108657307723684 0.662142084532402 0.191061440353435 -0.833890914923238 2.727534282616073 -0.714595358974890
-0.015476421895339 -0.385211397278746 0.063424970539740 -0.112826762298300 0.675779755945483 0.187488463558561 -0.821260043101305 2.686220562426733 -0.723563085305301
-0.016040555706830 -0.381832498499019 0.064362412857533 -0.116933062513806 0.689210858757616 0.183870648132034 -0.808292687562995 2.643806253623815 -0.732530811635712
-0.016625221019399 -0.378386444205231 0.065281766098193 -0.120974525951621 0.702429890025735 0.180207994073855 -0.794988848293182 2.600291356102957 -0.741498537961682
-0.017230093649157 -0.374874294755102 0.066182806068562 -0.124949470193087 0.715431346806250 0.176500501384047 -0.781348525301095 2.555675869928553 -0.750466264287653
-0.017854841000123 -0.371297138021071 0.067065308575482 -0.128856212819593 0.728209726155893 0.172748170062609 -0.767371718582849 2.509959795078398 -0.759433990618064
-0.018499122064221 -0.367656089390291 0.067929049425795 -0.132693071412507 0.740759525131285 0.168951000109518 -0.753058428139552 2.463143131550272 -0.768401716952916
-0.019162587421283 -0.363952291764635 0.068773804426343 -0.136458363553205 0.753075240789036 0.165108991524754 -0.738408653963574 2.415225879328631 -0.777369443270004
-0.019844879239049 -0.360186915560690 0.069599349383967 -0.140150406823022 0.765151370185679 0.161222144308404 -0.723422396074203 2.366208038471207 -0.786337169600415
-0.020545631273164 -0.356361158709761 0.070405460105509 -0.143767518803394 0.776982410378035 0.157290458460402 -0.708099654451455 2.316089608909166 -0.795304895935267
-0.021264468867181 -0.352476246657871 0.071191912397811 -0.147308017075651 0.788562858422581 0.153313933980725 -0.692440429100327 2.264870590666934 -0.804272622256796
-0.022001008952559 -0.348533432365758 0.071958482067714 -0.150770219221152 0.799887211375916 0.149292570869441 -0.676444720032338 2.212550983777817 -0.813240348587208
-0.022754860048665 -0.344533996308878 0.072704944922062 -0.154152442821314 0.810949966294805 0.145226369126505 -0.660112527238188 2.159130788210728 -0.822208074913178
-0.023525622262772 -0.340479246477404 0.073431076767694 -0.157453005457505 0.821745620235859 0.141115328751940 -0.643443850702891 2.104610003919039 -0.831175801248030
-0.024312887290059 -0.336370518376225 0.074136653411454 -0.160670224711019 0.832268670255454 0.136959449745699 -0.626438690466830 2.048988631033755 -0.840143527569559
-0.025116238413614 -0.332209175024948 0.074821450660182 -0.163802418163354 0.842513613410623 0.132758732107852 -0.609097046486151 1.992266669410547 -0.849111253899970
-0.025935250504431 -0.327996606957895 0.075485244320722 -0.166847903395784 0.852474946757675 0.128513175838352 -0.591418918785697 1.934444119129353 -0.858078980225940
-0.026769490021410 -0.323734232224106 0.076127810199913 -0.169804997989713 0.862147167353322 0.124222780937222 -0.573404307363246 1.875520980190171 -0.867046706556351
-0.027618515011359 -0.319423496387340 0.076748924104600 -0.172672019526529 0.871524772254273 0.119887547404440 -0.555053212207557 1.815497252546372 -0.876014432886763
-0.028481875108991 -0.315065872526068 0.077348361841622 -0.175447285587567 0.880602258517005 0.115507475240006 -0.536365633337227 1.754372936269011 -0.884982159208292
-0.029359111536929 -0.310662861233483 0.077925899217822 -0.178129113754253 0.889374123198350 0.111082564443965 -0.517341570728524 1.692148031264828 -0.893949885547585
-0.030249757105700 -0.306215990617492 0.078481312040042 -0.180715821607896 0.897834863354674 0.106612815016227 -0.497981024403654 1.628822537627084 -0.902917611860232
-0.031153336213740 -0.301726816300718 0.079014376115123 -0.183205726729914 0.905978976042809 0.102098226956926 -0.478283994350959 1.564396455302486 -0.911885338203966
-0.032069364847389 -0.297196921420504 0.079524867249907 -0.185597146701669 0.913800958319322 0.097538800265906 -0.458250480572242 1.498869784299917 -0.920853064521054
-0.032997350580898 -0.292627916628908 0.080012561251237 -0.187888399104530 0.921295307240821 0.092934534943301 -0.437880483066533 1.432242524623817 -0.929820790851466
-0.033936792576420 -0.288021440092704 0.080477233925953 -0.190077801519863 0.928456519863941 0.088285430989044 -0.417174001836051 1.364514676265305 -0.938788517186318
-0.034887181584020 -0.283379157493384 0.080918661080899 -0.192163671529043 0.935279093245267 0.083591488403112 -0.396131036881908 1.295686239251026 -0.947756243507847
-0.035847999941665 -0.278702762027157 0.081336618522914 -0.194144326713452 0.941757524441522 0.078852707185573 -0.374751588198829 1.225757213538792 -0.956723969833817
-0.036818721575232 -0.273993974404950 0.081730882058842 -0.196018084654447 0.947886310509216 0.074069087336404 -0.353035655793477 1.154727599175231 -0.965691696168669
-0.037798811998504 -0.269254542852404 0.082101227495524 -0.197783262933414 0.953659948505092 0.069240628855560 -0.330983239660854 1.082597396118157 -0.974659422494639
-0.038787728313172 -0.264486243109878 0.082447430639802 -0.199438179131718 0.959072935485683 0.064367331743087 -0.308594339805679 1.009366604396433 -0.983627148820609
-0.039784919208830 -0.259690878432450 0.082769267298517 -0.200981150830747 0.964119768507665 0.059449195998984 -0.285868956220459 0.935035224005620 -0.992594875151021
-0.040789824962984 -0.254870279589912 0.083066513278512 -0.202410495611849 0.968794944627693 0.054486221623229 -0.262807088907691 0.859603254901309 -1.001562601476991
-0.041801877441043 -0.250026304866773 0.083338944386628 -0.203724531056387 0.973092960902200 0.049478408615844 -0.239408737879310 0.783070697187860 -1.010530327807402
-0.042820500096325 -0.245160840062262 0.083586336429708 -0.204921574745784 0.977008314388139 0.044425756976807 -0.215673903117830 0.705437550745369 -1.019498054133372
-0.043845107970054 -0.240275798490321 0.083808465214592 -0.205999944261373 0.980535502141866 0.039328266706140 -0.191602584630746 0.626703815652663 -1.028465780463783
-0.044875107691361 -0.235373120979612 0.084005106548122 -0.206957957184527 0.983669021220129 0.034185937803821 -0.167194782420277 0.546869491871993 -1.037433506789753
-0.045909897477283 -0.230454775873511 0.084176036237141 -0.207793931096628 0.986403368679489 0.028998770269872 -0.142450496481983 0.465934579426674 -1.046401233120164
-0.046948867132767 -0.225522759030114 0.084321030088491 -0.208506183579038 0.988733041576623 0.023766764104272 -0.117369726823635 0.383899078306715 -1.055368959446135
-0.047991398050662 -0.220579093822231 0.084439863909012 -0.209093032213156 0.990652536968156 0.018489919307041 -0.091952473431356 0.300762988505454 -1.064336685776546
-0.049036863211728 -0.215625831137390 0.084532313505547 -0.209552794580313 0.992156351910684 0.013168235878158 -0.066198736321799 0.216526310037324 -1.073304412102516
-0.050084627184629 -0.210665049377837 0.084598154684938 -0.209883788261922 0.993238983460870 0.007801713817646 -0.040108515481363 0.131189042882340 -1.082272138432927
-0.051134046125939 -0.205698854460532 0.084637163254026 -0.210084330839329 0.993894928675282 0.002390353125481 -0.013681810918376 0.044751187068259 -1.091239864758897
-0.052184467780135 -0.200729379817156 0.084649115019654 -0.210152739893921 0.994118684610623 -0.003065846198314 0.013081377376878 -0.042787257445998 -1.100207591089308
-0.053235231479605 -0.195758786394103 0.084633785788662 -0.210087333007036 0.993904748323393 -0.008566884153760 0.040181049383858 -0.131426290590486 -1.109175317410838
-0.054285668144640 -0.190789262652486 0.084590951367893 -0.209886427760117 0.993247616870441 -0.014112760740814 0.067617205130877 -0.221165912455135 -1.118143043750131
-0.055335100283441 -0.185823024568134 0.084520387564189 -0.209548341734463 0.992141787308165 -0.019703475959565 0.095389844597116 -0.312006122977770 -1.127110770071660
-0.056382841992113 -0.180862315631593 0.084421870184392 -0.209071392511477 0.990581756693276 -0.025339029809923 0.123498967787294 -0.403946922169496 -1.136078496397630
-0.057428198954670 -0.175909406848126 0.084295175035342 -0.208453897672541 0.988562022082429 -0.031019422291911 0.151944574706409 -0.496988310039193 -1.145046222732482
-0.058470468443033 -0.170966596737714 0.084140077923882 -0.207694174799009 0.986077080532233 -0.036744653405574 0.180726665347797 -0.591130286584640 -1.154013949054011
-0.059508939317028 -0.166036211335053 0.083956354656854 -0.206790541472270 0.983121429099310 -0.042514723150844 0.209845239719231 -0.686372851812500 -1.162981675384422
-0.060542892024390 -0.161120604189557 0.083743781041100 -0.205741315273673 0.979689564840247 -0.048329631527766 0.239300297811551 -0.782716005702788 -1.171949401714834
-0.061571598600758 -0.156222156365355 0.083502132883461 -0.204544813784616 0.975775984811733 -0.054189378536340 0.269091839634750 -0.880159748279929 -1.180917128036363
-0.062594322669681 -0.151343276441297 0.083231185990780 -0.203199354586442 0.971375186070333 -0.060093964176522 0.299219865174671 -0.978704079508397 -1.189884854380097
-0.063610319442613 -0.146486400510945 0.082930716169897 -0.201703255260569 0.966481665672791 -0.066043388448422 0.329684374450467 -1.078348999445922 -1.198852580688303
-0.064618835718916 -0.141653992182581 0.082600499227655 -0.200054833388316 0.961089920675562 -0.072037651351864 0.360485367446040 -1.179094508032552 -1.207820307027596
-0.065619109885858 -0.136848542579203 0.082240310970896 -0.198252406551086 0.955194448135399 -0.078076752887002 0.391622844166384 -1.280940605306036 -1.216788033353566
-0.066610371918613 -0.132072570338526 0.081849927206461 -0.196294292330254 0.948789745108869 -0.084160693053770 0.423096804616496 -1.383887291250829 -1.225755759683977
-0.067591843380264 -0.127328621612982 0.081429123741192 -0.194178808307172 0.941870308652615 -0.090289471852190 0.454907248787495 -1.487934565862492 -1.234723486009948
-0.068562737421800 -0.122619270069719 0.080977676381931 -0.191904272063234 0.934430635823302 -0.096463089282239 0.487054176688262 -1.593082429161008 -1.243691212340359
-0.069522258782116 -0.117947116890602 0.080495360935520 -0.189469001179793 0.926465223677497 -0.102681545343941 0.519537588311580 -1.699330881133054 -1.252658938661888
-0.070469603788015 -0.113314790772215 0.079981953208800 -0.186871313238235 0.917968569271832 -0.108944840037251 0.552357483661337 -1.806679921774190 -1.261626664996740
-0.071403960354207 -0.108724947925856 0.079437229008614 -0.184109525819928 0.908935169662961 -0.115252973362234 0.585513862736975 -1.915129551091077 -1.270594391322710
-0.072324507983306 -0.104180272077541 0.078860964141803 -0.181181956506243 0.899359521907506 -0.121605945318848 0.619006725539051 -2.024679769088156 -1.279562117648680
-0.073230417765837 -0.099683474468003 0.078252934415208 -0.178086922878548 0.889236123062065 -0.128003755907091 0.652836072063123 -2.135330575749883 -1.288529843983532
-0.074120852380230 -0.095237293852693 0.077612915635673 -0.174822742518232 0.878559470183315 -0.134446405127009 0.687001902318629 -2.247081971098464 -1.297497570305062
-0.074994966092821 -0.090844496501776 0.076940683610038 -0.171387733006639 0.867324060327823 -0.140933892978534 0.721504216295576 -2.359933955118354 -1.306465296635473
-0.075851904757854 -0.086507876200137 0.076236014145145 -0.167780211925161 0.855524390552231 -0.147466219461712 0.756343013993410 -2.473886527800673 -1.315433022961443
-0.076690805817480 -0.082230254247376 0.075498683047837 -0.163998496855194 0.843154957913228 -0.154043384576519 0.791518295431004 -2.588939689178726 -1.324400749296295
-0.077510798301756 -0.078014479457810 0.074728466124954 -0.160040905378039 0.830210259467334 -0.160665388323000 0.827030060578382 -2.705093439212547 -1.333368475617824
-0.078311002828646 -0.073863428160473 0.073925139183339 -0.155905755075147 0.816684792271272 -0.167332230701089 0.862878309461634 -2.822347777933221 -1.342336201943795
-0.079090531604022 -0.069780004199117 0.073088478029834 -0.151591363527839 0.802573053381606 -0.174043911710808 0.899063042065773 -2.940702705325204 -1.351303928278647
-0.079848488421661 -0.065767138932209 0.072218258471279 -0.147096048317510 0.787869539854980 -0.180800431352202 0.935584258397459 -3.060158221390719 -1.360271654604617
-0.080583968663249 -0.061827791232934 0.071314256314518 -0.142418127025523 0.772568748748026 -0.187601789625225 0.972441958453363 -3.180714326136425 -1.369239380935028
-0.081296059298377 -0.057964947489194 0.070376247366392 -0.137555917233256 0.756665177117344 -0.194447986529900 1.009636142236259 -3.302371019542338 -1.378207107256557
-0.081983838884543 -0.054181621603607 0.069404007433743 -0.132507736522075 0.740153322019632 -0.201339022066183 1.047166809743372 -3.425128301639546 -1.387174833591409
-0.082646377567153 -0.050480854993509 0.068397312323412 -0.127271902473358 0.723027680511434 -0.208274896234140 1.085033960976922 -3.548986172408064 -1.396142559917379
-0.083282737079520 -0.046865716590952 0.067355937842241 -0.121846732668474 0.705282749649394 -0.215255609033727 1.123237595934690 -3.673944631841231 -1.405110286238909
-0.083891970742862 -0.043339302842705 0.066279659797073 -0.116230544688800 0.686913026490188 -0.222281160464921 1.161777714620005 -3.800003679965691 -1.414078012582642
-0.084473123466306 -0.039904737710254 0.065168253994748 -0.110421656115700 0.667913008090359 -0.229351550527834 1.200654317029537 -3.927163316745919 -1.423045738895290
-0.085025231746885 -0.036565172669802 0.064021496242109 -0.104418384530552 0.648277191506630 -0.236466779222311 1.239867403166617 -4.055423542221881 -1.432013465230142
-0.085547323669538 -0.033323786712269 0.062839162345997 -0.098219047514719 0.628000073795520 -0.243626846548461 1.279416973023473 -4.184784356351390 -1.440981191556112
-0.086038418907111 -0.030183786343291 0.061621028113255 -0.091821962649602 0.607076152013764 -0.250831752506242 1.319303026614538 -4.315245759172193 -1.449948917886523
-0.086497528720359 -0.027148405583223 0.060366869350724 -0.085225447516529 0.585499923217903 -0.258081497095675 1.359525563924269 -4.446807750653203 -1.458916644216934
-0.086923655957942 -0.024220905967133 0.059076461865245 -0.078427819696908 0.563265884464637 -0.265376080316759 1.400084584962658 -4.579470330829949 -1.467884370538464
-0.087315795056426 -0.021404576544810 0.057749581463662 -0.071427396772095 0.540368532810487 -0.272715502169452 1.440980089724153 -4.713233499658021 -1.476852096873316
-0.087672932040287 -0.018702733880757 0.056386003952814 -0.064222496323474 0.516802365312197 -0.280099762653818 1.482212078214307 -4.848097257175166 -1.485819823194845
-0.087994044521904 -0.016118722054197 0.054985505139545 -0.056811435932402 0.492561879026321 -0.287528861769792 1.523780550428677 -4.984061603363621 -1.494787549529697
-0.088278101701566 -0.013655912659065 0.053547860830696 -0.049192533180259 0.467641571009503 -0.295002799517441 1.565685506368375 -5.121126538230047 -1.503755275851226
-0.088524064367468 -0.011317704804017 0.052072846833109 -0.041364105648417 0.442035938318353 -0.302521575896697 1.607926946034510 -5.259292061763343 -1.512723002186078
-0.088730884895710 -0.009107525112426 0.050560238953626 -0.033324470918245 0.415739478009536 -0.310085190907627 1.650504869423752 -5.398558173979051 -1.521690728512048
-0.088897507250301 -0.007028827722378 0.049009812999087 -0.025071946571126 0.388746687139641 -0.317693644550188 1.693419276541652 -5.538924874868290 -1.530658454833578
-0.089022866983157 -0.005085094286680 0.047421344776337 -0.016604850188418 0.361052062765299 -0.325346936824356 1.736670167382659 -5.680392164424397 -1.539626181168430
-0.089105891234099 -0.003279833972853 0.045794610092215 -0.007921499351504 0.332650101943177 -0.333045067730198 1.780257541951213 -5.822960042669578 -1.548593907498841
-0.089145498730856 -0.001616583463137 0.044129384753564 0.000979788358252 0.303535301729829 -0.340788037267692 1.824181400243985 -5.966628509577188 -1.557561633820370
-0.089140599789065 -0.000098906954488 0.042425444567225 0.010100695359472 0.273702159181943 -0.348575845436794 1.868441742262084 -6.111397565164989 -1.566529360155222
-0.089090096312267 0.001269603841421 0.040682565340041 0.019442904070782 0.243145171356118 -0.356408492237570 1.913038568007730 -6.257267209426320 -1.575497086476751
-0.088992881791914 0.002485329698202 0.038900522878853 0.029008096910821 0.211858835308987 -0.364285977669954 1.957971877477593 -6.404237442363403 -1.584464812811603
-0.088847841307359 0.003544623874747 0.037079092990504 0.038797956298209 0.179837648097170 -0.372208301734012 2.003241670671674 -6.552308263974016 -1.593432539128692
-0.088653851525868 0.004443812115233 0.035218051481834 0.048814164651567 0.147076106777300 -0.380175464429655 2.048847947592192 -6.701479674262600 -1.602400265472426
-0.088409780702611 0.005179192649119 0.033317174159685 0.059058404389528 0.113568708405987 -0.388187465757017 2.094790708239147 -6.851751673218054 -1.611367991789514
-0.088114488680663 0.005747036191149 0.031376236830900 0.069532357930724 0.079309950039896 -0.396244305715965 2.141069952612540 -7.003124260858140 -1.620335718119925
-0.087766826891009 0.006143585941349 0.029395015302320 0.080237707693787 0.044294328735606 -0.404345984306564 2.187685680709039 -7.155597437169536 -1.629303444445895
-0.087365638352540 0.006365057585027 0.027373285380788 0.091176136097332 0.008516341549758 -0.412492501528794 2.234637892531977 -7.309171202154463 -1.638271170780747
-0.086909757672054 0.006407639292776 0.025310822873144 0.102349325559992 -0.028029514461014 -0.420683857382698 2.281926588080241 -7.463845555808479 -1.647238897102277
-0.086398011044254 0.006267491720471 0.023207403586230 0.113758958500393 -0.065348742240057 -0.428920051868209 2.329551767356053 -7.619620498151569 -1.656206623437129
-0.085829216251752 0.005940748009270 0.021062803326889 0.125406717337173 -0.103446844730815 -0.437201084985395 2.377513430354972 -7.776496029157087 -1.665174349758658
-0.085202182665066 0.005423513785616 0.018876797901962 0.137294284488948 -0.142329324876600 -0.445526956734188 2.425811577080328 -7.934472148842797 -1.674142076089069
-0.084515711242621 0.004711867161233 0.016649163118291 0.149423342374350 -0.182001685620814 -0.453897667114633 2.474446207532122 -8.093548857202038 -1.683109802419480
-0.083768594530749 0.003801858733129 0.014379674782718 0.161795573412010 -0.222469429906824 -0.462313216126731 2.523417321705912 -8.253726154234808 -1.692077528745450
-0.082959616663689 0.002689511583595 0.012068108702084 0.174412660020540 -0.263738060677998 -0.470773603770458 2.572724919610581 -8.415004039945551 -1.701045255071421
-0.082087553363587 0.001370821280205 0.009714240683232 0.187276284618593 -0.305813080877726 -0.479278830045815 2.622369001237246 -8.577382514325382 -1.710012981406273
-0.081151171940494 -0.000158244124184 0.007317846533003 0.200388129624779 -0.348699993449353 -0.487828894952846 2.672349566591459 -8.740861577392067 -1.718980707727802
-0.080149231292370 -0.001901744091430 0.004878702058239 0.213749877457736 -0.392404301336313 -0.496423798491485 2.672349566591459 -8.740861577392067 -1.718980707727802
-0.079080481905081 -0.003863765598112 0.002396583065781 -0.213749877457736 0.392404301336313 0.496423798491485 2.622369001237246 -8.577382514325382 -1.710012981406273
-0.080149231292370 -0.001901744091430 0.004878702058239 -0.200388129624779 0.348699993449353 0.487828894952846 2.572724919610581 -8.415004039945551 -1.701045255071421
-0.081151171940494 -0.000158244124184 0.007317846533003 -0.187276284618593 0.305813080877726 0.479278830045815 2.523417321705912 -8.253726154234808 -1.692077528745450
-0.082087553363587 0.001370821280205 0.009714240683232 -0.174412660020540 0.263738060677998 0.470773603770458 2.474446207532122 -8.093548857202038 -1.683109802419480
-0.082959616663689 0.002689511583595 0.012068108702084 -0.161795573412010 0.222469429906824 0.462313216126731 2.425811577080328 -7.934472148842797 -1.674142076089069
-0.083768594530749 0.003801858733129 0.014379674782718 -0.149423342374350 0.182001685620814 0.453897667114633 2.377513430354972 -7.776496029157087 -1.665174349758658
-0.084515711242621 0.004711867161233 0.016649163118291 -0.137294284488948 0.142329324876600 0.445526956734188 2.329551767356053 -7.619620498151569 -1.656206623437129
-0.085202182665066 0.005423513785616 0.018876797901962 -0.125406717337173 0.103446844730815 0.437201084985395 2.281926588080241 -7.463845555808479 -1.647238897102277
-0.085829216251752 0.005940748009270 0.021062803326889 -0.113758958500393 0.065348742240057 0.428920051868209 2.234637892531977 -7.309171202154463 -1.638271170780747
-0.086398011044254 0.006267491720471 0.023207403586230 -0.102349325559992 0.028029514461014 0.420683857382698 2.187685680709039 -7.155597437169536 -1.629303444445895
-0.086909757672054 0.006407639292776 0.025310822873144 -0.091176136097332 -0.008516341549758 0.412492501528794 2.141069952612540 -7.003124260858140 -1.620335718119925
-0.087365638352540 0.006365057585027 0.027373285380788 -0.080237707693787 -0.044294328735606 0.404345984306564 2.094790708239147 -6.851751673218054 -1.611367991789514
-0.087766826891009 0.006143585941349 0.029395015302320 -0.069532357930724 -0.079309950039896 0.396244305715965 2.048847947592192 -6.701479674262600 -1.602400265472426
-0.088114488680663 0.005747036191149 0.031376236830900 -0.059058404389528 -0.113568708405987 0.388187465757017 2.003241670671674 -6.552308263974016 -1.593432539128692
-0.088409780702611 0.005179192649119 0.033317174159685 -0.048814164651567 -0.147076106777300 0.380175464429655 1.957971877477593 -6.404237442363403 -1.584464812811603
-0.088653851525868 0.004443812115233 0.035218051481834 -0.038797956298209 -0.179837648097170 0.372208301734012 1.913038568007730 -6.257267209426320 -1.575497086476751
-0.088847841307359 0.003544623874747 0.037079092990504 -0.029008096910821 -0.211858835308987 0.364285977669954 1.868441742262084 -6.111397565164989 -1.566529360155222
-0.088992881791914 0.002485329698202 0.038900522878853 -0.019442904070782 -0.243145171356118 0.356408492237570 1.824181400243985 -5.966628509577188 -1.557561633820370
-0.089090096312267 0.001269603841421 0.040682565340041 -0.010100695359472 -0.273702159181943 0.348575845436794 1.780257541951213 -5.822960042669578 -1.548593907498841
-0.089140599789065 -0.000098906954488 0.042425444567225 -0.000979788358252 -0.303535301729829 0.340788037267692 1.736670167382659 -5.680392164424397 -1.539626181168430
-0.089145498730856 -0.001616583463137 0.044129384753564 0.007921499351504 -0.332650101943177 0.333045067730198 1.693419276541652 -5.538924874868290 -1.530658454833578
-0.089105891234099 -0.003279833972853 0.045794610092215 0.016604850188418 -0.361052062765299 0.325346936824356 1.650504869423752 -5.398558173979051 -1.521690728512048
-0.089022866983157 -0.005085094286680 0.047421344776337 0.025071946571126 -0.388746687139641 0.317693644550188 1.607926946034510 -5.259292061763343 -1.512723002186078
-0.088897507250301 -0.007028827722378 0.049009812999087 0.033324470918245 -0.415739478009536 0.310085190907627 1.565685506368375 -5.121126538230047 -1.503755275851226
-0.088730884895710 -0.009107525112426 0.050560238953626 0.041364105648417 -0.442035938318353 0.302521575896697 1.523780550428677 -4.984061603363621 -1.494787549529697
-0.088524064367468 -0.011317704804017 0.052072846833109 0.049192533180259 -0.467641571009503 0.295002799517441 1.482212078214307 -4.848097257175166 -1.485819823194845
-0.088278101701566 -0.013655912659065 0.053547860830696 0.056811435932402 -0.492561879026321 0.287528861769792 1.440980089724153 -4.713233499658021 -1.476852096873316
-0.087994044521904 -0.016118722054197 0.054985505139545 0.064222496323474 -0.516802365312197 0.280099762653818 1.400084584962658 -4.579470330829949 -1.467884370538464
-0.087672932040287 -0.018702733880757 0.056386003952814 0.071427396772095 -0.540368532810487 0.272715502169452 1.359525563924269 -4.446807750653203 -1.458916644216934
-0.087315795056426 -0.021404576544810 0.057749581463662 0.078427819696908 -0.563265884464637 0.265376080316759 1.319303026614538 -4.315245759172193 -1.449948917886523
-0.086923655957942 -0.024220905967133 0.059076461865245 0.085225447516529 -0.585499923217903 0.258081497095675 1.279416973023473 -4.184784356351390 -1.440981191556112
-0.086497528720359 -0.027148405583223 0.060366869350724 0.091821962649602 -0.607076152013764 0.250831752506242 1.239867403166617 -4.055423542221881 -1.432013465230142
-0.086038418907111 -0.030183786343291 0.061621028113255 0.098219047514719 -0.628000073795520 0.243626846548461 1.200654317029537 -3.927163316745919 -1.423045738895290
-0.085547323669538 -0.033323786712269 0.062839162345997 0.104418384530552 -0.648277191506630 0.236466779222311 1.161777714620005 -3.800003679965691 -1.414078012582642
-0.085025231746885 -0.036565172669802 0.064021496242109 0.110421656115700 -0.667913008090359 0.229351550527834 1.123237595934690 -3.673944631841231 -1.405110286238909
-0.084473123466306 -0.039904737710254 0.065168253994748 0.116230544688800 -0.686913026490188 0.222281160464921 1.085033960976922 -3.548986172408064 -1.396142559917379
-0.083891970742862 -0.043339302842705 0.066279659797073 0.121846732668474 -0.705282749649394 0.215255609033727 1.047166809743372 -3.425128301639546 -1.387174833591409
-0.083282737079520 -0.046865716590952 0.067355937842241 0.127271902473358 -0.723027680511434 0.208274896234140 1.009636142236259 -3.302371019542338 -1.378207107256557
-0.082646377567153 -0.050480854993509 0.068397312323412 0.132507736522075 -0.740153322019632 0.201339022066183 0.972441958453363 -3.180714326136425 -1.369239380935028
-0.081983838884543 -0.054181621603607 0.069404007433743 0.137555917233256 -0.756665177117344 0.194447986529900 0.935584258397459 -3.060158221390719 -1.360271654604617
-0.081296059298377 -0.057964947489194 0.070376247366392 0.142418127025523 -0.772568748748026 0.187601789625225 0.899063042065773 -2.940702705325204 -1.351303928278647
-0.080583968663249 -0.061827791232934 0.071314256314518 0.147096048317510 -0.787869539854980 0.180800431352202 0.862878309461634 -2.822347777933221 -1.342336201943795
-0.079848488421661 -0.065767138932209 0.072218258471279 0.151591363527839 -0.802573053381606 0.174043911710808 0.827030060578382 -2.705093439212547 -1.333368475617824
-0.079090531604022 -0.069780004199117 0.073088478029834 0.155905755075147 -0.816684792271272 0.167332230701089 0.791518295431004 -2.588939689178726 -1.324400749296295
-0.078311002828646 -0.073863428160473 0.073925139183339 0.160040905378039 -0.830210259467334 0.160665388323000 0.756343013993410 -2.473886527800673 -1.315433022961443
-0.077510798301756 -0.078014479457810 0.074728466124954 0.163998496855194 -0.843154957913228 0.154043384576519 0.721504216295576 -2.359933955118354 -1.306465296635473
-0.076690805817480 -0.082230254247376 0.075498683047837 0.167780211925161 -0.855524390552231 0.147466219461712 0.687001902318629 -2.247081971098464 -1.297497570305062
-0.075851904757854 -0.086507876200137 0.076236014145145 0.171387733006639 -0.867324060327823 0.140933892978534 0.652836072063123 -2.135330575749883 -1.288529843983532
-0.074994966092821 -0.090844496501776 0.076940683610038 0.174822742518232 -0.878559470183315 0.134446405127009 0.619006725539051 -2.024679769088156 -1.279562117648680
-0.074120852380230 -0.095237293852693 0.077612915635673 0.178086922878548 -0.889236123062065 0.128003755907091 0.585513862736975 -1.915129551091077 -1.270594391322710
-0.073230417765837 -0.099683474468003 0.078252934415208 0.181181956506243 -0.899359521907506 0.121605945318848 0.552357483661337 -1.806679921774190 -1.261626664996740
-0.072324507983306 -0.104180272077541 0.078860964141803 0.184109525819928 -0.908935169662961 0.115252973362234 0.519537588311580 -1.699330881133054 -1.252658938661888
-0.071403960354207 -0.108724947925856 0.079437229008614 0.186871313238235 -0.917968569271832 0.108944840037251 0.487054176688262 -1.593082429161008 -1.243691212340359
-0.070469603788015 -0.113314790772215 0.079981953208800 0.189469001179793 -0.926465223677497 0.102681545343941 0.454907248787495 -1.487934565862492 -1.234723486009948
-0.069522258782116 -0.117947116890602 0.080495360935520 0.191904272063234 -0.934430635823302 0.096463089282239 0.423096804616496 -1.383887291250829 -1.225755759683977
-0.068562737421800 -0.122619270069719 0.080977676381931 0.194178808307172 -0.941870308652615 0.090289471852190 0.391622844166384 -1.280940605306036 -1.216788033353566
-0.067591843380264 -0.127328621612982 0.081429123741192 0.196294292330254 -0.948789745108869 0.084160693053770 0.360485367446040 -1.179094508032552 -1.207820307027596
-0.066610371918613 -0.132072570338526 0.081849927206461 0.198252406551086 -0.955194448135399 0.078076752887002 0.329684374450467 -1.078348999445922 -1.198852580688303
-0.065619109885858 -0.136848542579203 0.082240310970896 0.200054833388316 -0.961089920675562 0.072037651351864 0.299219865174671 -0.978704079508397 -1.189884854380097
-0.064618835718916 -0.141653992182581 0.082600499227655 0.201703255260569 -0.966481665672791 0.066043388448422 0.269091839634750 -0.880159748279929 -1.180917128036363
-0.063610319442613 -0.146486400510945 0.082930716169897 0.203199354586442 -0.971375186070333 0.060093964176522 0.239300297811551 -0.782716005702788 -1.171949401714834
-0.062594322669681 -0.151343276441297 0.083231185990780 0.204544813784616 -0.975775984811733 0.054189378536340 0.209845239719231 -0.686372851812500 -1.162981675384422
-0.061571598600758 -0.156222156365355 0.083502132883461 0.205741315273673 -0.979689564840247 0.048329631527766 0.180726665347797 -0.591130286584640 -1.154013949054011
-0.060542892024390 -0.161120604189557 0.083743781041100 0.206790541472270 -0.983121429099310 0.042514723150844 0.151944574706409 -0.496988310039193 -1.145046222732482
-0.059508939317028 -0.166036211335053 0.083956354656854 0.207694174799009 -0.986077080532233 0.036744653405574 0.123498967787294 -0.403946922169496 -1.136078496397630
-0.058470468443033 -0.170966596737714 0.084140077923882 0.208453897672541 -0.988562022082429 0.031019422291911 0.095389844597116 -0.312006122977770 -1.127110770071660
-0.057428198954670 -0.175909406848126 0.084295175035342 0.209071392511477 -0.990581756693276 0.025339029809923 0.067617205130877 -0.221165912455135 -1.118143043750131
-0.056382841992113 -0.180862315631593 0.084421870184392 0.209548341734463 -0.992141787308165 0.019703475959565 0.040181049383858 -0.131426290590486 -1.109175317410838
-0.055335100283441 -0.185823024568134 0.084520387564189 0.209886427760117 -0.993247616870441 0.014112760740814 0.013081377376878 -0.042787257445998 -1.100207591089308
-0.054285668144640 -0.190789262652486 0.084590951367893 0.210087333007036 -0.993904748323393 0.008566884153760 -0.013681810918376 0.044751187068259 -1.091239864758897
-0.053235231479605 -0.195758786394103 0.084633785788662 0.210152739893921 -0.994118684610623 0.003065846198314 -0.040108515481363 0.131189042882340 -1.082272138432927
-0.052184467780135 -0.200729379817156 0.084649115019654 0.210084330839329 -0.993894928675282 -0.002390353125481 -0.066198736321799 0.216526310037324 -1.073304412102516
-0.051134046125939 -0.205698854460532 0.084637163254026 0.209883788261922 -0.993238983460870 -0.007801713817646 -0.091952473431356 0.300762988505454 -1.064336685776546
-0.050084627184629 -0.210665049377837 0.084598154684938 0.209552794580313 -0.992156351910684 -0.013168235878158 -0.117369726823635 0.383899078306715 -1.055368959446135
-0.049036863211728 -0.215625831137390 0.084532313505547 0.209093032213156 -0.990652536968156 -0.018489919307041 -0.142450496481983 0.465934579426674 -1.046401233120164
-0.047991398050662 -0.220579093822231 0.084439863909012 0.208506183579038 -0.988733041576623 -0.023766764104272 -0.167194782420277 0.546869491871993 -1.037433506789753
-0.046948867132767 -0.225522759030114 0.084321030088491 0.207793931096628 -0.986403368679489 -0.028998770269872 -0.191602584630746 0.626703815652663 -1.028465780463783
-0.045909897477283 -0.230454775873511 0.084176036237141 0.206957957184527 -0.983669021220129 -0.034185937803821 -0.215673903117830 0.705437550745369 -1.019498054133372
-0.044875107691361 -0.235373120979612 0.084005106548122 0.205999944261373 -0.980535502141866 -0.039328266706140 -0.239408737879310 0.783070697187860 -1.010530327807402
-0.043845107970054 -0.240275798490321 0.083808465214592 0.204921574745784 -0.977008314388139 -0.044425756976807 -0.262807088907691 0.859603254901309 -1.001562601476991
-0.042820500096325 -0.245160840062262 0.083586336429708 0.203724531056387 -0.973092960902200 -0.049478408615844 -0.285868956220459 0.935035224005620 -0.992594875151021
-0.041801877441043 -0.250026304866773 0.083338944386628 0.202410495611849 -0.968794944627693 -0.054486221623229 -0.308594339805679 1.009366604396433 -0.983627148820609
-0.040789824962984 -0.254870279589912 0.083066513278512 0.200981150830747 -0.964119768507665 -0.059449195998984 -0.330983239660854 1.082597396118157 -0.974659422494639
-0.039784919208830 -0.259690878432450 0.082769267298517 0.199438179131718 -0.959072935485683 -0.064367331743087 -0.353035655793477 1.154727599175231 -0.965691696168669
-0.038787728313172 -0.264486243109878 0.082447430639802 0.197783262933414 -0.953659948505092 -0.069240628855560 -0.374751588198829 1.225757213538792 -0.956723969833817
-0.037798811998504 -0.269254542852404 0.082101227495524 0.196018084654447 -0.947886310509216 -0.074069087336404 -0.396131036881908 1.295686239251026 -0.947756243507847
-0.036818721575232 -0.273993974404950 0.081730882058842 0.194144326713452 -0.941757524441522 -0.078852707185573 -0.417174001836051 1.364514676265305 -0.938788517186318
-0.035847999941665 -0.278702762027157 0.081336618522914 0.192163671529043 -0.935279093245267 -0.083591488403112 -0.437880483066533 1.432242524623817 -0.929820790851466
-0.034887181584020 -0.283379157493384 0.080918661080899 0.190077801519863 -0.928456519863941 -0.088285430989044 -0.458250480572242 1.498869784299917 -0.920853064521054
-0.033936792576420 -0.288021440092704 0.080477233925953 0.187888399104530 -0.921295307240821 -0.092934534943301 -0.478283994350959 1.564396455302486 -0.911885338203966
-0.032997350580898 -0.292627916628908 0.080012561251237 0.185597146701669 -0.913800958319322 -0.097538800265906 -0.497981024403654 1.628822537627084 -0.902917611860232
-0.032069364847389 -0.297196921420504 0.079524867249907 0.183205726729914 -0.905978976042809 -0.102098226956926 -0.517341570728524 1.692148031264828 -0.893949885547585
-0.031153336213740 -0.301726816300718 0.079014376115123 0.180715821607896 -0.897834863354674 -0.106612815016227 -0.536365633337227 1.754372936269011 -0.884982159208292
-0.030249757105700 -0.306215990617492 0.078481312040042 0.178129113754253 -0.889374123198350 -0.111082564443965 -0.555053212207557 1.815497252546372 -0.876014432886763
-0.029359111536929 -0.310662861233483 0.077925899217822 0.175447285587567 -0.880602258517005 -0.115507475240006 -0.573404307363246 1.875520980190171 -0.867046706556351
-0.028481875108991 -0.315065872526068 0.077348361841622 0.172672019526529 -0.871524772254273 -0.119887547404440 -0.591418918785697 1.934444119129353 -0.858078980225940
-0.027618515011359 -0.319423496387340 0.076748924104600 0.169804997989713 -0.862147167353322 -0.124222780937222 -0.609097046486151 1.992266669410547 -0.849111253899970
-0.026769490021410 -0.323734232224106 0.076127810199913 0.166847903395784 -0.852474946757675 -0.128513175838352 -0.626438690466830 2.048988631033755 -0.840143527569559
-0.025935250504431 -0.327996606957895 0.075485244320722 0.163802418163354 -0.842513613410623 -0.132758732107852 -0.643443850702891 2.104610003919039 -0.831175801248030
-0.025116238413614 -0.332209175024948 0.074821450660182 0.160670224711019 -0.832268670255454 -0.136959449745699 -0.660112527238188 2.159130788210728 -0.822208074913178
-0.024312887290059 -0.336370518376225 0.074136653411454 0.157453005457505 -0.821745620235859 -0.141115328751940 -0.676444720032338 2.212550983777817 -0.813240348587208
-0.023525622262772 -0.340479246477404 0.073431076767694 0.154152442821314 -0.810949966294805 -0.145226369126505 -0.692440429100327 2.264870590666934 -0.804272622256796
-0.022754860048665 -0.344533996308878 0.072704944922062 0.150770219221152 -0.799887211375916 -0.149292570869441 -0.708099654451455 2.316089608909166 -0.795304895935267
-0.022001008952559 -0.348533432365758 0.071958482067714 0.147308017075651 -0.788562858422581 -0.153313933980725 -0.723422396074203 2.366208038471207 -0.786337169600415
-0.021264468867181 -0.352476246657871 0.071191912397811 0.143767518803394 -0.776982410378035 -0.157290458460402 -0.738408653963574 2.415225879328631 -0.777369443270004
-0.020545631273164 -0.356361158709761 0.070405460105509 0.140150406823022 -0.765151370185679 -0.161222144308404 -0.753058428139552 2.463143131550272 -0.768401716952916
-0.019844879239049 -0.360186915560690 0.069599349383967 0.136458363553205 -0.753075240789036 -0.165108991524754 -0.767371718582849 2.509959795078398 -0.759433990618064
-0.019162587421283 -0.363952291764635 0.068773804426343 0.132693071412507 -0.740759525131285 -0.168951000109518 -0.781348525301095 2.555675869928553 -0.750466264287653
-0.018499122064221 -0.367656089390291 0.067929049425795 0.128856212819593 -0.728209726155893 -0.172748170062609 -0.794988848293182 2.600291356102957 -0.741498537961682
-0.017854841000123 -0.371297138021071 0.067065308575482 0.124949470193087 -0.715431346806250 -0.176500501384047 -0.808292687562995 2.643806253623815 -0.732530811635712
-0.017230093649157 -0.374874294755102 0.066182806068562 0.120974525951621 -0.702429890025735 -0.180207994073855 -0.821260043101305 2.686220562426733 -0.723563085305301
-0.016625221019399 -0.378386444205231 0.065281766098193 0.116933062513806 -0.689210858757616 -0.183870648132034 -0.833890914923238 2.727534282616073 -0.714595358974890
-0.016040555706830 -0.381832498499019 0.064362412857533 0.112826762298300 -0.675779755945483 -0.187488463558561 -0.846185303014016 2.767747414076371 -0.705627632653361
-0.015476421895339 -0.385211397278746 0.063424970539740 0.108657307723684 -0.662142084532402 -0.191061440353435 -0.858143207376275 2.806859956889785 -0.696659906318509
-0.014933135356720 -0.388522107701408 0.062469663337973 0.104426381208613 -0.648303347462020 -0.194589578516702 -0.869764628020631 2.844871911016345 -0.687692179992538
-0.014411003450677 -0.391763624438718 0.061496715445389 0.100135665171732 -0.634269047677571 -0.198072878048294 -0.881049564926475 2.881783276464933 -0.678724453666568
-0.013910325124818 -0.394934969677106 0.060506351055148 0.095786842031629 -0.620044688122490 -0.201511338948257 -0.891998018125520 2.917594053257755 -0.669756727336157
-0.013431390914660 -0.398035193117718 0.059498794360407 0.091381594206997 -0.605635771740165 -0.204904961216590 -0.902609987583694 2.952304241365944 -0.660789001010187
-0.012974482943625 -0.401063371976419 0.058474269554324 0.086921604116369 -0.591047801473876 -0.208253744853271 -0.912885473326394 2.985913840800603 -0.651821274679776
-0.012539874923043 -0.404018610983789 0.057433000830057 0.082408554178450 -0.576286280267047 -0.211557689858322 -0.922824475328571 3.018422851535085 -0.642853548349365
-0.012127832152151 -0.406900042385124 0.056375212380766 0.077844126811819 -0.561356711063044 -0.214816796231720 -0.932426993627000 3.049831273644887 -0.633885822027835
-0.011738611518092 -0.409706825940439 0.055301128399607 0.073230004435176 -0.546264596805368 -0.218031063973467 -0.941693028181506 3.080139107038971 -0.624918095692983
-0.011372461495916 -0.412438148924466 0.054210973079740 0.068567869467041 -0.531015440437144 -0.221200493083606 -0.950622579019983 3.109346351777287 -0.615950369371454
-0.011029622148581 -0.415093226126652 0.053104970614322 0.063859404326133 -0.515614744901949 -0.224325083562071 -0.959215646126887 3.137453007826529 -0.606982643036602
-0.010710325126950 -0.417671299851161 0.051983345196511 0.059106291431033 -0.500068013143062 -0.227404835408929 -0.967472229513322 3.164459075211123 -0.598014916710632
-0.010414793669795 -0.420171639916877 0.050846321019467 0.054310213200399 -0.484380748103930 -0.230439748624112 -0.975392329167352 3.190364553908864 -0.589047190389103
-0.010143242603793 -0.422593543657396 0.049694122276346 0.049472852052832 -0.468558452727874 -0.233429823207665 -0.982975945117148 3.215169443993027 -0.580079464049810
-0.009895878343529 -0.424936335921036 0.048526973160308 0.044595890406995 -0.452606629958330 -0.236375059159610 -0.990223077309421 3.238873745299298 -0.571111737728280
-0.009672898891494 -0.427199369070827 0.047345097864510 0.039681010681410 -0.436530782738365 -0.239275456479859 -0.997133725794894 3.261477457996431 -0.562144011402310
-0.009474493838087 -0.429382022984519 0.046148720582110 0.034729895294863 -0.420336414011868 -0.242131015168501 -1.003707890549072 3.282980581995609 -0.553176285067458
-0.009300844361613 -0.431483705054579 0.044938065506268 0.029744226665888 -0.404029026721886 -0.244941735225512 -1.009945571588192 3.303383117354564 -0.544208558741488
-0.009152123228283 -0.433503850188188 0.043713356830140 0.024725687213143 -0.387614123811908 -0.247707616650850 -1.015846768889703 3.322685064002240 -0.535240832419959
-0.009028494792218 -0.435441920807248 0.042474818746886 0.019675959355202 -0.371097208225135 -0.250428659444557 -1.021411482469564 3.340886421987488 -0.526273106080666
-0.008930114995442 -0.437297406848373 0.041222675449663 0.014596725510753 -0.354483782905124 -0.253104863606657 -1.026639712320629 3.357987191277001 -0.517305379763577
-0.008857131367888 -0.439069825762899 0.039957151131630 0.009489668098405 -0.337779350795187 -0.255736229137060 -1.031531458458718 3.373987371957377 -0.508337653424284
-0.008809683027396 -0.440758722516875 0.038678469985945 0.004356469536802 -0.320989414838802 -0.258322756035878 -1.036086720854618 3.388886963879845 -0.499369927107196
-0.008787900679712 -0.442363669591069 0.037386856205765 -0.000801187755491 -0.304119477979015 -0.260864444302999 -1.040305499536154 3.402685967182073 -0.490402200767903
-0.008791906618489 -0.443884266980964 0.036082533984250 -0.005981621359764 -0.287175043159615 -0.263361293938535 -1.044187794491530 3.415384381795228 -0.481434474450815
-0.008821814725288 -0.445320142196762 0.034765727514558 -0.011183148857445 -0.270161613323705 -0.265813304942375 -1.047733605703885 3.426982207701545 -0.472466748115963
-0.008877730469575 -0.446670950263380 0.033436660989846 -0.016404087829903 -0.253084691414729 -0.268220477314629 -1.050942933225191 3.437479445007607 -0.463499021789993
-0.008959750908725 -0.447936373720454 0.032095558603273 -0.021642755858422 -0.235949780376221 -0.270582811055209 -1.053815776981756 3.446876093546880 -0.454531295459581
-0.009067964688017 -0.449116122622335 0.030742644547997 -0.026897470524548 -0.218762383151183 -0.272900306164159 -1.056352137045607 3.455172153492558 -0.445563569133611
-0.009202452040640 -0.450209934538091 0.029378143017176 -0.032166549409457 -0.201528002683449 -0.275172962641457 -1.058552013361858 3.462367624711415 -0.436595842803200
-0.009363284787687 -0.451217574551508 0.028002278203969 -0.037448310094685 -0.184252141915986 -0.277400780487125 -1.060415405972556 3.468462507298931 -0.427628116481671
-0.009550526338160 -0.452138835261088 0.026615274301533 -0.042741070161494 -0.166940303792429 -0.279583759701141 -1.061942314825662 3.473456801135200 -0.418660390146819
-0.009764231688968 -0.452973536780050 0.025217355503027 -0.048043147191357 -0.149597991255934 -0.281721900283549 -1.063132739996808 3.477350506406740 -0.409692663816408
-0.010004447424925 -0.453721526736330 0.023808746001609 -0.053352858765485 -0.132230707250258 -0.283815202234283 -1.063986681407725 3.480143622924814 -0.400724937494878
-0.010271211718752 -0.454382680272581 0.022389669990438 -0.058668522465469 -0.114843954718225 -0.285863665553365 -1.064504139105804 3.481836150769357 -0.391757211164467
-0.010564554331079 -0.454956900046173 0.020960351662671 -0.063988455872508 -0.097443236603600 -0.287867290240840 -1.064685113075295 3.482428089969236 -0.382789484838497
-0.010884496610442 -0.455444116229191 0.019521015211467 -0.069310976568037 -0.080034055849754 -0.289826076296662 -1.064529603316752 3.481919440464498 -0.373821758503645
-0.011231051493282 -0.455844286508439 0.018071884829984 -0.074634402133414 -0.062621915399907 -0.291740023720855 -1.064037609846760 3.480310202330639 -0.364854032182116
-0.011604223503949 -0.456157396085439 0.016613184711379 -0.079957050149997 -0.045212318197585 -0.293609132513373 -1.063209132637910 3.477600375483281 -0.355886305851705
-0.012004008754699 -0.456383457676427 0.015145139048813 -0.085277238199231 -0.027810767185932 -0.295433402674283 -1.062044171705675 3.473789959971274 -0.346918579521294
-0.012430394945695 -0.456522511512356 0.013667972035441 -0.090593283862421 -0.010422765308515 -0.297212834203542 -1.060542727056857 3.468878955810162 -0.337950853195323
-0.012883361365007 -0.456574625338899 0.012181907864423 -0.095903504720949 0.006946184491341 -0.298947427101148 -1.058704798662935 3.462867362906685 -0.328983126869353
-0.013362878888612 -0.456539894416442 0.010687170728918 -0.101206218356233 0.024290579270392 -0.300637181367125 -1.056530386551249 3.455755181358544 -0.320015400538942
-0.013868909980393 -0.456418441520090 0.009183984822082 -0.106499742349548 0.041604916084925 -0.302282097001472 -1.054019490731167 3.447542411190163 -0.311047674208531
-0.014401408692141 -0.456210416939666 0.007672574337075 -0.111782394282304 0.058883691991718 -0.303882174004166 -1.051172111175072 3.438229052317165 -0.302079947882561
-0.014960320663553 -0.455915998479707 0.006153163467054 -0.117052491735960 0.076121404047669 -0.305437412375209 -1.047988247878801 3.427815104712906 -0.293112221556591
