-0.014678143946652 -0.454232904614841 0.000000000000000 0.137486600052604 -0.144887385768144 0.277743417768977 -0.932592233586699 2.969215446930740 -0.280299917096993
-0.013990710946389 -0.454957341543682 0.001388717088845 0.132823638884671 -0.130041308533491 0.276341918183493 -0.939597818861232 2.990404492755339 -0.286972210550296
-0.013326592751966 -0.455607548086349 0.002770426679762 0.128125649790365 -0.115089286069714 0.274907057130741 -0.946252630773314 3.010498517534987 -0.293644504018031
-0.012685964503014 -0.456182994516698 0.004144961965416 0.123394386636498 -0.100036793482039 0.273438834610651 -0.952556669296112 3.029497521180868 -0.300316797473554
-0.012068992569831 -0.456683178484108 0.005512156138469 0.118631603290018 -0.084889305876135 0.271937250623283 -0.958509934470692 3.047401503799563 -0.306989090941290
-0.011475834553381 -0.457107625013489 0.006871842391586 0.113839053617664 -0.069652298357137 0.270402305168577 -0.964112426269301 3.064210465333339 -0.313661384397923
-0.010906639285293 -0.457455886505274 0.008223853917429 0.109018491486318 -0.054331246030470 0.268833998246587 -0.969364144696033 3.079924405793300 -0.320333677861218
-0.010361546827861 -0.457727542735427 0.009568023908662 0.104171670762837 -0.038931624001504 0.267232329857281 -0.974265089742424 3.094543325110610 -0.327005971318961
-0.009840688474047 -0.457922200855434 0.010904185557948 0.099300345314125 -0.023458907375951 0.265597300000686 -0.978815261443583 3.108067223456246 -0.333678264785586
-0.009344186747476 -0.458039495392314 0.012232172057951 0.094406269006907 -0.007918571258669 0.263928908676758 -0.983014659759404 3.120496100659231 -0.340350558242219
-0.008872155402442 -0.458079088248607 0.013551816601335 0.089491195708110 0.007683909244627 0.262227155885547 -0.986863284701475 3.131829956783960 -0.347022851704404
-0.008424699423901 -0.458040668702384 0.014862952380763 0.084556879284603 0.023343059028547 0.260492041627025 -0.990361136290335 3.142068791870400 -0.353695145171029
-0.008001915027478 -0.457923953407241 0.016165412588898 0.079605073603151 0.039053402987899 0.258723565901170 -0.993508214486363 3.151212605809750 -0.360367438622111
-0.007603889659463 -0.457728686392302 0.017459030418404 0.074637532530719 0.054809466016947 0.256921728708059 -0.996304519340596 3.159261398766322 -0.367039732094288
-0.007230701996809 -0.457454639062217 0.018743639061944 0.069656009934017 0.070605773010779 0.255086530047588 -0.998750050801786 3.166215170564701 -0.373712025545370
-0.006882421947139 -0.457101610197163 0.020019071712182 0.064662259680008 0.086436848863602 0.253217969919861 -1.000844808905463 3.172073921324792 -0.380384319014215
-0.006559110648739 -0.456669425952845 0.021285161561781 0.059658035635480 0.102297218470226 0.251316048324790 -1.002588793629563 3.176837650977760 -0.387056612473069
-0.006260820470561 -0.456157939860494 0.022541741803405 0.054645091667332 0.118181406725115 0.249380765262425 -1.003982005001666 3.180506359607982 -0.393728905931923
-0.005987595012225 -0.455567032826869 0.023788645629717 0.049625181642324 0.134083938523155 0.247412120732765 -1.005024442991206 3.183080047117759 -0.400401199396327
-0.005739469104013 -0.454896613134253 0.025025706233381 0.044600059427368 0.149999338758744 0.245410114735783 -1.005716107603041 3.184558713533736 -0.407073492855181
-0.005516468806876 -0.454146616440459 0.026252756807060 0.039571478889353 0.165922132326413 0.243374747271508 -1.006056998861943 3.184942358909204 -0.413745786317365
-0.005318611412430 -0.453317005778827 0.027469630543418 0.034541193895043 0.181846844120959 0.241306018339921 -1.006047116738559 3.184230983179770 -0.420418079779550
-0.005145905442954 -0.452407771558222 0.028676160635117 0.029510958311350 0.197767999036857 0.239203927941023 -1.005686461264463 3.182424586429811 -0.427090373240624
-0.004998350651398 -0.451418931563038 0.029872180274822 0.024482526005028 0.213680121969007 0.237068476074820 -1.004975032397395 3.179523168523879 -0.433762666699478
-0.004875938021372 -0.450350530953193 0.031057522655197 0.019457650843041 0.229577737811626 0.234899662741322 -1.003912830169068 3.175526729579659 -0.440434960161662
-0.004778649767157 -0.449202642264135 0.032232020968903 0.014438086692196 0.245455371459524 0.232697487940514 -1.002499854578856 3.170435269563843 -0.447107253626067
-0.004706459333696 -0.447975365406837 0.033395508408606 0.009425587419301 0.261307547807343 0.230461951672384 -1.000736105616698 3.164248788474211 -0.453779547082700
-0.004659331396600 -0.446668827667800 0.034547818166968 0.004421906891218 0.277128791749714 0.228193053936970 -0.998621583268300 3.156967286259693 -0.460451840550435
-0.004637221862144 -0.445283183709052 0.035688783436653 -0.000571201025124 0.292913628181013 0.225890794734218 -0.996156287566691 3.148590763004666 -0.467124134001518
-0.004640077867269 -0.443818615568147 0.036818237410324 -0.005551982462957 0.308656581996036 0.223555174064211 -0.993340218499034 3.139119218700248 -0.473796427471473
-0.004667837779584 -0.442275332658167 0.037936013280645 -0.010518683555452 0.324352178089538 0.221186191926853 -0.990173376048051 3.128552653262062 -0.480468720929217
-0.004720431197361 -0.440653571767719 0.039041944240279 -0.015469550435692 0.339994941355848 0.218783848322207 -0.986655760241636 3.116891066794469 -0.487141014391401
-0.004797778949540 -0.438953597060940 0.040135863481890 -0.020402829236901 0.355579396689820 0.216348143250250 -0.982787371047317 3.104134459197549 -0.493813307853586
-0.004899793095724 -0.437175700077491 0.041217604198141 -0.025316766092137 0.371100068985808 0.213879076710982 -0.978568208502562 3.090282830573443 -0.500485601311329
-0.005026376926185 -0.435320199732562 0.042286999581696 -0.030209607134650 0.386551483138675 0.211376648704426 -0.973998272565599 3.075336180813348 -0.507157894773513
-0.005177424961858 -0.433387442316868 0.043343882825218 -0.035079598497478 0.401928164042742 0.208840859230558 -0.969077563293258 3.059294510074917 -0.513830188235698
-0.005352822954346 -0.431377801496654 0.044388087121371 -0.039924986313944 0.417224636593116 0.206271708289379 -0.963806080613722 3.042157818140545 -0.520502481701213
-0.005552447885915 -0.429291678313689 0.045419445662818 -0.044744016717013 0.432435425683819 0.203669195880873 -0.958183824592979 3.023926105221175 -0.527174775155625
-0.005776167969500 -0.427129501185270 0.046437791642222 -0.049534935839978 0.447555056209925 0.201033322005095 -0.952210795182595 3.004599371156935 -0.533847068617810
-0.006023842648700 -0.424891725904220 0.047442958252248 -0.054295989815891 0.462578053065710 0.198364086662006 -0.945886992414005 2.984177616063288 -0.540519362083325
-0.006295322597780 -0.422578835638892 0.048434778685558 -0.059025424777961 0.477498941146026 0.195661489851590 -0.939212416273191 2.962660839871400 -0.547191655542179
-0.006590449721670 -0.420191340933161 0.049413086134816 -0.063721486859327 0.492312245345383 0.192925531573879 -0.932187066766191 2.940049042612358 -0.553863948998812
-0.006909057155966 -0.417729779706435 0.050377713792685 -0.068382422193158 0.507012490558445 0.190156211828885 -0.924810943881971 2.916342224263957 -0.560536242469878
-0.007250969266932 -0.415194717253642 0.051328494851830 -0.073006476912568 0.521594201679765 0.187353530616535 -0.917084047626429 2.891540384819535 -0.567208535920960
-0.007616001651495 -0.412586746245243 0.052265262504912 -0.077591897150700 0.536051903603862 0.184517487936930 -0.909006378013444 2.865643524341266 -0.573880829392026
-0.008003961137248 -0.409906486727224 0.053187849944597 -0.082136929040767 0.550380121225569 0.181648083789970 -0.900577935025043 2.838651642775858 -0.580553122844218
-0.008414645782452 -0.407154586121096 0.054096090363547 -0.086639818715892 0.564573379439448 0.178745318175749 -0.891798718666292 2.810564740114430 -0.587225416309733
-0.008847844876032 -0.404331719223899 0.054989816954426 -0.091098812309224 0.578626203140020 0.175809191094201 -0.882668728929906 2.781382816359201 -0.593897709771918
-0.009303338937578 -0.401438588208199 0.055868862909897 -0.095512155953873 0.592533117221816 0.172839702545341 -0.873187965838088 2.751105871576787 -0.600570003230771
-0.009780899717347 -0.398475922622090 0.056733061422623 -0.099878095783064 0.606288646579700 0.169836852529187 -0.863356429371756 2.719733905685029 -0.607242296690735
-0.010280290196262 -0.395444479389191 0.057582245685269 -0.104194877929922 0.619887316108125 0.166800641045733 -0.853174119526123 2.687266918706133 -0.613914590158471
-0.010801264585912 -0.392345042808651 0.058416248890498 -0.108460748527553 0.633323650701656 0.163731068094941 -0.842641036323324 2.653704910671184 -0.620586883615104
-0.011343568328550 -0.389178424555143 0.059234904230973 -0.112673953709170 0.646592175255012 0.160628133676866 -0.831757179745735 2.619047881557979 -0.627259177073958
-0.011906938097096 -0.385945463678867 0.060038044899357 -0.116832739607898 0.659687414662802 0.157491837791496 -0.820522549799391 2.583295831353194 -0.633931470536142
-0.012491101795135 -0.382647026605553 0.060825504088314 -0.120935352356895 0.672603893819568 0.154322180438815 -0.808937146481933 2.546448760074593 -0.640603764002767
-0.013095778556920 -0.379284007136456 0.061597114990508 -0.124980038089305 0.685336137619941 0.151119161618801 -0.797000969799400 2.508506667737720 -0.647276057459401
-0.013720678747366 -0.375857326448356 0.062352710798602 -0.128965042938302 0.697878670958629 0.147882781331504 -0.784714019738536 2.469469554293724 -0.653948350921585
-0.014365503962058 -0.372367933093563 0.063092124705260 -0.132888613036995 0.710226018730098 0.144613039576896 -0.772076296319535 2.429337419795896 -0.660620644383769
-0.015029947027243 -0.368816802999912 0.063815189903144 -0.136748994518592 0.722372705829077 0.141309936354977 -0.759087799517277 2.388110264199828 -0.667292937842623
-0.015713691999836 -0.365204939470767 0.064521739584919 -0.140544433516179 0.734313257150077 0.137973471665764 -0.745748529356327 2.345788087543266 -0.673965231304807
-0.016416414167416 -0.361533373185016 0.065211606943248 -0.144273176162960 0.746042197587793 0.134603645509240 -0.732058485821696 2.302370889799565 -0.680637524764771
-0.017137780048231 -0.357803162197078 0.065884625170794 -0.147933468592069 0.757554052036791 0.131200457885416 -0.718017668916715 2.257858670979829 -0.687309818232507
-0.017877447391192 -0.354015391936894 0.066540627460221 -0.151523556936652 0.768843345391690 0.127763908794254 -0.703626078643743 2.212251431092938 -0.693982111683589
-0.018635065175875 -0.350171175209935 0.067179447004193 -0.155041687329871 0.779904602547155 0.124293998235836 -0.688883715001531 2.165549170110026 -0.700654405154655
-0.019410273612524 -0.346271652197199 0.067800916995372 -0.158486105904879 0.790732348397705 0.120790726210063 -0.673790577987166 2.117751888066621 -0.707326698610178
-0.020202704142049 -0.342317990455211 0.068404870626422 -0.161855058794814 0.801321107838038 0.117254092717012 -0.658346667606335 2.068859584940519 -0.713998992069032
-0.021011979436023 -0.338311384916021 0.068991141090007 -0.165146792132846 0.811665405762740 0.113684097756667 -0.642551983850437 2.018872260725058 -0.720671285536767
-0.021837713396687 -0.334253057887207 0.069559561578791 -0.168359552052098 0.821759767066366 0.110080741328983 -0.626406526732792 1.967789915451323 -0.727343578993400
-0.022679511156947 -0.330144259051875 0.070109965285436 -0.171491584685762 0.831598716643622 0.106444023434016 -0.609910296234945 1.915612549072687 -0.734015872457805
-0.023536969080376 -0.325986265468657 0.070642185402606 -0.174541136166937 0.841176779388986 0.102773944071727 -0.593063292383816 1.862340161669085 -0.740688165916659
-0.024409674761211 -0.321780381571712 0.071156055122964 -0.177506452628856 0.850488480197331 0.099070503242144 -0.575865515141799 1.807972753109510 -0.747360459378843
-0.025297207024355 -0.317527939170725 0.071651407639175 -0.180385780204565 0.859528343962879 0.095333700945249 -0.558316964545669 1.752510323540513 -0.754032752839917
-0.026199135925378 -0.313230297450911 0.072128076143901 -0.183177365027293 0.868290895580581 0.091563537181050 -0.540417640577245 1.695952872866613 -0.760705046302101
-0.027115022750515 -0.308888842973008 0.072585893829806 -0.185879453230180 0.876770659944914 0.087760011949539 -0.522167543236390 1.638300401118897 -0.767377339760955
-0.028044420016665 -0.304504989673284 0.073024693889554 -0.188490290946362 0.884962161950509 0.083923125250734 -0.503566672526296 1.579552908292925 -0.774049633222029
-0.028986871471397 -0.300080178863531 0.073444309515808 -0.191008124308993 0.892859926491973 0.080052877084624 -0.484615028444046 1.519710394373153 -0.780721926687544
-0.029941912092942 -0.295615879231071 0.073844573901231 -0.193431199451213 0.900458478463839 0.076149267451187 -0.465312611002133 1.458772859415092 -0.787394220144177
-0.030909068090198 -0.291113586838752 0.074225320238487 -0.195757762506224 0.907752342760915 0.072212296350466 -0.445659420177380 1.396740303343247 -0.794066513607472
-0.031887856902729 -0.286574825124947 0.074586381720239 -0.197986059607111 0.914736044277631 0.068241963782428 -0.425655455993934 1.333612726215350 -0.800738807070767
-0.032877787200765 -0.282001144903559 0.074927591539151 -0.200114336887081 0.921404107908708 0.064238269747074 -0.405300718428758 1.269390127975889 -0.807411100528510
-0.033878358885200 -0.277394124364016 0.075248782887887 -0.202140840479224 0.927751058548587 0.060201214244432 -0.384595207507388 1.204072508707021 -0.814083393987364
-0.034889063087596 -0.272755369071273 0.075549788959109 -0.204063816516761 0.933771421092122 0.056130797274495 -0.363538923209006 1.137659868337693 -0.820755687455099
-0.035909382170180 -0.268086511965812 0.075830442945481 -0.205881511132806 0.939459720433811 0.052027018837220 -0.342131865541662 1.070152206883446 -0.827427980911732
-0.036938789725844 -0.263389213363643 0.076090578039667 -0.207592170460515 0.944810481468228 0.047889878932661 -0.320374034505910 1.001549524359824 -0.834100274376137
-0.037976750578147 -0.258665160956302 0.076330027434331 -0.209194040633044 0.949818229090027 0.043719377560780 -0.298265430096478 0.931851820753504 -0.840772567834991
-0.039022720781312 -0.253916069810852 0.076548624322135 -0.210685367783527 0.954477488193795 0.039515514721605 -0.275806052324190 0.861059096082251 -0.847444861300506
-0.040076147620230 -0.249143682369883 0.076746201895743 -0.212064398045148 0.958782783674206 0.035278290415103 -0.252995901177111 0.789171350316087 -0.854117154751588
-0.041136469610455 -0.244349768451512 0.076922593347818 -0.213329377551033 0.962728640425786 0.031007704641345 -0.229834976664400 0.716188583496091 -0.860789448223764
-0.042203116498211 -0.239536125249383 0.077077631871025 -0.214478552434355 0.966309583343267 0.026703757400226 -0.206323278774956 0.642110795561202 -0.867461741679287
-0.043275509260382 -0.234704577332667 0.077211150658026 -0.215510168828230 0.969520137321073 0.022366448691830 -0.182460807524043 0.566937986589133 -0.874134035143692
-0.044353060104524 -0.229856976646061 0.077322982901485 -0.216422472865850 0.972354827254018 0.017995778516111 -0.158247562898339 0.490670156514383 -0.880806328603656
-0.045435172468853 -0.224995202509791 0.077412961794066 -0.217213710680342 0.974808178036590 0.013591746873093 -0.133683544905616 0.413307305370259 -0.887478622060289
-0.046521241022255 -0.220121161619608 0.077480920528431 -0.217882128404870 0.976874714563442 0.009154353762791 -0.108768753541433 0.334849433145656 -0.894150915528025
-0.047610651664279 -0.215236788046791 0.077526692297245 -0.218425972172577 0.978548961729170 0.004683599185151 -0.083503188808842 0.255296539848349 -0.900823208984658
-0.048702781525142 -0.210344043238145 0.077550110293171 -0.218843488116621 0.979825444428412 0.000179483140228 -0.057886850704791 0.174648625467233 -0.907495502450173
-0.049796998965725 -0.205444916016003 0.077551007708872 -0.219132922370145 0.980698687555748 -0.004357994372023 -0.031919739232611 0.092905690012302 -0.914167795909027
-0.050892663577576 -0.200541422578224 0.077529217737012 -0.219292521066308 0.981163216005809 -0.008928833351568 -0.005601854390636 0.010067733475783 -0.920840089371211
-0.051989126182907 -0.195635606498195 0.077484573570254 -0.219320530338261 0.981213554673188 -0.013533033798424 0.021066803818914 -0.073865244123450 -0.927512382828954
-0.053085728834598 -0.190729538724829 0.077416908401262 -0.219215196319167 0.980844228452571 -0.018170595712569 0.048086235404643 -0.158893242823144 -0.934184676294469
-0.054181804816194 -0.185825317582566 0.077326055422699 -0.218974765142144 0.980049762238455 -0.022841519094041 0.075456440352117 -0.245016262587772 -0.940856969753323
-0.055276678641905 -0.180925068771374 0.077211847827229 -0.218597482940383 0.978824680925516 -0.027545803942808 0.103177418673273 -0.332234303421775 -0.947529263215507
-0.056369666056607 -0.176030945366747 0.077074118807515 -0.218081595847017 0.977163509408407 -0.032283450258885 0.131249170366443 -0.420547365354018 -0.954201556676582
-0.057460074035842 -0.171145127819705 0.076912701556220 -0.217425349995184 0.975060772581637 -0.037054458042268 0.159671695422470 -0.509955448348975 -0.960873850139876
-0.058547200785818 -0.166269823956796 0.076727429266009 -0.216626991518072 0.972510995339892 -0.041858827292968 0.188444993856063 -0.600458552426630 -0.967546143596509
-0.059630335743408 -0.161407268980097 0.076518135129544 -0.215684766548792 0.969508702577759 -0.046696558010950 0.217569065652790 -0.692056677575881 -0.974218437062024
-0.060708759576152 -0.156559725467208 0.076284652339490 -0.214596921220528 0.966048419189880 -0.051567650196260 0.247043910822642 -0.784749823807829 -0.980890730519768
-0.061781744182255 -0.151729483371259 0.076026814088508 -0.213361701666415 0.962124670070841 -0.056472103848859 0.276869529363677 -0.878537991120254 -0.987563023985283
-0.062848552690587 -0.146918860020904 0.075744453569264 -0.211977354019596 0.957731980115240 -0.061409918968786 0.307045921267290 -0.973421179506495 -0.994235317440806
-0.063908439460685 -0.142130200120328 0.075437403974420 -0.210442124413260 0.952864874217707 -0.066381095555990 0.337573086549026 -1.069399388968773 -1.000907610905211
-0.064960650082751 -0.137365875749240 0.075105498496640 -0.208754258980515 0.947517877272863 -0.071385633610516 0.368451025195005 -1.166472619511527 -1.007579904368505
-0.066004421377654 -0.132628286362875 0.074748570328587 -0.206912003854540 0.941685514175306 -0.076423533132358 0.399679737214109 -1.264640871128098 -1.014252197826249
-0.067038981396926 -0.127919858791999 0.074366452662926 -0.204913605168469 0.935362309819665 -0.081494794121489 0.431259222600233 -1.363904143831807 -1.020924491286213
-0.068063549422769 -0.123243047242901 0.073958978692318 -0.202757309055468 0.928542789100506 -0.086599416577920 0.463189481355597 -1.464262437596009 -1.027596784755058
-0.069077335968046 -0.118600333297398 0.073525981609429 -0.200441361648690 0.921221476912526 -0.091737400501696 0.495470513484642 -1.565715752458452 -1.034269078209471
-0.070079542776290 -0.113994225912835 0.073067294606920 -0.197964009081267 0.913392898150234 -0.096908745892743 0.528102318978485 -1.668264088381388 -1.040941371671655
-0.071069362821696 -0.109427261422084 0.072582750877456 -0.195323497486374 0.905051577708327 -0.102113452751101 0.561084897843789 -1.771907445387022 -1.047613665132729
-0.072045980309128 -0.104902003533543 0.072072183613701 -0.192518072997155 0.896192040481392 -0.107351521076765 0.594418250081663 -1.876645823482015 -1.054285958596024
-0.073008570674114 -0.100421043331136 0.071535426008317 -0.189545981746747 0.886808811363982 -0.112622950869745 0.628102375684336 -1.982479222630840 -1.060958252053767
-0.073956300582847 -0.095986999274316 0.070972311253968 -0.186405469868325 0.876896415250827 -0.117927742130014 0.662137274659580 -2.089407642877905 -1.067630545518172
-0.074888327932189 -0.091602517198062 0.070382672543318 -0.183094783495028 0.866449377036438 -0.123265894857605 0.696522947004063 -2.197431084194346 -1.074302838982577
-0.075803801849664 -0.087270270312879 0.069766343069030 -0.179612168760007 0.855462221615466 -0.128637409052518 0.731259392717787 -2.306549546591263 -1.080975132434769
-0.076701862693464 -0.082992959204802 0.069123156023768 -0.175955871796418 0.843929473882510 -0.134042284714692 0.766346611802415 -2.416763030061997 -1.087647425902505
-0.077581642052446 -0.078773311835390 0.068452944600194 -0.172124138737406 0.831845658732200 -0.139480521844204 0.801784604253508 -2.528071534610987 -1.094319719366910
-0.078442262746133 -0.074614083541729 0.067755541990973 -0.168115215716139 0.819205301059145 -0.144952120441039 0.837573370079392 -2.640475060240455 -1.100992012817992
-0.079282838824714 -0.070518057036433 0.067030781388768 -0.163927348865742 0.806002925757943 -0.150457080505129 0.873712909270075 -2.753973606943738 -1.107664306286837
-0.080102475569043 -0.066488042407643 0.066278495986242 -0.159558784319391 0.792233057723224 -0.155995402036563 0.910203221831662 -2.868567174731940 -1.114336599743471
-0.080900269490640 -0.062526877119027 0.065498518976060 -0.155007768210233 0.777890221849564 -0.161567085035280 0.947044307765266 -2.984255763582855 -1.121008893210096
-0.081675308331691 -0.058637426009779 0.064690683550883 -0.150272546671407 0.762968943031650 -0.167172129501331 0.984236167067554 -3.101039373532011 -1.127681186665619
-0.082426671065048 -0.054822581294621 0.063854822903377 -0.145351365836069 0.747463746163990 -0.172810535434659 1.021778799735751 -3.218918004539439 -1.134353480132244
-0.083153427894228 -0.051085262563801 0.062990770226203 -0.140242471837390 0.731369156141293 -0.178482302835320 1.059672205779294 -3.337891656638448 -1.141025773589988
-0.083854640253415 -0.047428416783095 0.062098358712027 -0.134944110808494 0.714679697858100 -0.184187431703270 1.097916385187081 -3.457960329797949 -1.147698067051062
-0.084529360807458 -0.043855018293804 0.061177421553510 -0.129454528882558 0.697389896209111 -0.189925922038525 1.136511337971879 -3.579124024062352 -1.154370360514356
-0.085176633451870 -0.040368068812758 0.060227791943318 -0.123771972192699 0.679494276088799 -0.195697773841097 1.175457064117591 -3.701382739376147 -1.161042653972100
-0.085795493312834 -0.036970597432314 0.059249303074112 -0.117894686872111 0.660987362391918 -0.201502987110957 1.214753563638094 -3.824736475785961 -1.167714947436505
-0.086384966747194 -0.033665660620355 0.058241788138557 -0.111820919053920 0.641863680012988 -0.207341561848140 1.254400836528946 -3.949185233267372 -1.174387240900909
-0.086944071342464 -0.030456342220290 0.057205080329317 -0.105548914871276 0.622117753846652 -0.213213498052645 1.294398882786818 -4.074729011822598 -1.181059534353102
-0.087471815916820 -0.027345753451057 0.056139012839053 -0.099076920457342 0.601744108787539 -0.219118795724410 1.334747702413930 -4.201367811456080 -1.187731827820837
-0.087967200519107 -0.024337032907119 0.055043418860431 -0.092403181945272 0.580737269730258 -0.225057454863514 1.375447295414722 -4.329101632174481 -1.194404121281911
-0.088429216428833 -0.021433346558468 0.053918131586114 -0.085525945468198 0.559091761569386 -0.231029475469924 1.416497661779759 -4.457930473966698 -1.201076414739655
-0.088856846156174 -0.018637887750621 0.052762984208764 -0.078443457159300 0.536802109199552 -0.237034857543622 1.457898801519586 -4.587854336834951 -1.207748708201839
-0.089249063441971 -0.015953877204623 0.051577809921046 -0.071153963151702 0.513862837515378 -0.243073601084631 1.499650714626433 -4.718873220777020 -1.214421001668464
-0.089604833257729 -0.013384563017046 0.050362441915623 -0.063655709578569 0.490268471411492 -0.249145706092974 1.541753401101409 -4.850987125806228 -1.221093295120657
-0.089923111805622 -0.010933220659989 0.049116713385158 -0.055946942573062 0.466013535782461 -0.255251172568577 1.584206860950066 -4.984196051907031 -1.227765588592833
-0.090202846518488 -0.008603152981076 0.047840457522315 -0.048025908268312 0.441092555522926 -0.261390000511541 1.627011094165742 -5.118499999083870 -1.234437882046135
-0.090442976059829 -0.006397690203462 0.046533507519757 -0.039890852797483 0.415500055527507 -0.267562189921772 1.670166100750103 -5.253898967341186 -1.241110175504989
-0.090642430323817 -0.004320189925824 0.045195696570149 -0.031540022293733 0.389230560690801 -0.273767740799297 1.713671880707590 -5.390392956681200 -1.247782468973835
-0.090800130435285 -0.002374037122370 0.043826857866152 -0.022971662890195 0.362278595907395 -0.280006653144166 1.757528434030431 -5.527981967083928 -1.254454762431578
-0.090914988749736 -0.000562644142833 0.042426824600431 -0.014184020720043 0.334638686071975 -0.286278926956324 1.801735760726952 -5.666665998578235 -1.261127055890432
-0.090985908853336 0.001110549287527 0.040995429965650 -0.005175341916408 0.306305356079084 -0.292584562235776 1.846293860791604 -5.806445051148579 -1.267799349355947
-0.091011785562918 0.002642076067922 0.039532507154471 0.004056127387550 0.277273130823341 -0.298923558982556 1.891202734224384 -5.947319124788297 -1.274471642813690
-0.090991504925981 0.004028441722039 0.038037889359558 0.013512141058672 0.247536535199400 -0.305295917196624 1.936462381030291 -6.089288219515154 -1.281143936276985
-0.090923944220687 0.005266124398036 0.036511409773575 0.023194452963823 0.217090094101824 -0.311701636878009 1.982072801200441 -6.232352335309166 -1.287816229738059
-0.090807971955868 0.006351574868545 0.034952901589185 0.033104816969826 0.185928332425278 -0.318140718026699 2.028033994746492 -6.376511472188096 -1.294488523200243
-0.090642447871019 0.007281216530671 0.033362197999051 0.043244986943558 0.154045775064338 -0.324613160642701 2.074345961658453 -6.521765630147502 -1.301160816657987
-0.090426222936301 0.008051445405993 0.031739132195838 0.053616716751850 0.121436946913600 -0.331118964725990 2.121008701939098 -6.668114809176284 -1.307833110121281
-0.090158139352542 0.008658630140561 0.030083537372208 0.064221760261546 0.088096372867719 -0.337658130276597 2.168022215593424 -6.815559009285543 -1.314505403582356
-0.089837030551234 0.009099112004900 0.028395246720825 0.075061871339513 0.054018577821291 -0.344230657294509 2.215386502614214 -6.964098230479721 -1.321177697047871
-0.089461721194537 0.009369204894006 0.026674093434352 0.086138803852584 0.019198086668892 -0.350836545779748 2.263101563004799 -7.113732472734391 -1.327849990497842
-0.089031027175274 0.009465195327351 0.024919910705454 0.097454311667608 -0.016370575694780 -0.357475795732237 2.311167396768510 -7.264461736085082 -1.334522283973349
-0.088543755616936 0.009383342448877 0.023132531726792 0.109010148651451 -0.052692884375205 -0.364148407152104 2.359584003895354 -7.416286020505147 -1.341194577422211
-0.087998704873679 0.009119878027001 0.021311789691032 0.120808068670927 -0.089774314477731 -0.370854380039215 2.408351384399765 -7.569205326003470 -1.347866870892167
-0.087394664530324 0.008671006454612 0.019457517790836 0.132849825592926 -0.127620341107748 -0.377593714393676 2.457469538267310 -7.723219652573388 -1.354539164351021
-0.086730415402359 0.008032904749073 0.017569549218867 0.145137173284263 -0.166236439370615 -0.384366410215431 2.506938465506314 -7.878329000230444 -1.361211457808764
-0.086004729535938 0.007201722552220 0.015647717167790 0.157671865611794 -0.205628084371767 -0.391172467504475 2.556758166118445 -8.034533368961316 -1.367883751269838
-0.085216370207879 0.006173582130361 0.013691854830268 0.170455656442386 -0.245800751216574 -0.398011886260824 2.606928640095374 -8.191832758774886 -1.374556044739794
-0.084364091925667 0.004944578374278 0.011701795398964 0.183490299642863 -0.286759915010448 -0.404884666484523 2.657449887443764 -8.350227169651170 -1.381228338187546
-0.083446640427453 0.003510778799226 0.009677372066541 0.196777549080082 -0.328511050858704 -0.411790808175461 2.708321908163613 -8.509716601616812 -1.387900631657502
-0.082462752682052 0.001868223544933 0.007618418025664 0.210319158620900 -0.371059633866788 -0.418730311333748 2.759544702249928 -8.670301054665153 -1.394572925120796
-0.081411156888948 0.000012925375599 0.005524766468995 0.224116882132150 -0.414411139140114 -0.425703175959352 2.811118269709367 -8.831980528776207 -1.401245218578540
-0.080290572478287 -0.002059130320102 0.003396250589198 0.238172473480697 -0.458571041783995 -0.432709402052245 2.811118269709367 -8.831980528776207 -1.401245218578540
-0.079099710110884 -0.004351985529022 0.001232703578937 -0.238172473480697 0.458571041783995 0.432709402052245 2.759544702249928 -8.670301054665153 -1.394572925120796
-0.080290572478287 -0.002059130320102 0.003396250589198 -0.224116882132150 0.414411139140114 0.425703175959352 2.708321908163613 -8.509716601616812 -1.387900631657502
-0.081411156888948 0.000012925375599 0.005524766468995 -0.210319158620900 0.371059633866788 0.418730311333748 2.657449887443764 -8.350227169651170 -1.381228338187546
-0.082462752682052 0.001868223544933 0.007618418025664 -0.196777549080082 0.328511050858704 0.411790808175461 2.606928640095374 -8.191832758774886 -1.374556044739794
-0.083446640427453 0.003510778799226 0.009677372066541 -0.183490299642863 0.286759915010448 0.404884666484523 2.556758166118445 -8.034533368961316 -1.367883751269838
-0.084364091925667 0.004944578374278 0.011701795398964 -0.170455656442386 0.245800751216574 0.398011886260824 2.506938465506314 -7.878329000230444 -1.361211457808764
-0.085216370207879 0.006173582130361 0.013691854830268 -0.157671865611794 0.205628084371767 0.391172467504475 2.457469538267310 -7.723219652573388 -1.354539164351021
-0.086004729535938 0.007201722552220 0.015647717167790 -0.145137173284263 0.166236439370615 0.384366410215431 2.408351384399765 -7.569205326003470 -1.347866870892167
-0.086730415402359 0.008032904749073 0.017569549218867 -0.132849825592926 0.127620341107748 0.377593714393676 2.359584003895354 -7.416286020505147 -1.341194577422211
-0.087394664530324 0.008671006454612 0.019457517790836 -0.120808068670927 0.089774314477731 0.370854380039215 2.311167396768510 -7.264461736085082 -1.334522283973349
-0.087998704873679 0.009119878027001 0.021311789691032 -0.109010148651451 0.052692884375205 0.364148407152104 2.263101563004799 -7.113732472734391 -1.327849990497842
-0.088543755616936 0.009383342448877 0.023132531726792 -0.097454311667608 0.016370575694780 0.357475795732237 2.215386502614214 -6.964098230479721 -1.321177697047871
-0.089031027175274 0.009465195327351 0.024919910705454 -0.086138803852584 -0.019198086668892 0.350836545779748 2.168022215593424 -6.815559009285543 -1.314505403582356
-0.089461721194537 0.009369204894006 0.026674093434352 -0.075061871339513 -0.054018577821291 0.344230657294509 2.121008701939098 -6.668114809176284 -1.307833110121281
-0.089837030551234 0.009099112004900 0.028395246720825 -0.064221760261546 -0.088096372867719 0.337658130276597 2.074345961658453 -6.521765630147502 -1.301160816657987
-0.090158139352542 0.008658630140561 0.030083537372208 -0.053616716751850 -0.121436946913600 0.331118964725990 2.028033994746492 -6.376511472188096 -1.294488523200243
-0.090426222936301 0.008051445405993 0.031739132195838 -0.043244986943558 -0.154045775064338 0.324613160642701 1.982072801200441 -6.232352335309166 -1.287816229738059
-0.090642447871019 0.007281216530671 0.033362197999051 -0.033104816969826 -0.185928332425278 0.318140718026699 1.936462381030291 -6.089288219515154 -1.281143936276985
-0.090807971955868 0.006351574868545 0.034952901589185 -0.023194452963823 -0.217090094101824 0.311701636878009 1.891202734224384 -5.947319124788297 -1.274471642813690
-0.090923944220687 0.005266124398036 0.036511409773575 -0.013512141058672 -0.247536535199400 0.305295917196624 1.846293860791604 -5.806445051148579 -1.267799349355947
-0.090991504925981 0.004028441722039 0.038037889359558 -0.004056127387550 -0.277273130823341 0.298923558982556 1.801735760726952 -5.666665998578235 -1.261127055890432
-0.091011785562918 0.002642076067922 0.039532507154471 0.005175341916408 -0.306305356079084 0.292584562235776 1.757528434030431 -5.527981967083928 -1.254454762431578
-0.090985908853336 0.001110549287527 0.040995429965650 0.014184020720043 -0.334638686071975 0.286278926956324 1.713671880707590 -5.390392956681200 -1.247782468973835
-0.090914988749736 -0.000562644142833 0.042426824600431 0.022971662890195 -0.362278595907395 0.280006653144166 1.670166100750103 -5.253898967341186 -1.241110175504989
-0.090800130435285 -0.002374037122370 0.043826857866152 0.031540022293733 -0.389230560690801 0.273767740799297 1.627011094165742 -5.118499999083870 -1.234437882046135
-0.090642430323817 -0.004320189925824 0.045195696570149 0.039890852797483 -0.415500055527507 0.267562189921772 1.584206860950066 -4.984196051907031 -1.227765588592833
-0.090442976059829 -0.006397690203462 0.046533507519757 0.048025908268312 -0.441092555522926 0.261390000511541 1.541753401101409 -4.850987125806228 -1.221093295120657
-0.090202846518488 -0.008603152981076 0.047840457522315 0.055946942573062 -0.466013535782461 0.255251172568577 1.499650714626433 -4.718873220777020 -1.214421001668464
-0.089923111805622 -0.010933220659989 0.049116713385158 0.063655709578569 -0.490268471411492 0.249145706092974 1.457898801519586 -4.587854336834951 -1.207748708201839
-0.089604833257729 -0.013384563017046 0.050362441915623 0.071153963151702 -0.513862837515378 0.243073601084631 1.416497661779759 -4.457930473966698 -1.201076414739655
-0.089249063441971 -0.015953877204623 0.051577809921046 0.078443457159300 -0.536802109199552 0.237034857543622 1.375447295414722 -4.329101632174481 -1.194404121281911
-0.088856846156174 -0.018637887750621 0.052762984208764 0.085525945468198 -0.559091761569386 0.231029475469924 1.334747702413930 -4.201367811456080 -1.187731827820837
-0.088429216428833 -0.021433346558468 0.053918131586114 0.092403181945272 -0.580737269730258 0.225057454863514 1.294398882786818 -4.074729011822598 -1.181059534353102
-0.087967200519107 -0.024337032907119 0.055043418860431 0.099076920457342 -0.601744108787539 0.219118795724410 1.254400836528946 -3.949185233267372 -1.174387240900909
-0.087471815916820 -0.027345753451057 0.056139012839053 0.105548914871276 -0.622117753846652 0.213213498052645 1.214753563638094 -3.824736475785961 -1.167714947436505
-0.086944071342464 -0.030456342220290 0.057205080329317 0.111820919053920 -0.641863680012988 0.207341561848140 1.175457064117591 -3.701382739376147 -1.161042653972100
-0.086384966747194 -0.033665660620355 0.058241788138557 0.117894686872111 -0.660987362391918 0.201502987110957 1.136511337971879 -3.579124024062352 -1.154370360514356
-0.085795493312834 -0.036970597432314 0.059249303074112 0.123771972192699 -0.679494276088799 0.195697773841097 1.097916385187081 -3.457960329797949 -1.147698067051062
-0.085176633451870 -0.040368068812758 0.060227791943318 0.129454528882558 -0.697389896209111 0.189925922038525 1.059672205779294 -3.337891656638448 -1.141025773589988
-0.084529360807458 -0.043855018293804 0.061177421553510 0.134944110808494 -0.714679697858100 0.184187431703270 1.021778799735751 -3.218918004539439 -1.134353480132244
-0.083854640253415 -0.047428416783095 0.062098358712027 0.140242471837390 -0.731369156141293 0.178482302835320 0.984236167067554 -3.101039373532011 -1.127681186665619
-0.083153427894228 -0.051085262563801 0.062990770226203 0.145351365836069 -0.747463746163990 0.172810535434659 0.947044307765266 -2.984255763582855 -1.121008893210096
-0.082426671065048 -0.054822581294621 0.063854822903377 0.150272546671407 -0.762968943031650 0.167172129501331 0.910203221831662 -2.868567174731940 -1.114336599743471
-0.081675308331691 -0.058637426009779 0.064690683550883 0.155007768210233 -0.777890221849564 0.161567085035280 0.873712909270075 -2.753973606943738 -1.107664306286837
-0.080900269490640 -0.062526877119027 0.065498518976060 0.159558784319391 -0.792233057723224 0.155995402036563 0.837573370079392 -2.640475060240455 -1.100992012817992
-0.080102475569043 -0.066488042407643 0.066278495986242 0.163927348865742 -0.806002925757943 0.150457080505129 0.801784604253508 -2.528071534610987 -1.094319719366910
-0.079282838824714 -0.070518057036433 0.067030781388768 0.168115215716139 -0.819205301059145 0.144952120441039 0.766346611802415 -2.416763030061997 -1.087647425902505
-0.078442262746133 -0.074614083541729 0.067755541990973 0.172124138737406 -0.831845658732200 0.139480521844204 0.731259392717787 -2.306549546591263 -1.080975132434769
-0.077581642052446 -0.078773311835390 0.068452944600194 0.175955871796418 -0.843929473882510 0.134042284714692 0.696522947004063 -2.197431084194346 -1.074302838982577
-0.076701862693464 -0.082992959204802 0.069123156023768 0.179612168760007 -0.855462221615466 0.128637409052518 0.662137274659580 -2.089407642877905 -1.067630545518172
-0.075803801849664 -0.087270270312879 0.069766343069030 0.183094783495028 -0.866449377036438 0.123265894857605 0.628102375684336 -1.982479222630840 -1.060958252053767
-0.074888327932189 -0.091602517198062 0.070382672543318 0.186405469868325 -0.876896415250827 0.117927742130014 0.594418250081663 -1.876645823482015 -1.054285958596024
-0.073956300582847 -0.095986999274316 0.070972311253968 0.189545981746747 -0.886808811363982 0.112622950869745 0.561084897843789 -1.771907445387022 -1.047613665132729
-0.073008570674114 -0.100421043331136 0.071535426008317 0.192518072997155 -0.896192040481392 0.107351521076765 0.528102318978485 -1.668264088381388 -1.040941371671655
-0.072045980309128 -0.104902003533543 0.072072183613701 0.195323497486374 -0.905051577708327 0.102113452751101 0.495470513484642 -1.565715752458452 -1.034269078209471
-0.071069362821696 -0.109427261422084 0.072582750877456 0.197964009081267 -0.913392898150234 0.096908745892743 0.463189481355597 -1.464262437596009 -1.027596784755058
-0.070079542776290 -0.113994225912835 0.073067294606920 0.200441361648690 -0.921221476912526 0.091737400501696 0.431259222600233 -1.363904143831807 -1.020924491286213
-0.069077335968046 -0.118600333297398 0.073525981609429 0.202757309055468 -0.928542789100506 0.086599416577920 0.399679737214109 -1.264640871128098 -1.014252197826249
-0.068063549422769 -0.123243047242901 0.073958978692318 0.204913605168469 -0.935362309819665 0.081494794121489 0.368451025195005 -1.166472619511527 -1.007579904368505
-0.067038981396926 -0.127919858791999 0.074366452662926 0.206912003854540 -0.941685514175306 0.076423533132358 0.337573086549026 -1.069399388968773 -1.000907610905211
-0.066004421377654 -0.132628286362875 0.074748570328587 0.208754258980515 -0.947517877272863 0.071385633610516 0.307045921267290 -0.973421179506495 -0.994235317440806
-0.064960650082751 -0.137365875749240 0.075105498496640 0.210442124413260 -0.952864874217707 0.066381095555990 0.276869529363677 -0.878537991120254 -0.987563023985283
-0.063908439460685 -0.142130200120328 0.075437403974420 0.211977354019596 -0.957731980115240 0.061409918968786 0.247043910822642 -0.784749823807829 -0.980890730519768
-0.062848552690587 -0.146918860020904 0.075744453569264 0.213361701666415 -0.962124670070841 0.056472103848859 0.217569065652790 -0.692056677575881 -0.974218437062024
-0.061781744182255 -0.151729483371259 0.076026814088508 0.214596921220528 -0.966048419189880 0.051567650196260 0.188444993856063 -0.600458552426630 -0.967546143596509
-0.060708759576152 -0.156559725467208 0.076284652339490 0.215684766548792 -0.969508702577759 0.046696558010950 0.159671695422470 -0.509955448348975 -0.960873850139876
-0.059630335743408 -0.161407268980097 0.076518135129544 0.216626991518072 -0.972510995339892 0.041858827292968 0.131249170366443 -0.420547365354018 -0.954201556676582
-0.058547200785818 -0.166269823956796 0.076727429266009 0.217425349995184 -0.975060772581637 0.037054458042268 0.103177418673273 -0.332234303421775 -0.947529263215507
-0.057460074035842 -0.171145127819705 0.076912701556220 0.218081595847017 -0.977163509408407 0.032283450258885 0.075456440352117 -0.245016262587772 -0.940856969753323
-0.056369666056607 -0.176030945366747 0.077074118807515 0.218597482940383 -0.978824680925516 0.027545803942808 0.048086235404643 -0.158893242823144 -0.934184676294469
-0.055276678641905 -0.180925068771374 0.077211847827229 0.218974765142144 -0.980049762238455 0.022841519094041 0.021066803818914 -0.073865244123450 -0.927512382828954
-0.054181804816194 -0.185825317582566 0.077326055422699 0.219215196319167 -0.980844228452571 0.018170595712569 -0.005601854390636 0.010067733475783 -0.920840089371211
-0.053085728834598 -0.190729538724829 0.077416908401262 0.219320530338261 -0.981213554673188 0.013533033798424 -0.031919739232611 0.092905690012302 -0.914167795909027
-0.051989126182907 -0.195635606498195 0.077484573570254 0.219292521066308 -0.981163216005809 0.008928833351568 -0.057886850704791 0.174648625467233 -0.907495502450173
-0.050892663577576 -0.200541422578224 0.077529217737012 0.219132922370145 -0.980698687555748 0.004357994372023 -0.083503188808842 0.255296539848349 -0.900823208984658
-0.049796998965725 -0.205444916016003 0.077551007708872 0.218843488116621 -0.979825444428412 -0.000179483140228 -0.108768753541433 0.334849433145656 -0.894150915528025
-0.048702781525142 -0.210344043238145 0.077550110293171 0.218425972172577 -0.978548961729170 -0.004683599185151 -0.133683544905616 0.413307305370259 -0.887478622060289
-0.047610651664279 -0.215236788046791 0.077526692297245 0.217882128404870 -0.976874714563442 -0.009154353762791 -0.158247562898339 0.490670156514383 -0.880806328603656
-0.046521241022255 -0.220121161619608 0.077480920528431 0.217213710680342 -0.974808178036590 -0.013591746873093 -0.182460807524043 0.566937986589133 -0.874134035143692
-0.045435172468853 -0.224995202509791 0.077412961794066 0.216422472865850 -0.972354827254018 -0.017995778516111 -0.206323278774956 0.642110795561202 -0.867461741679287
-0.044353060104524 -0.229856976646061 0.077322982901485 0.215510168828230 -0.969520137321073 -0.022366448691830 -0.229834976664400 0.716188583496091 -0.860789448223764
-0.043275509260382 -0.234704577332667 0.077211150658026 0.214478552434355 -0.966309583343267 -0.026703757400226 -0.252995901177111 0.789171350316087 -0.854117154751588
-0.042203116498211 -0.239536125249383 0.077077631871025 0.213329377551033 -0.962728640425786 -0.031007704641345 -0.275806052324190 0.861059096082251 -0.847444861300506
-0.041136469610455 -0.244349768451512 0.076922593347818 0.212064398045148 -0.958782783674206 -0.035278290415103 -0.298265430096478 0.931851820753504 -0.840772567834991
-0.040076147620230 -0.249143682369883 0.076746201895743 0.210685367783527 -0.954477488193795 -0.039515514721605 -0.320374034505910 1.001549524359824 -0.834100274376137
-0.039022720781312 -0.253916069810852 0.076548624322135 0.209194040633044 -0.949818229090027 -0.043719377560780 -0.342131865541662 1.070152206883446 -0.827427980911732
-0.037976750578147 -0.258665160956302 0.076330027434331 0.207592170460515 -0.944810481468228 -0.047889878932661 -0.363538923209006 1.137659868337693 -0.820755687455099
-0.036938789725844 -0.263389213363643 0.076090578039667 0.205881511132806 -0.939459720433811 -0.052027018837220 -0.384595207507388 1.204072508707021 -0.814083393987364
-0.035909382170180 -0.268086511965812 0.075830442945481 0.204063816516761 -0.933771421092122 -0.056130797274495 -0.405300718428758 1.269390127975889 -0.807411100528510
-0.034889063087596 -0.272755369071273 0.075549788959109 0.202140840479224 -0.927751058548587 -0.060201214244432 -0.425655455993934 1.333612726215350 -0.800738807070767
-0.033878358885200 -0.277394124364016 0.075248782887887 0.200114336887081 -0.921404107908708 -0.064238269747074 -0.445659420177380 1.396740303343247 -0.794066513607472
-0.032877787200765 -0.282001144903559 0.074927591539151 0.197986059607111 -0.914736044277631 -0.068241963782428 -0.465312611002133 1.458772859415092 -0.787394220144177
-0.031887856902729 -0.286574825124947 0.074586381720239 0.195757762506224 -0.907752342760915 -0.072212296350466 -0.484615028444046 1.519710394373153 -0.780721926687544
-0.030909068090198 -0.291113586838752 0.074225320238487 0.193431199451213 -0.900458478463839 -0.076149267451187 -0.503566672526296 1.579552908292925 -0.774049633222029
-0.029941912092942 -0.295615879231071 0.073844573901231 0.191008124308993 -0.892859926491973 -0.080052877084624 -0.522167543236390 1.638300401118897 -0.767377339760955
-0.028986871471397 -0.300080178863531 0.073444309515808 0.188490290946362 -0.884962161950509 -0.083923125250734 -0.540417640577245 1.695952872866613 -0.760705046302101
-0.028044420016665 -0.304504989673284 0.073024693889554 0.185879453230180 -0.876770659944914 -0.087760011949539 -0.558316964545669 1.752510323540513 -0.754032752839917
-0.027115022750515 -0.308888842973008 0.072585893829806 0.183177365027293 -0.868290895580581 -0.091563537181050 -0.575865515141799 1.807972753109510 -0.747360459378843
-0.026199135925378 -0.313230297450911 0.072128076143901 0.180385780204565 -0.859528343962879 -0.095333700945249 -0.593063292383816 1.862340161669085 -0.740688165916659
-0.025297207024355 -0.317527939170725 0.071651407639175 0.177506452628856 -0.850488480197331 -0.099070503242144 -0.609910296234945 1.915612549072687 -0.734015872457805
-0.024409674761211 -0.321780381571712 0.071156055122964 0.174541136166937 -0.841176779388986 -0.102773944071727 -0.626406526732792 1.967789915451323 -0.727343578993400
-0.023536969080376 -0.325986265468657 0.070642185402606 0.171491584685762 -0.831598716643622 -0.106444023434016 -0.642551983850437 2.018872260725058 -0.720671285536767
-0.022679511156947 -0.330144259051875 0.070109965285436 0.168359552052098 -0.821759767066366 -0.110080741328983 -0.658346667606335 2.068859584940519 -0.713998992069032
-0.021837713396687 -0.334253057887207 0.069559561578791 0.165146792132846 -0.811665405762740 -0.113684097756667 -0.673790577987166 2.117751888066621 -0.707326698610178
-0.021011979436023 -0.338311384916021 0.068991141090007 0.161855058794814 -0.801321107838038 -0.117254092717012 -0.688883715001531 2.165549170110026 -0.700654405154655
-0.020202704142049 -0.342317990455211 0.068404870626422 0.158486105904879 -0.790732348397705 -0.120790726210063 -0.703626078643743 2.212251431092938 -0.693982111683589
-0.019410273612524 -0.346271652197199 0.067800916995372 0.155041687329871 -0.779904602547155 -0.124293998235836 -0.718017668916715 2.257858670979829 -0.687309818232507
-0.018635065175875 -0.350171175209935 0.067179447004193 0.151523556936652 -0.768843345391690 -0.127763908794254 -0.732058485821696 2.302370889799565 -0.680637524764771
-0.017877447391192 -0.354015391936894 0.066540627460221 0.147933468592069 -0.757554052036791 -0.131200457885416 -0.745748529356327 2.345788087543266 -0.673965231304807
-0.017137780048231 -0.357803162197078 0.065884625170794 0.144273176162960 -0.746042197587793 -0.134603645509240 -0.759087799517277 2.388110264199828 -0.667292937842623
-0.016416414167416 -0.361533373185016 0.065211606943248 0.140544433516179 -0.734313257150077 -0.137973471665764 -0.772076296319535 2.429337419795896 -0.660620644383769
-0.015713691999836 -0.365204939470767 0.064521739584919 0.136748994518592 -0.722372705829077 -0.141309936354977 -0.784714019738536 2.469469554293724 -0.653948350921585
-0.015029947027243 -0.368816802999912 0.063815189903144 0.132888613036995 -0.710226018730098 -0.144613039576896 -0.797000969799400 2.508506667737720 -0.647276057459401
-0.014365503962058 -0.372367933093563 0.063092124705260 0.128965042938302 -0.697878670958629 -0.147882781331504 -0.808937146481933 2.546448760074593 -0.640603764002767
-0.013720678747366 -0.375857326448356 0.062352710798602 0.124980038089305 -0.685336137619941 -0.151119161618801 -0.820522549799391 2.583295831353194 -0.633931470536142
-0.013095778556920 -0.379284007136456 0.061597114990508 0.120935352356895 -0.672603893819568 -0.154322180438815 -0.831757179745735 2.619047881557979 -0.627259177073958
-0.012491101795135 -0.382647026605553 0.060825504088314 0.116832739607898 -0.659687414662802 -0.157491837791496 -0.842641036323324 2.653704910671184 -0.620586883615104
-0.011906938097096 -0.385945463678867 0.060038044899357 0.112673953709170 -0.646592175255012 -0.160628133676866 -0.853174119526123 2.687266918706133 -0.613914590158471
-0.011343568328550 -0.389178424555143 0.059234904230973 0.108460748527553 -0.633323650701656 -0.163731068094941 -0.863356429371756 2.719733905685029 -0.607242296690735
-0.010801264585912 -0.392345042808651 0.058416248890498 0.104194877929922 -0.619887316108125 -0.166800641045733 -0.873187965838088 2.751105871576787 -0.600570003230771
-0.010280290196262 -0.395444479389191 0.057582245685269 0.099878095783064 -0.606288646579700 -0.169836852529187 -0.882668728929906 2.781382816359201 -0.593897709771918
-0.009780899717347 -0.398475922622090 0.056733061422623 0.095512155953873 -0.592533117221816 -0.172839702545341 -0.891798718666292 2.810564740114430 -0.587225416309733
-0.009303338937578 -0.401438588208199 0.055868862909897 0.091098812309224 -0.578626203140020 -0.175809191094201 -0.900577935025043 2.838651642775858 -0.580553122844218
-0.008847844876032 -0.404331719223899 0.054989816954426 0.086639818715892 -0.564573379439448 -0.178745318175749 -0.909006378013444 2.865643524341266 -0.573880829392026
-0.008414645782452 -0.407154586121096 0.054096090363547 0.082136929040767 -0.550380121225569 -0.181648083789970 -0.917084047626429 2.891540384819535 -0.567208535920960
-0.008003961137248 -0.409906486727224 0.053187849944597 0.077591897150700 -0.536051903603862 -0.184517487936930 -0.924810943881971 2.916342224263957 -0.560536242469878
-0.007616001651495 -0.412586746245243 0.052265262504912 0.073006476912568 -0.521594201679765 -0.187353530616535 -0.932187066766191 2.940049042612358 -0.553863948998812
-0.007250969266932 -0.415194717253642 0.051328494851830 0.068382422193158 -0.507012490558445 -0.190156211828885 -0.939212416273191 2.962660839871400 -0.547191655542179
-0.006909057155966 -0.417729779706435 0.050377713792685 0.063721486859327 -0.492312245345383 -0.192925531573879 -0.945886992414005 2.984177616063288 -0.540519362083325
-0.006590449721670 -0.420191340933161 0.049413086134816 0.059025424777961 -0.477498941146026 -0.195661489851590 -0.952210795182595 3.004599371156935 -0.533847068617810
-0.006295322597780 -0.422578835638892 0.048434778685558 0.054295989815891 -0.462578053065710 -0.198364086662006 -0.958183824592979 3.023926105221175 -0.527174775155625
-0.006023842648700 -0.424891725904220 0.047442958252248 0.049534935839978 -0.447555056209925 -0.201033322005095 -0.963806080613722 3.042157818140545 -0.520502481701213
-0.005776167969500 -0.427129501185270 0.046437791642222 0.044744016717013 -0.432435425683819 -0.203669195880873 -0.969077563293258 3.059294510074917 -0.513830188235698
-0.005552447885915 -0.429291678313689 0.045419445662818 0.039924986313944 -0.417224636593116 -0.206271708289379 -0.973998272565599 3.075336180813348 -0.507157894773513
-0.005352822954346 -0.431377801496654 0.044388087121371 0.035079598497478 -0.401928164042742 -0.208840859230558 -0.978568208502562 3.090282830573443 -0.500485601311329
-0.005177424961858 -0.433387442316868 0.043343882825218 0.030209607134650 -0.386551483138675 -0.211376648704426 -0.982787371047317 3.104134459197549 -0.493813307853586
-0.005026376926185 -0.435320199732562 0.042286999581696 0.025316766092137 -0.371100068985808 -0.213879076710982 -0.986655760241636 3.116891066794469 -0.487141014391401
-0.004899793095724 -0.437175700077491 0.041217604198141 0.020402829236901 -0.355579396689820 -0.216348143250250 -0.990173376048051 3.128552653262062 -0.480468720929217
-0.004797778949540 -0.438953597060940 0.040135863481890 0.015469550435692 -0.339994941355848 -0.218783848322207 -0.993340218499034 3.139119218700248 -0.473796427471473
-0.004720431197361 -0.440653571767719 0.039041944240279 0.010518683555452 -0.324352178089538 -0.221186191926853 -0.996156287566691 3.148590763004666 -0.467124134001518
-0.004667837779584 -0.442275332658167 0.037936013280645 0.005551982462957 -0.308656581996036 -0.223555174064211 -0.998621583268300 3.156967286259693 -0.460451840550435
-0.004640077867269 -0.443818615568147 0.036818237410324 0.000571201025124 -0.292913628181013 -0.225890794734218 -1.000736105616698 3.164248788474211 -0.453779547082700
-0.004637221862144 -0.445283183709052 0.035688783436653 -0.004421906891218 -0.277128791749714 -0.228193053936970 -1.002499854578856 3.170435269563843 -0.447107253626067
-0.004659331396600 -0.446668827667800 0.034547818166968 -0.009425587419301 -0.261307547807343 -0.230461951672384 -1.003912830169068 3.175526729579659 -0.440434960161662
-0.004706459333696 -0.447975365406837 0.033395508408606 -0.014438086692196 -0.245455371459524 -0.232697487940514 -1.004975032397395 3.179523168523879 -0.433762666699478
-0.004778649767157 -0.449202642264135 0.032232020968903 -0.019457650843041 -0.229577737811626 -0.234899662741322 -1.005686461264463 3.182424586429811 -0.427090373240624
-0.004875938021372 -0.450350530953193 0.031057522655197 -0.024482526005028 -0.213680121969007 -0.237068476074820 -1.006047116738559 3.184230983179770 -0.420418079779550
-0.004998350651398 -0.451418931563038 0.029872180274822 -0.029510958311350 -0.197767999036857 -0.239203927941023 -1.006056998861943 3.184942358909204 -0.413745786317365
-0.005145905442954 -0.452407771558222 0.028676160635117 -0.034541193895043 -0.181846844120959 -0.241306018339921 -1.005716107603041 3.184558713533736 -0.407073492855181
-0.005318611412430 -0.453317005778827 0.027469630543418 -0.039571478889353 -0.165922132326413 -0.243374747271508 -1.005024442991206 3.183080047117759 -0.400401199396327
-0.005516468806876 -0.454146616440459 0.026252756807060 -0.044600059427368 -0.149999338758744 -0.245410114735783 -1.003982005001666 3.180506359607982 -0.393728905931923
-0.005739469104013 -0.454896613134253 0.025025706233381 -0.049625181642324 -0.134083938523155 -0.247412120732765 -1.002588793629563 3.176837650977760 -0.387056612473069
-0.005987595012225 -0.455567032826869 0.023788645629717 -0.054645091667332 -0.118181406725115 -0.249380765262425 -1.000844808905463 3.172073921324792 -0.380384319014215
-0.006260820470561 -0.456157939860494 0.022541741803405 -0.059658035635480 -0.102297218470226 -0.251316048324790 -0.998750050801786 3.166215170564701 -0.373712025545370
-0.006559110648739 -0.456669425952845 0.021285161561781 -0.064662259680008 -0.086436848863602 -0.253217969919861 -0.996304519340596 3.159261398766322 -0.367039732094288
-0.006882421947139 -0.457101610197163 0.020019071712182 -0.069656009934017 -0.070605773010779 -0.255086530047588 -0.993508214486363 3.151212605809750 -0.360367438622111
-0.007230701996809 -0.457454639062217 0.018743639061944 -0.074637532530719 -0.054809466016947 -0.256921728708059 -0.990361136290335 3.142068791870400 -0.353695145171029
-0.007603889659463 -0.457728686392302 0.017459030418404 -0.079605073603151 -0.039053402987899 -0.258723565901170 -0.986863284701475 3.131829956783960 -0.347022851704404
-0.008001915027478 -0.457923953407241 0.016165412588898 -0.084556879284603 -0.023343059028547 -0.260492041627025 -0.983014659759404 3.120496100659231 -0.340350558242219
-0.008424699423901 -0.458040668702384 0.014862952380763 -0.089491195708110 -0.007683909244627 -0.262227155885547 -0.978815261443583 3.108067223456246 -0.333678264785586
-0.008872155402442 -0.458079088248607 0.013551816601335 -0.094406269006907 0.007918571258669 -0.263928908676758 -0.974265089742424 3.094543325110610 -0.327005971318961
-0.009344186747476 -0.458039495392314 0.012232172057951 -0.099300345314125 0.023458907375951 -0.265597300000686 -0.969364144696033 3.079924405793300 -0.320333677861218
-0.009840688474047 -0.457922200855434 0.010904185557948 -0.104171670762837 0.038931624001504 -0.267232329857281 -0.964112426269301 3.064210465333339 -0.313661384397923
-0.010361546827861 -0.457727542735427 0.009568023908662 -0.109018491486318 0.054331246030470 -0.268833998246587 -0.958509934470692 3.047401503799563 -0.306989090941290
-0.010906639285293 -0.457455886505274 0.008223853917429 -0.113839053617664 0.069652298357137 -0.270402305168577 -0.952556669296112 3.029497521180868 -0.300316797473554
-0.011475834553381 -0.457107625013489 0.006871842391586 -0.118631603290018 0.084889305876135 -0.271937250623283 -0.946252630773314 3.010498517534987 -0.293644504018031
-0.012068992569831 -0.456683178484108 0.005512156138469 -0.123394386636498 0.100036793482039 -0.273438834610651 -0.939597818861232 2.990404492755339 -0.286972210550296
