-0.000726974912930 -0.435214542342943 0.000000000000000 0.272639500061900 -0.407926813179504 0.441392265926921 -5.525200695252769 17.004819219368361 0.329806886636419
0.000636222587379 -0.437254176408840 0.002206961329635 0.245013496585636 -0.322902717082663 0.443041300360103 -5.399440137083622 16.617768019862034 0.253576098501185
0.001861290070307 -0.438868689994254 0.004422167831435 0.218016295900218 -0.239813876983352 0.444309180852609 -5.273921304520745 16.231460775282258 0.177345310388155
0.002951371549809 -0.440067759379170 0.006643713735698 0.191646689377615 -0.158656573106941 0.445195907404550 -5.148644197594892 15.845897485713412 0.101114522266244
0.003909604996697 -0.440861042244705 0.008869693272721 0.165903468389640 -0.079427085678374 0.445701480015881 -5.023608816279201 15.461078151071117 0.024883734135450
0.004739122338645 -0.441258177673097 0.011098200672800 0.140785424308244 -0.002121694923019 0.445825898686558 -4.898815160595782 15.077002771426429 -0.051347053982020
0.005443049460186 -0.441268786147712 0.013327330166233 0.116291348505265 0.073263318934114 0.445569163416648 -4.774263230523726 14.693671346723836 -0.127577842099491
0.006024506202712 -0.440902469553041 0.015555175983316 0.092420032352647 0.146731675667733 0.444931274206151 -4.649953026069423 14.311083876976660 -0.203808630234725
0.006486606364476 -0.440168811174703 0.017779832354347 0.069170267222299 0.218287095052616 0.443912231054977 -4.525884547242065 13.929240362202666 -0.280039418343314
0.006832457700587 -0.439077375699440 0.019999393509622 0.046540844486089 0.287933296863629 0.442512033963260 -4.402057794032355 13.548140802384090 -0.356270206478548
0.007065161923018 -0.437637709215122 0.022211953679438 0.024530555515927 0.355674000875550 0.440730682930868 -4.278472766452990 13.167785197563120 -0.432500994591578
0.007187814700597 -0.435859339210744 0.024415607094093 0.003138191683662 0.421512926863366 0.438568177957910 -4.155129464481696 12.788173547673143 -0.508731782717931
0.007203505659015 -0.433751774576427 0.026608447983882 -0.017637455638746 0.485453794601731 0.436024519044320 -4.032027888136863 12.409305852747465 -0.584962570839842
0.007115318380822 -0.431324505603418 0.028788570579104 -0.037797595079430 0.547500323865469 0.433099706190121 -3.909168037412349 12.031182112794969 -0.661193358966194
0.006926330405425 -0.428587003984091 0.030954069110054 -0.057343435266492 0.607656234429443 0.429793739395290 -3.786549912311170 11.653802327811214 -0.737424147083665
0.006639613229092 -0.425548722811944 0.033103037807031 -0.076276184828048 0.665925246068499 0.426106618659872 -3.664173512823548 11.277166497773994 -0.813654935210018
0.006258232304952 -0.422219096581601 0.035233570900330 -0.094597052392166 0.722311078557369 0.422038343983822 -3.542038838965158 10.901274622718837 -0.889885723327488
0.005785247042991 -0.418607541188814 0.037343762620249 -0.112307246586991 0.776817451670964 0.417588915367184 -3.420145890722992 10.526126702612437 -0.966116511453841
0.005223710810056 -0.414723453930460 0.039431707197085 -0.129407976040606 0.829448085184026 0.412758332809915 -3.298494668102886 10.151722737479218 -1.042347299580193
0.004576670929853 -0.410576213504539 0.041495498861135 -0.145900449381121 0.880206698871422 0.407546596312014 -3.177085171101568 9.778062727308079 -1.118578087693223
0.003847168682947 -0.406175180010182 0.043533231842695 -0.161785875236629 0.929097012507962 0.401953705873548 -3.055917399722335 9.405146672090137 -1.194808875824016
0.003038239306764 -0.401529694947643 0.045543000372063 -0.177065462235240 0.976122745868413 0.395979661494428 -2.934991353966204 9.032974571854258 -1.271039663941487
0.002152911995588 -0.396649081218300 0.047522898679535 -0.191740419005071 1.021287618727684 0.389624463174720 -2.814307033825736 8.661546426558253 -1.347270452067839
0.001194209900563 -0.391542643124662 0.049471020995408 -0.205811954174200 1.064595350860476 0.382888110914381 -2.693864439314120 8.290862236264296 -1.423501240189751
0.000165150129692 -0.386219666370360 0.051385461549980 -0.219281276370771 1.106049662041797 0.375770604713432 -2.573663570413154 7.920922000888009 -1.499732028311662
-0.000931256252162 -0.380689418060151 0.053264314573547 -0.232149594222836 1.145654272046237 0.368271944571874 -2.453704427141168 7.551725720502667 -1.575962816433574
-0.002092004223276 -0.374961146699919 0.055105674296407 -0.244418116358542 1.183412900648750 0.360392130489706 -2.333987009486288 7.183273395077183 -1.652193604555485
-0.003314094805069 -0.369044082196676 0.056907634948855 -0.256088051405974 1.219329267624136 0.352131162466929 -2.214511317452994 6.815565024615999 -1.728424392681838
-0.004594535062099 -0.362947435858555 0.058668290761190 -0.267160607993239 1.253407092747216 0.343489040503520 -2.095277351039226 6.448600609108013 -1.804655180799308
-0.005930338102065 -0.356680400394819 0.060385735963708 -0.277636994748435 1.285650095792756 0.334465764599523 -1.976285110247278 6.082380148575428 -1.880885968925661
-0.007318523075807 -0.350252149915855 0.062058064786705 -0.287518420299671 1.316061996535633 0.325061334754895 -1.857534595078802 5.716903643002702 -1.957116757047572
-0.008756115177306 -0.343671839933177 0.063683371460480 -0.296806093275065 1.344646514750647 0.315275750969657 -1.739025805525818 5.352171092394276 -2.033347545165043
-0.010240145643681 -0.336948607359424 0.065259750215328 -0.305501222302694 1.371407370212618 0.305109013243832 -1.620758741599293 4.988182496747928 -2.109578333300277
-0.011767651755194 -0.330091570508361 0.066785295281547 -0.313605016010691 1.396348282696358 0.294561121577330 -1.502733403285295 4.624937856059219 -2.185809121408866
-0.013335676835248 -0.323109829094879 0.068258100889434 -0.321118683027117 1.419472971976654 0.283632075970286 -1.384949790601342 4.262437170345912 -2.262039909539659
-0.014941270250383 -0.316012464234996 0.069676261269285 -0.328043431980124 1.440785157828384 0.272321876422588 -1.267407903534767 3.900680439596904 -2.338270697657130
-0.016581487410284 -0.308808538445854 0.071037870651398 -0.334380471497798 1.460288560026368 0.260630522934302 -1.150107742086681 3.539667663792212 -2.414501485783482
-0.018253389767773 -0.301507095645722 0.072341023266070 -0.340131010208231 1.477986898345329 0.248558015505385 -1.033049306261169 3.179398842978465 -2.490732273909835
-0.019954044818814 -0.294117161153995 0.073583813343597 -0.345296256739537 1.493883892560222 0.236104354135835 -0.916232596058497 2.819873977106813 -2.566963062022865
-0.021680526102512 -0.286647741691194 0.074764335114276 -0.349877419719830 1.507983262445756 0.223269538825721 -0.799657611470495 2.461093066203901 -2.643193850153658
-0.023429913201111 -0.279107825378965 0.075880682808404 -0.353875707777182 1.520288727776775 0.210053569574953 -0.683324352511172 2.103056110267509 -2.719424638271128
-0.025199291739997 -0.271506381740081 0.076930950656279 -0.357292329539738 1.530804008328113 0.196456446383597 -0.567232819167895 1.745763109306520 -2.795655426393040
-0.026985753387696 -0.263852361698441 0.077913232888197 -0.360128493635577 1.539532823874645 0.182478169251632 -0.451383011444573 1.389214063278743 -2.871886214523833
-0.028786395855873 -0.256154697579068 0.078825623734455 -0.362385408692800 1.546478894191039 0.168118738179013 -0.335774929344634 1.033408972243022 -2.948117002636863
-0.030598322899337 -0.248422303108112 0.079666217425350 -0.364064283339523 1.551645939052254 0.153378153165828 -0.220408572867570 0.678347836162718 -3.024347790763215
-0.032418644316035 -0.240664073412851 0.080433108191179 -0.365166326203861 1.555037678233068 0.138256414212012 -0.105283942003764 0.324030655037832 -3.100578578889568
-0.034244475947054 -0.232888885021686 0.081124390262239 -0.365692745913880 1.556657831508257 0.122753521317565 0.009598963231217 -0.029542571112762 -3.176809367007039
-0.036072939676624 -0.225105595864145 0.081738157868827 -0.365644751097724 1.556510118652693 0.106869474482529 0.124240142852505 -0.382371842311269 -3.253040155128950
-0.037901163432112 -0.217323045270881 0.082272505241240 -0.365023550383461 1.554598259441137 0.090604273706885 0.238639596844559 -0.734457158531043 -3.329270943255302
-0.039726281184030 -0.209550053973675 0.082725526609774 -0.363830352399239 1.550925973648482 0.073957918990608 0.352797325224863 -1.085798519798731 -3.405501731372773
-0.041545432946026 -0.201795424105433 0.083095316204727 -0.362066365773114 1.545496981049488 0.056930410333744 0.466713327977319 -1.436395926099898 -3.481732519503566
-0.043355764774892 -0.194067939200186 0.083379968256396 -0.359732799133228 1.538315001418988 0.039521747736226 0.580387605114141 -1.786249377436766 -3.557963307621037
-0.045154428770558 -0.186376364193091 0.083577576995077 -0.356830861107657 1.529383754531805 0.021731931198121 0.693820156625058 -2.135358873808224 -3.634194095742949
-0.046938583076096 -0.178729445420432 0.083686236651068 -0.353361760324532 1.518706960162763 0.003560960719406 0.807010982520895 -2.483724415223154 -3.710424883864860
-0.048705391877719 -0.171135910619618 0.083704041454665 -0.349326705411927 1.506288338086648 -0.014991163699918 0.919960082790550 -2.831346001666013 -3.786655671991213
-0.050452025404778 -0.163604468929185 0.083629085636165 -0.344726904997975 1.492131608078318 -0.033924442059874 1.032667457442904 -3.178223633142352 -3.862886460113124
-0.052175659929768 -0.156143810888793 0.083459463425866 -0.339563567710760 1.476240489912606 -0.053238874360440 1.145133106474072 -3.524357309676596 -3.939117248235036
-0.053873477768322 -0.148762608439230 0.083193269054064 -0.333837902178390 1.458618703364223 -0.072934460601615 1.257357029882944 -3.869747031215454 -4.015348036352506
-0.055542667279214 -0.141469514922409 0.082828596751056 -0.327551117028975 1.439269968208146 -0.093011200783377 1.369339227670907 -4.214392797816657 -4.091578824483300
-0.057180422864359 -0.134273165081368 0.082363540747139 -0.320704420890620 1.418198004219062 -0.113469094905794 1.481079699841570 -4.558294609442459 -4.167809612600770
-0.058783944968812 -0.127182175060273 0.081796195272610 -0.313299022391413 1.395406531171850 -0.134308142968798 1.592578446386050 -4.901452466106182 -4.244040400722682
-0.060350440080769 -0.120205142404414 0.081124654557766 -0.305336130159482 1.370899268841319 -0.155528344972411 1.703835467315173 -5.243866367805605 -4.320271188849034
-0.061877120731566 -0.113350646060207 0.080347012832904 -0.296816952822906 1.344679937002291 -0.177129700916656 1.814850762618669 -5.585536314549611 -4.396501976970946
-0.063361205495681 -0.106627246375195 0.079461364328321 -0.287742699009813 1.316752255429543 -0.199112210801511 1.925624332306253 -5.926462306318214 -4.472732765092857
-0.064799918990730 -0.100043485098048 0.078465803274313 -0.278114577348282 1.287119943897952 -0.221475874626975 2.036156176369319 -6.266644343126959 -4.548963553214769
-0.066190491877471 -0.093607885378558 0.077358423901178 -0.267933796466435 1.255786722182317 -0.244220692393049 2.146446294811755 -6.606082424975845 -4.625194341336680
-0.067530160859803 -0.087328951767646 0.076137320439213 -0.257201564992376 1.222756310057438 -0.267346664099732 2.256494687633559 -6.944776551858212 -4.701425129463033
-0.068816168684765 -0.081215170217359 0.074800587118714 -0.245919091554209 1.188032427298147 -0.290853789747048 2.366301354839173 -7.282726723774058 -4.777655917580503
-0.070045764142536 -0.075275008080869 0.073346318169979 -0.234087584780013 1.151618793679277 -0.314742069334950 2.475866296415274 -7.619932940734486 -4.853886705706856
-0.071216202066436 -0.069516914112472 0.071772607823304 -0.221708253297936 1.113519128975604 -0.339011502863484 2.585189512380737 -7.956395202726174 -4.930117493824326
-0.072324743332926 -0.063949318467594 0.070077550308987 -0.208782305736033 1.073737152961973 -0.363662090332606 2.694271002716686 -8.292113509749122 -5.006348281955120
-0.073368654861606 -0.058580632702784 0.068259239857324 -0.195310950722449 1.032276585413228 -0.388693831742382 2.803110767435335 -8.627087861818872 -5.082579070072590
-0.074345209615219 -0.053419249775718 0.066315770698612 -0.181295396885273 0.989141146104133 -0.414106727092745 2.911708806535573 -8.961318258919881 -5.158809858194502
-0.075251686599645 -0.048473544045197 0.064245237063148 -0.166736852852595 0.944334554809534 -0.439900776383717 3.020065120010740 -9.294804701049930 -5.235040646316413
-0.076085370863908 -0.043751871271150 0.062045733181230 -0.151636527252541 0.897860531304284 -0.466075979615299 3.128179707866385 -9.627547188235663 -5.311271434447207
-0.076843553500171 -0.039262568614628 0.059715353283153 -0.135995628713209 0.849722795363106 -0.492632336787535 3.236052570103620 -9.959545720434893 -5.387502222560236
-0.077523531643737 -0.035013954637813 0.057252191599215 -0.119815365862691 0.799925066760931 -0.519569847900336 3.343683706716893 -10.290800297689806 -5.463733010686589
-0.078122608473050 -0.031014329304008 0.054654342359714 -0.103096947329107 0.748471065272482 -0.546888512953769 3.451073117712866 -10.621310919964877 -5.539963798808500
-0.078638093209696 -0.027271973977646 0.051919899794945 -0.085841581740542 0.695364510672658 -0.574588331947812 3.558220803083767 -10.951077587291191 -5.616194586930412
-0.079067301118398 -0.023795151424282 0.049046958135206 -0.068050477725123 0.640609122736202 -0.602669304882464 3.665126762838478 -11.280100299644324 -5.692425375056764
-0.079407553507024 -0.020592105810601 0.046033611610793 -0.049724843910931 0.584208621237980 -0.631131431757748 3.771790996967006 -11.608379057033158 -5.768656163174235
-0.079656177726579 -0.017671062704412 0.042877954452005 -0.030865888926096 0.526166725952815 -0.659974712573619 3.878213505479344 -11.935913859464353 -5.844886951300587
-0.079810507171209 -0.015040229074647 0.039578080889137 -0.011474821398699 0.466487156655493 -0.689199147330122 3.984394288369941 -12.262704706929028 -5.921117739418058
-0.079867881278203 -0.012707793291370 0.036132085152486 0.008447150043150 0.405173633120848 -0.718804736027212 4.090333345637687 -12.588751599433845 -5.997348527548851
-0.079825645527987 -0.010681925125766 0.032538061472350 0.028898816771339 0.342229875123679 -0.748791478664956 4.196030677285911 -12.914054536965480 -6.073579315666322
-0.079681151444130 -0.008970775750147 0.028794104079025 0.049878970157768 0.277659602438851 -0.779159375243288 4.301486283316835 -13.238613519541698 -6.149810103788234
-0.079431756593341 -0.007582477737953 0.024898307202809 0.071386401574353 0.211466534841143 -0.809908425762229 4.406700163719357 -13.562428547153615 -6.226040891914586
-0.079074824585470 -0.006525145063747 0.020848765073998 0.093419902392949 0.143654392105375 -0.841038630221802 4.511672318507909 -13.885499619794572 -6.302271680032057
-0.078607725073505 -0.005806873103221 0.016643571922889 0.115978263985489 0.074226894006402 -0.872549988621962 4.616402747672499 -14.207826737484552 -6.378502468158409
-0.078027833753577 -0.005435738633189 0.012280821979779 0.139060277723851 0.003187760318979 -0.904442500962754 4.720891451216458 -14.529409900205792 -6.454733256280321
-0.077332532364958 -0.005419799831594 0.007758609474965 0.162664734979934 -0.069459289182050 -0.936716167244156 4.825138429140896 -14.850249107951630 -6.530964044402232
-0.076519208690058 -0.005767096277504 0.003075028638744 0.186790427125638 -0.143710534721808 -0.969370987466167 4.825138429140896 -14.850249107951630 -6.530964044402232
-0.075585256554430 -0.006485648951113 -0.001771826298587 -0.186790427125638 0.143710534721808 0.969370987466167 4.720891451216458 -14.529409900205792 -6.454733256280321
-0.076519208690058 -0.005767096277504 0.003075028638744 -0.162664734979934 0.069459289182050 0.936716167244156 4.616402747672499 -14.207826737484552 -6.378502468158409
-0.077332532364958 -0.005419799831594 0.007758609474965 -0.139060277723851 -0.003187760318979 0.904442500962754 4.511672318507909 -13.885499619794572 -6.302271680032057
-0.078027833753577 -0.005435738633189 0.012280821979779 -0.115978263985489 -0.074226894006402 0.872549988621962 4.406700163719357 -13.562428547153615 -6.226040891914586
-0.078607725073505 -0.005806873103221 0.016643571922889 -0.093419902392949 -0.143654392105375 0.841038630221802 4.301486283316835 -13.238613519541698 -6.149810103788234
-0.079074824585470 -0.006525145063747 0.020848765073998 -0.071386401574353 -0.211466534841143 0.809908425762229 4.196030677285911 -12.914054536965480 -6.073579315666322
-0.079431756593341 -0.007582477737953 0.024898307202809 -0.049878970157768 -0.277659602438851 0.779159375243288 4.090333345637687 -12.588751599433845 -5.997348527548851
-0.079681151444130 -0.008970775750147 0.028794104079025 -0.028898816771339 -0.342229875123679 0.748791478664956 3.984394288369941 -12.262704706929028 -5.921117739418058
-0.079825645527987 -0.010681925125766 0.032538061472350 -0.008447150043150 -0.405173633120848 0.718804736027212 3.878213505479344 -11.935913859464353 -5.844886951300587
-0.079867881278203 -0.012707793291370 0.036132085152486 0.011474821398699 -0.466487156655493 0.689199147330122 3.771790996967006 -11.608379057033158 -5.768656163174235
-0.079810507171209 -0.015040229074647 0.039578080889137 0.030865888926096 -0.526166725952815 0.659974712573619 3.665126762838478 -11.280100299644324 -5.692425375056764
-0.079656177726579 -0.017671062704412 0.042877954452005 0.049724843910931 -0.584208621237980 0.631131431757748 3.558220803083767 -10.951077587291191 -5.616194586930412
-0.079407553507024 -0.020592105810601 0.046033611610793 0.068050477725123 -0.640609122736202 0.602669304882464 3.451073117712866 -10.621310919964877 -5.539963798808500
-0.079067301118398 -0.023795151424282 0.049046958135206 0.085841581740542 -0.695364510672658 0.574588331947812 3.343683706716893 -10.290800297689806 -5.463733010686589
-0.078638093209696 -0.027271973977646 0.051919899794945 0.103096947329107 -0.748471065272482 0.546888512953769 3.236052570103620 -9.959545720434893 -5.387502222560236
-0.078122608473050 -0.031014329304008 0.054654342359714 0.119815365862691 -0.799925066760931 0.519569847900336 3.128179707866385 -9.627547188235663 -5.311271434447207
-0.077523531643737 -0.035013954637813 0.057252191599215 0.135995628713209 -0.849722795363106 0.492632336787535 3.020065120010740 -9.294804701049930 -5.235040646316413
-0.076843553500171 -0.039262568614628 0.059715353283153 0.151636527252541 -0.897860531304284 0.466075979615299 2.911708806535573 -8.961318258919881 -5.158809858194502
-0.076085370863908 -0.043751871271150 0.062045733181230 0.166736852852595 -0.944334554809534 0.439900776383717 2.803110767435335 -8.627087861818872 -5.082579070072590
-0.075251686599645 -0.048473544045197 0.064245237063148 0.181295396885273 -0.989141146104133 0.414106727092745 2.694271002716686 -8.292113509749122 -5.006348281955120
-0.074345209615219 -0.053419249775718 0.066315770698612 0.195310950722449 -1.032276585413228 0.388693831742382 2.585189512380737 -7.956395202726174 -4.930117493824326
-0.073368654861606 -0.058580632702784 0.068259239857324 0.208782305736033 -1.073737152961973 0.363662090332606 2.475866296415274 -7.619932940734486 -4.853886705706856
-0.072324743332926 -0.063949318467594 0.070077550308987 0.221708253297936 -1.113519128975604 0.339011502863484 2.366301354839173 -7.282726723774058 -4.777655917580503
-0.071216202066436 -0.069516914112472 0.071772607823304 0.234087584780013 -1.151618793679277 0.314742069334950 2.256494687633559 -6.944776551858212 -4.701425129463033
-0.070045764142536 -0.075275008080869 0.073346318169979 0.245919091554209 -1.188032427298147 0.290853789747048 2.146446294811755 -6.606082424975845 -4.625194341336680
-0.068816168684765 -0.081215170217359 0.074800587118714 0.257201564992376 -1.222756310057438 0.267346664099732 2.036156176369319 -6.266644343126959 -4.548963553214769
-0.067530160859803 -0.087328951767646 0.076137320439213 0.267933796466435 -1.255786722182317 0.244220692393049 1.925624332306253 -5.926462306318214 -4.472732765092857
-0.066190491877471 -0.093607885378558 0.077358423901178 0.278114577348282 -1.287119943897952 0.221475874626975 1.814850762618669 -5.585536314549611 -4.396501976970946
-0.064799918990730 -0.100043485098048 0.078465803274313 0.287742699009813 -1.316752255429543 0.199112210801511 1.703835467315173 -5.243866367805605 -4.320271188849034
-0.063361205495681 -0.106627246375195 0.079461364328321 0.296816952822906 -1.344679937002291 0.177129700916656 1.592578446386050 -4.901452466106182 -4.244040400722682
-0.061877120731566 -0.113350646060207 0.080347012832904 0.305336130159482 -1.370899268841319 0.155528344972411 1.481079699841570 -4.558294609442459 -4.167809612600770
-0.060350440080769 -0.120205142404414 0.081124654557766 0.313299022391413 -1.395406531171850 0.134308142968798 1.369339227670907 -4.214392797816657 -4.091578824483300
-0.058783944968812 -0.127182175060273 0.081796195272610 0.320704420890620 -1.418198004219062 0.113469094905794 1.257357029882944 -3.869747031215454 -4.015348036352506
-0.057180422864359 -0.134273165081368 0.082363540747139 0.327551117028975 -1.439269968208146 0.093011200783377 1.145133106474072 -3.524357309676596 -3.939117248235036
-0.055542667279214 -0.141469514922409 0.082828596751056 0.333837902178390 -1.458618703364223 0.072934460601615 1.032667457442904 -3.178223633142352 -3.862886460113124
-0.053873477768322 -0.148762608439230 0.083193269054064 0.339563567710760 -1.476240489912606 0.053238874360440 0.919960082790550 -2.831346001666013 -3.786655671991213
-0.052175659929768 -0.156143810888793 0.083459463425866 0.344726904997975 -1.492131608078318 0.033924442059874 0.807010982520895 -2.483724415223154 -3.710424883864860
-0.050452025404778 -0.163604468929185 0.083629085636165 0.349326705411927 -1.506288338086648 0.014991163699918 0.693820156625058 -2.135358873808224 -3.634194095742949
-0.048705391877719 -0.171135910619618 0.083704041454665 0.353361760324532 -1.518706960162763 -0.003560960719406 0.580387605114141 -1.786249377436766 -3.557963307621037
-0.046938583076096 -0.178729445420432 0.083686236651068 0.356830861107657 -1.529383754531805 -0.021731931198121 0.466713327977319 -1.436395926099898 -3.481732519503566
-0.045154428770558 -0.186376364193091 0.083577576995077 0.359732799133228 -1.538315001418988 -0.039521747736226 0.352797325224863 -1.085798519798731 -3.405501731372773
-0.043355764774892 -0.194067939200186 0.083379968256396 0.362066365773114 -1.545496981049488 -0.056930410333744 0.238639596844559 -0.734457158531043 -3.329270943255302
-0.041545432946026 -0.201795424105433 0.083095316204727 0.363830352399239 -1.550925973648482 -0.073957918990608 0.124240142852505 -0.382371842311269 -3.253040155128950
-0.039726281184030 -0.209550053973675 0.082725526609774 0.365023550383461 -1.554598259441137 -0.090604273706885 0.009598963231217 -0.029542571112762 -3.176809367007039
-0.037901163432112 -0.217323045270881 0.082272505241240 0.365644751097724 -1.556510118652693 -0.106869474482529 -0.105283942003764 0.324030655037832 -3.100578578889568
-0.036072939676624 -0.225105595864145 0.081738157868827 0.365692745913880 -1.556657831508257 -0.122753521317565 -0.220408572867570 0.678347836162718 -3.024347790763215
-0.034244475947054 -0.232888885021686 0.081124390262239 0.365166326203861 -1.555037678233068 -0.138256414212012 -0.335774929344634 1.033408972243022 -2.948117002636863
-0.032418644316035 -0.240664073412851 0.080433108191179 0.364064283339523 -1.551645939052254 -0.153378153165828 -0.451383011444573 1.389214063278743 -2.871886214523833
-0.030598322899337 -0.248422303108112 0.079666217425350 0.362385408692800 -1.546478894191039 -0.168118738179013 -0.567232819167895 1.745763109306520 -2.795655426393040
-0.028786395855873 -0.256154697579068 0.078825623734455 0.360128493635577 -1.539532823874645 -0.182478169251632 -0.683324352511172 2.103056110267509 -2.719424638271128
-0.026985753387696 -0.263852361698441 0.077913232888197 0.357292329539738 -1.530804008328113 -0.196456446383597 -0.799657611470495 2.461093066203901 -2.643193850153658
-0.025199291739997 -0.271506381740081 0.076930950656279 0.353875707777182 -1.520288727776775 -0.210053569574953 -0.916232596058497 2.819873977106813 -2.566963062022865
-0.023429913201111 -0.279107825378965 0.075880682808404 0.349877419719830 -1.507983262445756 -0.223269538825721 -1.033049306261169 3.179398842978465 -2.490732273909835
-0.021680526102512 -0.286647741691194 0.074764335114276 0.345296256739537 -1.493883892560222 -0.236104354135835 -1.150107742086681 3.539667663792212 -2.414501485783482
-0.019954044818814 -0.294117161153995 0.073583813343597 0.340131010208231 -1.477986898345329 -0.248558015505385 -1.267407903534767 3.900680439596904 -2.338270697657130
-0.018253389767773 -0.301507095645722 0.072341023266070 0.334380471497798 -1.460288560026368 -0.260630522934302 -1.384949790601342 4.262437170345912 -2.262039909539659
-0.016581487410284 -0.308808538445854 0.071037870651398 0.328043431980124 -1.440785157828384 -0.272321876422588 -1.502733403285295 4.624937856059219 -2.185809121408866
-0.014941270250383 -0.316012464234996 0.069676261269285 0.321118683027117 -1.419472971976654 -0.283632075970286 -1.620758741599293 4.988182496747928 -2.109578333300277
-0.013335676835248 -0.323109829094879 0.068258100889434 0.313605016010691 -1.396348282696358 -0.294561121577330 -1.739025805525818 5.352171092394276 -2.033347545165043
-0.011767651755194 -0.330091570508361 0.066785295281547 0.305501222302694 -1.371407370212618 -0.305109013243832 -1.857534595078802 5.716903643002702 -1.957116757047572
-0.010240145643681 -0.336948607359424 0.065259750215328 0.296806093275065 -1.344646514750647 -0.315275750969657 -1.976285110247278 6.082380148575428 -1.880885968925661
-0.008756115177306 -0.343671839933177 0.063683371460480 0.287518420299671 -1.316061996535633 -0.325061334754895 -2.095277351039226 6.448600609108013 -1.804655180799308
-0.007318523075807 -0.350252149915855 0.062058064786705 0.277636994748435 -1.285650095792756 -0.334465764599523 -2.214511317452994 6.815565024615999 -1.728424392681838
-0.005930338102065 -0.356680400394819 0.060385735963708 0.267160607993239 -1.253407092747216 -0.343489040503520 -2.333987009486288 7.183273395077183 -1.652193604555485
-0.004594535062099 -0.362947435858555 0.058668290761190 0.256088051405974 -1.219329267624136 -0.352131162466929 -2.453704427141168 7.551725720502667 -1.575962816433574
-0.003314094805069 -0.369044082196676 0.056907634948855 0.244418116358542 -1.183412900648750 -0.360392130489706 -2.573663570413154 7.920922000888009 -1.499732028311662
-0.002092004223276 -0.374961146699919 0.055105674296407 0.232149594222836 -1.145654272046237 -0.368271944571874 -2.693864439314120 8.290862236264296 -1.423501240189751
-0.000931256252162 -0.380689418060151 0.053264314573547 0.219281276370771 -1.106049662041797 -0.375770604713432 -2.814307033825736 8.661546426558253 -1.347270452067839
0.000165150129692 -0.386219666370360 0.051385461549980 0.205811954174200 -1.064595350860476 -0.382888110914381 -2.934991353966204 9.032974571854258 -1.271039663941487
0.001194209900563 -0.391542643124662 0.049471020995408 0.191740419005071 -1.021287618727684 -0.389624463174720 -3.055917399722335 9.405146672090137 -1.194808875824016
0.002152911995588 -0.396649081218300 0.047522898679535 0.177065462235240 -0.976122745868413 -0.395979661494428 -3.177085171101568 9.778062727308079 -1.118578087693223
0.003038239306764 -0.401529694947643 0.045543000372063 0.161785875236629 -0.929097012507962 -0.401953705873548 -3.298494668102886 10.151722737479218 -1.042347299580193
0.003847168682947 -0.406175180010182 0.043533231842695 0.145900449381121 -0.880206698871422 -0.407546596312014 -3.420145890722992 10.526126702612437 -0.966116511453841
0.004576670929853 -0.410576213504539 0.041495498861135 0.129407976040606 -0.829448085184026 -0.412758332809915 -3.542038838965158 10.901274622718837 -0.889885723327488
0.005223710810056 -0.414723453930460 0.039431707197085 0.112307246586991 -0.776817451670964 -0.417588915367184 -3.664173512823548 11.277166497773994 -0.813654935210018
0.005785247042991 -0.418607541188814 0.037343762620249 0.094597052392166 -0.722311078557369 -0.422038343983822 -3.786549912311170 11.653802327811214 -0.737424147083665
0.006258232304952 -0.422219096581601 0.035233570900330 0.076276184828048 -0.665925246068499 -0.426106618659872 -3.909168037412349 12.031182112794969 -0.661193358966194
0.006639613229092 -0.425548722811944 0.033103037807031 0.057343435266492 -0.607656234429443 -0.429793739395290 -4.032027888136863 12.409305852747465 -0.584962570839842
0.006926330405425 -0.428587003984091 0.030954069110054 0.037797595079430 -0.547500323865469 -0.433099706190121 -4.155129464481696 12.788173547673143 -0.508731782717931
0.007115318380822 -0.431324505603418 0.028788570579104 0.017637455638746 -0.485453794601731 -0.436024519044320 -4.278472766452990 13.167785197563120 -0.432500994591578
0.007203505659015 -0.433751774576427 0.026608447983882 -0.003138191683662 -0.421512926863366 -0.438568177957910 -4.402057794032355 13.548140802384090 -0.356270206478548
0.007187814700597 -0.435859339210744 0.024415607094093 -0.024530555515927 -0.355674000875550 -0.440730682930868 -4.525884547242065 13.929240362202666 -0.280039418343314
0.007065161923018 -0.437637709215122 0.022211953679438 -0.046540844486089 -0.287933296863629 -0.442512033963260 -4.649953026069423 14.311083876976660 -0.203808630234725
0.006832457700587 -0.439077375699440 0.019999393509622 -0.069170267222299 -0.218287095052616 -0.443912231054977 -4.774263230523726 14.693671346723836 -0.127577842099491
0.006486606364476 -0.440168811174703 0.017779832354347 -0.092420032352647 -0.146731675667733 -0.444931274206151 -4.898815160595782 15.077002771426429 -0.051347053982020
0.006024506202712 -0.440902469553041 0.015555175983316 -0.116291348505265 -0.073263318934114 -0.445569163416648 -5.023608816279201 15.461078151071117 0.024883734135450
0.005443049460186 -0.441268786147712 0.013327330166233 -0.140785424308244 0.002121694923019 -0.445825898686558 -5.148644197594892 15.845897485713412 0.101114522266244
0.004739122338645 -0.441258177673097 0.011098200672800 -0.165903468389640 0.079427085678374 -0.445701480015881 -5.273921304520745 16.231460775282258 0.177345310388155
0.003909604996697 -0.440861042244705 0.008869693272721 -0.191646689377615 0.158656573106941 -0.445195907404550 -5.399440137083622 16.617768019862034 0.253576098501185
