-0.013168018624613 -0.452499815083585 0.000000000000000 0.145176318565306 -0.151462581189776 0.326458779743088 -1.335393459388767 4.286466050265059 -0.307542558218854
-0.012442137031787 -0.453257127989534 0.001632293898715 0.138499351268362 -0.130030250938451 0.324921066951994 -1.335357690026573 4.286991068460644 -0.318940557789693
-0.011749640275445 -0.453907279244226 0.003256899233475 0.131822562818229 -0.108595295596148 0.323326364163046 -1.334930825282810 4.286246096791846 -0.330338557362753
-0.011090527461354 -0.454450255722207 0.004873531054291 0.125147908691815 -0.087164065112189 0.321674671376232 -1.334112865107040 4.284231135094352 -0.341736556941363
-0.010464787917895 -0.454886076047768 0.006481904411172 0.118477344366280 -0.065742909436717 0.319965988591525 -1.332903809514036 4.280946183405909 -0.353134556506651
-0.009872401196063 -0.455214790594951 0.008081734354129 0.111812825318710 -0.044338178519687 0.318200315808992 -1.331303658519689 4.276391241808675 -0.364532556086372
-0.009313337069470 -0.455436481487550 0.009672735933174 0.105156307026111 -0.022956222310644 0.316377653028560 -1.329312412095343 4.270566310164980 -0.375930555658321
-0.008787555534339 -0.455551262599103 0.011254624198317 0.098509744965635 -0.001603390759819 0.314498000250268 -1.326930070263965 4.263471388596951 -0.387328555233601
-0.008295006809511 -0.455559279552902 0.012827114199569 0.091875094614315 0.019713966183166 0.312561357474100 -1.324156633025314 4.255106477057957 -0.398726554798889
-0.007835631336439 -0.455460709721986 0.014389920986939 0.085254311449188 0.040989498568456 0.310567724700106 -1.320992100353710 4.245471575508031 -0.410124554381941
-0.007409359779193 -0.455255762229144 0.015942759610440 0.078649350947420 0.062216856445996 0.308517101928196 -1.317436472281011 4.234566684016006 -0.421522553951670
-0.007016113024456 -0.454944677946914 0.017485345120081 0.072062168586015 0.083389689866076 0.306409489158438 -1.313489748794688 4.222391802557457 -0.432920553521399
-0.006655802181526 -0.454527729497584 0.019017392565873 0.065494719842041 0.104501648878863 0.304244886390831 -1.309151929886931 4.208946931112401 -0.444318553103340
-0.006328328582316 -0.454005221253189 0.020538616997827 0.058948960192607 0.125546383534425 0.302023293625314 -1.304423015567706 4.194232069685278 -0.455716552666408
-0.006033583781353 -0.453377489335517 0.022048733465953 0.052426845114768 0.146517543882851 0.299744710861982 -1.299303005820665 4.178247218267206 -0.467114552247239
-0.005771449555779 -0.452644901616103 0.023547457020263 0.045930330085665 0.167408779974187 0.297409138100746 -1.293791900691711 4.160992376969208 -0.478512551819188
-0.005541797905351 -0.451807857716232 0.025034502710767 0.039461370582206 0.188213741859034 0.295016575341650 -1.287889700108194 4.142467545575901 -0.489910551390027
-0.005344491052440 -0.450866789006937 0.026509585587475 0.033021922081665 0.208926079586913 0.292567022584700 -1.281596404138149 4.122672724289345 -0.501308550966417
-0.005179381442031 -0.449822158609002 0.027972420700399 0.026613940060975 0.229539443208360 0.290060479829868 -1.274912012739840 4.101607912998517 -0.512706550536146
-0.005046311741727 -0.448674461392961 0.029422723099548 0.020239379997275 0.250047482773352 0.287496947077187 -1.267836525933042 4.079273111750048 -0.524104550114757
-0.004945114841740 -0.447424223979094 0.030860207834934 0.013900197367610 0.270443848332103 0.284876424326613 -1.260369943707484 4.055668320519512 -0.535502549683375
-0.004875613854902 -0.446072004737433 0.032284589956567 0.007598347649073 0.290722189934700 0.282198911578196 -1.252512266072050 4.030793539326893 -0.546900549261986
-0.004837622116657 -0.444618393787760 0.033695584514458 0.001335786318712 0.310876157631335 0.279464408831887 -1.244263493012584 4.004648768134444 -0.558298548828384
-0.004830943185063 -0.443064012999603 0.035092906558618 -0.004885531146350 0.330899401472007 0.276672916087745 -1.235623624547613 3.977234007002117 -0.569696548405885
-0.004855370840795 -0.441409515992243 0.036476271139056 -0.011063649269089 0.350785571507017 0.273824433345715 -1.226592660664300 3.948549255869960 -0.581094547980054
-0.004910689087140 -0.439655588134708 0.037845393305785 -0.017196612572410 0.370528317786367 0.270918960605815 -1.217170601363754 3.918594514782381 -0.592492547552004
-0.004996672150002 -0.437802946545776 0.039199988108814 -0.023282465579229 0.390121290360279 0.267956497868055 -1.207357446666169 3.887369783761585 -0.603890547122843
-0.005113084477899 -0.435852340093975 0.040539770598154 -0.029319252812560 0.409558139279087 0.264937045132441 -1.197153196518877 3.854875062654362 -0.615288546703674
-0.005259680741961 -0.433804549397579 0.041864455823816 -0.035305018795154 0.428832514592359 0.261860602398922 -1.186557850981762 3.821110351664991 -0.626686546271182
-0.005436205835937 -0.431660386824618 0.043173758835811 -0.041237808050063 0.447938066350684 0.258727169667566 -1.175571410031683 3.786075650700216 -0.638084545844242
-0.005642394876187 -0.429420696492864 0.044467394684149 -0.047115665100221 0.466868444604185 0.255536746938345 -1.164193873654136 3.749770959724508 -0.649482545419522
-0.005877973201689 -0.427086354269843 0.045745078418841 -0.052936634468492 0.485617299402807 0.252289334211248 -1.152425241867823 3.712196278800040 -0.660880544991471
-0.006142656374031 -0.424658267772829 0.047006525089897 -0.058698760677831 0.504178280796808 0.248984931486290 -1.140265514665907 3.673351607893505 -0.672278544567861
-0.006436150177420 -0.422137376368845 0.048251449747328 -0.064400088251161 0.522545038836275 0.245623538763451 -1.127714692058246 3.633236947038210 -0.683676544138700
-0.006758150618676 -0.419524651174664 0.049479567441146 -0.070038661711452 0.540711223571466 0.242205156042757 -1.114772774015518 3.591852296163101 -0.695074543712870
-0.007108343927233 -0.416821095056806 0.050690593221359 -0.075612525581529 0.558670485052282 0.238729783324193 -1.101439760576375 3.549197655356995 -0.706472543283709
-0.007486406555141 -0.414027742631545 0.051884242137980 -0.081119724384411 0.576416473329067 0.235197420607774 -1.087715651714763 3.505273024557720 -0.717870542864540
-0.007892005177063 -0.411145660264900 0.053060229241019 -0.086558302642985 0.593942838451855 0.231608067893452 -1.073600447438830 3.460078403789701 -0.729268542427608
-0.008324796690278 -0.408175946072640 0.054218269580486 -0.091926304880179 0.611243230470804 0.227961725181314 -1.059094147748685 3.413613793050718 -0.740666542011770
-0.008784428214679 -0.405119729920286 0.055358078206393 -0.097221775618923 0.628311299436057 0.224258392471255 -1.044196752643042 3.365879192334109 -0.752064541575947
-0.009270537092773 -0.401978173423106 0.056479370168749 -0.102442759382138 0.645140695397728 0.220498069763375 -1.028908262128009 3.316874601664299 -0.763462541153448
-0.009782750889684 -0.398752469946117 0.057581860517566 -0.107587300692778 0.661725068406049 0.216680757057608 -1.013228676189984 3.266600020994659 -0.774860540726507
-0.010320687393148 -0.395443844604087 0.058665264302854 -0.112653444073728 0.678058068511023 0.212806454353975 -0.997157994842152 3.215055450365156 -0.786258540298457
-0.010883954613517 -0.392053554261532 0.059729296574624 -0.117639234047939 0.694133345762848 0.208875161652483 -0.980696218071883 3.162240889742485 -0.797656539874847
-0.011472150783756 -0.388582887532718 0.060773672382887 -0.122542715138298 0.709944550211561 0.204886878953109 -0.963843345905199 3.108156339197699 -0.809054539447907
-0.012084864359448 -0.385033164781660 0.061798106777652 -0.127361931867824 0.725485331907549 0.200841606255869 -0.946599378301854 3.052801798626437 -0.820452539017635
-0.012721674018787 -0.381405738122122 0.062802314808931 -0.132094928759333 0.740749340900682 0.196739343560781 -0.928964315296887 2.996177268106415 -0.831850538596246
-0.013382148662584 -0.377701991417619 0.063786011526735 -0.136739750335818 0.755730227241214 0.192580090867800 -0.910938156875529 2.938282747617649 -0.843248538164865
-0.014065847414263 -0.373923340281413 0.064748911981074 -0.141294441120195 0.770421640979302 0.188363848176976 -0.892520903032767 2.879118237135714 -0.854646537740145
-0.014772319619864 -0.370071232076516 0.065690731221959 -0.145757045635359 0.784817232164980 0.184090615488275 -0.873712553784917 2.818683736705019 -0.866044537312094
-0.015501104848040 -0.366147145915691 0.066611184299401 -0.150125608404284 0.798910650848506 0.179760392801714 -0.854513109117899 2.756979246294478 -0.877442536889594
-0.016251732890062 -0.362152592661449 0.067509986263409 -0.154398173949873 0.812695547079978 0.175373180117266 -0.834922569030727 2.694004765892988 -0.888840536460433
-0.017023723759811 -0.358089114926049 0.068386852163995 -0.158572786795027 0.826165570909443 0.170928977434964 -0.814940933537567 2.629760295540517 -0.900238536033493
-0.017816587693786 -0.353958287071502 0.069241497051170 -0.162647491462715 0.839314372387145 0.166427784754797 -0.794568202624329 2.564245835205980 -0.911636535604332
-0.018629825151100 -0.349761715209566 0.070073635974944 -0.166620332475836 0.852135601563175 0.161869602076775 -0.773804376298370 2.497461384904920 -0.923034535184053
-0.019462926813479 -0.345501037201750 0.070882983985328 -0.170489354357328 0.864622908487700 0.157254429400855 -0.752649454557053 2.429406944619572 -0.934432534751561
-0.020315373585266 -0.341177922659312 0.071669256132332 -0.174252601630114 0.876769943210798 0.152582266727097 -0.731103437403291 2.360082514374362 -0.945830534330172
-0.021186636593416 -0.336794072943258 0.072432167465968 -0.177908118817130 0.888570355782670 0.147853114055446 -0.709166324825428 2.289488094131542 -0.957228533898791
-0.022076177187502 -0.332351221164344 0.073171433036245 -0.181453950441257 0.900017796253327 0.143066971385952 -0.686838116845667 2.217623683953285 -0.968626533472960
-0.022983446939708 -0.327851132183078 0.073886767893175 -0.184888141025485 0.911105914673094 0.138223838718587 -0.664118813444442 2.144489283777418 -0.980024533049351
-0.023907887644836 -0.323295602609712 0.074577887086768 -0.188208735092708 0.921828361091981 0.133323716053341 -0.641008414629662 2.070084893639468 -0.991422532620190
-0.024848931320299 -0.318686460804252 0.075244505667035 -0.191413777165856 0.932178785560178 0.128366603390240 -0.617506920397026 1.994410513510569 -1.002820532191029
-0.025806000206128 -0.314025566876451 0.075886338683986 -0.194501311767841 0.942150838127731 0.123352500729285 -0.593614330753611 1.917466143428470 -1.014218531772970
-0.026778506764968 -0.309314812685813 0.076503101187632 -0.197469383421609 0.951738168844873 0.118281408070420 -0.569330645693172 1.839251783366525 -1.025616531337148
-0.027765853682076 -0.304556121841588 0.077094508227984 -0.200316036650075 0.960934427761706 0.113153325413734 -0.544655865220844 1.759767433324733 -1.037014530916869
-0.028767433865326 -0.299751449702780 0.077660274855053 -0.203039315976179 0.969733264928330 0.107968252759150 -0.519589989330660 1.679013093334181 -1.048412530486598
-0.029782630445207 -0.294902783378138 0.078200116118849 -0.205637265922833 0.978128330395001 0.102726190106717 -0.494133018025811 1.596988763337137 -1.059810530060767
-0.030810816774821 -0.290012141726163 0.078713747069382 -0.208107931012962 0.986113274211686 0.097427137456413 -0.468284951309905 1.513694443393554 -1.071208529638268
-0.031851356429886 -0.285081575355105 0.079200882756664 -0.210449355769511 0.993681746428654 0.092071094808222 -0.442045789172119 1.429130133456802 -1.082606529204666
-0.032903603208734 -0.280113166622962 0.079661238230705 -0.212659584715372 1.000827397095938 0.086658062162198 -0.415415531627439 1.343295833569069 -1.094004528779946
-0.033966901132310 -0.275109029637482 0.080094528541516 -0.214736662373509 1.007543876263783 0.081188039518298 -0.388394178661433 1.256191543683727 -1.105402528356336
-0.035040584444178 -0.270071310256163 0.080500468739108 -0.216678633266816 1.013824833982202 0.075661026876517 -0.360981730286036 1.167817263849624 -1.116800527929396
-0.036123977610512 -0.265002186086252 0.080878773873490 -0.218483541918246 1.019663920301450 0.070077024236870 -0.333178186490424 1.078172994022353 -1.128198527502455
-0.037216395320103 -0.259903866484745 0.081229158994675 -0.220149432850698 1.025054785271562 0.064436031599358 -0.304983547289861 0.987258734249652 -1.139596527069964
-0.038317142484357 -0.254778592558387 0.081551339152672 -0.221674350587148 1.029991078942810 0.058738048964008 -0.276397812657703 0.895074484460467 -1.150994526650795
-0.039425514237292 -0.249628637163673 0.081845029397492 -0.223056339650436 1.034466451365113 0.052983076330754 -0.247420982628643 0.801620244743617 -1.162392526224965
-0.040540795935545 -0.244456304906847 0.082109944779145 -0.224293444563579 1.038474552588831 0.047171113699629 -0.218053057172984 0.706896015028047 -1.173790525791363
-0.041662263158363 -0.239263932143903 0.082345800347644 -0.225383709849444 1.042009032663971 0.041302161070672 -0.188294036307379 0.610901795340402 -1.185188525368863
-0.042789181707610 -0.234053886980583 0.082552311152997 -0.226325180030981 1.045063541640673 0.035376218443828 -0.158143920027942 0.513637585694005 -1.196586524944143
-0.043920807607765 -0.228828569272380 0.082729192245216 -0.227115899631121 1.047631729569143 0.029393285819107 -0.127602708328844 0.415103386058879 -1.207984524512762
-0.045056387105920 -0.223590410624534 0.082876158674312 -0.227753913172765 1.049707246499437 0.023353363196543 -0.096670401218690 0.315299196458341 -1.219382524090262
-0.046195156671784 -0.218341874392037 0.082992925490294 -0.228237265178859 1.051283742481729 0.017256450576092 -0.065346998693316 0.214225016886838 -1.230780523659991
-0.047336342997678 -0.213085455679628 0.083079207743175 -0.228564000172325 1.052354867566163 0.011102547957792 -0.033632500754388 0.111880847342150 -1.242178523237492
-0.048479162998540 -0.207823681341798 0.083134720482964 -0.228732162676097 1.052914271802874 0.004891655341605 -0.001526907396632 0.008266687814285 -1.253576522806110
-0.049622823811921 -0.202559109982783 0.083159178759672 -0.228739797213080 1.052955605241945 -0.001376227272426 0.030969781371071 -0.096617461664561 -1.264974522383611
-0.050766522797986 -0.197294331956573 0.083152297623310 -0.228584948306225 1.052472517933623 -0.007701099884344 0.063857565558156 -0.202771601138796 -1.276372521957780
-0.051909447539517 -0.192031969366905 0.083113792123888 -0.228265660478434 1.051458659927929 -0.014082962494133 0.097136445156021 -0.310195730581775 -1.287770521527509
-0.053050775841909 -0.186774676067266 0.083043377311417 -0.227779978252654 1.049907681275020 -0.020521815101771 0.130806420171325 -0.418889849984616 -1.299168521101679
-0.054189675733172 -0.181525137660891 0.082940768235908 -0.227125946151797 1.047813232025097 -0.027017657707279 0.164867490600185 -0.528853959371745 -1.310566520675849
-0.055325305463931 -0.176286071500765 0.082805679947372 -0.226301608698797 1.045168962228238 -0.033570490310658 0.199319656445651 -0.640088058736499 -1.321964520251129
-0.056456813507425 -0.171060226689624 0.082637827495819 -0.225305010416568 1.041968521934555 -0.040180312911914 0.234162917700509 -0.752592148045572 -1.333362519821968
-0.057583338559508 -0.165850384079951 0.082436925931259 -0.224134195828066 1.038205561194327 -0.046847125511024 0.269397274377248 -0.866366227372239 -1.344760519395027
-0.058704009538649 -0.160659356273979 0.082202690303704 -0.222787209456179 1.033873730057466 -0.053570928107999 0.305022726465043 -0.981410296632124 -1.356158518968087
-0.059817945585930 -0.155489987623692 0.081934835663164 -0.221262095823854 1.028966678574306 -0.060351720702839 0.341039273967503 -1.097724355887397 -1.367556518545587
-0.060924256065049 -0.150345154230821 0.081633077059650 -0.219556899454017 1.023478056794869 -0.067189503295567 0.377446916886293 -1.215308405106974 -1.378954518111986
-0.062022040562319 -0.145227763946846 0.081297129543172 -0.217669664869585 1.017401514769334 -0.074084275886127 0.414245655216416 -1.334162444299736 -1.390352517691706
-0.063110388886667 -0.140140756373000 0.080926708163741 -0.215598436593503 1.010730702547835 -0.081036038474586 0.451435488968421 -1.454286473472344 -1.401750517262546
-0.064188381069634 -0.135087102860260 0.080521527971368 -0.213341259148661 1.003459270180473 -0.088044791060898 0.489016418125932 -1.575680492604814 -1.413148516838936
-0.065255087365378 -0.130069806509358 0.080081304016064 -0.210896177058031 0.995580867717449 -0.095110533645093 0.526988442705045 -1.698344501723792 -1.424546516408665
-0.066309568250668 -0.125091902170771 0.079605751347838 -0.208261234844506 0.987089145208830 -0.102233266227136 0.565351562696326 -1.822278500804853 -1.435944515978393
-0.067350874424890 -0.120156456444727 0.079094585016703 -0.205434477031025 0.977977752704806 -0.109412988807028 0.604105778104214 -1.947482489867980 -1.447342515560335
-0.068378046810045 -0.115266567681203 0.078547520072668 -0.202413948140504 0.968240340255466 -0.116649701384830 0.643251088923158 -2.073956468897631 -1.458740515131174
-0.069390116550748 -0.110425365979925 0.077964271565744 -0.199197692695888 0.957870557910978 -0.123943403960486 0.682787495161485 -2.201700437900467 -1.470138514703123
-0.070386105014227 -0.105636013190370 0.077344554545941 -0.195783755220080 0.946862055721476 -0.131294096534001 0.722714996811424 -2.330714396883149 -1.481536514271742
-0.071365023790328 -0.100901702911763 0.076688084063271 -0.192170180236023 0.935208483737060 -0.138701779105360 0.763033593876861 -2.460998345825693 -1.492934513855904
-0.072325874691508 -0.096225660493078 0.075994575167744 -0.188355012266639 0.922903492007932 -0.146166451674640 0.803743286359460 -2.592552284754746 -1.504332513420081
-0.073267649752841 -0.091611143033038 0.075263742909371 -0.184336295834842 0.909940730584158 -0.153688114241740 0.844844074250894 -2.725376213650321 -1.515730512996472
-0.074189331232015 -0.087061439380117 0.074495302338162 -0.180112075463587 0.896313849515906 -0.161266766806722 0.886335957563378 -2.859470132516861 -1.527128512570641
-0.075089891609333 -0.082579870132538 0.073688968504129 -0.175680395675770 0.882016498853322 -0.168902409369576 0.928218936287473 -2.994834041356587 -1.538526512143701
-0.075968293587712 -0.078169787638271 0.072844456457281 -0.171039300994333 0.867042328646539 -0.176595041930294 0.970493010428175 -3.131467940178378 -1.549924511716760
-0.076823490092684 -0.073834575995038 0.071961481247629 -0.166186835942192 0.851384988945647 -0.184344664488878 1.013158179981044 -3.269371828960033 -1.561322511292040
-0.077654424272395 -0.069577651050310 0.071039757925185 -0.161121045042287 0.835038129800847 -0.192151277045338 1.056214444951631 -3.408545707725974 -1.572720510863990
-0.078460029497606 -0.065402460401306 0.070079001539958 -0.155839972817529 0.817995401262217 -0.200014879599658 1.099661805334939 -3.548989576451778 -1.584118510434829
-0.079239229361694 -0.061312483394995 0.069078927141960 -0.150341663790854 0.800250453379958 -0.207935472151832 1.143500261132080 -3.690703435161868 -1.595516510010109
-0.079990937680648 -0.057311231128095 0.068039249781201 -0.144624162485193 0.781796936204149 -0.215913054701883 1.187729812349159 -3.833687283840703 -1.606914509586499
-0.080714058493074 -0.053402246447074 0.066959684507691 -0.138685513423448 0.762628499784945 -0.223947627249815 1.232350458973963 -3.977941122494943 -1.618312509157338
-0.081407486060191 -0.049589103948150 0.065839946371442 -0.132523761128578 0.742738794172471 -0.232039189795602 1.277362201018706 -4.123464951113487 -1.629710508729287
-0.082070104865834 -0.045875409977287 0.064679750422464 -0.126136950123484 0.722121469416903 -0.240187742339248 1.322765038475615 -4.270258769716317 -1.641108508303457
-0.082700789616452 -0.042264802630203 0.063478811710768 -0.119523124931106 0.700770175568322 -0.248393284880766 1.368558971349687 -4.418322578287892 -1.652506507879847
-0.083298405241107 -0.038760951752361 0.062236845286364 -0.112680330074358 0.678678562676882 -0.256655817420165 1.414743999635926 -4.567656376828211 -1.663904507446246
-0.083861806891479 -0.035367558938977 0.060953566199263 -0.105606610076178 0.655840280792741 -0.264975339957396 1.461320123338217 -4.718260165346155 -1.675302507027077
-0.084389839941860 -0.032088357535013 0.059628689499477 -0.098300009459487 0.632248979966010 -0.273351852492532 1.508287342456005 -4.870133943835064 -1.686700506600136
-0.084881339989157 -0.028927112635183 0.058261930237014 -0.090758572747207 0.607898310246835 -0.281785355025532 1.555645656987625 -5.023277712297158 -1.698098506166534
-0.085335132852893 -0.025887621083949 0.056853003461886 -0.082980344462269 0.582781921685349 -0.290275847556365 1.603395066932523 -5.177691470732437 -1.709496505747365
-0.085750034575205 -0.022973711475522 0.055401624224104 -0.074963369127606 0.556893464331687 -0.298823330085102 1.651535572296248 -5.333375219140901 -1.720894505317094
-0.086124851420843 -0.020189244153864 0.053907507573679 -0.066705691266125 0.530226588235982 -0.307427802611687 1.700067173072140 -5.490328957518109 -1.732292504890154
-0.086458379877173 -0.017538111212684 0.052370368560620 -0.058205355400764 0.502774943448392 -0.316089265136138 1.748989869260198 -5.648552685875163 -1.743690504467654
-0.086749406654177 -0.015024236495442 0.050789922234940 -0.049460406054463 0.474532180019016 -0.324807717658476 1.798303660869305 -5.808046404200962 -1.755088504032942
-0.086996708684449 -0.012651575595347 0.049165883646647 -0.040468887750117 0.445491947998011 -0.333583160178641 1.848008547886693 -5.968810112502165 -1.766486503613773
-0.087199053123200 -0.010424115855357 0.047497967845754 -0.031228845010683 0.415647897435500 -0.342415592696710 1.898104530325129 -6.130843810772113 -1.777884503187943
-0.087355197348253 -0.008345876368179 0.045785889882271 -0.021738322359058 0.384993678381640 -0.351305015212650 1.948591608172956 -6.294147499017466 -1.789282502753231
-0.087463888960049 -0.006420907976271 0.044029364806207 -0.011995364318193 0.353522940886553 -0.360251427726416 1.999469781438501 -6.458721177238225 -1.800680502334062
-0.087523865781640 -0.004653293271838 0.042228107667575 -0.001998015411001 0.321229335000361 -0.369254830238086 2.050739050117878 -6.624564845425507 -1.812078501904901
-0.087533855858695 -0.003047146596836 0.040381833516385 0.008255679839589 0.288106510773234 -0.378315222747611 2.102399414212197 -6.791678503590415 -1.823476501476851
-0.087492577459497 -0.001606614042970 0.038490257402647 0.018767676910650 0.254148118255282 -0.387432605254995 2.154450873722014 -6.960062151726287 -1.834874501049910
-0.087398739074943 -0.000335873451694 0.036553094376372 0.029539931279260 0.219347807496650 -0.396606977760244 2.206893428644552 -7.129715789839786 -1.846272500629631
-0.087251039418547 0.000760865585789 0.034570059487571 0.040574398422483 0.183699228547451 -0.405838340263392 2.259727078984253 -7.300639417917587 -1.857670500197139
-0.087048167426435 0.001679361728527 0.032540867786254 0.051873033817404 0.147196031457864 -0.415126692764378 2.312951824738896 -7.472833035979676 -1.869068499772419
-0.086788802257348 0.002415341885816 0.030465234322432 0.063437792941098 0.109831866277965 -0.424472035263240 2.366567665904595 -7.646296643999406 -1.880466499346589
-0.086471613292642 0.002964501217206 0.028342874146116 0.075270631270621 0.071600383057968 -0.433874367759973 2.420574602489678 -7.821030242005644 -1.891864498914098
-0.086095260136289 0.003322503132496 0.026173502307316 0.087373504283070 0.032495231847940 -0.443333690254544 2.474972634486927 -7.997033829982847 -1.903262498492708
-0.085658392614874 0.003484979291735 0.023956833856043 0.099748367455504 -0.007489937301974 -0.452850002747007 2.529761761899119 -8.174307407919912 -1.914660498066878
-0.085159650777596 0.003447529605226 0.021692583842308 0.112397176265000 -0.048361474341574 -0.462423305237342 2.584941984726807 -8.352850975845705 -1.926058497637717
-0.084597664896271 0.003205722233518 0.019380467316121 0.125321886188634 -0.090125729220802 -0.472053597725530 2.640513302968883 -8.532664533740242 -1.937456497212997
-0.083971055465328 0.002755093587414 0.017020199327494 0.138524452703478 -0.132789051889504 -0.481740880211595 2.696475716627567 -8.713748081603523 -1.948854496790497
-0.083278433201811 0.002091148327966 0.014611494926436 0.152006831286616 -0.176357792297521 -0.491485152695548 2.752829225696751 -8.896101619439989 -1.960252496352455
-0.082518399045378 0.001209359366479 0.012154069162958 0.165770977415100 -0.220838300394721 -0.501286415177310 2.809573830184209 -9.079725147254081 -1.971650495932176
-0.081689544158302 0.000105167864505 0.009647637087071 0.179818846566021 -0.266236926130992 -0.511144667656971 2.866709530086053 -9.264618665039137 -1.983048495509676
-0.080790449925472 -0.001226016766150 0.007091913748786 0.194152394216451 -0.312560019456187 -0.521059910134519 2.924236325401730 -9.450782172792938 -1.994446495077185
-0.079819687954390 -0.002788816863431 0.004486614198114 0.208773575843460 -0.359813930320152 -0.531032142609905 2.924236325401730 -9.450782172792938 -1.994446495077185
-0.078775820075172 -0.004587886515032 0.001831453485064 -0.208773575843460 0.359813930320152 0.531032142609905 2.866709530086053 -9.264618665039137 -1.983048495509676
-0.079819687954390 -0.002788816863431 0.004486614198114 -0.194152394216451 0.312560019456187 0.521059910134519 2.809573830184209 -9.079725147254081 -1.971650495932176
-0.080790449925472 -0.001226016766150 0.007091913748786 -0.179818846566021 0.266236926130992 0.511144667656971 2.752829225696751 -8.896101619439989 -1.960252496352455
-0.081689544158302 0.000105167864505 0.009647637087071 -0.165770977415100 0.220838300394721 0.501286415177310 2.696475716627567 -8.713748081603523 -1.948854496790497
-0.082518399045378 0.001209359366479 0.012154069162958 -0.152006831286616 0.176357792297521 0.491485152695548 2.640513302968883 -8.532664533740242 -1.937456497212997
-0.083278433201811 0.002091148327966 0.014611494926436 -0.138524452703478 0.132789051889504 0.481740880211595 2.584941984726807 -8.352850975845705 -1.926058497637717
-0.083971055465328 0.002755093587414 0.017020199327494 -0.125321886188634 0.090125729220802 0.472053597725530 2.529761761899119 -8.174307407919912 -1.914660498066878
-0.084597664896271 0.003205722233518 0.019380467316121 -0.112397176265000 0.048361474341574 0.462423305237342 2.474972634486927 -7.997033829982847 -1.903262498492708
-0.085159650777596 0.003447529605226 0.021692583842308 -0.099748367455504 0.007489937301974 0.452850002747007 2.420574602489678 -7.821030242005644 -1.891864498914098
-0.085658392614874 0.003484979291735 0.023956833856043 -0.087373504283070 -0.032495231847940 0.443333690254544 2.366567665904595 -7.646296643999406 -1.880466499346589
-0.086095260136289 0.003322503132496 0.026173502307316 -0.075270631270621 -0.071600383057968 0.433874367759973 2.312951824738896 -7.472833035979676 -1.869068499772419
-0.086471613292642 0.002964501217206 0.028342874146116 -0.063437792941098 -0.109831866277965 0.424472035263240 2.259727078984253 -7.300639417917587 -1.857670500197139
-0.086788802257348 0.002415341885816 0.030465234322432 -0.051873033817404 -0.147196031457864 0.415126692764378 2.206893428644552 -7.129715789839786 -1.846272500629631
-0.087048167426435 0.001679361728527 0.032540867786254 -0.040574398422483 -0.183699228547451 0.405838340263392 2.154450873722014 -6.960062151726287 -1.834874501049910
-0.087251039418547 0.000760865585789 0.034570059487571 -0.029539931279260 -0.219347807496650 0.396606977760244 2.102399414212197 -6.791678503590415 -1.823476501476851
-0.087398739074943 -0.000335873451694 0.036553094376372 -0.018767676910650 -0.254148118255282 0.387432605254995 2.050739050117878 -6.624564845425507 -1.812078501904901
-0.087492577459497 -0.001606614042970 0.038490257402647 -0.008255679839589 -0.288106510773234 0.378315222747611 1.999469781438501 -6.458721177238225 -1.800680502334062
-0.087533855858695 -0.003047146596836 0.040381833516385 0.001998015411001 -0.321229335000361 0.369254830238086 1.948591608172956 -6.294147499017466 -1.789282502753231
-0.087523865781640 -0.004653293271838 0.042228107667575 0.011995364318193 -0.353522940886553 0.360251427726416 1.898104530325129 -6.130843810772113 -1.777884503187943
-0.087463888960049 -0.006420907976271 0.044029364806207 0.021738322359058 -0.384993678381640 0.351305015212650 1.848008547886693 -5.968810112502165 -1.766486503613773
-0.087355197348253 -0.008345876368179 0.045785889882271 0.031228845010683 -0.415647897435500 0.342415592696710 1.798303660869305 -5.808046404200962 -1.755088504032942
-0.087199053123200 -0.010424115855357 0.047497967845754 0.040468887750117 -0.445491947998011 0.333583160178641 1.748989869260198 -5.648552685875163 -1.743690504467654
-0.086996708684449 -0.012651575595347 0.049165883646647 0.049460406054463 -0.474532180019016 0.324807717658476 1.700067173072140 -5.490328957518109 -1.732292504890154
-0.086749406654177 -0.015024236495442 0.050789922234940 0.058205355400764 -0.502774943448392 0.316089265136138 1.651535572296248 -5.333375219140901 -1.720894505317094
-0.086458379877173 -0.017538111212684 0.052370368560620 0.066705691266125 -0.530226588235982 0.307427802611687 1.603395066932523 -5.177691470732437 -1.709496505747365
-0.086124851420843 -0.020189244153864 0.053907507573679 0.074963369127606 -0.556893464331687 0.298823330085102 1.555645656987625 -5.023277712297158 -1.698098506166534
-0.085750034575205 -0.022973711475522 0.055401624224104 0.082980344462269 -0.582781921685349 0.290275847556365 1.508287342456005 -4.870133943835064 -1.686700506600136
-0.085335132852893 -0.025887621083949 0.056853003461886 0.090758572747207 -0.607898310246835 0.281785355025532 1.461320123338217 -4.718260165346155 -1.675302507027077
-0.084881339989157 -0.028927112635183 0.058261930237014 0.098300009459487 -0.632248979966010 0.273351852492532 1.414743999635926 -4.567656376828211 -1.663904507446246
-0.084389839941860 -0.032088357535013 0.059628689499477 0.105606610076178 -0.655840280792741 0.264975339957396 1.368558971349687 -4.418322578287892 -1.652506507879847
-0.083861806891479 -0.035367558938977 0.060953566199263 0.112680330074358 -0.678678562676882 0.256655817420165 1.322765038475615 -4.270258769716317 -1.641108508303457
-0.083298405241107 -0.038760951752361 0.062236845286364 0.119523124931106 -0.700770175568322 0.248393284880766 1.277362201018706 -4.123464951113487 -1.629710508729287
-0.082700789616452 -0.042264802630203 0.063478811710768 0.126136950123484 -0.722121469416903 0.240187742339248 1.232350458973963 -3.977941122494943 -1.618312509157338
-0.082070104865834 -0.045875409977287 0.064679750422464 0.132523761128578 -0.742738794172471 0.232039189795602 1.187729812349159 -3.833687283840703 -1.606914509586499
-0.081407486060191 -0.049589103948150 0.065839946371442 0.138685513423448 -0.762628499784945 0.223947627249815 1.143500261132080 -3.690703435161868 -1.595516510010109
-0.080714058493074 -0.053402246447074 0.066959684507691 0.144624162485193 -0.781796936204149 0.215913054701883 1.099661805334939 -3.548989576451778 -1.584118510434829
-0.079990937680648 -0.057311231128095 0.068039249781201 0.150341663790854 -0.800250453379958 0.207935472151832 1.056214444951631 -3.408545707725974 -1.572720510863990
-0.079239229361694 -0.061312483394995 0.069078927141960 0.155839972817529 -0.817995401262217 0.200014879599658 1.013158179981044 -3.269371828960033 -1.561322511292040
-0.078460029497606 -0.065402460401306 0.070079001539958 0.161121045042287 -0.835038129800847 0.192151277045338 0.970493010428175 -3.131467940178378 -1.549924511716760
-0.077654424272395 -0.069577651050310 0.071039757925185 0.166186835942192 -0.851384988945647 0.184344664488878 0.928218936287473 -2.994834041356587 -1.538526512143701
-0.076823490092684 -0.073834575995038 0.071961481247629 0.171039300994333 -0.867042328646539 0.176595041930294 0.886335957563378 -2.859470132516861 -1.527128512570641
-0.075968293587712 -0.078169787638271 0.072844456457281 0.175680395675770 -0.882016498853322 0.168902409369576 0.844844074250894 -2.725376213650321 -1.515730512996472
-0.075089891609333 -0.082579870132538 0.073688968504129 0.180112075463587 -0.896313849515906 0.161266766806722 0.803743286359460 -2.592552284754746 -1.504332513420081
-0.074189331232015 -0.087061439380117 0.074495302338162 0.184336295834842 -0.909940730584158 0.153688114241740 0.763033593876861 -2.460998345825693 -1.492934513855904
-0.073267649752841 -0.091611143033038 0.075263742909371 0.188355012266639 -0.922903492007932 0.146166451674640 0.722714996811424 -2.330714396883149 -1.481536514271742
-0.072325874691508 -0.096225660493078 0.075994575167744 0.192170180236023 -0.935208483737060 0.138701779105360 0.682787495161485 -2.201700437900467 -1.470138514703123
-0.071365023790328 -0.100901702911763 0.076688084063271 0.195783755220080 -0.946862055721476 0.131294096534001 0.643251088923158 -2.073956468897631 -1.458740515131174
-0.070386105014227 -0.105636013190370 0.077344554545941 0.199197692695888 -0.957870557910978 0.123943403960486 0.604105778104214 -1.947482489867980 -1.447342515560335
-0.069390116550748 -0.110425365979925 0.077964271565744 0.202413948140504 -0.968240340255466 0.116649701384830 0.565351562696326 -1.822278500804853 -1.435944515978393
-0.068378046810045 -0.115266567681203 0.078547520072668 0.205434477031025 -0.977977752704806 0.109412988807028 0.526988442705045 -1.698344501723792 -1.424546516408665
-0.067350874424890 -0.120156456444727 0.079094585016703 0.208261234844506 -0.987089145208830 0.102233266227136 0.489016418125932 -1.575680492604814 -1.413148516838936
-0.066309568250668 -0.125091902170771 0.079605751347838 0.210896177058031 -0.995580867717449 0.095110533645093 0.451435488968421 -1.454286473472344 -1.401750517262546
-0.065255087365378 -0.130069806509358 0.080081304016064 0.213341259148661 -1.003459270180473 0.088044791060898 0.414245655216416 -1.334162444299736 -1.390352517691706
-0.064188381069634 -0.135087102860260 0.080521527971368 0.215598436593503 -1.010730702547835 0.081036038474586 0.377446916886293 -1.215308405106974 -1.378954518111986
-0.063110388886667 -0.140140756373000 0.080926708163741 0.217669664869585 -1.017401514769334 0.074084275886127 0.341039273967503 -1.097724355887397 -1.367556518545587
-0.062022040562319 -0.145227763946846 0.081297129543172 0.219556899454017 -1.023478056794869 0.067189503295567 0.305022726465043 -0.981410296632124 -1.356158518968087
-0.060924256065049 -0.150345154230821 0.081633077059650 0.221262095823854 -1.028966678574306 0.060351720702839 0.269397274377248 -0.866366227372239 -1.344760519395027
-0.059817945585930 -0.155489987623692 0.081934835663164 0.222787209456179 -1.033873730057466 0.053570928107999 0.234162917700509 -0.752592148045572 -1.333362519821968
-0.058704009538649 -0.160659356273979 0.082202690303704 0.224134195828066 -1.038205561194327 0.046847125511024 0.199319656445651 -0.640088058736499 -1.321964520251129
-0.057583338559508 -0.165850384079951 0.082436925931259 0.225305010416568 -1.041968521934555 0.040180312911914 0.164867490600185 -0.528853959371745 -1.310566520675849
-0.056456813507425 -0.171060226689624 0.082637827495819 0.226301608698797 -1.045168962228238 0.033570490310658 0.130806420171325 -0.418889849984616 -1.299168521101679
-0.055325305463931 -0.176286071500765 0.082805679947372 0.227125946151797 -1.047813232025097 0.027017657707279 0.097136445156021 -0.310195730581775 -1.287770521527509
-0.054189675733172 -0.181525137660891 0.082940768235908 0.227779978252654 -1.049907681275020 0.020521815101771 0.063857565558156 -0.202771601138796 -1.276372521957780
-0.053050775841909 -0.186774676067266 0.083043377311417 0.228265660478434 -1.051458659927929 0.014082962494133 0.030969781371071 -0.096617461664561 -1.264974522383611
-0.051909447539517 -0.192031969366905 0.083113792123888 0.228584948306225 -1.052472517933623 0.007701099884344 -0.001526907396632 0.008266687814285 -1.253576522806110
-0.050766522797986 -0.197294331956573 0.083152297623310 0.228739797213080 -1.052955605241945 0.001376227272426 -0.033632500754388 0.111880847342150 -1.242178523237492
-0.049622823811921 -0.202559109982783 0.083159178759672 0.228732162676097 -1.052914271802874 -0.004891655341605 -0.065346998693316 0.214225016886838 -1.230780523659991
-0.048479162998540 -0.207823681341798 0.083134720482964 0.228564000172325 -1.052354867566163 -0.011102547957792 -0.096670401218690 0.315299196458341 -1.219382524090262
-0.047336342997678 -0.213085455679628 0.083079207743175 0.228237265178859 -1.051283742481729 -0.017256450576092 -0.127602708328844 0.415103386058879 -1.207984524512762
-0.046195156671784 -0.218341874392037 0.082992925490294 0.227753913172765 -1.049707246499437 -0.023353363196543 -0.158143920027942 0.513637585694005 -1.196586524944143
-0.045056387105920 -0.223590410624534 0.082876158674312 0.227115899631121 -1.047631729569143 -0.029393285819107 -0.188294036307379 0.610901795340402 -1.185188525368863
-0.043920807607765 -0.228828569272380 0.082729192245216 0.226325180030981 -1.045063541640673 -0.035376218443828 -0.218053057172984 0.706896015028047 -1.173790525791363
-0.042789181707610 -0.234053886980583 0.082552311152997 0.225383709849444 -1.042009032663971 -0.041302161070672 -0.247420982628643 0.801620244743617 -1.162392526224965
-0.041662263158363 -0.239263932143903 0.082345800347644 0.224293444563579 -1.038474552588831 -0.047171113699629 -0.276397812657703 0.895074484460467 -1.150994526650795
-0.040540795935545 -0.244456304906847 0.082109944779145 0.223056339650436 -1.034466451365113 -0.052983076330754 -0.304983547289861 0.987258734249652 -1.139596527069964
-0.039425514237292 -0.249628637163673 0.081845029397492 0.221674350587148 -1.029991078942810 -0.058738048964008 -0.333178186490424 1.078172994022353 -1.128198527502455
-0.038317142484357 -0.254778592558387 0.081551339152672 0.220149432850698 -1.025054785271562 -0.064436031599358 -0.360981730286036 1.167817263849624 -1.116800527929396
-0.037216395320103 -0.259903866484745 0.081229158994675 0.218483541918246 -1.019663920301450 -0.070077024236870 -0.388394178661433 1.256191543683727 -1.105402528356336
-0.036123977610512 -0.265002186086252 0.080878773873490 0.216678633266816 -1.013824833982202 -0.075661026876517 -0.415415531627439 1.343295833569069 -1.094004528779946
-0.035040584444178 -0.270071310256163 0.080500468739108 0.214736662373509 -1.007543876263783 -0.081188039518298 -0.442045789172119 1.429130133456802 -1.082606529204666
-0.033966901132310 -0.275109029637482 0.080094528541516 0.212659584715372 -1.000827397095938 -0.086658062162198 -0.468284951309905 1.513694443393554 -1.071208529638268
-0.032903603208734 -0.280113166622962 0.079661238230705 0.210449355769511 -0.993681746428654 -0.092071094808222 -0.494133018025811 1.596988763337137 -1.059810530060767
-0.031851356429886 -0.285081575355105 0.079200882756664 0.208107931012962 -0.986113274211686 -0.097427137456413 -0.519589989330660 1.679013093334181 -1.048412530486598
-0.030810816774821 -0.290012141726163 0.078713747069382 0.205637265922833 -0.978128330395001 -0.102726190106717 -0.544655865220844 1.759767433324733 -1.037014530916869
-0.029782630445207 -0.294902783378138 0.078200116118849 0.203039315976179 -0.969733264928330 -0.107968252759150 -0.569330645693172 1.839251783366525 -1.025616531337148
-0.028767433865326 -0.299751449702780 0.077660274855053 0.200316036650075 -0.960934427761706 -0.113153325413734 -0.593614330753611 1.917466143428470 -1.014218531772970
-0.027765853682076 -0.304556121841588 0.077094508227984 0.197469383421609 -0.951738168844873 -0.118281408070420 -0.617506920397026 1.994410513510569 -1.002820532191029
-0.026778506764968 -0.309314812685813 0.076503101187632 0.194501311767841 -0.942150838127731 -0.123352500729285 -0.641008414629662 2.070084893639468 -0.991422532620190
-0.025806000206128 -0.314025566876451 0.075886338683986 0.191413777165856 -0.932178785560178 -0.128366603390240 -0.664118813444442 2.144489283777418 -0.980024533049351
-0.024848931320299 -0.318686460804252 0.075244505667035 0.188208735092708 -0.921828361091981 -0.133323716053341 -0.686838116845667 2.217623683953285 -0.968626533472960
-0.023907887644836 -0.323295602609712 0.074577887086768 0.184888141025485 -0.911105914673094 -0.138223838718587 -0.709166324825428 2.289488094131542 -0.957228533898791
-0.022983446939708 -0.327851132183078 0.073886767893175 0.181453950441257 -0.900017796253327 -0.143066971385952 -0.731103437403291 2.360082514374362 -0.945830534330172
-0.022076177187502 -0.332351221164344 0.073171433036245 0.177908118817130 -0.888570355782670 -0.147853114055446 -0.752649454557053 2.429406944619572 -0.934432534751561
-0.021186636593416 -0.336794072943258 0.072432167465968 0.174252601630114 -0.876769943210798 -0.152582266727097 -0.773804376298370 2.497461384904920 -0.923034535184053
-0.020315373585266 -0.341177922659312 0.071669256132332 0.170489354357328 -0.864622908487700 -0.157254429400855 -0.794568202624329 2.564245835205980 -0.911636535604332
-0.019462926813479 -0.345501037201750 0.070882983985328 0.166620332475836 -0.852135601563175 -0.161869602076775 -0.814940933537567 2.629760295540517 -0.900238536033493
-0.018629825151100 -0.349761715209566 0.070073635974944 0.162647491462715 -0.839314372387145 -0.166427784754797 -0.834922569030727 2.694004765892988 -0.888840536460433
-0.017816587693786 -0.353958287071502 0.069241497051170 0.158572786795027 -0.826165570909443 -0.170928977434964 -0.854513109117899 2.756979246294478 -0.877442536889594
-0.017023723759811 -0.358089114926049 0.068386852163995 0.154398173949873 -0.812695547079978 -0.175373180117266 -0.873712553784917 2.818683736705019 -0.866044537312094
-0.016251732890062 -0.362152592661449 0.067509986263409 0.150125608404284 -0.798910650848506 -0.179760392801714 -0.892520903032767 2.879118237135714 -0.854646537740145
-0.015501104848040 -0.366147145915691 0.066611184299401 0.145757045635359 -0.784817232164980 -0.184090615488275 -0.910938156875529 2.938282747617649 -0.843248538164865
-0.014772319619864 -0.370071232076516 0.065690731221959 0.141294441120195 -0.770421640979302 -0.188363848176976 -0.928964315296887 2.996177268106415 -0.831850538596246
-0.014065847414263 -0.373923340281413 0.064748911981074 0.136739750335818 -0.755730227241214 -0.192580090867800 -0.946599378301854 3.052801798626437 -0.820452539017635
-0.013382148662584 -0.377701991417619 0.063786011526735 0.132094928759333 -0.740749340900682 -0.196739343560781 -0.963843345905199 3.108156339197699 -0.809054539447907
-0.012721674018787 -0.381405738122122 0.062802314808931 0.127361931867824 -0.725485331907549 -0.200841606255869 -0.980696218071883 3.162240889742485 -0.797656539874847
-0.012084864359448 -0.385033164781660 0.061798106777652 0.122542715138298 -0.709944550211561 -0.204886878953109 -0.997157994842152 3.215055450365156 -0.786258540298457
-0.011472150783756 -0.388582887532718 0.060773672382887 0.117639234047939 -0.694133345762848 -0.208875161652483 -1.013228676189984 3.266600020994659 -0.774860540726507
-0.010883954613517 -0.392053554261532 0.059729296574624 0.112653444073728 -0.678058068511023 -0.212806454353975 -1.028908262128009 3.316874601664299 -0.763462541153448
-0.010320687393148 -0.395443844604087 0.058665264302854 0.107587300692778 -0.661725068406049 -0.216680757057608 -1.044196752643042 3.365879192334109 -0.752064541575947
-0.009782750889684 -0.398752469946117 0.057581860517566 0.102442759382138 -0.645140695397728 -0.220498069763375 -1.059094147748685 3.413613793050718 -0.740666542011770
-0.009270537092773 -0.401978173423106 0.056479370168749 0.097221775618923 -0.628311299436057 -0.224258392471255 -1.073600447438830 3.460078403789701 -0.729268542427608
-0.008784428214679 -0.405119729920286 0.055358078206393 0.091926304880179 -0.611243230470804 -0.227961725181314 -1.087715651714763 3.505273024557720 -0.717870542864540
-0.008324796690278 -0.408175946072640 0.054218269580486 0.086558302642985 -0.593942838451855 -0.231608067893452 -1.101439760576375 3.549197655356995 -0.706472543283709
-0.007892005177063 -0.411145660264900 0.053060229241019 0.081119724384411 -0.576416473329067 -0.235197420607774 -1.114772774015518 3.591852296163101 -0.695074543712870
-0.007486406555141 -0.414027742631545 0.051884242137980 0.075612525581529 -0.558670485052282 -0.238729783324193 -1.127714692058246 3.633236947038210 -0.683676544138700
-0.007108343927233 -0.416821095056806 0.050690593221359 0.070038661711452 -0.540711223571466 -0.242205156042757 -1.140265514665907 3.673351607893505 -0.672278544567861
-0.006758150618676 -0.419524651174664 0.049479567441146 0.064400088251161 -0.522545038836275 -0.245623538763451 -1.152425241867823 3.712196278800040 -0.660880544991471
-0.006436150177420 -0.422137376368845 0.048251449747328 0.058698760677831 -0.504178280796808 -0.248984931486290 -1.164193873654136 3.749770959724508 -0.649482545419522
-0.006142656374031 -0.424658267772829 0.047006525089897 0.052936634468492 -0.485617299402807 -0.252289334211248 -1.175571410031683 3.786075650700216 -0.638084545844242
-0.005877973201689 -0.427086354269843 0.045745078418841 0.047115665100221 -0.466868444604185 -0.255536746938345 -1.186557850981762 3.821110351664991 -0.626686546271182
-0.005642394876187 -0.429420696492864 0.044467394684149 0.041237808050063 -0.447938066350684 -0.258727169667566 -1.197153196518877 3.854875062654362 -0.615288546703674
-0.005436205835937 -0.431660386824618 0.043173758835811 0.035305018795154 -0.428832514592359 -0.261860602398922 -1.207357446666169 3.887369783761585 -0.603890547122843
-0.005259680741961 -0.433804549397579 0.041864455823816 0.029319252812560 -0.409558139279087 -0.264937045132441 -1.217170601363754 3.918594514782381 -0.592492547552004
-0.005113084477899 -0.435852340093975 0.040539770598154 0.023282465579229 -0.390121290360279 -0.267956497868055 -1.226592660664300 3.948549255869960 -0.581094547980054
-0.004996672150002 -0.437802946545776 0.039199988108814 0.017196612572410 -0.370528317786367 -0.270918960605815 -1.235623624547613 3.977234007002117 -0.569696548405885
-0.004910689087140 -0.439655588134708 0.037845393305785 0.011063649269089 -0.350785571507017 -0.273824433345715 -1.244263493012584 4.004648768134444 -0.558298548828384
-0.004855370840795 -0.441409515992243 0.036476271139056 0.004885531146350 -0.330899401472007 -0.276672916087745 -1.252512266072050 4.030793539326893 -0.546900549261986
-0.004830943185063 -0.443064012999603 0.035092906558618 -0.001335786318712 -0.310876157631335 -0.279464408831887 -1.260369943707484 4.055668320519512 -0.535502549683375
-0.004837622116657 -0.444618393787760 0.033695584514458 -0.007598347649073 -0.290722189934700 -0.282198911578196 -1.267836525933042 4.079273111750048 -0.524104550114757
-0.004875613854902 -0.446072004737433 0.032284589956567 -0.013900197367610 -0.270443848332103 -0.284876424326613 -1.274912012739840 4.101607912998517 -0.512706550536146
-0.004945114841740 -0.447424223979094 0.030860207834934 -0.020239379997275 -0.250047482773352 -0.287496947077187 -1.281596404138149 4.122672724289345 -0.501308550966417
-0.005046311741727 -0.448674461392961 0.029422723099548 -0.026613940060975 -0.229539443208360 -0.290060479829868 -1.287889700108194 4.142467545575901 -0.489910551390027
-0.005179381442031 -0.449822158609002 0.027972420700399 -0.033021922081665 -0.208926079586913 -0.292567022584700 -1.293791900691711 4.160992376969208 -0.478512551819188
-0.005344491052440 -0.450866789006937 0.026509585587475 -0.039461370582206 -0.188213741859034 -0.295016575341650 -1.299303005820665 4.178247218267206 -0.467114552247239
-0.005541797905351 -0.451807857716232 0.025034502710767 -0.045930330085665 -0.167408779974187 -0.297409138100746 -1.304423015567706 4.194232069685278 -0.455716552666408
-0.005771449555779 -0.452644901616103 0.023547457020263 -0.052426845114768 -0.146517543882851 -0.299744710861982 -1.309151929886931 4.208946931112401 -0.444318553103340
-0.006033583781353 -0.453377489335517 0.022048733465953 -0.058948960192607 -0.125546383534425 -0.302023293625314 -1.313489748794688 4.222391802557457 -0.432920553521399
-0.006328328582316 -0.454005221253189 0.020538616997827 -0.065494719842041 -0.104501648878863 -0.304244886390831 -1.317436472281011 4.234566684016006 -0.421522553951670
-0.006655802181526 -0.454527729497584 0.019017392565873 -0.072062168586015 -0.083389689866076 -0.306409489158438 -1.320992100353710 4.245471575508031 -0.410124554381941
-0.007016113024456 -0.454944677946914 0.017485345120081 -0.078649350947420 -0.062216856445996 -0.308517101928196 -1.324156633025314 4.255106477057957 -0.398726554798889
-0.007409359779193 -0.455255762229144 0.015942759610440 -0.085254311449188 -0.040989498568456 -0.310567724700106 -1.326930070263965 4.263471388596951 -0.387328555233601
-0.007835631336439 -0.455460709721986 0.014389920986939 -0.091875094614315 -0.019713966183166 -0.312561357474100 -1.329312412095343 4.270566310164980 -0.375930555658321
-0.008295006809511 -0.455559279552902 0.012827114199569 -0.098509744965635 0.001603390759819 -0.314498000250268 -1.331303658519689 4.276391241808675 -0.364532556086372
-0.008787555534339 -0.455551262599103 0.011254624198317 -0.105156307026111 0.022956222310644 -0.316377653028560 -1.332903809514036 4.280946183405909 -0.353134556506651
-0.009313337069470 -0.455436481487550 0.009672735933174 -0.111812825318710 0.044338178519687 -0.318200315808992 -1.334112865107040 4.284231135094352 -0.341736556941363
-0.009872401196063 -0.455214790594951 0.008081734354129 -0.118477344366280 0.065742909436717 -0.319965988591525 -1.334930825282810 4.286246096791846 -0.330338557362753
-0.010464787917895 -0.454886076047768 0.006481904411172 -0.125147908691815 0.087164065112189 -0.321674671376232 -1.335357690026573 4.286991068460644 -0.318940557789693
