0.015953614810651 -0.445763844436012 0.000000000000000 0.148527243773081 -0.054381852179786 0.464433249257157 -4.635950861684584 12.737170310181956 -1.348523240256583
0.016696251029516 -0.446035753696911 0.002322166246286 0.125347489464658 0.009303999371124 0.457690633055874 -4.510995640823884 12.393858662420598 -1.364168938562393
0.017322988476839 -0.445989233700055 0.004610619411565 0.102792511260539 0.071273292683227 0.450869788363062 -4.387059269420207 12.053346280540556 -1.379814636850440
0.017836951033142 -0.445632867236639 0.006864968353380 0.080857214913438 0.131540024085930 0.443970715178810 -4.264141747480910 11.715633164559591 -1.395460335147369
0.018241237107709 -0.444975167116209 0.009084821929275 0.059536506176033 0.190118189908728 0.436993413503073 -4.142243075015290 11.380719314495469 -1.411106033453180
0.018538919638589 -0.444024576166665 0.011269788996790 0.038825290800957 0.247021786481205 0.429937883335807 -4.021363252010163 11.048604730321543 -1.426751731741227
0.018733046092594 -0.442789467234259 0.013419478413469 0.018718474540906 0.302264810132813 0.422804124677101 -3.901502278473301 10.719289412057798 -1.442397430038156
0.018826638465299 -0.441278143183595 0.015533499036854 -0.000789036851460 0.355861257193102 0.415592137526910 -3.782660154400402 10.392773359686469 -1.458043128339526
0.018822693281041 -0.439498836897630 0.017611459724489 -0.019702337623462 0.407825123991534 0.408301921885212 -3.664836879794242 10.069056573216439 -1.473688826636455
0.018724181592924 -0.437459711277672 0.019652969333915 -0.038026522022434 0.458170406857616 0.400933477752030 -3.548032454656485 9.748139052663252 -1.489334524928942
0.018534048982812 -0.435168859243384 0.021657636722675 -0.055766684295716 0.506911102120933 0.393486805127385 -3.432246878984913 9.430020798004701 -1.504980223230312
0.018255215561333 -0.432634303732779 0.023625070748312 -0.072927918690641 0.554061206110956 0.385961904011234 -3.317480152773416 9.114701809229686 -1.520625921527241
0.017890575967880 -0.429863997702225 0.025554880268368 -0.089515319454508 0.599634715157105 0.378358774403598 -3.203732276039484 8.802182086400379 -1.536271619815288
0.017442999370608 -0.426865824126439 0.027446674140386 -0.105533980834705 0.643645625589107 0.370677416304521 -3.091003248754665 8.492461629414638 -1.551917318125540
0.016915329466434 -0.423647595998494 0.029300061221909 -0.120988997078478 0.686107933736180 0.362917829713894 -2.979293070952960 8.185540438379046 -1.567563016413587
0.016310384481042 -0.420217056329813 0.031114650370478 -0.135885462433243 0.727035635928075 0.355080014631826 -2.868601742607790 7.881418513224769 -1.583208714710516
0.015630957168875 -0.416581878150172 0.032890050443637 -0.150228471146282 0.766442728494199 0.347163971058273 -2.758929263732418 7.580095853976232 -1.598854413007444
0.014879814813144 -0.412749664507701 0.034625870298929 -0.164023117464944 0.804343207764080 0.339169698993236 -2.650275634319760 7.281572460624552 -1.614500111308814
0.014059699225819 -0.408727948468881 0.036321718793895 -0.177274495636543 0.840751070067203 0.331097198436692 -2.542640854374528 6.985848333178613 -1.630145809605743
0.013173326747637 -0.404524193118545 0.037977204786078 -0.189987699908416 0.875680311733096 0.322946469388663 -2.436024923902769 6.692923471647294 -1.645791507893790
0.012223388248095 -0.400145791559879 0.039591937133022 -0.202167824527930 0.909144929091332 0.314717511849194 -2.330427842881372 6.402797875988409 -1.661437206199601
0.011212549125455 -0.395600066914423 0.041165524692268 -0.213819963742336 0.941158918471274 0.306410325818196 -2.225849611341352 6.115471546261908 -1.677082904492089
0.010143449306743 -0.390894272322066 0.042697576321359 -0.224949211799043 0.971736276202584 0.298024911295736 -2.122290229258639 5.830944482414502 -1.692728602793458
0.009018703247748 -0.386035590941053 0.044187700877837 -0.235560662945336 1.000890998614656 0.289561268281768 -2.019749696645090 5.549216684486158 -1.708374301081506
0.007840899933021 -0.381031135947980 0.045635507219246 -0.245659411428562 1.028637082037087 0.281019396776361 -1.918228013496681 5.270288152443570 -1.724019999387316
0.006612602875878 -0.375887950537795 0.047040604203128 -0.255250551496045 1.054988522799305 0.272399296779424 -1.817725179816754 4.994158886324485 -1.739665697679804
0.005336350118398 -0.370613007923798 0.048402600687025 -0.264339177395129 1.079959317230927 0.263700968291025 -1.718241195598003 4.720828886082273 -1.755311395981174
0.004014654231423 -0.365213211337644 0.049721105528480 -0.272930383373119 1.103563461661339 0.254924411311119 -1.619776060850586 4.450298151759124 -1.770957094269221
0.002650002314557 -0.359695394029337 0.050995727585036 -0.281029263677372 1.125814952420134 0.246069625839773 -1.522329775564402 4.182566683326172 -1.786602792575032
0.001244855996170 -0.354066319267236 0.052226075714235 -0.288640912555194 1.146727785836765 0.237136611876898 -1.425902339752194 3.917634480814502 -1.802248490863079
-0.000198348566606 -0.348332680338052 0.053411758773619 -0.295770424253955 1.166315958240838 0.228125369422583 -1.330493753393114 3.655501544175266 -1.817894189168889
-0.001677200687876 -0.342501100546848 0.054552385620732 -0.302422893020921 1.184593465961714 0.219035898476738 -1.236104016513329 3.396167873470635 -1.833539887461377
-0.003189315152980 -0.336578133217040 0.055647565113116 -0.308603413103487 1.201574305329067 0.209868199039431 -1.142733129094464 3.139633468642877 -1.849185585758306
-0.004732332218498 -0.330570261690394 0.056696906108313 -0.314317078748959 1.217272472672282 0.200622271110640 -1.050381091137620 2.885898329727521 -1.864831284050794
-0.006303917612242 -0.324483899327033 0.057700017463866 -0.319568984204648 1.231701964320919 0.191298114690386 -0.959047902653887 2.634962456715684 -1.880476982356605
-0.007901762533266 -0.318325389505428 0.058656508037318 -0.324364223717917 1.244876776604498 0.181895729778603 -0.868733563630786 2.386825849598484 -1.896122680649093
-0.009523583651855 -0.312101005622406 0.059565986686211 -0.328707891536071 1.256810905852490 0.172415116375357 -0.779438074077354 2.141488508389244 -1.911768378946022
-0.011167123109536 -0.305816951093143 0.060428062268088 -0.332605081906458 1.267518348394436 0.162856274480627 -0.691161433984255 1.898950433072422 -1.927414077238510
-0.012830148519068 -0.299479359351171 0.061242343640491 -0.336060889076379 1.277013100559798 0.153219204094435 -0.603903643368042 1.659211623679102 -1.943059775544320
-0.014510452964450 -0.293094293848372 0.062008439660963 -0.339080407293219 1.285309158678194 0.143503905216713 -0.517664702208853 1.422272080164877 -1.958705473832367
-0.016205855000916 -0.286667748054981 0.062725959187047 -0.341668730804263 1.292420519079018 0.133710377847551 -0.432444610516114 1.188131802558612 -1.974351172133737
-0.017914198654937 -0.280205645459586 0.063394511076285 -0.343830953856844 1.298361178091811 0.123838621986883 -0.348243368295253 0.956790790871409 -1.989996870435107
-0.019633353424221 -0.273713839569127 0.064013704186219 -0.345572170698320 1.303145132046168 0.113888637634707 -0.265060975536136 0.728249045056639 -2.005642568718713
-0.021361214277713 -0.267198113908896 0.064583147374393 -0.346897475576001 1.306786377271452 0.103860424791113 -0.182897432239315 0.502506565158711 -2.021288267028964
-0.023095701655593 -0.260664182022539 0.065102449498348 -0.347811962737198 1.309298910097245 0.093753983455969 -0.101752738419503 0.279563351174295 -2.036933965321452
-0.024834761469279 -0.254117687472053 0.065571219415628 -0.348320726429295 1.310696726853117 0.083569313629361 -0.021626894056159 0.059419403070082 -2.052579663613940
-0.026576365101425 -0.247564203837787 0.065989065983775 -0.348428860899576 1.310993823868467 0.073306415311292 0.057480100836282 -0.157925279116178 -2.068225361915310
-0.028318509405923 -0.241009234718445 0.066355598060331 -0.348141460395394 1.310204197472886 0.062965288501715 0.135568246266149 -0.372470695407801 -2.083871060207798
-0.030059216707900 -0.234458213731080 0.066670424502840 -0.347463619164064 1.308341843995847 0.052545933200676 0.212637542226779 -0.584216845798124 -2.099516758509168
-0.031796534803721 -0.227916504511101 0.066933154168843 -0.346400431452930 1.305420759766857 0.042048349408130 0.288687988722613 -0.793163730283819 -2.115162456806097
-0.033528536960985 -0.221389400712267 0.067143395915884 -0.344956991509317 1.301454941115437 0.031472537124100 0.363719585752265 -0.999311348867105 -2.130808155103026
-0.035253321918532 -0.214882126006690 0.067300758601504 -0.343138393580555 1.296458384371102 0.020818496348585 0.437732333316010 -1.202659701547981 -2.146453853395514
-0.036969013886435 -0.208399834084834 0.067404851083247 -0.340949731913975 1.290445085863362 0.010086227081607 0.510726231412184 -1.403208788333110 -2.162099551696883
-0.038673762546005 -0.201947608655517 0.067455282218655 -0.338396100756914 1.283429041921696 -0.000724270676877 0.582701280045228 -1.600958609208059 -2.177745249989371
-0.040365743049789 -0.195530463445909 0.067451660865271 -0.335482594356688 1.275424248875656 -0.011612996926824 0.653657479208758 -1.795909164186149 -2.193390948290741
-0.042043156021573 -0.189153342201531 0.067393595880637 -0.332214306960645 1.266444703054725 -0.022579951668278 0.723594828909435 -1.988060453261831 -2.209036646583229
-0.043704227556376 -0.182821118686257 0.067280696122295 -0.328596332816097 1.256504400788416 -0.033625134901194 0.792513329141153 -2.177412476433993 -2.224682344884599
-0.045347209220456 -0.176538596682315 0.067112570447789 -0.324633766170392 1.245617338406246 -0.044748546625617 0.860412979910297 -2.363965233704857 -2.240328043177087
-0.046970378051308 -0.170310509990284 0.066888827714661 -0.320331701270840 1.233797512237722 -0.055950186841502 0.927293781209926 -2.547718725076642 -2.255973741478456
-0.048572036557662 -0.164141522429095 0.066609076780454 -0.315695232364790 1.221058918612339 -0.067230055548895 0.993155733043372 -2.728672950542688 -2.271619439770944
-0.050150512719486 -0.158036227836033 0.066272926502709 -0.310729453699574 1.207415553859625 -0.078588152747749 1.057998835413687 -2.906827910102994 -2.287265138067873
-0.051704159987984 -0.151999150066735 0.065879985738971 -0.305439459522505 1.192881414309110 -0.090024478438089 1.121823088315876 -3.082183603768662 -2.302910836369243
-0.053231357285597 -0.146034742995190 0.065429863346780 -0.299830344080926 1.177470496290267 -0.101539032619935 1.184628491752160 -3.254740031539693 -2.318556534661731
-0.054730509006001 -0.140147390513738 0.064922168183680 -0.293907201622165 1.161196796132569 -0.113131815293244 1.246415045723093 -3.424497193387221 -2.334202232963101
-0.056200045014112 -0.134341406533076 0.064356509107214 -0.287675126393550 1.144074310165633 -0.124802826458059 1.307182750226454 -3.591455089351214 -2.349847931255589
-0.057638420646080 -0.128621034982247 0.063732494974924 -0.281139212642417 1.126117034718876 -0.136552066114337 1.366931605266686 -3.755613719405027 -2.365493629552518
-0.059044116709292 -0.122990449808653 0.063049734644352 -0.274304554616084 1.107338966121851 -0.148379534262100 1.425661610836571 -3.916973083557540 -2.381139327849446
-0.060415639482372 -0.117453754978044 0.062307836973042 -0.267176246561901 1.087754100704064 -0.160285230901347 1.483372766944158 -4.075533181815416 -2.396785026150816
-0.061751520715182 -0.112014984474523 0.061506410818535 -0.259759382727180 1.067376434794987 -0.172269156032101 1.540065073582786 -4.231294014158671 -2.412430724443304
-0.063050317628818 -0.106678102300548 0.060645065038375 -0.252059057359266 1.046219964724193 -0.184331309654318 1.595738530758561 -4.384255580611729 -2.428076422740233
-0.064310612915614 -0.101447002476928 0.059723408490103 -0.244080364705473 1.024298686821135 -0.196471691768019 1.650393138464823 -4.534417881156827 -2.443722121037162
-0.065531014739142 -0.096325509042822 0.058741050031263 -0.235828399013149 1.001626597415350 -0.208690302373205 1.704028896706289 -4.681780915796185 -2.459367819338532
-0.066710156734207 -0.091317376055745 0.057697598519397 -0.227308254529618 0.978217692836370 -0.220987141469897 1.756645805482959 -4.826344684547568 -2.475013517626579
-0.067846698006855 -0.086426287591563 0.056592662812047 -0.218525025502203 0.954085969413632 -0.233362209058030 1.808243864792614 -4.968109187377667 -2.490659215932389
-0.068939323134366 -0.081655857744495 0.055425851766757 -0.209483806178240 0.929245423476743 -0.245815505137692 1.858823074634142 -5.107074424326452 -2.506304914224877
-0.069986742165258 -0.077009630627111 0.054196774241069 -0.200189690805069 0.903710051355111 -0.258347029708816 1.908383435013095 -5.243240395358395 -2.521950612521806
-0.070987690619283 -0.072491080370336 0.052905039092525 -0.190647773630004 0.877493849378319 -0.270956782771425 1.956924945925032 -5.376607100493480 -2.537596310814294
-0.071940929487433 -0.068103611123444 0.051550255178668 -0.180863148900379 0.850610813875852 -0.283644764325497 2.004447607367732 -5.507174539725046 -2.553242009120105
-0.072845245231935 -0.063850557054065 0.050132031357040 -0.170840910863540 0.823074941177226 -0.296410974371097 2.050951419350078 -5.634942713061974 -2.568887707412593
-0.073699449786253 -0.059735182348179 0.048649976485185 -0.160586153766790 0.794900227611917 -0.309255412908160 2.096436381858746 -5.759911620482061 -2.584533405709522
-0.074502380555087 -0.055760681210119 0.047103699420644 -0.150103971857496 0.766100669509506 -0.322178079936708 2.140902494910391 -5.882081262018612 -2.600179104006450
-0.075252900414374 -0.051930177862572 0.045492809020960 -0.139399459382944 0.736690263199413 -0.335178975456740 2.184349758489468 -6.001451637636102 -2.615824802298938
-0.075949897711289 -0.048246726546575 0.043816914143676 -0.128477710590497 0.706683005011233 -0.348258099468235 2.226778172601529 -6.118022747365615 -2.631470500600308
-0.076592286264241 -0.044713311521518 0.042075623646335 -0.117343819727489 0.676092891274405 -0.361415451971236 2.268187737253236 -6.231794591180506 -2.647116198906119
-0.077179005362879 -0.041332847065146 0.040268546386479 -0.106002881041223 0.644933918318502 -0.374651032965767 2.308578452433485 -6.342767169107422 -2.662761897180843
-0.077709019768085 -0.038108177473554 0.038395291221650 -0.094459988779055 0.613220082472965 -0.387964842451671 2.347950318152270 -6.450940481119716 -2.678407595499976
-0.078181319711980 -0.035042077061189 0.036455467009392 -0.082720237188294 0.580965380067366 -0.401356880429171 2.386303334401818 -6.556314527237372 -2.694053293783583
-0.078594920897922 -0.032137250160852 0.034448682607246 -0.070788720516285 0.548183807431180 -0.414827146898089 2.423637501185461 -6.658889307453730 -2.709698992080511
-0.078948864500503 -0.029396331123696 0.032374546872756 -0.058670533010358 0.514889360893911 -0.428375641858492 2.459952818504307 -6.758664821759908 -2.725344690386322
-0.079242217165555 -0.026821884319227 0.030232668663463 -0.046370768917836 0.481096036785111 -0.442002365310423 2.495249286353918 -6.855641070173668 -2.740990388674369
-0.079474071010144 -0.024416404135301 0.028022656836911 -0.033894522486067 0.446817831434243 -0.455707317253795 2.529526904743173 -6.949818052681689 -2.756636086975739
-0.079643543622574 -0.022182314978130 0.025744120250642 -0.021246887962351 0.412068741170835 -0.469490497688674 2.562785673663193 -7.041195769290631 -2.772281785272668
-0.079749778062386 -0.020121971272276 0.023396667762199 -0.008432959594035 0.376862762324381 -0.483351906615037 2.595025593112865 -7.129774219987173 -2.787927483565156
-0.079791942860356 -0.018237657460654 0.020979908229124 0.004542168371530 0.341213891224446 -0.497291544032863 2.626246663105514 -7.215553404795738 -2.803573181866525
-0.079769232018499 -0.016531588004532 0.018493450508959 0.017673401687057 0.305136124200467 -0.511309409942196 2.656448883623375 -7.298533323694123 -2.819218880163454
-0.079680865010063 -0.015005907383529 0.015936903459248 0.030955646105174 0.268643457581996 -0.525405504343013 2.685632254680881 -7.378713976695650 -2.834864578451501
-0.079526086779537 -0.013662690095619 0.013309875937533 0.044383807378578 0.231749887698518 -0.539579827235270 2.713796776271371 -7.456095363789217 -2.850510276766194
-0.079304167742644 -0.012503940657127 0.010611976801357 0.057952791259935 0.194469410879572 -0.553832378619101 2.740942448390404 -7.530677484985926 -2.866155975045359
-0.079014403786345 -0.011531593602729 0.007842814908261 0.071657503501887 0.156816023454642 -0.568163158494328 2.767069271052414 -7.602460340274675 -2.881801673351170
-0.078656116268835 -0.010747513485456 0.005001999115790 0.085492849857149 0.118803721753269 -0.582572166861084 2.792177244240746 -7.671443929671007 -2.897447371643658
-0.078228652019550 -0.010153494876689 0.002089138281484 0.099453736078353 0.080446502104914 -0.597059403719302 2.816266367966502 -7.737628253157158 -2.913093069945027
-0.077731383339158 -0.009751262366165 -0.000896158737112 0.113535067918186 0.041758360839128 -0.611624869069027 2.816266367966502 -7.737628253157158 -2.913093069945027
-0.077163707999567 -0.009542470561969 -0.003954283082457 -0.113535067918186 -0.041758360839128 0.611624869069027 2.792177244240746 -7.671443929671007 -2.897447371643658
-0.077731383339158 -0.009751262366165 -0.000896158737112 -0.099453736078353 -0.080446502104914 0.597059403719302 2.767069271052414 -7.602460340274675 -2.881801673351170
-0.078228652019550 -0.010153494876689 0.002089138281484 -0.085492849857149 -0.118803721753269 0.582572166861084 2.740942448390404 -7.530677484985926 -2.866155975045359
-0.078656116268835 -0.010747513485456 0.005001999115790 -0.071657503501887 -0.156816023454642 0.568163158494328 2.713796776271371 -7.456095363789217 -2.850510276766194
-0.079014403786345 -0.011531593602729 0.007842814908261 -0.057952791259935 -0.194469410879572 0.553832378619101 2.685632254680881 -7.378713976695650 -2.834864578451501
-0.079304167742644 -0.012503940657127 0.010611976801357 -0.044383807378578 -0.231749887698518 0.539579827235270 2.656448883623375 -7.298533323694123 -2.819218880163454
-0.079526086779537 -0.013662690095619 0.013309875937533 -0.030955646105174 -0.268643457581996 0.525405504343013 2.626246663105514 -7.215553404795738 -2.803573181866525
-0.079680865010063 -0.015005907383529 0.015936903459248 -0.017673401687057 -0.305136124200467 0.511309409942196 2.595025593112865 -7.129774219987173 -2.787927483565156
-0.079769232018499 -0.016531588004532 0.018493450508959 -0.004542168371530 -0.341213891224446 0.497291544032863 2.562785673663193 -7.041195769290631 -2.772281785272668
-0.079791942860356 -0.018237657460654 0.020979908229124 0.008432959594035 -0.376862762324381 0.483351906615037 2.529526904743173 -6.949818052681689 -2.756636086975739
-0.079749778062386 -0.020121971272276 0.023396667762199 0.021246887962351 -0.412068741170835 0.469490497688674 2.495249286353918 -6.855641070173668 -2.740990388674369
-0.079643543622574 -0.022182314978130 0.025744120250642 0.033894522486067 -0.446817831434243 0.455707317253795 2.459952818504307 -6.758664821759908 -2.725344690386322
-0.079474071010144 -0.024416404135301 0.028022656836911 0.046370768917836 -0.481096036785111 0.442002365310423 2.423637501185461 -6.658889307453730 -2.709698992080511
-0.079242217165555 -0.026821884319227 0.030232668663463 0.058670533010358 -0.514889360893911 0.428375641858492 2.386303334401818 -6.556314527237372 -2.694053293783583
-0.078948864500503 -0.029396331123696 0.032374546872756 0.070788720516285 -0.548183807431180 0.414827146898089 2.347950318152270 -6.450940481119716 -2.678407595499976
-0.078594920897922 -0.032137250160852 0.034448682607246 0.082720237188294 -0.580965380067366 0.401356880429171 2.308578452433485 -6.342767169107422 -2.662761897180843
-0.078181319711980 -0.035042077061189 0.036455467009392 0.094459988779055 -0.613220082472965 0.387964842451671 2.268187737253236 -6.231794591180506 -2.647116198906119
-0.077709019768085 -0.038108177473554 0.038395291221650 0.106002881041223 -0.644933918318502 0.374651032965767 2.226778172601529 -6.118022747365615 -2.631470500600308
-0.077179005362879 -0.041332847065146 0.040268546386479 0.117343819727489 -0.676092891274405 0.361415451971236 2.184349758489468 -6.001451637636102 -2.615824802298938
-0.076592286264241 -0.044713311521518 0.042075623646335 0.128477710590497 -0.706683005011233 0.348258099468235 2.140902494910391 -5.882081262018612 -2.600179104006450
-0.075949897711289 -0.048246726546575 0.043816914143676 0.139399459382944 -0.736690263199413 0.335178975456740 2.096436381858746 -5.759911620482061 -2.584533405709522
-0.075252900414374 -0.051930177862572 0.045492809020960 0.150103971857496 -0.766100669509506 0.322178079936708 2.050951419350078 -5.634942713061974 -2.568887707412593
-0.074502380555087 -0.055760681210119 0.047103699420644 0.160586153766790 -0.794900227611917 0.309255412908160 2.004447607367732 -5.507174539725046 -2.553242009120105
-0.073699449786253 -0.059735182348179 0.048649976485185 0.170840910863540 -0.823074941177226 0.296410974371097 1.956924945925032 -5.376607100493480 -2.537596310814294
-0.072845245231935 -0.063850557054065 0.050132031357040 0.180863148900379 -0.850610813875852 0.283644764325497 1.908383435013095 -5.243240395358395 -2.521950612521806
-0.071940929487433 -0.068103611123444 0.051550255178668 0.190647773630004 -0.877493849378319 0.270956782771425 1.858823074634142 -5.107074424326452 -2.506304914224877
-0.070987690619283 -0.072491080370336 0.052905039092525 0.200189690805069 -0.903710051355111 0.258347029708816 1.808243864792614 -4.968109187377667 -2.490659215932389
-0.069986742165258 -0.077009630627111 0.054196774241069 0.209483806178240 -0.929245423476743 0.245815505137692 1.756645805482959 -4.826344684547568 -2.475013517626579
-0.068939323134366 -0.081655857744495 0.055425851766757 0.218525025502203 -0.954085969413632 0.233362209058030 1.704028896706289 -4.681780915796185 -2.459367819338532
-0.067846698006855 -0.086426287591563 0.056592662812047 0.227308254529618 -0.978217692836370 0.220987141469897 1.650393138464823 -4.534417881156827 -2.443722121037162
-0.066710156734207 -0.091317376055745 0.057697598519397 0.235828399013149 -1.001626597415350 0.208690302373205 1.595738530758561 -4.384255580611729 -2.428076422740233
-0.065531014739142 -0.096325509042822 0.058741050031263 0.244080364705473 -1.024298686821135 0.196471691768019 1.540065073582786 -4.231294014158671 -2.412430724443304
-0.064310612915614 -0.101447002476928 0.059723408490103 0.252059057359266 -1.046219964724193 0.184331309654318 1.483372766944158 -4.075533181815416 -2.396785026150816
-0.063050317628818 -0.106678102300548 0.060645065038375 0.259759382727180 -1.067376434794987 0.172269156032101 1.425661610836571 -3.916973083557540 -2.381139327849446
-0.061751520715182 -0.112014984474523 0.061506410818535 0.267176246561901 -1.087754100704064 0.160285230901347 1.366931605266686 -3.755613719405027 -2.365493629552518
-0.060415639482372 -0.117453754978044 0.062307836973042 0.274304554616084 -1.107338966121851 0.148379534262100 1.307182750226454 -3.591455089351214 -2.349847931255589
-0.059044116709292 -0.122990449808653 0.063049734644352 0.281139212642417 -1.126117034718876 0.136552066114337 1.246415045723093 -3.424497193387221 -2.334202232963101
-0.057638420646080 -0.128621034982247 0.063732494974924 0.287675126393550 -1.144074310165633 0.124802826458059 1.184628491752160 -3.254740031539693 -2.318556534661731
-0.056200045014112 -0.134341406533076 0.064356509107214 0.293907201622165 -1.161196796132569 0.113131815293244 1.121823088315876 -3.082183603768662 -2.302910836369243
-0.054730509006001 -0.140147390513738 0.064922168183680 0.299830344080926 -1.177470496290267 0.101539032619935 1.057998835413687 -2.906827910102994 -2.287265138067873
-0.053231357285597 -0.146034742995190 0.065429863346780 0.305439459522505 -1.192881414309110 0.090024478438089 0.993155733043372 -2.728672950542688 -2.271619439770944
-0.051704159987984 -0.151999150066735 0.065879985738971 0.310729453699574 -1.207415553859625 0.078588152747749 0.927293781209926 -2.547718725076642 -2.255973741478456
-0.050150512719486 -0.158036227836033 0.066272926502709 0.315695232364790 -1.221058918612339 0.067230055548895 0.860412979910297 -2.363965233704857 -2.240328043177087
-0.048572036557662 -0.164141522429095 0.066609076780454 0.320331701270840 -1.233797512237722 0.055950186841502 0.792513329141153 -2.177412476433993 -2.224682344884599
-0.046970378051308 -0.170310509990284 0.066888827714661 0.324633766170392 -1.245617338406246 0.044748546625617 0.723594828909435 -1.988060453261831 -2.209036646583229
-0.045347209220456 -0.176538596682315 0.067112570447789 0.328596332816097 -1.256504400788416 0.033625134901194 0.653657479208758 -1.795909164186149 -2.193390948290741
-0.043704227556376 -0.182821118686257 0.067280696122295 0.332214306960645 -1.266444703054725 0.022579951668278 0.582701280045228 -1.600958609208059 -2.177745249989371
-0.042043156021573 -0.189153342201531 0.067393595880637 0.335482594356688 -1.275424248875656 0.011612996926824 0.510726231412184 -1.403208788333110 -2.162099551696883
-0.040365743049789 -0.195530463445909 0.067451660865271 0.338396100756914 -1.283429041921696 0.000724270676877 0.437732333316010 -1.202659701547981 -2.146453853395514
-0.038673762546005 -0.201947608655517 0.067455282218655 0.340949731913975 -1.290445085863362 -0.010086227081607 0.363719585752265 -0.999311348867105 -2.130808155103026
-0.036969013886435 -0.208399834084834 0.067404851083247 0.343138393580555 -1.296458384371102 -0.020818496348585 0.288687988722613 -0.793163730283819 -2.115162456806097
-0.035253321918532 -0.214882126006690 0.067300758601504 0.344956991509317 -1.301454941115437 -0.031472537124100 0.212637542226779 -0.584216845798124 -2.099516758509168
-0.033528536960985 -0.221389400712267 0.067143395915884 0.346400431452930 -1.305420759766857 -0.042048349408130 0.135568246266149 -0.372470695407801 -2.083871060207798
-0.031796534803721 -0.227916504511101 0.066933154168843 0.347463619164064 -1.308341843995847 -0.052545933200676 0.057480100836282 -0.157925279116178 -2.068225361915310
-0.030059216707900 -0.234458213731080 0.066670424502840 0.348141460395394 -1.310204197472886 -0.062965288501715 -0.021626894056159 0.059419403070082 -2.052579663613940
-0.028318509405923 -0.241009234718445 0.066355598060331 0.348428860899576 -1.310993823868467 -0.073306415311292 -0.101752738419503 0.279563351174295 -2.036933965321452
-0.026576365101425 -0.247564203837787 0.065989065983775 0.348320726429295 -1.310696726853117 -0.083569313629361 -0.182897432239315 0.502506565158711 -2.021288267028964
-0.024834761469279 -0.254117687472053 0.065571219415628 0.347811962737198 -1.309298910097245 -0.093753983455969 -0.265060975536136 0.728249045056639 -2.005642568718713
-0.023095701655593 -0.260664182022539 0.065102449498348 0.346897475576001 -1.306786377271452 -0.103860424791113 -0.348243368295253 0.956790790871409 -1.989996870435107
-0.021361214277713 -0.267198113908896 0.064583147374393 0.345572170698320 -1.303145132046168 -0.113888637634707 -0.432444610516114 1.188131802558612 -1.974351172133737
-0.019633353424221 -0.273713839569127 0.064013704186219 0.343830953856844 -1.298361178091811 -0.123838621986883 -0.517664702208853 1.422272080164877 -1.958705473832367
-0.017914198654937 -0.280205645459586 0.063394511076285 0.341668730804263 -1.292420519079018 -0.133710377847551 -0.603903643368042 1.659211623679102 -1.943059775544320
-0.016205855000916 -0.286667748054981 0.062725959187047 0.339080407293219 -1.285309158678194 -0.143503905216713 -0.691161433984255 1.898950433072422 -1.927414077238510
-0.014510452964450 -0.293094293848372 0.062008439660963 0.336060889076379 -1.277013100559798 -0.153219204094435 -0.779438074077354 2.141488508389244 -1.911768378946022
-0.012830148519068 -0.299479359351171 0.061242343640491 0.332605081906458 -1.267518348394436 -0.162856274480627 -0.868733563630786 2.386825849598484 -1.896122680649093
-0.011167123109536 -0.305816951093143 0.060428062268088 0.328707891536071 -1.256810905852490 -0.172415116375357 -0.959047902653887 2.634962456715684 -1.880476982356605
-0.009523583651855 -0.312101005622406 0.059565986686211 0.324364223717917 -1.244876776604498 -0.181895729778603 -1.050381091137620 2.885898329727521 -1.864831284050794
-0.007901762533266 -0.318325389505428 0.058656508037318 0.319568984204648 -1.231701964320919 -0.191298114690386 -1.142733129094464 3.139633468642877 -1.849185585758306
-0.006303917612242 -0.324483899327033 0.057700017463866 0.314317078748959 -1.217272472672282 -0.200622271110640 -1.236104016513329 3.396167873470635 -1.833539887461377
-0.004732332218498 -0.330570261690394 0.056696906108313 0.308603413103487 -1.201574305329067 -0.209868199039431 -1.330493753393114 3.655501544175266 -1.817894189168889
-0.003189315152980 -0.336578133217040 0.055647565113116 0.302422893020921 -1.184593465961714 -0.219035898476738 -1.425902339752194 3.917634480814502 -1.802248490863079
-0.001677200687876 -0.342501100546848 0.054552385620732 0.295770424253955 -1.166315958240838 -0.228125369422583 -1.522329775564402 4.182566683326172 -1.786602792575032
-0.000198348566606 -0.348332680338052 0.053411758773619 0.288640912555194 -1.146727785836765 -0.237136611876898 -1.619776060850586 4.450298151759124 -1.770957094269221
0.001244855996170 -0.354066319267236 0.052226075714235 0.281029263677372 -1.125814952420134 -0.246069625839773 -1.718241195598003 4.720828886082273 -1.755311395981174
0.002650002314557 -0.359695394029337 0.050995727585036 0.272930383373119 -1.103563461661339 -0.254924411311119 -1.817725179816754 4.994158886324485 -1.739665697679804
0.004014654231423 -0.365213211337644 0.049721105528480 0.264339177395129 -1.079959317230927 -0.263700968291025 -1.918228013496681 5.270288152443570 -1.724019999387316
0.005336350118398 -0.370613007923798 0.048402600687025 0.255250551496045 -1.054988522799305 -0.272399296779424 -2.019749696645090 5.549216684486158 -1.708374301081506
0.006612602875878 -0.375887950537795 0.047040604203128 0.245659411428562 -1.028637082037087 -0.281019396776361 -2.122290229258639 5.830944482414502 -1.692728602793458
0.007840899933021 -0.381031135947980 0.045635507219246 0.235560662945336 -1.000890998614656 -0.289561268281768 -2.225849611341352 6.115471546261908 -1.677082904492089
0.009018703247748 -0.386035590941053 0.044187700877837 0.224949211799043 -0.971736276202584 -0.298024911295736 -2.330427842881372 6.402797875988409 -1.661437206199601
0.010143449306743 -0.390894272322066 0.042697576321359 0.213819963742336 -0.941158918471274 -0.306410325818196 -2.436024923902769 6.692923471647294 -1.645791507893790
0.011212549125455 -0.395600066914423 0.041165524692268 0.202167824527930 -0.909144929091332 -0.314717511849194 -2.542640854374528 6.985848333178613 -1.630145809605743
0.012223388248095 -0.400145791559879 0.039591937133022 0.189987699908416 -0.875680311733096 -0.322946469388663 -2.650275634319760 7.281572460624552 -1.614500111308814
0.013173326747637 -0.404524193118545 0.037977204786078 0.177274495636543 -0.840751070067203 -0.331097198436692 -2.758929263732418 7.580095853976232 -1.598854413007444
0.014059699225819 -0.408727948468881 0.036321718793895 0.164023117464944 -0.804343207764080 -0.339169698993236 -2.868601742607790 7.881418513224769 -1.583208714710516
0.014879814813144 -0.412749664507701 0.034625870298929 0.150228471146282 -0.766442728494199 -0.347163971058273 -2.979293070952960 8.185540438379046 -1.567563016413587
0.015630957168875 -0.416581878150172 0.032890050443637 0.135885462433243 -0.727035635928075 -0.355080014631826 -3.091003248754665 8.492461629414638 -1.551917318125540
0.016310384481042 -0.420217056329813 0.031114650370478 0.120988997078478 -0.686107933736180 -0.362917829713894 -3.203732276039484 8.802182086400379 -1.536271619815288
0.016915329466434 -0.423647595998494 0.029300061221909 0.105533980834705 -0.643645625589107 -0.370677416304521 -3.317480152773416 9.114701809229686 -1.520625921527241
0.017442999370608 -0.426865824126439 0.027446674140386 0.089515319454508 -0.599634715157105 -0.378358774403598 -3.432246878984913 9.430020798004701 -1.504980223230312
0.017890575967880 -0.429863997702225 0.025554880268368 0.072927918690641 -0.554061206110956 -0.385961904011234 -3.548032454656485 9.748139052663252 -1.489334524928942
0.018255215561333 -0.432634303732779 0.023625070748312 0.055766684295716 -0.506911102120933 -0.393486805127385 -3.664836879794242 10.069056573216439 -1.473688826636455
0.018534048982812 -0.435168859243384 0.021657636722675 0.038026522022434 -0.458170406857616 -0.400933477752030 -3.782660154400402 10.392773359686469 -1.458043128339526
0.018724181592924 -0.437459711277672 0.019652969333915 0.019702337623462 -0.407825123991534 -0.408301921885212 -3.901502278473301 10.719289412057798 -1.442397430038156
0.018822693281041 -0.439498836897630 0.017611459724489 0.000789036851460 -0.355861257193102 -0.415592137526910 -4.021363252010163 11.048604730321543 -1.426751731741227
0.018826638465299 -0.441278143183595 0.015533499036854 -0.018718474540906 -0.302264810132813 -0.422804124677101 -4.142243075015290 11.380719314495469 -1.411106033453180
0.018733046092594 -0.442789467234259 0.013419478413469 -0.038825290800957 -0.247021786481205 -0.429937883335807 -4.264141747480910 11.715633164559591 -1.395460335147369
0.018538919638589 -0.444024576166665 0.011269788996790 -0.059536506176033 -0.190118189908728 -0.436993413503073 -4.387059269420207 12.053346280540556 -1.379814636850440
0.018241237107709 -0.444975167116209 0.009084821929275 -0.080857214913438 -0.131540024085930 -0.443970715178810 -4.510995640823884 12.393858662420598 -1.364168938562393
