-0.006336417237035 -0.455294903608177 0.000000000000000 0.143385291898361 -0.180786685486045 0.189571507743680 -0.624958993971986 1.815012708403785 -0.246275572473031
-0.005619490777543 -0.456198837035608 0.000947857538718 0.140260496928501 -0.171711621944026 0.188340129881315 -0.636258661483974 1.847829325691830 -0.248307053132280
-0.004918188292901 -0.457057395145328 0.001889558188125 0.137079203621081 -0.162472475315567 0.187098594615653 -0.647272064612059 1.879814570859839 -0.250338533773764
-0.004232792274795 -0.457869757521906 0.002825051161203 0.133842843298021 -0.153073402461268 0.185846901946785 -0.657999203234794 1.910968443536998 -0.252370014424130
-0.003563578058305 -0.458635124534212 0.003754285670937 0.130552847281847 -0.143518560243583 0.184585051874664 -0.668440077418314 1.941290943918705 -0.254401495078938
-0.002910813821896 -0.459352717335430 0.004677210930310 0.127210646894755 -0.133812105523989 0.183313044399269 -0.678594687150977 1.970782071947230 -0.256432975729304
-0.002274760587422 -0.460021777863050 0.005593776152307 0.123817673459000 -0.123958195164253 0.182030879520623 -0.688463032458600 1.999441827753579 -0.258464456370788
-0.001655672220127 -0.460641568838871 0.006503930549910 0.120375358296707 -0.113960986025485 0.180738557238769 -0.698045113282744 2.027270211100163 -0.260495937030036
-0.001053795428643 -0.461211373768999 0.007407623336104 0.116885132730294 -0.103824634969985 0.179436077553619 -0.707340929702732 2.054267222268980 -0.262527417671521
-0.000469369764992 -0.461730496943848 0.008304803723872 0.113348428081780 -0.093553298858640 0.178123440465261 -0.716350481612810 2.080432860924741 -0.264558898321887
0.000097372375417 -0.462198263438142 0.009195420926198 0.109766675673716 -0.083151134554016 0.176800645973652 -0.725073769121884 2.105767127407177 -0.266590378976694
0.000646205753785 -0.462614019110912 0.010079424156066 0.106141306828107 -0.072622298916980 0.175467694078768 -0.733510792178815 2.130270021536429 -0.268621859627061
0.001176912287926 -0.462977130605497 0.010956762626460 0.102473752867212 -0.061970948809298 0.174124584780633 -0.741661550743081 2.153941543221460 -0.270653340268545
0.001689281052262 -0.463286985349543 0.011827385550363 0.098765445113497 -0.051201241093191 0.172771318079290 -0.749526044939094 2.176781692810881 -0.272684820927793
0.002183108277830 -0.463542991555009 0.012691242140760 0.095017814888802 -0.040317332629136 0.171407893974651 -0.757104274603793 2.198790469840617 -0.274716301569278
0.002658197352274 -0.463744578218155 0.013548281610633 0.091232293515783 -0.029323380279933 0.170034312466805 -0.764396239849516 2.219967874621531 -0.276747782224085
0.003114358819852 -0.463891195119554 0.014398453172967 0.087410312316535 -0.018223540906825 0.168650573555684 -0.771401940664121 2.240313907146962 -0.278779262870010
0.003551410381435 -0.463982312824089 0.015241706040746 0.083553302613214 -0.007021971371091 0.167256677241334 -0.778121377012705 2.259828567265920 -0.280810743524817
0.003969176894501 -0.464017422680944 0.016077989426952 0.079662695728151 0.004277171465239 0.165852623523710 -0.784554548914213 2.278511855087206 -0.282842224170743
0.004367490373142 -0.463996036823618 0.016907252544571 0.075739922983580 0.015669730740675 0.164438412402856 -0.790701456364687 2.296363770566412 -0.284873704816668
0.004746189988060 -0.463917688169914 0.017729444606585 0.071786415701756 0.027151549593507 0.163014043878773 -0.796562099377868 2.313384313761269 -0.286905185475916
0.005105122066569 -0.463781930421947 0.018544514825979 0.067803605204867 0.038718471162313 0.161579517951393 -0.802136477923571 2.329573484565195 -0.288936666117401
0.005444140092593 -0.463588338066135 0.019352412415736 0.063792922815249 0.050366338585139 0.160134834620806 -0.807424592053074 2.344931283142504 -0.290968146772208
0.005763104706669 -0.463336506373210 0.020153086588840 0.059755799854984 0.062090995000852 0.158679993886945 -0.812426441671940 2.359457709213419 -0.292999627418133
0.006061883705944 -0.463026051398205 0.020946486558275 0.055693667646624 0.073888283546919 0.157214995749855 -0.817142026906595 2.373152763153197 -0.295031108068500
0.006340352044177 -0.462656609980471 0.021732561537024 0.051607957512091 0.085754047362685 0.155739840209512 -0.821571347661559 2.386016444662076 -0.297062588723307
0.006598391831738 -0.462227839743657 0.022511260738072 0.047500100773783 0.097684129585995 0.154254527265896 -0.825714403978398 2.398048753888826 -0.299094069364791
0.006835892335607 -0.461739419095727 0.023282533374401 0.043371528753891 0.109674373355440 0.152759056919072 -0.829571195830464 2.409249690733528 -0.301125550019599
0.007052749979376 -0.461191047228950 0.024046328658996 0.039223672774739 0.121720621809107 0.151253429168974 -0.833141723237882 2.419619255278338 -0.303157030665524
0.007248868343250 -0.460582444119905 0.024802595804841 0.035057964158550 0.133818718085499 0.149737644015646 -0.836425986211059 2.429157447523256 -0.305188511320331
0.007424158164043 -0.459913350529477 0.025551284024919 0.030875834227494 0.145964505323115 0.148211701459044 -0.839423984729248 2.437864267432754 -0.307219991966257
0.007578537335180 -0.459183528002862 0.026292342532215 0.026678714303848 0.158153826660279 0.146675601499213 -0.842135718798556 2.445739715015716 -0.309251472616623
0.007711930906699 -0.458392758869560 0.027025720539711 0.022468035709855 0.170382525235357 0.145129344136130 -0.844561188402190 2.452783790216628 -0.311282953266989
0.007824271085249 -0.457540846243383 0.027751367260391 0.018245229767844 0.182646444186441 0.143572929369795 -0.846700393570265 2.458996493142074 -0.313314433917355
0.007915497234088 -0.456627614022451 0.028469231907240 0.014011727799993 0.194941426652151 0.142006357200208 -0.848553334283700 2.464377823709896 -0.315345914563281
0.007985555873088 -0.455652906889190 0.029179263693241 0.009768961128575 0.207263315770700 0.140429627627392 -0.850120010585584 2.468927782079966 -0.317377395218088
0.008034400678731 -0.454616590310337 0.029881411831378 0.005518361075647 0.219607954681100 0.138842740651302 -0.851400422364687 2.472646367883691 -0.319408875864013
0.008061992484109 -0.453518550536931 0.030575625534635 0.001261358963823 0.231971186520519 0.137245696271981 -0.852394569763257 2.475533581582923 -0.321440356514380
0.008068299278928 -0.452358694604329 0.031261854015995 -0.003000613884993 0.244348854428433 0.135638494489410 -0.853102452682136 2.477589422844595 -0.323471837164746
0.008053296209503 -0.451136950332187 0.031940046488442 -0.007266126148404 0.256736801542656 0.134021135303586 -0.853524071149914 2.478813891799714 -0.325503317810671
0.008016965578761 -0.449853266324473 0.032610152164960 -0.011533746504153 0.269130871001655 0.132393618714532 -0.853659425184838 2.479206988443838 -0.327534798469920
0.007959296846240 -0.448507611969465 0.033272120258532 -0.015802043630078 0.281526905943874 0.130755944722183 -0.853508514744653 2.478768712714796 -0.329566279111404
0.007880286628090 -0.447099977439746 0.033925899982143 -0.020069586203801 0.293920749507448 0.129108113326626 -0.853071339882161 2.477499064721389 -0.331597759761770
0.007779938697071 -0.445630373692208 0.034571440548776 -0.024334942903212 0.306308244831055 0.127450124527817 -0.852347900561767 2.475398044374799 -0.333629240412137
0.007658263982555 -0.444098832468053 0.035208691171416 -0.028596682406020 0.318685235052929 0.125781978325756 -0.851338196785068 2.472465651681688 -0.335660721062503
0.007515280570525 -0.442505406292789 0.035837601063044 -0.032853373389946 0.331047563311337 0.124103674720444 -0.850042228554976 2.468701886657598 -0.337692201712869
0.007351013703575 -0.440850168476232 0.036458119436647 -0.037103584532721 0.343391072744625 0.122415213711879 -0.848459995920203 2.464106749415773 -0.339723682363235
0.007165495780911 -0.439133213112509 0.037070195505206 -0.041345884512322 0.355711606491704 0.120716595300063 -0.846591498768548 2.458680239678657 -0.341755163009161
0.006958766358350 -0.437354655080050 0.037673778481706 -0.045578842006164 0.368005007690098 0.119007819485017 -0.844436737211171 2.452422357717143 -0.343786643659527
0.006730872148319 -0.435514630041600 0.038268817579131 -0.049801025692220 0.380267119478683 0.117288886266720 -0.841995711201235 2.445333103426872 -0.345818124314334
0.006481867019858 -0.433613294444206 0.038855262010465 -0.054011004248226 0.392493784995818 0.115559795645148 -0.839268420730205 2.437412476772316 -0.347849604960260
0.006211811998617 -0.431650825519227 0.039433060988691 -0.058207346351877 0.404680847379679 0.113820547620347 -0.836254865818065 2.428660477820088 -0.349881085606185
0.005920775266857 -0.429627421282329 0.040002163726792 -0.062388620680968 0.416824149768780 0.112071142192316 -0.832955046456280 2.419077106528000 -0.351912566260992
0.005608832163452 -0.427543300533485 0.040562519437754 -0.066553395913249 0.428919535301420 0.110311579361011 -0.829368962636384 2.408662362904934 -0.353944046911359
0.005276065183886 -0.425398702856978 0.041114077334559 -0.070700240726431 0.440962847115944 0.108541859126454 -0.825496614380514 2.397416246961992 -0.355975527557284
0.004922563980254 -0.423193888621398 0.041656786630191 -0.074827723798334 0.452949928350754 0.106761981488668 -0.821338001678953 2.385338758725819 -0.358007008207650
0.004548425361262 -0.420929138979644 0.042190596537635 -0.078934413806728 0.464876622144383 0.104971946447630 -0.816893124517895 2.372429898125361 -0.360038488862457
0.004153753292229 -0.418604755868922 0.042715456269873 -0.083018879429318 0.476738771635010 0.103171754003317 -0.812161982899004 2.358689665167280 -0.362069969503942
0.003738658895082 -0.416221062010747 0.043231315039889 -0.087079689343813 0.488532219960847 0.101361404155798 -0.807144576847746 2.344118059938172 -0.364101450158749
0.003303260448363 -0.413778400910943 0.043738122060668 -0.091115412228052 0.500252810260537 0.099540896905004 -0.801840906342124 2.328715082364763 -0.366132930804675
0.002847683387223 -0.411277136859640 0.044235826545193 -0.095124616759762 0.511896385672361 0.097710232250980 -0.796250971384777 2.312480732458155 -0.368164411459482
0.002372060303424 -0.408717654931279 0.044724377706448 -0.099105871616686 0.523458789334652 0.095869410193683 -0.790374771988608 2.295415010244994 -0.370195892105407
0.001876530945341 -0.406100360984605 0.045203724757417 -0.103057745476629 0.534935864385877 0.094018430733156 -0.784212308128293 2.277517915676430 -0.372227372755773
0.001361242217957 -0.403425681662676 0.045673816911083 -0.106978807017271 0.546323453964259 0.092157293869377 -0.777763579829643 2.258789448801313 -0.374258853406140
0.000826348182871 -0.400694064392855 0.046134603380429 -0.110867624916419 0.557617401208266 0.090285999602346 -0.771028587073161 2.239229609575233 -0.376290334056506
0.000272010058289 -0.397905977386813 0.046586033378441 -0.114722767851785 0.568813549256142 0.088404547932064 -0.764007329883271 2.218838398075906 -0.378321814706872
-0.000301603780970 -0.395061909640533 0.047028056118101 -0.118542804501201 0.579907741246521 0.086512938858530 -0.756699808225209 2.197615814178988 -0.380353295352798
-0.000894317803476 -0.392162370934300 0.047460620812394 -0.122326303542327 0.590895820317416 0.084611172381766 -0.749106022136237 2.175561858019925 -0.382384776003164
-0.001505949321188 -0.389207891832713 0.047883676674303 -0.126071833653008 0.601773629607516 0.082699248501750 -0.741225971581938 2.152676529485475 -0.384416256653530
-0.002136308489453 -0.386199023684675 0.048297172916812 -0.129777963510918 0.612537012254943 0.080777167218482 -0.733059656592011 2.128959828657795 -0.386447737303897
-0.002785198307007 -0.383136338623401 0.048701058752904 -0.133443261793878 0.623181811398232 0.078844928531963 -0.724607077139533 2.104411755472491 -0.388479217954263
-0.003452414615977 -0.380020429566410 0.049095283395564 -0.137066297179576 0.633703870175595 0.076902532442191 -0.715868233255101 2.079032310000617 -0.390510698604629
-0.004137746101875 -0.376851910215532 0.049479796057775 -0.140645638345851 0.644099031725598 0.074949978949168 -0.706843124902090 2.052821492151136 -0.392542179250555
-0.004840974293604 -0.373631415056904 0.049854545952521 -0.144179853970362 0.654363139186354 0.072987268052915 -0.697531752116010 2.025779302019526 -0.394573659900921
-0.005561873563456 -0.370359599360972 0.050219482292785 -0.147667512730942 0.664492035696451 0.071014399753411 -0.687934114881467 1.997905739561379 -0.396605140555728
-0.006300211127110 -0.367037139182490 0.050574554291552 -0.151107183305349 0.674481564394258 0.069031374050632 -0.678050213181736 1.969200804736726 -0.398636621197213
-0.007055747043637 -0.363664731360518 0.050919711161805 -0.154497434371258 0.684327568417942 0.067038190944646 -0.667880047045749 1.939664497609961 -0.400668101856461
-0.007828234215493 -0.360243093518429 0.051254902116529 -0.157836834606486 0.694025890905992 0.065034850435364 -0.657423616462138 1.909296818172201 -0.402699582497945
-0.008617418388526 -0.356772964063899 0.051580076368706 -0.161123952688797 0.703572374996853 0.063021352522874 -0.646680921418463 1.878097766365716 -0.404731063148311
-0.009423038151970 -0.353255102188914 0.051895183131320 -0.164357357295889 0.712962863828681 0.060997697207132 -0.635651961942152 1.846067342290425 -0.406762543803119
-0.010244824938449 -0.349690287869771 0.052200171617356 -0.167535617105600 0.722193200540133 0.058963884488117 -0.624336737994408 1.813205545821983 -0.408794024449044
-0.011082503023977 -0.346079321867070 0.052494991039796 -0.170657300795572 0.731259228269243 0.056919914365872 -0.612735249623864 1.779512377080295 -0.410825505099410
-0.011935789527955 -0.342423025725724 0.052779590611626 -0.173720977043692 0.740156790154645 0.054865786840375 -0.600847496781620 1.744987835985423 -0.412856985749777
-0.012804394413174 -0.338722241774951 0.053053919545827 -0.176725214527600 0.748881729334572 0.052801501911626 -0.588673479509777 1.709631922590660 -0.414888466400143
-0.013688020485811 -0.334977833128278 0.053317927055386 -0.179668581925149 0.757429888947525 0.050727059579625 -0.576213197773578 1.673444636838273 -0.416919947046068
-0.014586363395437 -0.331190683683540 0.053571562353284 -0.182549647914016 0.765797112131716 0.048642459844395 -0.563466651587674 1.636425978741585 -0.418951427700875
-0.015499111635007 -0.327361698122882 0.053814774652506 -0.185366981171955 0.773979242025424 0.046547702705890 -0.550433840969117 1.598575948387193 -0.420982908346801
-0.016425946540867 -0.323491801912755 0.054047513166035 -0.188119150376800 0.781972121767360 0.044442788164156 -0.537114765890023 1.559894545652973 -0.423014388992726
-0.017366542292751 -0.319581941303918 0.054269727106856 -0.190804724206250 0.789771594495625 0.042327716219193 -0.523509426357399 1.520381770598878 -0.425045869651974
-0.018320565913782 -0.315633083331440 0.054481365687952 -0.193422271338037 0.797373503348620 0.040202486870933 -0.509617822387343 1.480037623233788 -0.427077350297900
-0.019287677270473 -0.311646215814697 0.054682378122306 -0.195970360449974 0.804773691464788 0.038067100119443 -0.495439953964866 1.438862103542160 -0.429108830943825
-0.020267529072722 -0.307622347357373 0.054872713622904 -0.198447560219799 0.811968001982499 0.035921555964724 -0.480975821083723 1.396855211484027 -0.431140311594191
-0.021259766873821 -0.303562507347460 0.055052321402727 -0.200852439325217 0.818952278039919 0.033765854406753 -0.466225423768618 1.354016947165970 -0.433171792248999
-0.022264029070447 -0.299467745957261 0.055221150674761 -0.203183566444060 0.825722362775749 0.031599995445508 -0.451188761989157 1.310347310443660 -0.435203272894924
-0.023279946902668 -0.295339134143382 0.055379150651989 -0.205439510254006 0.832274099327968 0.029423979081034 -0.435865835775318 1.265846301474749 -0.437234753545290
-0.024307144453938 -0.291177763646742 0.055526270547394 -0.207618839432883 0.838603330835341 0.027237805313307 -0.420256645106420 1.220513920130450 -0.439266234191216
-0.025345238651102 -0.286984746992565 0.055662459573960 -0.209720122658415 0.844705900435994 0.025041474142351 -0.404361189983854 1.174350166461835 -0.441297714846023
-0.026393839264394 -0.282761217490385 0.055787666944672 -0.211741928608334 0.850577651268303 0.022834985568121 -0.388179470416777 1.127355040475564 -0.443329195496389
-0.027452548907436 -0.278508329234044 0.055901841872513 -0.213682825960418 0.856214426470681 0.020618339590639 -0.371711486401027 1.079528542160535 -0.445360676142315
-0.028520963037238 -0.274227257101690 0.056004933570466 -0.215541383392423 0.861612069181483 0.018391536209927 -0.354957237935632 1.030870671523409 -0.447392156792681
-0.029598669954200 -0.269919196755783 0.056096891251516 -0.217316169582101 0.866766422539100 0.016154575425964 -0.337916725027115 0.981381428570849 -0.449423637443047
-0.030685250802111 -0.265585364643087 0.056177664128645 -0.219005753207237 0.871673329681955 0.013907457238749 -0.320589947653827 0.931060813251783 -0.451455118093413
-0.031780279568147 -0.261226997994678 0.056247201414839 -0.220608702945506 0.876328633748213 0.011650181648282 -0.302976905848518 0.879908825648368 -0.453486598739339
-0.032883323082874 -0.256845354825937 0.056305452323080 -0.222123587474748 0.880728177876455 0.009382748654585 -0.285077599584960 0.827925465696211 -0.455518079394146
-0.033993941020248 -0.252441713936554 0.056352366066353 -0.223548975472673 0.884867805204936 0.007105158257614 -0.266892028870369 0.775110733413076 -0.457549560044512
-0.035111685897612 -0.248017374910530 0.056387891857641 -0.224883435617025 0.888743358872002 0.004817410457392 -0.248420193717791 0.721464628827828 -0.459581040685997
-0.036236103075697 -0.243573658116170 0.056411978909928 -0.226125536585614 0.892350682016141 0.002519505253962 -0.229662094105576 0.666987151891618 -0.461612521345245
-0.037366730758625 -0.239111904706089 0.056424576436198 -0.227273847056142 0.895685617775599 0.000211442647235 -0.210617730050655 0.611678302642193 -0.463644001986729
-0.038503099993905 -0.234633476617211 0.056425633649434 -0.228326935706395 0.898744009288810 -0.002106777362698 -0.191287101542481 0.555538081060680 -0.465675482641537
-0.039644734672437 -0.230139756570767 0.056415099762621 -0.229283371214108 0.901521699694113 -0.004435154775906 -0.171670208588548 0.498566487155960 -0.467706963287462
-0.040791151528508 -0.225632148072296 0.056392923988741 -0.230141722257050 0.904014532129893 -0.006773689592343 -0.151767051181917 0.440763520915821 -0.469738443942269
-0.041941860139793 -0.221112075411647 0.056359055540780 -0.230900557512960 0.906218349734472 -0.009122381812054 -0.131577629334245 0.382129182369129 -0.471769924588195
-0.043096362927358 -0.216580983662975 0.056313443631719 -0.231558445659631 0.908128995646318 -0.011481231434995 -0.111101943023328 0.322663471460372 -0.473801405238561
-0.044254155155656 -0.212040338684743 0.056256037474544 -0.232113955374748 0.909742313003620 -0.013850238461188 -0.090339992278865 0.262366388266155 -0.475832885893368
-0.045414724932530 -0.207491627119725 0.056186786282238 -0.232565655336142 0.911054144944951 -0.016229402890655 -0.069291777076430 0.201237932718756 -0.477864366530412
-0.046577553209211 -0.202936356395000 0.056105639267785 -0.232912114221524 0.912060334608544 -0.018618724723307 -0.047957297427681 0.139278104851481 -0.479895847194101
-0.047742113780318 -0.198376054721957 0.056012545644169 -0.233151900708663 0.912756725132802 -0.021018203959278 -0.026336553327067 0.076486904656559 -0.481927327831144
-0.048907873283862 -0.193812271096293 0.055907454624372 -0.233283583475298 0.913139159656084 -0.023427840598433 -0.004429544783469 0.012864332139539 -0.483958808490392
-0.050074291201238 -0.189246575298013 0.055790315421380 -0.233305731199215 0.913203481316782 -0.025847634640885 0.017763728212272 -0.051589612699576 -0.485990289136318
-0.051240819857234 -0.184680557891429 0.055661077248176 -0.233216912558154 0.912945533253284 -0.028277586086567 0.040243265660989 -0.116874929887434 -0.488021769786684
-0.052406904420025 -0.180115830225163 0.055519689317743 -0.233015696229849 0.912361158603847 -0.030717694935500 0.063009067554354 -0.182991619381845 -0.490053250437050
-0.053571982901174 -0.175554024432143 0.055366100843065 -0.232700650892077 0.911446200506938 -0.033167961187686 0.086061133894033 -0.249939681202793 -0.492084731082976
-0.054735486155634 -0.170996793429609 0.055200261037127 -0.232270345222607 0.910196502100924 -0.035628384843100 0.109399464691962 -0.317719115365822 -0.494116211737783
-0.055896837881748 -0.166445810919104 0.055022119112911 -0.231723347899147 0.908607906524095 -0.038098965901789 0.133024059927878 -0.386329921839845 -0.496147692383708
-0.057055454621243 -0.161902771386484 0.054831624283402 -0.231058227599508 0.906676256914896 -0.040579704363708 0.156934919619822 -0.455772100644847 -0.498179173034075
-0.058210745759241 -0.157369390101909 0.054628725761584 -0.230273553001409 0.904397396411671 -0.043070600228878 0.181132043761134 -0.526045651785267 -0.500210653684441
-0.059362113524248 -0.152847403119851 0.054413372760440 -0.229367892782603 0.901767168152745 -0.045571653497301 0.205615432345152 -0.597150575241123 -0.502242134334807
-0.060508952988161 -0.148338567279087 0.054185514492953 -0.228339815620877 0.898781415276539 -0.048082864168975 0.230385085386864 -0.669086871023516 -0.504273614980733
-0.061650652066265 -0.143844660202704 0.053945100172108 -0.227187890193943 0.895435980921422 -0.050604232243878 0.255441002865731 -0.741854539139108 -0.506305095635540
-0.062786591517235 -0.139367480298097 0.053692079010889 -0.225910685179614 0.891726708225726 -0.053135757722056 0.280783184808397 -0.815453579579017 -0.508336576285906
-0.063916144943133 -0.134908846756969 0.053426400222279 -0.224506769255572 0.887649440327831 -0.055677440603485 0.306411631187387 -0.889883992349905 -0.510368056927391
-0.065038678789411 -0.130470599555329 0.053148013019261 -0.222974711099636 0.883200020366082 -0.058229280888122 0.332326342023515 -0.965145777436227 -0.512399537582198
-0.066153552344909 -0.126054599453499 0.052856866614820 -0.221313079389518 0.878374291478901 -0.060791278576033 0.358527317304569 -1.041238934860189 -0.514431018237005
-0.067260117741857 -0.121662727996105 0.052552910221940 -0.219520442802995 0.873168096804600 -0.063363433667218 0.385014557034991 -1.118163464608468 -0.516462498878489
-0.068357719955872 -0.117296887512082 0.052236093053604 -0.217595370017820 0.867577279481557 -0.065945746161611 0.411788061213114 -1.195919366672182 -0.518493979528856
-0.069445696805961 -0.112959001114674 0.051906364322796 -0.215536429711755 0.861597682648196 -0.068538216059255 0.438847829846711 -1.274506641082418 -0.520525460183663
-0.070523378954520 -0.108651012701433 0.051563673242500 -0.213342190562521 0.855225149442784 -0.071140843360173 0.466193862921904 -1.353925287803648 -0.522556940829588
-0.071590089907332 -0.104374886954219 0.051207969025699 -0.211011221247911 0.848455523003766 -0.073753628064321 0.493826160448130 -1.434175306853636 -0.524588421479955
-0.072645146013572 -0.100132609339200 0.050839200885377 -0.208542090445671 0.841284646469498 -0.076376570171721 0.521744722425388 -1.515256698241263 -0.526619902125880
-0.073687856465800 -0.095926186106852 0.050457318034519 -0.205933366833544 0.833708362978292 -0.079009669682351 0.549949548850348 -1.597169461939885 -0.528651382785128
-0.074717523299968 -0.091757644291961 0.050062269686107 -0.203183619089292 0.825722515668592 -0.081652926596276 0.578440639723565 -1.679913597978366 -0.530682863426613
-0.075733441395414 -0.087629031713618 0.049654005053126 -0.200291415890674 0.817322947678700 -0.084306340913409 0.607217995045040 -1.763489106330063 -0.532714344081420
-0.076734898474868 -0.083542416975225 0.049232473348559 -0.197255325915449 0.808505502147050 -0.086969912633816 0.636281614820322 -1.847895987023840 -0.534745824722904
-0.077721175104445 -0.079499889464489 0.048797623785390 -0.194073917841348 0.799266022211931 -0.089643641757431 0.665631499039421 -1.933134240037493 -0.536777305382152
-0.078691544693652 -0.075503559353430 0.048349405576602 -0.190745760346150 0.789600351011743 -0.092327528284342 0.695267647708997 -2.019203865371022 -0.538808786028078
-0.079645273495382 -0.071555557598371 0.047887767935181 -0.187269422107605 0.779504331684888 -0.095021572214482 0.725190060828496 -2.106104863037750 -0.540840266674003
-0.080581620605920 -0.067658035939947 0.047412660074108 -0.183643471803463 0.768973807369699 -0.097725773547852 0.755398738394031 -2.193837233028795 -0.542871747328810
-0.081499837964938 -0.063813166903098 0.046924031206369 -0.179866478111493 0.758004621204555 -0.100440132284496 0.785893680415040 -2.282400975357479 -0.544903227979177
-0.082399170355495 -0.060023143797075 0.046421830544947 -0.175937009709418 0.746592616327768 -0.103164648424392 0.816674886877089 -2.371796089994938 -0.546934708620661
-0.083278855404042 -0.056290180715436 0.045906007302825 -0.171853635275032 0.734733635877793 -0.105899321967495 0.847742357793502 -2.462022576967815 -0.548966189279909
-0.084138123580417 -0.052616512536047 0.045376510692987 -0.167614923486065 0.722423522992954 -0.108644152913895 0.879096093157061 -2.553080436271671 -0.550997669925835
-0.084976198197848 -0.049004394921083 0.044833289928418 -0.163219443020279 0.709658120811596 -0.111399141263524 0.910736092970543 -2.644969667895403 -0.553029150571760
-0.085792295412949 -0.045456104317025 0.044276294222100 -0.158665762555427 0.696433272472119 -0.114164287016383 0.942662357231172 -2.737690271847892 -0.555060631226567
-0.086585624225726 -0.041973937954664 0.043705472787018 -0.153952450769271 0.682744821112879 -0.116939590172516 0.974874885942834 -2.831242248126919 -0.557092111876933
-0.087355386479573 -0.038560213849100 0.043120774836156 -0.149078076339557 0.668588609872245 -0.119725050731900 1.007373679101087 -2.925625596725823 -0.559123592518418
-0.088100776861270 -0.035217270799738 0.042522149582496 -0.144041207944051 0.653960481888616 -0.122520668694492 1.040158736711483 -3.020840317673468 -0.561155073177666
-0.088820982900991 -0.031947468390295 0.041909546239024 -0.138840414260494 0.638856280300248 -0.125326444060381 1.073230058767360 -3.116886410918784 -0.563186553823591
-0.089515184972293 -0.028753186988794 0.041282914018722 -0.133474263966657 0.623271848245655 -0.128142376829499 1.106587645275381 -3.213763876510622 -0.565218034473958
-0.090182556292126 -0.025636827747566 0.040642202134574 -0.127941325740280 0.607203028863101 -0.130968467001868 1.140231496231658 -3.311472714424557 -0.567249515124324
-0.090822262920828 -0.022600812603250 0.039987359799565 -0.122240168259122 0.590645665290979 -0.133804714577490 1.174161611635638 -3.410012924660588 -0.569280995765808
-0.091433463762123 -0.019647584276795 0.039318336226677 -0.116369360200944 0.573595600667676 -0.136651119556319 1.208377991487875 -3.509384507223157 -0.571312476429497
-0.092015310563128 -0.016779606273457 0.038635080628896 -0.110327470243504 0.556048678131560 -0.139507681938467 1.242880635792254 -3.609587462123365 -0.573343957066541
-0.092566947914346 -0.013999362882799 0.037937542219203 -0.104113067064543 0.538000740820943 -0.142374401723799 1.277669544543225 -3.710621789332347 -0.575375437721348
-0.093087513249668 -0.011309359178695 0.037225670210584 -0.097724719341827 0.519447631874281 -0.145251278912406 1.312744717744674 -3.812487488887850 -0.577406918376155
-0.093576136846377 -0.008712121019323 0.036499413816022 -0.091160995753103 0.500385194429842 -0.148138313504287 1.348106155393269 -3.915184560756568 -0.579438399013199
-0.094031941825143 -0.006210195047174 0.035758722248501 -0.084420464976137 0.480809271626059 -0.151035505499353 1.383753857491787 -4.018713004951824 -0.581469879676888
-0.094454044150024 -0.003806148689044 0.035003544721004 -0.077501695688678 0.460715706601300 -0.153942854897737 1.419687824040228 -4.123072821480278 -0.583501360318373
-0.094841552628467 -0.001502570156037 0.034233830446516 -0.070403256568477 0.440100342493899 -0.156860361699329 1.455908055035815 -4.228264010333049 -0.585532840968739
-0.095193568911309 0.000697931556432 0.033449528638019 -0.063123716293298 0.418959022442233 -0.159788025904173 1.492414550482435 -4.334286571512358 -0.587564321619105
-0.095509187492776 0.002792726668643 0.032650588508498 -0.055661643540886 0.397287589584672 -0.162725847512268 1.529207310376202 -4.441140505015984 -0.589595802269471
-0.095787495710480 0.004779164616567 0.031836959270937 -0.048015606989005 0.375081887059592 -0.165673826523616 1.566286334719336 -4.548825810846147 -0.591627282915397
-0.096027573745425 0.006654574051865 0.031008590138319 -0.040184175315408 0.352337758005361 -0.168631962938193 1.603651623512392 -4.657342489009508 -0.593658763574645
-0.096228494622002 0.008416262841892 0.030165430323628 -0.032165917197846 0.329051045560314 -0.171600256756066 1.641303176754816 -4.766690539492746 -0.595690244216129
-0.096389324207992 0.010061518069693 0.029307429039847 -0.023959401314072 0.305217592862850 -0.174578707977147 1.679240994443831 -4.876869962302521 -0.597721724866496
-0.096509121214562 0.011587606034007 0.028434535499962 -0.015563196341853 0.280833243051337 -0.177567316601479 1.717465076583879 -4.987880757445495 -0.599753205512421
-0.096586937196271 0.012991772249264 0.027546698916954 -0.006975870958933 0.255893839264110 -0.180566082629041 1.755975423172185 -5.099722924906125 -0.601784686171669
-0.096621816551066 0.014271241445585 0.026643868503809 0.001804006156927 0.230395224639579 -0.183575006059900 1.794772034210967 -5.212396464702174 -0.603816166817595
-0.096612796520281 0.015423217568783 0.025725993473509 0.010777866327982 0.204333242316068 -0.186594086893987 1.833854909694121 -5.325901376818098 -0.605847647463520
-0.096558907188641 0.016444883780363 0.024793023039040 0.019947140876453 0.177703735431978 -0.189623325131305 1.873224049633304 -5.440237661262781 -0.607879128118327
-0.096459171484259 0.017333402457523 0.023844906413383 0.029313261124619 0.150502547125664 -0.192662720771897 1.912879454016303 -5.555405318038442 -0.609910608764253
-0.096312605178636 0.018085915193151 0.022881592809524 0.038877658394701 0.122725520535472 -0.195712273815718 1.952821122848669 -5.671404347133979 -0.611942089414619
-0.096118216886663 0.018699542795828 0.021903031440445 0.048641764008944 0.094368498799802 -0.198771984262791 1.993049056131513 -5.788234748560495 -0.613973570064985
-0.095875008066618 0.019171385289827 0.020909171519131 0.058607009289602 0.065427325056999 -0.201841852113116 2.033563253863169 -5.905896522311327 -0.616005050710910
-0.095581973020170 0.019498521915112 0.019899962258565 0.068774825558918 0.035897842445443 -0.204921877366671 2.074363716044192 -6.024389668388697 -0.618036531370159
-0.095238098892375 0.019678011127340 0.018875352871732 0.079146644139139 0.005775894103499 -0.208012060023521 2.115450442672362 -6.143714186794824 -0.620068012011643
-0.094842365671680 0.019706890597857 0.017835292571614 0.089723896352500 -0.024942676830475 -0.211112400083580 2.156823433751009 -6.263870077525269 -0.622099492662009
-0.094393746189917 0.019582177213705 0.016779730571197 0.100508013521255 -0.056262027218101 -0.214222897546890 2.198482689279024 -6.384857340586692 -0.624130973316817
-0.093891206122311 0.019300867077614 0.015708616083462 0.111500426967651 -0.088186313921035 -0.217343552413474 2.240428209254741 -6.506675975967990 -0.626162453958301
-0.093333703987472 0.018859935508009 0.014621898321395 0.122702568013924 -0.120719693800875 -0.220474364683265 2.282659993679825 -6.629325983682488 -0.628193934613108
-0.092720191147403 0.018256337039005 0.013519526497978 0.134115867982323 -0.153866323719287 -0.223615334356331 2.325178042555387 -6.752807363716862 -0.630225415263475
-0.092049611807491 0.017487005420408 0.012401449826197 0.145741758195100 -0.187630360537872 -0.226766461432648 2.367982355877540 -6.877120116091096 -0.632256895909400
-0.091320903016516 0.016548853617719 0.011267617519033 0.157581669974488 -0.222015961118327 -0.229927745912195 2.411072933649616 -7.002264240771883 -0.634288376564207
-0.090532994666643 0.015438773812127 0.010117978789473 0.169637034642736 -0.257027282322186 -0.233099187795016 2.454449775871059 -7.128239737794750 -0.636319857210133
-0.089684809493430 0.014153637400516 0.008952482850497 0.181909283522091 -0.292668481011160 -0.236280787081067 2.498112882541870 -7.255046607139715 -0.638351337860499
-0.088775263075819 0.012690294995461 0.007771078915092 0.194399847934801 -0.328943714046859 -0.239472543770369 2.542062253660937 -7.382684848808996 -0.640382818510865
-0.087803263836145 0.011045576425226 0.006573716196240 0.207110159203105 -0.365857138290904 -0.242674457862924 2.586297889228262 -7.511154462807035 -0.642414299161231
-0.086767713040130 0.009216290733772 0.005360343906926 0.220041648649247 -0.403412910604939 -0.245886529358730 2.630819789246619 -7.640455449138273 -0.644445779807157
-0.085667504796883 0.007199226180747 0.004130911260132 0.233195747595480 -0.441615187850630 -0.249108758257766 2.675627953712123 -7.770587807782725 -0.646477260457523
-0.084501526058906 0.004991150241494 0.002885367468843 0.246573887364041 -0.480468126889544 -0.252341144560053 2.720722382626994 -7.901551538762597 -0.648508741107889
-0.083268656622086 0.002588809607046 0.001623661746043 0.260177499277175 -0.519975884583357 -0.255583688265593 2.766103075992343 -8.033346642066785 -0.650540221767137
-0.081967769125700 -0.000011069815871 0.000345743304715 0.274008014657137 -0.560142617793691 -0.258836389374428 2.811770033804284 -8.165973117699732 -0.652571702399740
-0.080597729052414 -0.002811782904839 -0.000948438642157 0.288066864826159 -0.600972483382189 -0.262099247886427 2.811770033804284 -8.165973117699732 -0.652571702399740
-0.079157394728283 -0.005816645321750 -0.002258934881589 -0.288066864826159 0.600972483382189 0.262099247886427 2.766103075992343 -8.033346642066785 -0.650540221767137
-0.080597729052414 -0.002811782904839 -0.000948438642157 -0.274008014657137 0.560142617793691 0.258836389374428 2.720722382626994 -7.901551538762597 -0.648508741107889
-0.081967769125700 -0.000011069815871 0.000345743304715 -0.260177499277175 0.519975884583357 0.255583688265593 2.675627953712123 -7.770587807782725 -0.646477260457523
-0.083268656622086 0.002588809607046 0.001623661746043 -0.246573887364041 0.480468126889544 0.252341144560053 2.630819789246619 -7.640455449138273 -0.644445779807157
-0.084501526058906 0.004991150241494 0.002885367468843 -0.233195747595480 0.441615187850630 0.249108758257766 2.586297889228262 -7.511154462807035 -0.642414299161231
-0.085667504796883 0.007199226180747 0.004130911260132 -0.220041648649247 0.403412910604939 0.245886529358730 2.542062253660937 -7.382684848808996 -0.640382818510865
-0.086767713040130 0.009216290733772 0.005360343906926 -0.207110159203105 0.365857138290904 0.242674457862924 2.498112882541870 -7.255046607139715 -0.638351337860499
-0.087803263836145 0.011045576425226 0.006573716196240 -0.194399847934801 0.328943714046859 0.239472543770369 2.454449775871059 -7.128239737794750 -0.636319857210133
-0.088775263075819 0.012690294995461 0.007771078915092 -0.181909283522091 0.292668481011160 0.236280787081067 2.411072933649616 -7.002264240771883 -0.634288376564207
-0.089684809493430 0.014153637400516 0.008952482850497 -0.169637034642736 0.257027282322186 0.233099187795016 2.367982355877540 -6.877120116091096 -0.632256895909400
-0.090532994666643 0.015438773812127 0.010117978789473 -0.157581669974488 0.222015961118327 0.229927745912195 2.325178042555387 -6.752807363716862 -0.630225415263475
-0.091320903016516 0.016548853617719 0.011267617519033 -0.145741758195100 0.187630360537872 0.226766461432648 2.282659993679825 -6.629325983682488 -0.628193934613108
-0.092049611807491 0.017487005420408 0.012401449826197 -0.134115867982323 0.153866323719287 0.223615334356331 2.240428209254741 -6.506675975967990 -0.626162453958301
-0.092720191147403 0.018256337039005 0.013519526497978 -0.122702568013924 0.120719693800875 0.220474364683265 2.198482689279024 -6.384857340586692 -0.624130973316817
-0.093333703987472 0.018859935508009 0.014621898321395 -0.111500426967651 0.088186313921035 0.217343552413474 2.156823433751009 -6.263870077525269 -0.622099492662009
-0.093891206122311 0.019300867077614 0.015708616083462 -0.100508013521255 0.056262027218101 0.214222897546890 2.115450442672362 -6.143714186794824 -0.620068012011643
-0.094393746189917 0.019582177213705 0.016779730571197 -0.089723896352500 0.024942676830475 0.211112400083580 2.074363716044192 -6.024389668388697 -0.618036531370159
-0.094842365671680 0.019706890597857 0.017835292571614 -0.079146644139139 -0.005775894103499 0.208012060023521 2.033563253863169 -5.905896522311327 -0.616005050710910
-0.095238098892375 0.019678011127340 0.018875352871732 -0.068774825558918 -0.035897842445443 0.204921877366671 1.993049056131513 -5.788234748560495 -0.613973570064985
-0.095581973020170 0.019498521915112 0.019899962258565 -0.058607009289602 -0.065427325056999 0.201841852113116 1.952821122848669 -5.671404347133979 -0.611942089414619
-0.095875008066618 0.019171385289827 0.020909171519131 -0.048641764008944 -0.094368498799802 0.198771984262791 1.912879454016303 -5.555405318038442 -0.609910608764253
-0.096118216886663 0.018699542795828 0.021903031440445 -0.038877658394701 -0.122725520535472 0.195712273815718 1.873224049633304 -5.440237661262781 -0.607879128118327
-0.096312605178636 0.018085915193151 0.022881592809524 -0.029313261124619 -0.150502547125664 0.192662720771897 1.833854909694121 -5.325901376818098 -0.605847647463520
-0.096459171484259 0.017333402457523 0.023844906413383 -0.019947140876453 -0.177703735431978 0.189623325131305 1.794772034210967 -5.212396464702174 -0.603816166817595
-0.096558907188641 0.016444883780363 0.024793023039040 -0.010777866327982 -0.204333242316068 0.186594086893987 1.755975423172185 -5.099722924906125 -0.601784686171669
-0.096612796520281 0.015423217568783 0.025725993473509 -0.001804006156927 -0.230395224639579 0.183575006059900 1.717465076583879 -4.987880757445495 -0.599753205512421
-0.096621816551066 0.014271241445585 0.026643868503809 0.006975870958933 -0.255893839264110 0.180566082629041 1.679240994443831 -4.876869962302521 -0.597721724866496
-0.096586937196271 0.012991772249264 0.027546698916954 0.015563196341853 -0.280833243051337 0.177567316601479 1.641303176754816 -4.766690539492746 -0.595690244216129
-0.096509121214562 0.011587606034007 0.028434535499962 0.023959401314072 -0.305217592862850 0.174578707977147 1.603651623512392 -4.657342489009508 -0.593658763574645
-0.096389324207992 0.010061518069693 0.029307429039847 0.032165917197846 -0.329051045560314 0.171600256756066 1.566286334719336 -4.548825810846147 -0.591627282915397
-0.096228494622002 0.008416262841892 0.030165430323628 0.040184175315408 -0.352337758005361 0.168631962938193 1.529207310376202 -4.441140505015984 -0.589595802269471
-0.096027573745425 0.006654574051865 0.031008590138319 0.048015606989005 -0.375081887059592 0.165673826523616 1.492414550482435 -4.334286571512358 -0.587564321619105
-0.095787495710480 0.004779164616567 0.031836959270937 0.055661643540886 -0.397287589584672 0.162725847512268 1.455908055035815 -4.228264010333049 -0.585532840968739
-0.095509187492776 0.002792726668643 0.032650588508498 0.063123716293298 -0.418959022442233 0.159788025904173 1.419687824040228 -4.123072821480278 -0.583501360318373
-0.095193568911309 0.000697931556432 0.033449528638019 0.070403256568477 -0.440100342493899 0.156860361699329 1.383753857491787 -4.018713004951824 -0.581469879676888
-0.094841552628467 -0.001502570156037 0.034233830446516 0.077501695688678 -0.460715706601300 0.153942854897737 1.348106155393269 -3.915184560756568 -0.579438399013199
-0.094454044150024 -0.003806148689044 0.035003544721004 0.084420464976137 -0.480809271626059 0.151035505499353 1.312744717744674 -3.812487488887850 -0.577406918376155
-0.094031941825143 -0.006210195047174 0.035758722248501 0.091160995753103 -0.500385194429842 0.148138313504287 1.277669544543225 -3.710621789332347 -0.575375437721348
-0.093576136846377 -0.008712121019323 0.036499413816022 0.097724719341827 -0.519447631874281 0.145251278912406 1.242880635792254 -3.609587462123365 -0.573343957066541
-0.093087513249668 -0.011309359178695 0.037225670210584 0.104113067064543 -0.538000740820943 0.142374401723799 1.208377991487875 -3.509384507223157 -0.571312476429497
-0.092566947914346 -0.013999362882799 0.037937542219203 0.110327470243504 -0.556048678131560 0.139507681938467 1.174161611635638 -3.410012924660588 -0.569280995765808
-0.092015310563128 -0.016779606273457 0.038635080628896 0.116369360200944 -0.573595600667676 0.136651119556319 1.140231496231658 -3.311472714424557 -0.567249515124324
-0.091433463762123 -0.019647584276795 0.039318336226677 0.122240168259122 -0.590645665290979 0.133804714577490 1.106587645275381 -3.213763876510622 -0.565218034473958
-0.090822262920828 -0.022600812603250 0.039987359799565 0.127941325740280 -0.607203028863101 0.130968467001868 1.073230058767360 -3.116886410918784 -0.563186553823591
-0.090182556292126 -0.025636827747566 0.040642202134574 0.133474263966657 -0.623271848245655 0.128142376829499 1.040158736711483 -3.020840317673468 -0.561155073177666
-0.089515184972293 -0.028753186988794 0.041282914018722 0.138840414260494 -0.638856280300248 0.125326444060381 1.007373679101087 -2.925625596725823 -0.559123592518418
-0.088820982900991 -0.031947468390295 0.041909546239024 0.144041207944051 -0.653960481888616 0.122520668694492 0.974874885942834 -2.831242248126919 -0.557092111876933
-0.088100776861270 -0.035217270799738 0.042522149582496 0.149078076339557 -0.668588609872245 0.119725050731900 0.942662357231172 -2.737690271847892 -0.555060631226567
-0.087355386479573 -0.038560213849100 0.043120774836156 0.153952450769271 -0.682744821112879 0.116939590172516 0.910736092970543 -2.644969667895403 -0.553029150571760
-0.086585624225726 -0.041973937954664 0.043705472787018 0.158665762555427 -0.696433272472119 0.114164287016383 0.879096093157061 -2.553080436271671 -0.550997669925835
-0.085792295412949 -0.045456104317025 0.044276294222100 0.163219443020279 -0.709658120811596 0.111399141263524 0.847742357793502 -2.462022576967815 -0.548966189279909
-0.084976198197848 -0.049004394921083 0.044833289928418 0.167614923486065 -0.722423522992954 0.108644152913895 0.816674886877089 -2.371796089994938 -0.546934708620661
-0.084138123580417 -0.052616512536047 0.045376510692987 0.171853635275032 -0.734733635877793 0.105899321967495 0.785893680415040 -2.282400975357479 -0.544903227979177
-0.083278855404042 -0.056290180715436 0.045906007302825 0.175937009709418 -0.746592616327768 0.103164648424392 0.755398738394031 -2.193837233028795 -0.542871747328810
-0.082399170355495 -0.060023143797075 0.046421830544947 0.179866478111493 -0.758004621204555 0.100440132284496 0.725190060828496 -2.106104863037750 -0.540840266674003
-0.081499837964938 -0.063813166903098 0.046924031206369 0.183643471803463 -0.768973807369699 0.097725773547852 0.695267647708997 -2.019203865371022 -0.538808786028078
-0.080581620605920 -0.067658035939947 0.047412660074108 0.187269422107605 -0.779504331684888 0.095021572214482 0.665631499039421 -1.933134240037493 -0.536777305382152
-0.079645273495382 -0.071555557598371 0.047887767935181 0.190745760346150 -0.789600351011743 0.092327528284342 0.636281614820322 -1.847895987023840 -0.534745824722904
-0.078691544693652 -0.075503559353430 0.048349405576602 0.194073917841348 -0.799266022211931 0.089643641757431 0.607217995045040 -1.763489106330063 -0.532714344081420
-0.077721175104445 -0.079499889464489 0.048797623785390 0.197255325915449 -0.808505502147050 0.086969912633816 0.578440639723565 -1.679913597978366 -0.530682863426613
-0.076734898474868 -0.083542416975225 0.049232473348559 0.200291415890674 -0.817322947678700 0.084306340913409 0.549949548850348 -1.597169461939885 -0.528651382785128
-0.075733441395414 -0.087629031713618 0.049654005053126 0.203183619089292 -0.825722515668592 0.081652926596276 0.521744722425388 -1.515256698241263 -0.526619902125880
-0.074717523299968 -0.091757644291961 0.050062269686107 0.205933366833544 -0.833708362978292 0.079009669682351 0.493826160448130 -1.434175306853636 -0.524588421479955
-0.073687856465800 -0.095926186106852 0.050457318034519 0.208542090445671 -0.841284646469498 0.076376570171721 0.466193862921904 -1.353925287803648 -0.522556940829588
-0.072645146013572 -0.100132609339200 0.050839200885377 0.211011221247911 -0.848455523003766 0.073753628064321 0.438847829846711 -1.274506641082418 -0.520525460183663
-0.071590089907332 -0.104374886954219 0.051207969025699 0.213342190562521 -0.855225149442784 0.071140843360173 0.411788061213114 -1.195919366672182 -0.518493979528856
-0.070523378954520 -0.108651012701433 0.051563673242500 0.215536429711755 -0.861597682648196 0.068538216059255 0.385014557034991 -1.118163464608468 -0.516462498878489
-0.069445696805961 -0.112959001114674 0.051906364322796 0.217595370017820 -0.867577279481557 0.065945746161611 0.358527317304569 -1.041238934860189 -0.514431018237005
-0.068357719955872 -0.117296887512082 0.052236093053604 0.219520442802995 -0.873168096804600 0.063363433667218 0.332326342023515 -0.965145777436227 -0.512399537582198
-0.067260117741857 -0.121662727996105 0.052552910221940 0.221313079389518 -0.878374291478901 0.060791278576033 0.306411631187387 -0.889883992349905 -0.510368056927391
-0.066153552344909 -0.126054599453499 0.052856866614820 0.222974711099636 -0.883200020366082 0.058229280888122 0.280783184808397 -0.815453579579017 -0.508336576285906
-0.065038678789411 -0.130470599555329 0.053148013019261 0.224506769255572 -0.887649440327831 0.055677440603485 0.255441002865731 -0.741854539139108 -0.506305095635540
-0.063916144943133 -0.134908846756969 0.053426400222279 0.225910685179614 -0.891726708225726 0.053135757722056 0.230385085386864 -0.669086871023516 -0.504273614980733
-0.062786591517235 -0.139367480298097 0.053692079010889 0.227187890193943 -0.895435980921422 0.050604232243878 0.205615432345152 -0.597150575241123 -0.502242134334807
-0.061650652066265 -0.143844660202704 0.053945100172108 0.228339815620877 -0.898781415276539 0.048082864168975 0.181132043761134 -0.526045651785267 -0.500210653684441
-0.060508952988161 -0.148338567279087 0.054185514492953 0.229367892782603 -0.901767168152745 0.045571653497301 0.156934919619822 -0.455772100644847 -0.498179173034075
-0.059362113524248 -0.152847403119851 0.054413372760440 0.230273553001409 -0.904397396411671 0.043070600228878 0.133024059927878 -0.386329921839845 -0.496147692383708
-0.058210745759241 -0.157369390101909 0.054628725761584 0.231058227599508 -0.906676256914896 0.040579704363708 0.109399464691962 -0.317719115365822 -0.494116211737783
-0.057055454621243 -0.161902771386484 0.054831624283402 0.231723347899147 -0.908607906524095 0.038098965901789 0.086061133894033 -0.249939681202793 -0.492084731082976
-0.055896837881748 -0.166445810919104 0.055022119112911 0.232270345222607 -0.910196502100924 0.035628384843100 0.063009067554354 -0.182991619381845 -0.490053250437050
-0.054735486155634 -0.170996793429609 0.055200261037127 0.232700650892077 -0.911446200506938 0.033167961187686 0.040243265660989 -0.116874929887434 -0.488021769786684
-0.053571982901174 -0.175554024432143 0.055366100843065 0.233015696229849 -0.912361158603847 0.030717694935500 0.017763728212272 -0.051589612699576 -0.485990289136318
-0.052406904420025 -0.180115830225163 0.055519689317743 0.233216912558154 -0.912945533253284 0.028277586086567 -0.004429544783469 0.012864332139539 -0.483958808490392
-0.051240819857234 -0.184680557891429 0.055661077248176 0.233305731199215 -0.913203481316782 0.025847634640885 -0.026336553327067 0.076486904656559 -0.481927327831144
-0.050074291201238 -0.189246575298013 0.055790315421380 0.233283583475298 -0.913139159656084 0.023427840598433 -0.047957297427681 0.139278104851481 -0.479895847194101
-0.048907873283862 -0.193812271096293 0.055907454624372 0.233151900708663 -0.912756725132802 0.021018203959278 -0.069291777076430 0.201237932718756 -0.477864366530412
-0.047742113780318 -0.198376054721957 0.056012545644169 0.232912114221524 -0.912060334608544 0.018618724723307 -0.090339992278865 0.262366388266155 -0.475832885893368
-0.046577553209211 -0.202936356395000 0.056105639267785 0.232565655336142 -0.911054144944951 0.016229402890655 -0.111101943023328 0.322663471460372 -0.473801405238561
-0.045414724932530 -0.207491627119725 0.056186786282238 0.232113955374748 -0.909742313003620 0.013850238461188 -0.131577629334245 0.382129182369129 -0.471769924588195
-0.044254155155656 -0.212040338684743 0.056256037474544 0.231558445659631 -0.908128995646318 0.011481231434995 -0.151767051181917 0.440763520915821 -0.469738443942269
-0.043096362927358 -0.216580983662975 0.056313443631719 0.230900557512960 -0.906218349734472 0.009122381812054 -0.171670208588548 0.498566487155960 -0.467706963287462
-0.041941860139793 -0.221112075411647 0.056359055540780 0.230141722257050 -0.904014532129893 0.006773689592343 -0.191287101542481 0.555538081060680 -0.465675482641537
-0.040791151528508 -0.225632148072296 0.056392923988741 0.229283371214108 -0.901521699694113 0.004435154775906 -0.210617730050655 0.611678302642193 -0.463644001986729
-0.039644734672437 -0.230139756570767 0.056415099762621 0.228326935706395 -0.898744009288810 0.002106777362698 -0.229662094105576 0.666987151891618 -0.461612521345245
-0.038503099993905 -0.234633476617211 0.056425633649434 0.227273847056142 -0.895685617775599 -0.000211442647235 -0.248420193717791 0.721464628827828 -0.459581040685997
-0.037366730758625 -0.239111904706089 0.056424576436198 0.226125536585614 -0.892350682016141 -0.002519505253962 -0.266892028870369 0.775110733413076 -0.457549560044512
-0.036236103075697 -0.243573658116170 0.056411978909928 0.224883435617025 -0.888743358872002 -0.004817410457392 -0.285077599584960 0.827925465696211 -0.455518079394146
-0.035111685897612 -0.248017374910530 0.056387891857641 0.223548975472673 -0.884867805204936 -0.007105158257614 -0.302976905848518 0.879908825648368 -0.453486598739339
-0.033993941020248 -0.252441713936554 0.056352366066353 0.222123587474748 -0.880728177876455 -0.009382748654585 -0.320589947653827 0.931060813251783 -0.451455118093413
-0.032883323082874 -0.256845354825937 0.056305452323080 0.220608702945506 -0.876328633748213 -0.011650181648282 -0.337916725027115 0.981381428570849 -0.449423637443047
-0.031780279568147 -0.261226997994678 0.056247201414839 0.219005753207237 -0.871673329681955 -0.013907457238749 -0.354957237935632 1.030870671523409 -0.447392156792681
-0.030685250802111 -0.265585364643087 0.056177664128645 0.217316169582101 -0.866766422539100 -0.016154575425964 -0.371711486401027 1.079528542160535 -0.445360676142315
-0.029598669954200 -0.269919196755783 0.056096891251516 0.215541383392423 -0.861612069181483 -0.018391536209927 -0.388179470416777 1.127355040475564 -0.443329195496389
-0.028520963037238 -0.274227257101690 0.056004933570466 0.213682825960418 -0.856214426470681 -0.020618339590639 -0.404361189983854 1.174350166461835 -0.441297714846023
-0.027452548907436 -0.278508329234044 0.055901841872513 0.211741928608334 -0.850577651268303 -0.022834985568121 -0.420256645106420 1.220513920130450 -0.439266234191216
-0.026393839264394 -0.282761217490385 0.055787666944672 0.209720122658415 -0.844705900435994 -0.025041474142351 -0.435865835775318 1.265846301474749 -0.437234753545290
-0.025345238651102 -0.286984746992565 0.055662459573960 0.207618839432883 -0.838603330835341 -0.027237805313307 -0.451188761989157 1.310347310443660 -0.435203272894924
-0.024307144453938 -0.291177763646742 0.055526270547394 0.205439510254006 -0.832274099327968 -0.029423979081034 -0.466225423768618 1.354016947165970 -0.433171792248999
-0.023279946902668 -0.295339134143382 0.055379150651989 0.203183566444060 -0.825722362775749 -0.031599995445508 -0.480975821083723 1.396855211484027 -0.431140311594191
-0.022264029070447 -0.299467745957261 0.055221150674761 0.200852439325217 -0.818952278039919 -0.033765854406753 -0.495439953964866 1.438862103542160 -0.429108830943825
-0.021259766873821 -0.303562507347460 0.055052321402727 0.198447560219799 -0.811968001982499 -0.035921555964724 -0.509617822387343 1.480037623233788 -0.427077350297900
-0.020267529072722 -0.307622347357373 0.054872713622904 0.195970360449974 -0.804773691464788 -0.038067100119443 -0.523509426357399 1.520381770598878 -0.425045869651974
-0.019287677270473 -0.311646215814697 0.054682378122306 0.193422271338037 -0.797373503348620 -0.040202486870933 -0.537114765890023 1.559894545652973 -0.423014388992726
-0.018320565913782 -0.315633083331440 0.054481365687952 0.190804724206250 -0.789771594495625 -0.042327716219193 -0.550433840969117 1.598575948387193 -0.420982908346801
-0.017366542292751 -0.319581941303918 0.054269727106856 0.188119150376800 -0.781972121767360 -0.044442788164156 -0.563466651587674 1.636425978741585 -0.418951427700875
-0.016425946540867 -0.323491801912755 0.054047513166035 0.185366981171955 -0.773979242025424 -0.046547702705890 -0.576213197773578 1.673444636838273 -0.416919947046068
-0.015499111635007 -0.327361698122882 0.053814774652506 0.182549647914016 -0.765797112131716 -0.048642459844395 -0.588673479509777 1.709631922590660 -0.414888466400143
-0.014586363395437 -0.331190683683540 0.053571562353284 0.179668581925149 -0.757429888947525 -0.050727059579625 -0.600847496781620 1.744987835985423 -0.412856985749777
-0.013688020485811 -0.334977833128278 0.053317927055386 0.176725214527600 -0.748881729334572 -0.052801501911626 -0.612735249623864 1.779512377080295 -0.410825505099410
-0.012804394413174 -0.338722241774951 0.053053919545827 0.173720977043692 -0.740156790154645 -0.054865786840375 -0.624336737994408 1.813205545821983 -0.408794024449044
-0.011935789527955 -0.342423025725724 0.052779590611626 0.170657300795572 -0.731259228269243 -0.056919914365872 -0.635651961942152 1.846067342290425 -0.406762543803119
-0.011082503023977 -0.346079321867070 0.052494991039796 0.167535617105600 -0.722193200540133 -0.058963884488117 -0.646680921418463 1.878097766365716 -0.404731063148311
-0.010244824938449 -0.349690287869771 0.052200171617356 0.164357357295889 -0.712962863828681 -0.060997697207132 -0.657423616462138 1.909296818172201 -0.402699582497945
-0.009423038151970 -0.353255102188914 0.051895183131320 0.161123952688797 -0.703572374996853 -0.063021352522874 -0.667880047045749 1.939664497609961 -0.400668101856461
-0.008617418388526 -0.356772964063899 0.051580076368706 0.157836834606486 -0.694025890905992 -0.065034850435364 -0.678050213181736 1.969200804736726 -0.398636621197213
-0.007828234215493 -0.360243093518429 0.051254902116529 0.154497434371258 -0.684327568417942 -0.067038190944646 -0.687934114881467 1.997905739561379 -0.396605140555728
-0.007055747043637 -0.363664731360518 0.050919711161805 0.151107183305349 -0.674481564394258 -0.069031374050632 -0.697531752116010 2.025779302019526 -0.394573659900921
-0.006300211127110 -0.367037139182490 0.050574554291552 0.147667512730942 -0.664492035696451 -0.071014399753411 -0.706843124902090 2.052821492151136 -0.392542179250555
-0.005561873563456 -0.370359599360972 0.050219482292785 0.144179853970362 -0.654363139186354 -0.072987268052915 -0.715868233255101 2.079032310000617 -0.390510698604629
-0.004840974293604 -0.373631415056904 0.049854545952521 0.140645638345851 -0.644099031725598 -0.074949978949168 -0.724607077139533 2.104411755472491 -0.388479217954263
-0.004137746101875 -0.376851910215532 0.049479796057775 0.137066297179576 -0.633703870175595 -0.076902532442191 -0.733059656592011 2.128959828657795 -0.386447737303897
-0.003452414615977 -0.380020429566410 0.049095283395564 0.133443261793878 -0.623181811398232 -0.078844928531963 -0.741225971581938 2.152676529485475 -0.384416256653530
-0.002785198307007 -0.383136338623401 0.048701058752904 0.129777963510918 -0.612537012254943 -0.080777167218482 -0.749106022136237 2.175561858019925 -0.382384776003164
-0.002136308489453 -0.386199023684675 0.048297172916812 0.126071833653008 -0.601773629607516 -0.082699248501750 -0.756699808225209 2.197615814178988 -0.380353295352798
-0.001505949321188 -0.389207891832713 0.047883676674303 0.122326303542327 -0.590895820317416 -0.084611172381766 -0.764007329883271 2.218838398075906 -0.378321814706872
-0.000894317803476 -0.392162370934300 0.047460620812394 0.118542804501201 -0.579907741246521 -0.086512938858530 -0.771028587073161 2.239229609575233 -0.376290334056506
-0.000301603780970 -0.395061909640533 0.047028056118101 0.114722767851785 -0.568813549256142 -0.088404547932064 -0.777763579829643 2.258789448801313 -0.374258853406140
0.000272010058289 -0.397905977386813 0.046586033378441 0.110867624916419 -0.557617401208266 -0.090285999602346 -0.784212308128293 2.277517915676430 -0.372227372755773
0.000826348182871 -0.400694064392855 0.046134603380429 0.106978807017271 -0.546323453964259 -0.092157293869377 -0.790374771988608 2.295415010244994 -0.370195892105407
0.001361242217957 -0.403425681662676 0.045673816911083 0.103057745476629 -0.534935864385877 -0.094018430733156 -0.796250971384777 2.312480732458155 -0.368164411459482
0.001876530945341 -0.406100360984605 0.045203724757417 0.099105871616686 -0.523458789334652 -0.095869410193683 -0.801840906342124 2.328715082364763 -0.366132930804675
0.002372060303424 -0.408717654931279 0.044724377706448 0.095124616759762 -0.511896385672361 -0.097710232250980 -0.807144576847746 2.344118059938172 -0.364101450158749
0.002847683387223 -0.411277136859640 0.044235826545193 0.091115412228052 -0.500252810260537 -0.099540896905004 -0.812161982899004 2.358689665167280 -0.362069969503942
0.003303260448363 -0.413778400910943 0.043738122060668 0.087079689343813 -0.488532219960847 -0.101361404155798 -0.816893124517895 2.372429898125361 -0.360038488862457
0.003738658895082 -0.416221062010747 0.043231315039889 0.083018879429318 -0.476738771635010 -0.103171754003317 -0.821338001678953 2.385338758725819 -0.358007008207650
0.004153753292229 -0.418604755868922 0.042715456269873 0.078934413806728 -0.464876622144383 -0.104971946447630 -0.825496614380514 2.397416246961992 -0.355975527557284
0.004548425361262 -0.420929138979644 0.042190596537635 0.074827723798334 -0.452949928350754 -0.106761981488668 -0.829368962636384 2.408662362904934 -0.353944046911359
0.004922563980254 -0.423193888621398 0.041656786630191 0.070700240726431 -0.440962847115944 -0.108541859126454 -0.832955046456280 2.419077106528000 -0.351912566260992
0.005276065183886 -0.425398702856978 0.041114077334559 0.066553395913249 -0.428919535301420 -0.110311579361011 -0.836254865818065 2.428660477820088 -0.349881085606185
0.005608832163452 -0.427543300533485 0.040562519437754 0.062388620680968 -0.416824149768780 -0.112071142192316 -0.839268420730205 2.437412476772316 -0.347849604960260
0.005920775266857 -0.429627421282329 0.040002163726792 0.058207346351877 -0.404680847379679 -0.113820547620347 -0.841995711201235 2.445333103426872 -0.345818124314334
0.006211811998617 -0.431650825519227 0.039433060988691 0.054011004248226 -0.392493784995818 -0.115559795645148 -0.844436737211171 2.452422357717143 -0.343786643659527
0.006481867019858 -0.433613294444206 0.038855262010465 0.049801025692220 -0.380267119478683 -0.117288886266720 -0.846591498768548 2.458680239678657 -0.341755163009161
0.006730872148319 -0.435514630041600 0.038268817579131 0.045578842006164 -0.368005007690098 -0.119007819485017 -0.848459995920203 2.464106749415773 -0.339723682363235
0.006958766358350 -0.437354655080050 0.037673778481706 0.041345884512322 -0.355711606491704 -0.120716595300063 -0.850042228554976 2.468701886657598 -0.337692201712869
0.007165495780911 -0.439133213112509 0.037070195505206 0.037103584532721 -0.343391072744625 -0.122415213711879 -0.851338196785068 2.472465651681688 -0.335660721062503
0.007351013703575 -0.440850168476232 0.036458119436647 0.032853373389946 -0.331047563311337 -0.124103674720444 -0.852347900561767 2.475398044374799 -0.333629240412137
0.007515280570525 -0.442505406292789 0.035837601063044 0.028596682406020 -0.318685235052929 -0.125781978325756 -0.853071339882161 2.477499064721389 -0.331597759761770
0.007658263982555 -0.444098832468053 0.035208691171416 0.024334942903212 -0.306308244831055 -0.127450124527817 -0.853508514744653 2.478768712714796 -0.329566279111404
0.007779938697071 -0.445630373692208 0.034571440548776 0.020069586203801 -0.293920749507448 -0.129108113326626 -0.853659425184838 2.479206988443838 -0.327534798469920
0.007880286628090 -0.447099977439746 0.033925899982143 0.015802043630078 -0.281526905943874 -0.130755944722183 -0.853524071149914 2.478813891799714 -0.325503317810671
0.007959296846240 -0.448507611969465 0.033272120258532 0.011533746504153 -0.269130871001655 -0.132393618714532 -0.853102452682136 2.477589422844595 -0.323471837164746
0.008016965578761 -0.449853266324473 0.032610152164960 0.007266126148404 -0.256736801542656 -0.134021135303586 -0.852394569763257 2.475533581582923 -0.321440356514380
0.008053296209503 -0.451136950332187 0.031940046488442 0.003000613884993 -0.244348854428433 -0.135638494489410 -0.851400422364687 2.472646367883691 -0.319408875864013
0.008068299278928 -0.452358694604329 0.031261854015995 -0.001261358963823 -0.231971186520519 -0.137245696271981 -0.850120010585584 2.468927782079966 -0.317377395218088
0.008061992484109 -0.453518550536931 0.030575625534635 -0.005518361075647 -0.219607954681100 -0.138842740651302 -0.848553334283700 2.464377823709896 -0.315345914563281
0.008034400678731 -0.454616590310337 0.029881411831378 -0.009768961128575 -0.207263315770700 -0.140429627627392 -0.846700393570265 2.458996493142074 -0.313314433917355
0.007985555873088 -0.455652906889190 0.029179263693241 -0.014011727799993 -0.194941426652151 -0.142006357200208 -0.844561188402190 2.452783790216628 -0.311282953266989
0.007915497234088 -0.456627614022451 0.028469231907240 -0.018245229767844 -0.182646444186441 -0.143572929369795 -0.842135718798556 2.445739715015716 -0.309251472616623
0.007824271085249 -0.457540846243383 0.027751367260391 -0.022468035709855 -0.170382525235357 -0.145129344136130 -0.839423984729248 2.437864267432754 -0.307219991966257
0.007711930906699 -0.458392758869560 0.027025720539711 -0.026678714303848 -0.158153826660279 -0.146675601499213 -0.836425986211059 2.429157447523256 -0.305188511320331
0.007578537335180 -0.459183528002862 0.026292342532215 -0.030875834227494 -0.145964505323115 -0.148211701459044 -0.833141723237882 2.419619255278338 -0.303157030665524
0.007424158164043 -0.459913350529477 0.025551284024919 -0.035057964158550 -0.133818718085499 -0.149737644015646 -0.829571195830464 2.409249690733528 -0.301125550019599
0.007248868343250 -0.460582444119905 0.024802595804841 -0.039223672774739 -0.121720621809107 -0.151253429168974 -0.825714403978398 2.398048753888826 -0.299094069364791
0.007052749979376 -0.461191047228950 0.024046328658996 -0.043371528753891 -0.109674373355440 -0.152759056919072 -0.821571347661559 2.386016444662076 -0.297062588723307
0.006835892335607 -0.461739419095727 0.023282533374401 -0.047500100773783 -0.097684129585995 -0.154254527265896 -0.817142026906595 2.373152763153197 -0.295031108068500
0.006598391831738 -0.462227839743657 0.022511260738072 -0.051607957512091 -0.085754047362685 -0.155739840209512 -0.812426441671940 2.359457709213419 -0.292999627418133
0.006340352044177 -0.462656609980471 0.021732561537024 -0.055693667646624 -0.073888283546919 -0.157214995749855 -0.807424592053074 2.344931283142504 -0.290968146772208
0.006061883705944 -0.463026051398205 0.020946486558275 -0.059755799854984 -0.062090995000852 -0.158679993886945 -0.802136477923571 2.329573484565195 -0.288936666117401
0.005763104706669 -0.463336506373210 0.020153086588840 -0.063792922815249 -0.050366338585139 -0.160134834620806 -0.796562099377868 2.313384313761269 -0.286905185475916
0.005444140092593 -0.463588338066135 0.019352412415736 -0.067803605204867 -0.038718471162313 -0.161579517951393 -0.790701456364687 2.296363770566412 -0.284873704816668
0.005105122066569 -0.463781930421947 0.018544514825979 -0.071786415701756 -0.027151549593507 -0.163014043878773 -0.784554548914213 2.278511855087206 -0.282842224170743
0.004746189988060 -0.463917688169914 0.017729444606585 -0.075739922983580 -0.015669730740675 -0.164438412402856 -0.778121377012705 2.259828567265920 -0.280810743524817
0.004367490373142 -0.463996036823618 0.016907252544571 -0.079662695728151 -0.004277171465239 -0.165852623523710 -0.771401940664121 2.240313907146962 -0.278779262870010
0.003969176894501 -0.464017422680944 0.016077989426952 -0.083553302613214 0.007021971371091 -0.167256677241334 -0.764396239849516 2.219967874621531 -0.276747782224085
0.003551410381435 -0.463982312824089 0.015241706040746 -0.087410312316535 0.018223540906825 -0.168650573555684 -0.757104274603793 2.198790469840617 -0.274716301569278
0.003114358819852 -0.463891195119554 0.014398453172967 -0.091232293515783 0.029323380279933 -0.170034312466805 -0.749526044939094 2.176781692810881 -0.272684820927793
0.002658197352274 -0.463744578218155 0.013548281610633 -0.095017814888802 0.040317332629136 -0.171407893974651 -0.741661550743081 2.153941543221460 -0.270653340268545
0.002183108277830 -0.463542991555009 0.012691242140760 -0.098765445113497 0.051201241093191 -0.172771318079290 -0.733510792178815 2.130270021536429 -0.268621859627061
0.001689281052262 -0.463286985349543 0.011827385550363 -0.102473752867212 0.061970948809298 -0.174124584780633 -0.725073769121884 2.105767127407177 -0.266590378976694
0.001176912287926 -0.462977130605497 0.010956762626460 -0.106141306828107 0.072622298916980 -0.175467694078768 -0.716350481612810 2.080432860924741 -0.264558898321887
0.000646205753785 -0.462614019110912 0.010079424156066 -0.109766675673716 0.083151134554016 -0.176800645973652 -0.707340929702732 2.054267222268980 -0.262527417671521
0.000097372375417 -0.462198263438142 0.009195420926198 -0.113348428081780 0.093553298858640 -0.178123440465261 -0.698045113282744 2.027270211100163 -0.260495937030036
-0.000469369764992 -0.461730496943848 0.008304803723872 -0.116885132730294 0.103824634969985 -0.179436077553619 -0.688463032458600 1.999441827753579 -0.258464456370788
-0.001053795428643 -0.461211373768999 0.007407623336104 -0.120375358296707 0.113960986025485 -0.180738557238769 -0.678594687150977 1.970782071947230 -0.256432975729304
-0.001655672220127 -0.460641568838871 0.006503930549910 -0.123817673459000 0.123958195164253 -0.182030879520623 -0.668440077418314 1.941290943918705 -0.254401495078938
-0.002274760587422 -0.460021777863050 0.005593776152307 -0.127210646894755 0.133812105523989 -0.183313044399269 -0.657999203234794 1.910968443536998 -0.252370014424130
-0.002910813821896 -0.459352717335430 0.004677210930310 -0.130552847281847 0.143518560243583 -0.184585051874664 -0.647272064612059 1.879814570859839 -0.250338533773764
-0.003563578058305 -0.458635124534212 0.003754285670937 -0.133842843298021 0.153073402461268 -0.185846901946785 -0.636258661483974 1.847829325691830 -0.248307053132280
