-0.001223725543986 -0.442599325029681 0.000000000000000 0.158405124614722 -0.092552529096201 0.469256645125610 -3.459938552503644 10.318885998465976 -1.493716408483836
-0.000431699920912 -0.443062087675162 0.002346283225628 0.141105431852204 -0.040958099103872 0.461788063083191 -3.386318764700325 10.100539262756225 -1.500251798275398
0.000273827238349 -0.443266878170682 0.004655223541044 0.124173838028702 0.009544597209910 0.454286804091814 -3.312986038712462 9.883013830420673 -1.506787188065850
0.000894696428493 -0.443219155184632 0.006926657561503 0.107608907835140 0.058959666362013 0.446752868151484 -3.239940374555103 9.666309701490405 -1.513322577851861
0.001432740967668 -0.442924356852822 0.009160421902260 0.091409205962364 0.107291214869465 0.439186255262225 -3.167181772213337 9.450426875918794 -1.519857967638982
0.001889786997480 -0.442387900778475 0.011356353178572 0.075573297101298 0.154543349249059 0.431586965424030 -3.094710231684571 9.235365353719160 -1.526393357429434
0.002267653482987 -0.441615184032229 0.013514288005692 0.060099745942875 0.200720176017655 0.423954998636883 -3.022525752993231 9.021125134942576 -1.532928747216555
0.002568152212701 -0.440611583152141 0.015634062998876 0.044987117177909 0.245825801692368 0.416290354900800 -2.950628336103114 8.807706219495781 -1.539464137007007
0.002793087798590 -0.439382454143679 0.017715514773380 0.030233975497393 0.289864332789846 0.408593034215765 -2.879017981046485 8.595108607458712 -1.545999526789688
0.002944257676077 -0.437933132479730 0.019758479944459 0.015838885592161 0.332839875827140 0.400863036581817 -2.807694687808199 8.383332298802504 -1.552534916584580
0.003023452104038 -0.436268933100594 0.021762795127368 0.001800412153120 0.374756537321153 0.393100361998894 -2.736658456383746 8.172377293511612 -1.559070306370591
0.003032454164804 -0.434395150413989 0.023728296937363 -0.011882880128799 0.415618423788711 0.385305010467041 -2.665909286789156 7.962243591619345 -1.565605696158823
0.002973039764160 -0.432317058295045 0.025654821989698 -0.025212426562745 0.455429641746807 0.377476981986247 -2.595447179011903 7.752931193107937 -1.572141085948164
0.002846977631346 -0.430039910086311 0.027542206899629 -0.038189662457805 0.494194297712347 0.369616276556506 -2.525272133051260 7.544440097959626 -1.578676475734175
0.002656029319057 -0.427568938597749 0.029390288282412 -0.050816023123061 0.531916498202145 0.361722894177835 -2.455384148908804 7.336770306194396 -1.585211865523517
0.002401949203442 -0.424909356106739 0.031198902753301 -0.063092943867605 0.568600349733117 0.353796834850217 -2.385783226602975 7.129921817841112 -1.591747255312859
0.002086484484104 -0.422066354358073 0.032967886927552 -0.075021860000620 0.604249958822323 0.345838098573653 -2.316469366098142 6.923894632830940 -1.598282645098870
0.001711375184101 -0.419045104563961 0.034697077420420 -0.086604206831110 0.638869431986477 0.337846685348159 -2.247442567421853 6.718688751212731 -1.604818034892652
0.001278354149945 -0.415850757404029 0.036386310847161 -0.097841419668220 0.672462875742541 0.329822595173695 -2.178702830570556 6.514304172988705 -1.611353424674222
0.000789147051604 -0.412488443025316 0.038035423823029 -0.108734933821072 0.705034396607485 0.321765828050324 -2.110250155534648 6.310740898134437 -1.617888814463564
0.000245472382499 -0.408963271042279 0.039644252963281 -0.119286184598746 0.736588101098157 0.313676383978007 -2.042084542316741 6.107998926663250 -1.624424204257346
-0.000350958540495 -0.405280330536788 0.041212634883171 -0.129496607310329 0.767128095731473 0.305554262956720 -1.974205990926331 5.906078258570702 -1.630959594041137
-0.000998441577047 -0.401444690058131 0.042740406197955 -0.139367637264961 0.796658487024327 0.297399464986514 -1.906614501350906 5.704978893863455 -1.637494983831589
-0.001695279763372 -0.397461397623009 0.044227403522887 -0.148900709771716 0.825183381493644 0.289211990067356 -1.839310073596667 5.504700832530407 -1.644030373618710
-0.002439783312230 -0.393335480715541 0.045673463473224 -0.158097260139699 0.852706885656296 0.280991838199263 -1.772292707664347 5.305244074580440 -1.650565763404721
-0.003230269612929 -0.389071946287259 0.047078422664220 -0.166958723678021 0.879233106029198 0.272739009382239 -1.705562403554528 5.106608620024655 -1.657101153199614
-0.004065063231319 -0.384675780757113 0.048442117711131 -0.175486535695793 0.904766149129321 0.264453503616241 -1.639119161260666 4.908794468829747 -1.663636542982294
-0.004942495909798 -0.380151950011467 0.049764385229213 -0.183682131502097 0.929310121473470 0.256135320901330 -1.572962980789971 4.711801621026801 -1.670171932772746
-0.005860906567308 -0.375505399404099 0.051045061833719 -0.191546946406046 0.952869129578604 0.247784461237466 -1.507093862137127 4.515630076595833 -1.676707322560977
-0.006818641299338 -0.370741053756206 0.052283984139907 -0.199082415716732 0.975447279961583 0.239400924624661 -1.441511805309009 4.320279835563490 -1.683242712345878
-0.007814053377922 -0.365863817356399 0.053480988763030 -0.206289974743277 0.997048679139401 0.230984711062932 -1.376216810300285 4.125750897898683 -1.689778102140771
-0.008845503251638 -0.360878573960702 0.054635912318345 -0.213171058794779 1.017677433628894 0.222535820552228 -1.311208877109588 3.932043263614737 -1.696313491923451
-0.009911358545612 -0.355790186792557 0.055748591421106 -0.219727103180327 1.037337649946968 0.214054253092610 -1.246488005739732 3.739156932711651 -1.702848881716124
-0.011009994061514 -0.350603498542822 0.056818862686569 -0.225959543209025 1.056033434610526 0.205540008684030 -1.182054196190929 3.547091905193867 -1.709384271499914
-0.012139791777559 -0.345323331369770 0.057846562729989 -0.231869814189980 1.073768894136495 0.196993087326530 -1.117907448463584 3.355848181050280 -1.715919661295917
-0.013299140848509 -0.339954486899087 0.058831528166622 -0.237459351432298 1.090548135041747 0.188413489020051 -1.054047762557714 3.165425760300877 -1.722455051075267
-0.014486437605670 -0.334501746223878 0.059773595611722 -0.242729590245086 1.106375263843251 0.179801213764674 -0.990475138469632 2.975824642921232 -1.728990440869049
-0.015700085556896 -0.328969869904662 0.060672601680545 -0.247681965937434 1.121254387057857 0.171156261560329 -0.927189576202941 2.787044828926888 -1.735525830652840
-0.016938495386583 -0.323363597969373 0.061528382988347 -0.252317913818449 1.135189611202492 0.162478632407065 -0.864191075758547 2.599086318304522 -1.742061220446622
-0.018200084955675 -0.317687649913360 0.062340776150382 -0.256638869197242 1.148185042794014 0.153768326304832 -0.801479637130986 2.411949111083000 -1.748596610232633
-0.019483279301662 -0.311946724699390 0.063109617781906 -0.260646267382897 1.160244788349429 0.145025343253669 -0.739055260325638 2.225633207211253 -1.755132000020865
-0.020786510638576 -0.306145500757643 0.063834744498175 -0.264341543684525 1.171372954385486 0.136249683253564 -0.676917945342659 2.040138606751452 -1.761667389810206
-0.022108218356999 -0.300288635985716 0.064515992914442 -0.267726133411238 1.181573647419243 0.127441346304513 -0.615067692177484 1.855465309659188 -1.768202779593997
-0.023446849024055 -0.294380767748620 0.065153199645965 -0.270801471872126 1.190850973967539 0.118600332406543 -0.553504500832858 1.671613315941123 -1.774738169387780
-0.024800856383415 -0.288426512878782 0.065746201307998 -0.273568994376290 1.199209040547244 0.109726641559604 -0.492228371314762 1.488582625626123 -1.781273559176011
-0.026168701355297 -0.282430467676046 0.066294834515796 -0.276030136232864 1.206651953675375 0.100820273763724 -0.431239303605035 1.306373238658676 -1.787808948960912
-0.027548852036461 -0.276397207907669 0.066798935884614 -0.278186332750889 1.213183819868668 0.091881229018920 -0.370537297727236 1.124985155100955 -1.794344338752474
-0.028939783700216 -0.270331288808325 0.067258342029709 -0.280039019239525 1.218808745644173 0.082909507325157 -0.310122353667364 0.944418374921874 -1.800879728536264
-0.030339978796413 -0.264237245080105 0.067672889566335 -0.281589631007862 1.223530837518783 0.073905108682476 -0.249994471419468 0.764672898097007 -1.807415118332267
-0.031747926951453 -0.258119590892511 0.068042415109747 -0.282839603364959 1.227354202009268 0.064868033090815 -0.190153651004887 0.585748724684088 -1.813950508112727
-0.033162124968277 -0.251982819882464 0.068366755275201 -0.283790371619984 1.230282945632688 0.055798280550251 -0.130599892401995 0.407645854637595 -1.820485897904289
-0.034581076826377 -0.245831405154301 0.068645746677953 -0.284443371081994 1.232321174905876 0.046695851060730 -0.071333195621470 0.230364287970852 -1.827021287695851
-0.036003293681787 -0.239669799279771 0.068879225933256 -0.284800037060101 1.233472996345730 0.037560744622250 -0.012353560664979 0.053904024693852 -1.833556677478532
-0.037427293867088 -0.233502434298043 0.069067029656367 -0.284861804863426 1.233742516469200 0.028392961234858 0.046339012475249 -0.121734935208950 -1.840092067270094
-0.038851602891405 -0.227333721715697 0.069208994462542 -0.284630109801050 1.233133841793155 0.019192500898507 0.104744523794498 -0.296552591732002 -1.846627457058325
-0.040274753440410 -0.221168052506731 0.069304956967034 -0.284106387182077 1.231651078834495 0.009959363613216 0.162862973292210 -0.470548944875304 -1.853162846844336
-0.041695285376321 -0.215009797112559 0.069354753785100 -0.283292072315616 1.229298334110118 0.000693549378994 0.220694360968110 -0.643723994624423 -1.859698236635898
-0.043111745737899 -0.208863305442008 0.069358221531995 -0.282188600510776 1.226079714136996 -0.008604941804186 0.278238686826360 -0.816077741008225 -1.866233626423019
-0.044522688740453 -0.202732906871323 0.069315196822974 -0.280797407076644 1.221999325431955 -0.017936109936301 0.335495950862241 -0.987610184008947 -1.872769016211251
-0.045926675775836 -0.196622910244163 0.069225516273293 -0.279119927322333 1.217061274511910 -0.027299955017357 0.392466153078252 -1.158321323619926 -1.879304405999482
-0.047322275412447 -0.190537603871604 0.069089016498206 -0.277157596556941 1.211269667893811 -0.036696477047354 0.449149293474116 -1.328211159854487 -1.885839795786604
-0.048708063395232 -0.184481255532135 0.068905534112969 -0.274911850089571 1.204628612094538 -0.046125676026287 0.505545372048166 -1.497279692712628 -1.892375185577055
-0.050082622645680 -0.178458112471662 0.068674905732838 -0.272384123229330 1.197142213630975 -0.055587551954173 0.561654388802624 -1.665526922181026 -1.898910575364177
-0.051444543261827 -0.172472401403507 0.068396967973067 -0.269575851285317 1.188814579020070 -0.065082104830994 0.617476343738876 -1.832952848279668 -1.905445965156849
-0.052792422518253 -0.166528328508407 0.068071557448912 -0.266488469566623 1.179649814778672 -0.074609334656778 0.673011236849708 -1.999557470988567 -1.911981354938419
-0.054124864866086 -0.160630079434513 0.067698510775628 -0.263123413382374 1.169652027423729 -0.084169241431470 0.728259068142889 -2.165340790318826 -1.918516744726650
-0.055440481932998 -0.154781819297395 0.067277664568471 -0.259482118041660 1.158825323472135 -0.093761825155103 0.783219837617866 -2.330302806266005 -1.925052134519323
-0.056737892523206 -0.148987692680034 0.066808855442695 -0.255566018853570 1.147173809440805 -0.103387085827700 0.837893545267421 -2.494443518838985 -1.931587524308664
-0.058015722617474 -0.143251823632830 0.066291920013557 -0.251376551127233 1.134701591846610 -0.113045023449243 0.892280191100436 -2.657762928026663 -1.938122914094675
-0.059272605373110 -0.137578315673597 0.065726694896311 -0.246915150171731 1.121412777206476 -0.122735638019716 0.946379775111361 -2.820261033833482 -1.944658303884017
-0.060507181123969 -0.131971251787565 0.065113016706212 -0.242183251296174 1.107311472037309 -0.132458929539137 1.000192297301028 -2.981937836257220 -1.951193693668918
-0.061718097380450 -0.126434694427378 0.064450722058516 -0.237182289809669 1.092401782856023 -0.142214898007481 1.053717757672212 -3.142793335302319 -1.957729083459370
-0.062904008829498 -0.120972685513098 0.063739647568479 -0.231913701021308 1.076687816179511 -0.152003543424778 1.106956156222694 -3.302827530973218 -1.964264473250932
-0.064063577334605 -0.115589246432200 0.062979629851355 -0.226378920240194 1.060173678524645 -0.161824865791033 1.159907492951362 -3.462040423249935 -1.970799863033612
-0.065195471935806 -0.110288378039577 0.062170505522400 -0.220579382775438 1.042863476408395 -0.171678865106201 1.212571767857940 -3.620432012154673 -1.977335252824064
-0.066298368849683 -0.105074060657535 0.061312111196869 -0.214516523936148 1.024761316347622 -0.181565541370321 1.264948980947977 -3.778002297676331 -1.983870642616736
-0.067370951469364 -0.099950254075797 0.060404283490017 -0.208191779031408 1.005871304859240 -0.191484894583405 1.317039132217035 -3.934751279817128 -1.990406032399417
-0.068411910364521 -0.094920897551501 0.059446859017100 -0.201606583370323 0.986197548460155 -0.201436924745402 1.368842221662891 -4.090678958574845 -1.996941422192089
-0.069419943281372 -0.089989909809200 0.058439674393373 -0.194762372262008 0.965744153667281 -0.211421631856362 1.420358249288878 -4.245785333958363 -2.003476811974769
-0.070393755142683 -0.085161189040864 0.057382566234091 -0.187660581015564 0.944515226997489 -0.221439015916236 1.471587215097214 -4.400070405954359 -2.010012201765221
-0.071332058047760 -0.080438612905876 0.056275371154510 -0.180302644940078 0.922514874967717 -0.231489076925062 1.522529119080129 -4.553534174567275 -2.016547591559004
-0.072233571272461 -0.075826038531038 0.055117925769885 -0.172689999344677 0.899747204094881 -0.241571814882857 1.573183961248725 -4.706176639808213 -2.023082981343904
-0.073097021269184 -0.071327302510563 0.053910066695471 -0.164824079538434 0.876216320895840 -0.251687229789577 1.623551741591900 -4.857997801663849 -2.029618371129915
-0.073921141666876 -0.066946220906084 0.052651630546523 -0.156706320830474 0.851926331887520 -0.261835321645226 1.673632460116314 -5.008997660134185 -2.036153760920367
-0.074704673271029 -0.062686589246646 0.051342453938297 -0.148338158529893 0.826881343586849 -0.272016090449828 1.723426116820859 -5.159176215232542 -2.042689150706378
-0.075446364063678 -0.058552182528712 0.049982373486047 -0.139721027945788 0.801085462510687 -0.282229536203360 1.772932711705533 -5.308533466938936 -2.049224540497940
-0.076144969203407 -0.054546755216159 0.048571225805031 -0.130856364387261 0.774542795175992 -0.292475658905850 1.822152244764785 -5.457069415280014 -2.055759930285062
-0.076799251025343 -0.050674041240279 0.047108847510501 -0.121745603163437 0.747257448099592 -0.302754458557275 1.871084716009719 -5.604784060220247 -2.062295320073293
-0.077407979041161 -0.046937753999781 0.045595075217715 -0.112390179583388 0.719233527798491 -0.313065935157641 1.919730125432562 -5.751677401797384 -2.068830709860414
-0.077969929939077 -0.043341586360788 0.044029745541927 -0.102791528956225 0.690475140789504 -0.323410088706944 1.968088473033314 -5.897749439982558 -2.075366099654197
-0.078483887583859 -0.039889210656841 0.042412695098392 -0.092951086591059 0.660986393589591 -0.333786919205215 2.016159758813085 -6.043000174791313 -2.081901489435767
-0.078948643016814 -0.036584278688893 0.040743760502366 -0.082870287796993 0.630771392715634 -0.344196426652393 2.063943982775207 -6.187429606221428 -2.088436879222888
-0.079362994455799 -0.033430421725315 0.039022778369104 -0.072550567883117 0.599834244684527 -0.354638611048508 2.111441144914128 -6.331037734261802 -2.094972269020001
-0.079725747295214 -0.030431250501892 0.037249585313862 -0.061993362158547 0.568179056013218 -0.365113472393608 2.158651245235399 -6.473824558934638 -2.101507658802682
-0.080035714106007 -0.027590355221826 0.035424017951893 -0.051200105932370 0.535809933218545 -0.375621010687621 2.205574283732359 -6.615790080208850 -2.108043048590913
-0.080291714635669 -0.024911305555733 0.033545912898455 -0.040172234513708 0.502730982817501 -0.386161225930576 2.252210260413889 -6.756934298122186 -2.114578438383585
-0.080492575808238 -0.022397650641646 0.031615106768802 -0.028911183211638 0.468946311326890 -0.396734118122494 2.298559175268888 -6.897257212641339 -2.121113828165155
-0.080637131724296 -0.020052919085011 0.029631436178190 -0.017418387335294 0.434460025263683 -0.407339687263319 2.344621028308458 -7.036758823781852 -2.127649217956717
-0.080724223660972 -0.017880618958693 0.027594737741873 -0.005695282193752 0.399276231144774 -0.417977933353103 2.390395819525937 -7.175439131543726 -2.134184607741618
-0.080752700071941 -0.015884237802969 0.025504848075108 0.006256696903878 0.363399035487055 -0.428648856391811 2.435883548920215 -7.313298135920299 -2.140719997538731
-0.080721416587422 -0.014067242625534 0.023361603793149 0.018436114648479 0.326832544807454 -0.439352456379505 2.481084216500173 -7.450335836927113 -2.147255387322522
-0.080629236014179 -0.012433079901497 0.021164841511251 0.030841535730980 0.289580865622818 -0.450088733316117 2.525997822253601 -7.586552234537525 -2.153790777109643
-0.080475028335524 -0.010985175573382 0.018914397844671 0.043471524842248 0.251648104450131 -0.460857687201666 2.570624366188268 -7.721947328778178 -2.160326166894544
-0.080257670711313 -0.009726935051132 0.016610109408662 0.056324646673189 0.213038367806240 -0.471659318036138 2.614963848304175 -7.856521119633531 -2.166861556690547
-0.079976047477947 -0.008661743212101 0.014251812818482 0.069399465914710 0.173755762208072 -0.482493625819591 2.659016268600212 -7.990273607105802 -2.173396946477668
-0.079629050148374 -0.007792964401060 0.011839344689384 0.082694547257711 0.133804394172543 -0.493360610551979 2.702781627070827 -8.123204791206096 -2.179932336259238
-0.079215577412085 -0.007123942430197 0.009372541636624 0.096208455393065 0.093188370216513 -0.504260272233276 2.746259923726013 -8.255314671914427 -2.186467726050800
-0.078734535135120 -0.006658000579115 0.006851240275457 0.109939755011695 0.051911796856940 -0.515192610863530 2.789451158559109 -8.386603249250779 -2.193003115847914
-0.078184836360061 -0.006398441594830 0.004275277221140 0.123887010804491 0.009978780610687 -0.526157626442769 2.832355331570113 -8.517070523201831 -2.199538505621712
-0.077565401306039 -0.006348547691777 0.001644489088926 0.138048787462342 -0.032606572005323 -0.537155318970878 2.832355331570113 -8.517070523201831 -2.199538505621712
-0.076875157368727 -0.006511580551803 -0.001041287505928 -0.138048787462342 0.032606572005323 0.537155318970878 2.789451158559109 -8.386603249250779 -2.193003115847914
-0.077565401306039 -0.006348547691777 0.001644489088926 -0.123887010804491 -0.009978780610687 0.526157626442769 2.746259923726013 -8.255314671914427 -2.186467726050800
-0.078184836360061 -0.006398441594830 0.004275277221140 -0.109939755011695 -0.051911796856940 0.515192610863530 2.702781627070827 -8.123204791206096 -2.179932336259238
-0.078734535135120 -0.006658000579115 0.006851240275457 -0.096208455393065 -0.093188370216513 0.504260272233276 2.659016268600212 -7.990273607105802 -2.173396946477668
-0.079215577412085 -0.007123942430197 0.009372541636624 -0.082694547257711 -0.133804394172543 0.493360610551979 2.614963848304175 -7.856521119633531 -2.166861556690547
-0.079629050148374 -0.007792964401060 0.011839344689384 -0.069399465914710 -0.173755762208072 0.482493625819591 2.570624366188268 -7.721947328778178 -2.160326166894544
-0.079976047477947 -0.008661743212101 0.014251812818482 -0.056324646673189 -0.213038367806240 0.471659318036138 2.525997822253601 -7.586552234537525 -2.153790777109643
-0.080257670711313 -0.009726935051132 0.016610109408662 -0.043471524842248 -0.251648104450131 0.460857687201666 2.481084216500173 -7.450335836927113 -2.147255387322522
-0.080475028335524 -0.010985175573382 0.018914397844671 -0.030841535730980 -0.289580865622818 0.450088733316117 2.435883548920215 -7.313298135920299 -2.140719997538731
-0.080629236014179 -0.012433079901497 0.021164841511251 -0.018436114648479 -0.326832544807454 0.439352456379505 2.390395819525937 -7.175439131543726 -2.134184607741618
-0.080721416587422 -0.014067242625534 0.023361603793149 -0.006256696903878 -0.363399035487055 0.428648856391811 2.344621028308458 -7.036758823781852 -2.127649217956717
-0.080752700071941 -0.015884237802969 0.025504848075108 0.005695282193752 -0.399276231144774 0.417977933353103 2.298559175268888 -6.897257212641339 -2.121113828165155
-0.080724223660972 -0.017880618958693 0.027594737741873 0.017418387335294 -0.434460025263683 0.407339687263319 2.252210260413889 -6.756934298122186 -2.114578438383585
-0.080637131724296 -0.020052919085011 0.029631436178190 0.028911183211638 -0.468946311326890 0.396734118122494 2.205574283732359 -6.615790080208850 -2.108043048590913
-0.080492575808238 -0.022397650641646 0.031615106768802 0.040172234513708 -0.502730982817501 0.386161225930576 2.158651245235399 -6.473824558934638 -2.101507658802682
-0.080291714635669 -0.024911305555733 0.033545912898455 0.051200105932370 -0.535809933218545 0.375621010687621 2.111441144914128 -6.331037734261802 -2.094972269020001
-0.080035714106007 -0.027590355221826 0.035424017951893 0.061993362158547 -0.568179056013218 0.365113472393608 2.063943982775207 -6.187429606221428 -2.088436879222888
-0.079725747295214 -0.030431250501892 0.037249585313862 0.072550567883117 -0.599834244684527 0.354638611048508 2.016159758813085 -6.043000174791313 -2.081901489435767
-0.079362994455799 -0.033430421725315 0.039022778369104 0.082870287796993 -0.630771392715634 0.344196426652393 1.968088473033314 -5.897749439982558 -2.075366099654197
-0.078948643016814 -0.036584278688893 0.040743760502366 0.092951086591059 -0.660986393589591 0.333786919205215 1.919730125432562 -5.751677401797384 -2.068830709860414
-0.078483887583859 -0.039889210656841 0.042412695098392 0.102791528956225 -0.690475140789504 0.323410088706944 1.871084716009719 -5.604784060220247 -2.062295320073293
-0.077969929939077 -0.043341586360788 0.044029745541927 0.112390179583388 -0.719233527798491 0.313065935157641 1.822152244764785 -5.457069415280014 -2.055759930285062
-0.077407979041161 -0.046937753999781 0.045595075217715 0.121745603163437 -0.747257448099592 0.302754458557275 1.772932711705533 -5.308533466938936 -2.049224540497940
-0.076799251025343 -0.050674041240279 0.047108847510501 0.130856364387261 -0.774542795175992 0.292475658905850 1.723426116820859 -5.159176215232542 -2.042689150706378
-0.076144969203407 -0.054546755216159 0.048571225805031 0.139721027945788 -0.801085462510687 0.282229536203360 1.673632460116314 -5.008997660134185 -2.036153760920367
-0.075446364063678 -0.058552182528712 0.049982373486047 0.148338158529893 -0.826881343586849 0.272016090449828 1.623551741591900 -4.857997801663849 -2.029618371129915
-0.074704673271029 -0.062686589246646 0.051342453938297 0.156706320830474 -0.851926331887520 0.261835321645226 1.573183961248725 -4.706176639808213 -2.023082981343904
-0.073921141666876 -0.066946220906084 0.052651630546523 0.164824079538434 -0.876216320895840 0.251687229789577 1.522529119080129 -4.553534174567275 -2.016547591559004
-0.073097021269184 -0.071327302510563 0.053910066695471 0.172689999344677 -0.899747204094881 0.241571814882857 1.471587215097214 -4.400070405954359 -2.010012201765221
-0.072233571272461 -0.075826038531038 0.055117925769885 0.180302644940078 -0.922514874967717 0.231489076925062 1.420358249288878 -4.245785333958363 -2.003476811974769
-0.071332058047760 -0.080438612905876 0.056275371154510 0.187660581015564 -0.944515226997489 0.221439015916236 1.368842221662891 -4.090678958574845 -1.996941422192089
-0.070393755142683 -0.085161189040864 0.057382566234091 0.194762372262008 -0.965744153667281 0.211421631856362 1.317039132217035 -3.934751279817128 -1.990406032399417
-0.069419943281372 -0.089989909809200 0.058439674393373 0.201606583370323 -0.986197548460155 0.201436924745402 1.264948980947977 -3.778002297676331 -1.983870642616736
-0.068411910364521 -0.094920897551501 0.059446859017100 0.208191779031408 -1.005871304859240 0.191484894583405 1.212571767857940 -3.620432012154673 -1.977335252824064
-0.067370951469364 -0.099950254075797 0.060404283490017 0.214516523936148 -1.024761316347622 0.181565541370321 1.159907492951362 -3.462040423249935 -1.970799863033612
-0.066298368849683 -0.105074060657535 0.061312111196869 0.220579382775438 -1.042863476408395 0.171678865106201 1.106956156222694 -3.302827530973218 -1.964264473250932
-0.065195471935806 -0.110288378039577 0.062170505522400 0.226378920240194 -1.060173678524645 0.161824865791033 1.053717757672212 -3.142793335302319 -1.957729083459370
-0.064063577334605 -0.115589246432200 0.062979629851355 0.231913701021308 -1.076687816179511 0.152003543424778 1.000192297301028 -2.981937836257220 -1.951193693668918
-0.062904008829498 -0.120972685513098 0.063739647568479 0.237182289809669 -1.092401782856023 0.142214898007481 0.946379775111361 -2.820261033833482 -1.944658303884017
-0.061718097380450 -0.126434694427378 0.064450722058516 0.242183251296174 -1.107311472037309 0.132458929539137 0.892280191100436 -2.657762928026663 -1.938122914094675
-0.060507181123969 -0.131971251787565 0.065113016706212 0.246915150171731 -1.121412777206476 0.122735638019716 0.837893545267421 -2.494443518838985 -1.931587524308664
-0.059272605373110 -0.137578315673597 0.065726694896311 0.251376551127233 -1.134701591846610 0.113045023449243 0.783219837617866 -2.330302806266005 -1.925052134519323
-0.058015722617474 -0.143251823632830 0.066291920013557 0.255566018853570 -1.147173809440805 0.103387085827700 0.728259068142889 -2.165340790318826 -1.918516744726650
-0.056737892523206 -0.148987692680034 0.066808855442695 0.259482118041660 -1.158825323472135 0.093761825155103 0.673011236849708 -1.999557470988567 -1.911981354938419
-0.055440481932998 -0.154781819297395 0.067277664568471 0.263123413382374 -1.169652027423729 0.084169241431470 0.617476343738876 -1.832952848279668 -1.905445965156849
-0.054124864866086 -0.160630079434513 0.067698510775628 0.266488469566623 -1.179649814778672 0.074609334656778 0.561654388802624 -1.665526922181026 -1.898910575364177
-0.052792422518253 -0.166528328508407 0.068071557448912 0.269575851285317 -1.188814579020070 0.065082104830994 0.505545372048166 -1.497279692712628 -1.892375185577055
-0.051444543261827 -0.172472401403507 0.068396967973067 0.272384123229330 -1.197142213630975 0.055587551954173 0.449149293474116 -1.328211159854487 -1.885839795786604
-0.050082622645680 -0.178458112471662 0.068674905732838 0.274911850089571 -1.204628612094538 0.046125676026287 0.392466153078252 -1.158321323619926 -1.879304405999482
-0.048708063395232 -0.184481255532135 0.068905534112969 0.277157596556941 -1.211269667893811 0.036696477047354 0.335495950862241 -0.987610184008947 -1.872769016211251
-0.047322275412447 -0.190537603871604 0.069089016498206 0.279119927322333 -1.217061274511910 0.027299955017357 0.278238686826360 -0.816077741008225 -1.866233626423019
-0.045926675775836 -0.196622910244163 0.069225516273293 0.280797407076644 -1.221999325431955 0.017936109936301 0.220694360968110 -0.643723994624423 -1.859698236635898
-0.044522688740453 -0.202732906871323 0.069315196822974 0.282188600510776 -1.226079714136996 0.008604941804186 0.162862973292210 -0.470548944875304 -1.853162846844336
-0.043111745737899 -0.208863305442008 0.069358221531995 0.283292072315616 -1.229298334110118 -0.000693549378994 0.104744523794498 -0.296552591732002 -1.846627457058325
-0.041695285376321 -0.215009797112559 0.069354753785100 0.284106387182077 -1.231651078834495 -0.009959363613216 0.046339012475249 -0.121734935208950 -1.840092067270094
-0.040274753440410 -0.221168052506731 0.069304956967034 0.284630109801050 -1.233133841793155 -0.019192500898507 -0.012353560664979 0.053904024693852 -1.833556677478532
-0.038851602891405 -0.227333721715697 0.069208994462542 0.284861804863426 -1.233742516469200 -0.028392961234858 -0.071333195621470 0.230364287970852 -1.827021287695851
-0.037427293867088 -0.233502434298043 0.069067029656367 0.284800037060101 -1.233472996345730 -0.037560744622250 -0.130599892401995 0.407645854637595 -1.820485897904289
-0.036003293681787 -0.239669799279771 0.068879225933256 0.284443371081994 -1.232321174905876 -0.046695851060730 -0.190153651004887 0.585748724684088 -1.813950508112727
-0.034581076826377 -0.245831405154301 0.068645746677953 0.283790371619984 -1.230282945632688 -0.055798280550251 -0.249994471419468 0.764672898097007 -1.807415118332267
-0.033162124968277 -0.251982819882464 0.068366755275201 0.282839603364959 -1.227354202009268 -0.064868033090815 -0.310122353667364 0.944418374921874 -1.800879728536264
-0.031747926951453 -0.258119590892511 0.068042415109747 0.281589631007862 -1.223530837518783 -0.073905108682476 -0.370537297727236 1.124985155100955 -1.794344338752474
-0.030339978796413 -0.264237245080105 0.067672889566335 0.280039019239525 -1.218808745644173 -0.082909507325157 -0.431239303605035 1.306373238658676 -1.787808948960912
-0.028939783700216 -0.270331288808325 0.067258342029709 0.278186332750889 -1.213183819868668 -0.091881229018920 -0.492228371314762 1.488582625626123 -1.781273559176011
-0.027548852036461 -0.276397207907669 0.066798935884614 0.276030136232864 -1.206651953675375 -0.100820273763724 -0.553504500832858 1.671613315941123 -1.774738169387780
-0.026168701355297 -0.282430467676046 0.066294834515796 0.273568994376290 -1.199209040547244 -0.109726641559604 -0.615067692177484 1.855465309659188 -1.768202779593997
-0.024800856383415 -0.288426512878782 0.065746201307998 0.270801471872126 -1.190850973967539 -0.118600332406543 -0.676917945342659 2.040138606751452 -1.761667389810206
-0.023446849024055 -0.294380767748620 0.065153199645965 0.267726133411238 -1.181573647419243 -0.127441346304513 -0.739055260325638 2.225633207211253 -1.755132000020865
-0.022108218356999 -0.300288635985716 0.064515992914442 0.264341543684525 -1.171372954385486 -0.136249683253564 -0.801479637130986 2.411949111083000 -1.748596610232633
-0.020786510638576 -0.306145500757643 0.063834744498175 0.260646267382897 -1.160244788349429 -0.145025343253669 -0.864191075758547 2.599086318304522 -1.742061220446622
-0.019483279301662 -0.311946724699390 0.063109617781906 0.256638869197242 -1.148185042794014 -0.153768326304832 -0.927189576202941 2.787044828926888 -1.735525830652840
-0.018200084955675 -0.317687649913360 0.062340776150382 0.252317913818449 -1.135189611202492 -0.162478632407065 -0.990475138469632 2.975824642921232 -1.728990440869049
-0.016938495386583 -0.323363597969373 0.061528382988347 0.247681965937434 -1.121254387057857 -0.171156261560329 -1.054047762557714 3.165425760300877 -1.722455051075267
-0.015700085556896 -0.328969869904662 0.060672601680545 0.242729590245086 -1.106375263843251 -0.179801213764674 -1.117907448463584 3.355848181050280 -1.715919661295917
-0.014486437605670 -0.334501746223878 0.059773595611722 0.237459351432298 -1.090548135041747 -0.188413489020051 -1.182054196190929 3.547091905193867 -1.709384271499914
-0.013299140848509 -0.339954486899087 0.058831528166622 0.231869814189980 -1.073768894136495 -0.196993087326530 -1.246488005739732 3.739156932711651 -1.702848881716124
-0.012139791777559 -0.345323331369770 0.057846562729989 0.225959543209025 -1.056033434610526 -0.205540008684030 -1.311208877109588 3.932043263614737 -1.696313491923451
-0.011009994061514 -0.350603498542822 0.056818862686569 0.219727103180327 -1.037337649946968 -0.214054253092610 -1.376216810300285 4.125750897898683 -1.689778102140771
-0.009911358545612 -0.355790186792557 0.055748591421106 0.213171058794779 -1.017677433628894 -0.222535820552228 -1.441511805309009 4.320279835563490 -1.683242712345878
-0.008845503251638 -0.360878573960702 0.054635912318345 0.206289974743277 -0.997048679139401 -0.230984711062932 -1.507093862137127 4.515630076595833 -1.676707322560977
-0.007814053377922 -0.365863817356399 0.053480988763030 0.199082415716732 -0.975447279961583 -0.239400924624661 -1.572962980789971 4.711801621026801 -1.670171932772746
-0.006818641299338 -0.370741053756206 0.052283984139907 0.191546946406046 -0.952869129578604 -0.247784461237466 -1.639119161260666 4.908794468829747 -1.663636542982294
-0.005860906567308 -0.375505399404099 0.051045061833719 0.183682131502097 -0.929310121473470 -0.256135320901330 -1.705562403554528 5.106608620024655 -1.657101153199614
-0.004942495909798 -0.380151950011467 0.049764385229213 0.175486535695793 -0.904766149129321 -0.264453503616241 -1.772292707664347 5.305244074580440 -1.650565763404721
-0.004065063231319 -0.384675780757113 0.048442117711131 0.166958723678021 -0.879233106029198 -0.272739009382239 -1.839310073596667 5.504700832530407 -1.644030373618710
-0.003230269612929 -0.389071946287259 0.047078422664220 0.158097260139699 -0.852706885656296 -0.280991838199263 -1.906614501350906 5.704978893863455 -1.637494983831589
-0.002439783312230 -0.393335480715541 0.045673463473224 0.148900709771716 -0.825183381493644 -0.289211990067356 -1.974205990926331 5.906078258570702 -1.630959594041137
-0.001695279763372 -0.397461397623009 0.044227403522887 0.139367637264961 -0.796658487024327 -0.297399464986514 -2.042084542316741 6.107998926663250 -1.624424204257346
-0.000998441577047 -0.401444690058131 0.042740406197955 0.129496607310329 -0.767128095731473 -0.305554262956720 -2.110250155534648 6.310740898134437 -1.617888814463564
-0.000350958540495 -0.405280330536788 0.041212634883171 0.119286184598746 -0.736588101098157 -0.313676383978007 -2.178702830570556 6.514304172988705 -1.611353424674222
0.000245472382499 -0.408963271042279 0.039644252963281 0.108734933821072 -0.705034396607485 -0.321765828050324 -2.247442567421853 6.718688751212731 -1.604818034892652
0.000789147051604 -0.412488443025316 0.038035423823029 0.097841419668220 -0.672462875742541 -0.329822595173695 -2.316469366098142 6.923894632830940 -1.598282645098870
0.001278354149945 -0.415850757404029 0.036386310847161 0.086604206831110 -0.638869431986477 -0.337846685348159 -2.385783226602975 7.129921817841112 -1.591747255312859
0.001711375184101 -0.419045104563961 0.034697077420420 0.075021860000620 -0.604249958822323 -0.345838098573653 -2.455384148908804 7.336770306194396 -1.585211865523517
0.002086484484104 -0.422066354358073 0.032967886927552 0.063092943867605 -0.568600349733117 -0.353796834850217 -2.525272133051260 7.544440097959626 -1.578676475734175
0.002401949203442 -0.424909356106739 0.031198902753301 0.050816023123061 -0.531916498202145 -0.361722894177835 -2.595447179011903 7.752931193107937 -1.572141085948164
0.002656029319057 -0.427568938597749 0.029390288282412 0.038189662457805 -0.494194297712347 -0.369616276556506 -2.665909286789156 7.962243591619345 -1.565605696158823
0.002846977631346 -0.430039910086311 0.027542206899629 0.025212426562745 -0.455429641746807 -0.377476981986247 -2.736658456383746 8.172377293511612 -1.559070306370591
0.002973039764160 -0.432317058295045 0.025654821989698 0.011882880128799 -0.415618423788711 -0.385305010467041 -2.807694687808199 8.383332298802504 -1.552534916584580
0.003032454164804 -0.434395150413989 0.023728296937363 -0.001800412153120 -0.374756537321153 -0.393100361998894 -2.879017981046485 8.595108607458712 -1.545999526789688
0.003023452104038 -0.436268933100594 0.021762795127368 -0.015838885592161 -0.332839875827140 -0.400863036581817 -2.950628336103114 8.807706219495781 -1.539464137007007
0.002944257676077 -0.437933132479730 0.019758479944459 -0.030233975497393 -0.289864332789846 -0.408593034215765 -3.022525752993231 9.021125134942576 -1.532928747216555
0.002793087798590 -0.439382454143679 0.017715514773380 -0.044987117177909 -0.245825801692368 -0.416290354900800 -3.094710231684571 9.235365353719160 -1.526393357429434
0.002568152212701 -0.440611583152141 0.015634062998876 -0.060099745942875 -0.200720176017655 -0.423954998636883 -3.167181772213337 9.450426875918794 -1.519857967638982
0.002267653482987 -0.441615184032229 0.013514288005692 -0.075573297101298 -0.154543349249059 -0.431586965424030 -3.239940374555103 9.666309701490405 -1.513322577851861
0.001889786997480 -0.442387900778475 0.011356353178572 -0.091409205962364 -0.107291214869465 -0.439186255262225 -3.312986038712462 9.883013830420673 -1.506787188065850
0.001432740967668 -0.442924356852822 0.009160421902260 -0.107608907835140 -0.058959666362013 -0.446752868151484 -3.386318764700325 10.100539262756225 -1.500251798275398
