-0.003928350499411 -0.446885277302310 0.000000000000000 0.162857962910846 -0.147657936844825 0.436058549873336 -1.799912598170644 5.091687422138502 -1.228662930518043
-0.003114060684857 -0.447623566986534 0.002180292749367 0.153858399919993 -0.122199499734132 0.429915235220746 -1.783474259668860 5.044408177348192 -1.227500176009810
-0.002344768685257 -0.448234564485204 0.004329868925470 0.144941028621648 -0.096977458847392 0.423777734340697 -1.766877160106900 4.996695883539015 -1.226337421504908
-0.001620063542149 -0.448719451779441 0.006448757597174 0.136106642821114 -0.071993979429696 0.417646047233172 -1.750121299517265 4.948550540806451 -1.225174666988904
-0.000939530328043 -0.449079421676590 0.008536987833340 0.127356036323527 -0.047251226725664 0.411520173898228 -1.733206677826638 4.899972148957321 -1.224011912484002
-0.000302750146425 -0.449315677810218 0.010594588702831 0.118690002934394 -0.022751365980878 0.405400114335808 -1.716133295131764 4.850960708246976 -1.222849157972439
0.000290699868247 -0.449429434640122 0.012621589274510 0.110109336458735 0.001503437560357 0.399285868545945 -1.698901151345328 4.801516218453372 -1.221686403465316
0.000841246550540 -0.449421917452321 0.014618018617240 0.101614830702009 0.025511018652624 0.393177436528619 -1.681510246528303 4.751638679711956 -1.220523648953753
0.001349320704050 -0.449294362359058 0.016583905799883 0.093207279469367 0.049269212051184 0.387074818283850 -1.663960580642956 4.701328091947232 -1.219360894448851
0.001815357101397 -0.449048016298802 0.018519279891302 0.084887476566152 0.072775852510920 0.380978013811606 -1.646252153698832 4.650584455179185 -1.218198139933957
0.002239794484228 -0.448684137036247 0.020424169960360 0.076656215797658 0.096028774786816 0.374887023111936 -1.628384965719556 4.599407769463326 -1.217035385431275
0.002623075563216 -0.448203993162313 0.022298605075920 0.068514290969061 0.119025813634133 0.368801846184780 -1.610359016672203 4.547798034719719 -1.215872630914161
0.002965647018062 -0.447608864094142 0.024142614306844 0.060462495885700 0.141764803807731 0.362722483030209 -1.592174306573012 4.495755250983891 -1.214709876410369
0.003267959497490 -0.446900040075104 0.025956226721995 0.052501624352834 0.164243580062651 0.356648933648157 -1.573830835419031 4.443279418264723 -1.213547121901026
0.003530467619254 -0.446078822174790 0.027739471390235 0.044632470175739 0.186459977153974 0.350581198038652 -1.555328603208075 4.390370536533350 -1.212384367387243
0.003753629970133 -0.445146522289021 0.029492377380429 0.036855827159699 0.208411829836641 0.344519276201716 -1.536667609951248 4.337028605829740 -1.211221612884561
0.003937909105931 -0.444104463139837 0.031214973761437 0.029172489109943 0.230096972865790 0.338463168137293 -1.517847855633386 4.283253626113925 -1.210058858372998
0.004083771551481 -0.442953978275508 0.032907289602124 0.021583249831776 0.251513240996359 0.332412873845428 -1.498869340261222 4.229045597416992 -1.208896103860324
0.004191687800640 -0.441696412070527 0.034569353971351 0.014088903130470 0.272658468983444 0.326368393326126 -1.479732063829689 4.174404519701191 -1.207733349353202
0.004262132316292 -0.440333119725609 0.036201195937982 0.006690242811321 0.293530491581950 0.320329726579360 -1.460436026358910 4.119330393026477 -1.206570594847189
0.004295583530349 -0.438865467267700 0.037802844570878 -0.000611937320473 0.314127143547083 0.314296873605124 -1.440981227824115 4.063823217346219 -1.205407840332295
0.004292523843747 -0.437294831549964 0.039374328938904 -0.007816843459594 0.334446259633814 0.308269834403463 -1.421367668226411 4.007882992642653 -1.204245085830724
0.004253439626449 -0.435622600251795 0.040915678110921 -0.014923681800726 0.354485674597027 0.302248608974309 -1.401595347593695 3.951509718991275 -1.203082331312499
0.004178821217445 -0.433850171878810 0.042426921155793 -0.021931658538694 0.374243223191983 0.296233197317747 -1.381664265889051 3.894703396301047 -1.201919576809818
0.004069162924752 -0.431978955762850 0.043908087142382 -0.028839979868140 0.393716740173489 0.290223599433698 -1.361574423141831 3.837464024654125 -1.200756822299365
0.003924963025411 -0.430010372061983 0.045359205139550 -0.035647851983849 0.412904060296759 0.284219815322201 -1.341325819324904 3.779791603966132 -1.199594067788912
0.003746723765492 -0.427945851760499 0.046780304216161 -0.042354481080473 0.431803018316590 0.278221844983256 -1.320918454479833 3.721686134356972 -1.198431313279569
0.003534951360089 -0.425786836668916 0.048171413441077 -0.048959073352873 0.450411448988375 0.272229688416858 -1.300352328552287 3.663147615677875 -1.197268558769116
0.003290155993325 -0.423534779423974 0.049532561883162 -0.055460834995634 0.468727187066764 0.266243345623013 -1.279627441588722 3.604176048050967 -1.196105804261993
0.003012851818347 -0.421191143488640 0.050863778611277 -0.061858972203578 0.486748067307019 0.260262816601703 -1.258743793556665 3.544771431396310 -1.194943049755981
0.002703556957329 -0.418757403152105 0.052165092694285 -0.068152691171361 0.504471924464001 0.254288101352923 -1.237701384490772 3.484933765796061 -1.193780295237756
0.002362793501472 -0.416235043529785 0.053436533201050 -0.074341198093815 0.521896593292981 0.248319199876734 -1.216500214348826 3.424663051152521 -1.192617540736185
0.001991087511003 -0.413625560563320 0.054678129200433 -0.080423699165559 0.539019908548743 0.242356112173053 -1.195140283157295 3.363959287523421 -1.191454786227952
0.001588969015175 -0.410930461020576 0.055889909761299 -0.086399400581345 0.555839704986361 0.236398838241914 -1.173621590928631 3.302822474939848 -1.190292031713058
0.001156972012268 -0.408151262495645 0.057071903952508 -0.092267508535989 0.572353817361060 0.230447378083348 -1.151944137622596 3.241252613312984 -1.189129277207046
0.000695634469588 -0.405289493408839 0.058224140842925 -0.098027229224102 0.588560080427625 0.224501731697313 -1.130107923274781 3.179249702709441 -1.187966522694373
0.000205498323468 -0.402346693006701 0.059346649501412 -0.103677768840475 0.604456328941172 0.218561899083841 -1.108112947866316 3.116813743113678 -1.186803768188360
-0.000312890520734 -0.399324411361995 0.060439458996831 -0.109218333579807 0.620040397656740 0.212627880242899 -1.085959211410276 3.053944734527914 -1.185641013682348
-0.000858982188633 -0.396224209373712 0.061502598398045 -0.114648129636858 0.635310121329380 0.206699675174488 -1.063646713897540 2.990642676947708 -1.184478259166344
-0.001432222836818 -0.393047658767065 0.062536096773918 -0.119966363206346 0.650263334714118 0.200777283878656 -1.041175455326682 2.926907570361958 -1.183315504661442
-0.002032054652849 -0.389796342093494 0.063539983193311 -0.125172240482979 0.664897872565928 0.194860706355349 -1.018545435700763 2.862739414777327 -1.182152750150989
-0.002657915855264 -0.386471852730665 0.064514286725088 -0.130264967661483 0.679211569639815 0.188949942604594 -0.995756655027619 2.798138210222678 -1.180989995641646
-0.003309240693572 -0.383075794882465 0.065459036438111 -0.135243750936621 0.693202260690928 0.183044992626386 -0.972809113297113 2.733103956660266 -1.179827241132303
-0.003985459448255 -0.379609783579011 0.066374261401243 -0.140107796503107 0.706867780474230 0.177145856420724 -0.949702810505781 2.667636654096750 -1.178664486625181
-0.004685998430770 -0.376075444676640 0.067259990683346 -0.144856310555636 0.720205963744713 0.171252533987598 -0.926437746669662 2.601736302545454 -1.177501732113617
-0.005410279983549 -0.372474414857916 0.068116253353284 -0.149488499288984 0.733214645257441 0.165365025327030 -0.903013921774509 2.535402902008599 -1.176338977603164
-0.006157722479994 -0.368808341631629 0.068943078479919 -0.154003568897857 0.745891659767484 0.159483330439014 -0.879431335823327 2.468636452466200 -1.175176223097152
-0.006927740324483 -0.365078883332791 0.069740495132114 -0.158400725576973 0.758234842029815 0.153607449323528 -0.855689988819369 2.401436953922698 -1.174013468586699
-0.007719743952368 -0.361287709122642 0.070508532378732 -0.162679175521070 0.770242026799428 0.147737381980595 -0.831789880761380 2.333804406395856 -1.172850714076246
-0.008533139829973 -0.357436498988645 0.071247219288635 -0.166838124924877 0.781911048831407 0.141873128410214 -0.807731011649504 2.265738809879014 -1.171687959566903
-0.009367330454597 -0.353526943744488 0.071956584930686 -0.170876779983125 0.793239742880802 0.136014688612379 -0.783513381480905 2.197240164356629 -1.170525205063111
-0.010221714354513 -0.349560745030084 0.072636658373748 -0.174794346890529 0.804225943702586 0.130162062587064 -0.759136990261672 2.128308469846463 -1.169362450545997
-0.011095686088966 -0.345539615311571 0.073287468686683 -0.178590031841837 0.814867486051818 0.124315250334334 -0.734601837984944 2.058943726348517 -1.168199696043315
-0.011988636248175 -0.341465277881312 0.073909044938355 -0.182263041031762 0.825162204683560 0.118474251854117 -0.709907924653436 1.989145933831704 -1.167036941529531
-0.012899951453334 -0.337339466857894 0.074501416197626 -0.185812580655029 0.835107934352719 0.112639067146469 -0.685055250269140 1.918915092347095 -1.165874187021299
-0.013829014356609 -0.333163927186131 0.075064611533358 -0.189237856906375 0.844702509814454 0.106809696211363 -0.660043814830275 1.848251201852502 -1.164711432514176
-0.014775203641141 -0.328940414637059 0.075598660014415 -0.192538075980526 0.853943765823717 0.100986139048792 -0.634873618337722 1.777154262379010 -1.163548678001503
-0.015737894021043 -0.324670695807940 0.076103590709659 -0.195712444072215 0.862829537135612 0.095168395658785 -0.609544660786360 1.705624273884432 -1.162385923495490
-0.016716456241404 -0.320356548122262 0.076579432687953 -0.198760167376147 0.871357658505034 0.089356466041307 -0.584056942187217 1.633661236430939 -1.161223168985037
-0.017710257078285 -0.315999759829737 0.077026215018159 -0.201680452087083 0.879525964687189 0.083550350196382 -0.558410462528081 1.561265149943036 -1.160060414479025
-0.018718659338721 -0.311602130006301 0.077443966769141 -0.204472504399723 0.887332290436904 0.077750048123987 -0.532605221818944 1.488436014500660 -1.158897659963021
-0.019741021860719 -0.307165468554116 0.077832717009761 -0.207135530508818 0.894774470509407 0.071955559824172 -0.506641220050508 1.415173830034977 -1.157734905460339
-0.020776699513263 -0.302691596201569 0.078192494808882 -0.209668736609071 0.901850339659582 0.066166885296870 -0.480518457231516 1.341478596585954 -1.156572150945445
-0.021825043196309 -0.298182344503271 0.078523329235366 -0.212071328895228 0.908557732642512 0.060384024542143 -0.454236933358221 1.267350314142490 -1.155409396441653
-0.022885399840785 -0.293639555840059 0.078825249358077 -0.214342513562019 0.914894484213225 0.054606977559934 -0.427796648428819 1.192788982709025 -1.154246641927870
-0.023957112408595 -0.289065083418993 0.079098284245877 -0.216481496804163 0.920858429126770 0.048835744350295 -0.401197602442893 1.117794602265576 -1.153083887421857
-0.025039519892616 -0.284460791273359 0.079342462967628 -0.218487484816378 0.926447402138098 0.043070324913186 -0.374439795407105 1.042367172845449 -1.151921132910294
-0.026131957316698 -0.279828554262668 0.079557814592194 -0.220359683793413 0.931659238002325 0.037310719248634 -0.347523227315072 0.966506694426439 -1.150758378402061
-0.027233755735665 -0.275170258072657 0.079744368188437 -0.222097299929989 0.936491771474457 0.031556927356624 -0.320447898167625 0.890213167001885 -1.149595623893829
-0.028344242235315 -0.270487799215284 0.079902152825220 -0.223699539420827 0.940942837309466 0.025808949237155 -0.293213807965875 0.813486590593993 -1.148432869384486
-0.029462739932419 -0.265783085028737 0.080031197571406 -0.225165608460656 0.945010270262436 0.020066784890233 -0.265820956711349 0.736326965191658 -1.147270114872923
-0.030588567974722 -0.261058033677425 0.080131531495857 -0.226494713244213 0.948691905088395 0.014330434315868 -0.238269344402520 0.658734290794882 -1.146107360369131
-0.031721041540943 -0.256314574151983 0.080203183667437 -0.227686059966226 0.951985576542369 0.008599897514022 -0.210558971035502 0.580708567397004 -1.144944605853127
-0.032859471840774 -0.251554646269271 0.080246183155007 -0.228738854821403 0.954889119379354 0.002875174484757 -0.182689836617789 0.502249795005794 -1.143781851346004
-0.034003166114881 -0.246780200672374 0.080260559027431 -0.229652304004492 0.957400368354383 -0.002843734771973 -0.154661941143830 0.423357973629024 -1.142619096841102
-0.035151427634904 -0.241993198830602 0.080246340353571 -0.230425613710211 0.959517158222528 -0.008556830256179 -0.126475284616123 0.344033103246710 -1.141456342323988
-0.036303555703455 -0.237195613039490 0.080203556202290 -0.231057990133292 0.961237323738762 -0.014264111967799 -0.098129867036889 0.264275183887719 -1.140293587822416
-0.037458845654121 -0.232389426420796 0.080132235642451 -0.231548639468476 0.962558699658200 -0.019965579906911 -0.069625688398078 0.184084215508751 -1.139130833310853
-0.038616588851464 -0.227576632922505 0.080032407742916 -0.231896767910467 0.963479120735744 -0.025661234073465 -0.040962748706352 0.103460198154215 -1.137968078798179
-0.039776072691016 -0.222759237318826 0.079904101572549 -0.232101581653998 0.963996421726515 -0.031351074467456 -0.012141047962266 0.022403131804127 -1.136805324294388
-0.040936580599286 -0.217939255210194 0.079747346200212 -0.232162286893810 0.964108437385536 -0.037035101088928 0.016839413838621 -0.059086983554835 -1.135642569779494
-0.042097392033755 -0.213118713023266 0.079562170694767 -0.232078089824617 0.963813002467762 -0.042713313937826 0.045978636691590 -0.141010147888254 -1.134479815275702
-0.043257782482878 -0.208299648010927 0.079348604125078 -0.231848196641159 0.963107951728320 -0.048385713014204 0.075276620600251 -0.223366361226107 -1.133317060763028
-0.044417023466084 -0.203484108252286 0.079106675560007 -0.231471813538157 0.961991119922190 -0.054052298318019 0.104733365564325 -0.306155623561732 -1.132154306252575
-0.045574382533775 -0.198674152652675 0.078836414068417 -0.230948146710336 0.960460341804381 -0.059713069849282 0.134348871581313 -0.389377934886248 -1.130991551748783
-0.046729123267326 -0.193871850943653 0.078537848719170 -0.230276402352429 0.958513452129950 -0.065368027608026 0.164123138652883 -0.473033295209646 -1.129828797236110
-0.047880505279088 -0.189079283683003 0.078211008581130 -0.229455786659165 0.956148285653902 -0.071017171594207 0.194056166779311 -0.557121704516383 -1.128666042727877
-0.049027784212384 -0.184298542254733 0.077855922723159 -0.228485505825268 0.953362677131320 -0.076660501807846 0.224147955962262 -0.641643162835326 -1.127503288216314
-0.050170211741511 -0.179531728869077 0.077472620214120 -0.227364766045457 0.950154461317143 -0.082298018248927 0.254398506193687 -0.726597670130946 -1.126340533708081
-0.051307035571738 -0.174780956562491 0.077061130122875 -0.226092773514489 0.946521472966488 -0.087929720917468 0.284807817485799 -0.811985226434331 -1.125177779199849
-0.052437499439310 -0.170048349197659 0.076621481518288 -0.224668734427060 0.942461546834317 -0.093555609813467 0.315375889829994 -0.897805831723275 -1.124015024690506
-0.053560843111446 -0.165336041463487 0.076153703469221 -0.223091854977910 0.937972517675700 -0.099175684936920 0.346102723226271 -0.984059486011102 -1.122852270185604
-0.054676302386335 -0.160646178875109 0.075657825044536 -0.221361341361778 0.933052220245645 -0.104789946287848 0.376988317681848 -1.070746189291150 -1.121689515664048
-0.055783109093144 -0.155980917773880 0.075133875313097 -0.219476399773369 0.927698489299189 -0.110398393866168 0.408032673186454 -1.157865941567859 -1.120526761169138
-0.056880491092011 -0.151342425327384 0.074581883343766 -0.217436236407437 0.921909159591350 -0.116001027672014 0.439235789750636 -1.245418742834570 -1.119364006646473
-0.057967672274048 -0.146732879529428 0.074001878205406 -0.215240057458684 0.915682065877177 -0.121597847705246 0.470597667364681 -1.333404593102383 -1.118201252152673
-0.059043872561341 -0.142154469200042 0.073393888966880 -0.212887069121860 0.909015042911665 -0.127188853966009 0.502118306036636 -1.421823492357976 -1.117038497630007
-0.060108307906951 -0.137609393985483 0.072757944697050 -0.210376477591677 0.901905925449875 -0.132774046454159 0.533797705760675 -1.510675440610232 -1.115875743127326
-0.061160190294909 -0.133099864358234 0.072094074464779 -0.207707489062874 0.894352548246824 -0.138353425169796 0.565635866541792 -1.599960437863590 -1.114712988611322
-0.062198727740224 -0.128628101617000 0.071402307338930 -0.204879309730165 0.886352746057506 -0.143926990112853 0.597632788373603 -1.689678484098067 -1.113550234115301
-0.063223124288874 -0.124196337886712 0.070682672388366 -0.201891145788297 0.877904353637016 -0.149494741283429 0.629788471263049 -1.779829579335868 -1.112387479594856
-0.064232580017816 -0.119806816118527 0.069935198681948 -0.198742203431981 0.869005205740336 -0.155056678681403 0.662102915205409 -1.870413723568110 -1.111224725088844
-0.065226291034976 -0.115461790089826 0.069159915288541 -0.195431688855954 0.859653137122496 -0.160612802306848 0.694576120202628 -1.961430916792573 -1.110061970579501
-0.066203449479256 -0.111163524404213 0.068356851277007 -0.191958808254941 0.849845982538533 -0.166163112159745 0.727208086254150 -2.052881159004816 -1.108899216071269
-0.067163243520530 -0.106914294491521 0.067526035716208 -0.188322767823670 0.839581576743509 -0.171707608240101 0.759998813360530 -2.144764450229264 -1.107736461558595
-0.068104857359649 -0.102716386607803 0.066667497675008 -0.184522773756868 0.828857754492363 -0.177246290547894 0.792948301520102 -2.237080790430390 -1.106573707054803
-0.069027471228433 -0.098572097835341 0.065781266222268 -0.180558032249267 0.817672350540211 -0.182779159083168 0.826056550734533 -2.329830179630399 -1.105410952542130
-0.069930261389679 -0.094483736082640 0.064867370426853 -0.176427749495595 0.806023199642059 -0.188306213845879 0.859323561004377 -2.423012617833731 -1.104248198033897
-0.070812400137157 -0.090453620084430 0.063925839357623 -0.172131131690573 0.793908136552890 -0.193827454836049 0.892749332329634 -2.516628105020402 -1.103085443525664
-0.071673055795610 -0.086484079401665 0.062956702083443 -0.167667385028925 0.781324996027788 -0.199342882053677 0.926333864704754 -2.610676641199294 -1.101922689010770
-0.072511392720755 -0.082577454421526 0.061959987673175 -0.163035715705401 0.768271612821791 -0.204852495498731 0.960077158139727 -2.705158226392612 -1.100759934510309
-0.073326571299282 -0.078736096357417 0.060935725195681 -0.158235329914702 0.754745821689828 -0.210356295171282 0.993979212624008 -2.800072860558167 -1.099597179994305
-0.074117747948855 -0.074962367248968 0.059883943719825 -0.153265433851582 0.740745457387038 -0.215854281071254 1.028040028168697 -2.895420543727045 -1.098434425489403
-0.074884075118113 -0.071258639962033 0.058804672314468 -0.148125233710739 0.726268354668402 -0.221346453198701 1.062259604761584 -2.991201275890365 -1.097271670977840
-0.075624701286667 -0.067627298188691 0.057697940048475 -0.142813935686931 0.711312348288951 -0.226832811553590 1.096637942413214 -3.087415057043685 -1.096108916470717
-0.076338770965101 -0.064070736447246 0.056563775990707 -0.137330745974865 0.695875273003732 -0.232313356135944 1.131175041116927 -3.184061887204770 -1.094946161956933
-0.077025424694976 -0.060591360082228 0.055402209210027 -0.131674870769280 0.679954963567708 -0.237788086945728 1.165870900877719 -3.281141766342532 -1.093783407449811
-0.077683799048822 -0.057191585264389 0.054213268775298 -0.125845516264891 0.663549254735996 -0.243257003982977 1.200725521688928 -3.378654694483618 -1.092620652944909
-0.078313026630147 -0.053873838990709 0.052996983755384 -0.119841888656447 0.646655981263577 -0.248720107247702 1.235738903557770 -3.476600671616925 -1.091457898432235
-0.078912236073429 -0.050640559084391 0.051753383219145 -0.113663194138658 0.629272977905493 -0.254177396739863 1.270911046480916 -3.574979697751335 -1.090295143921782
-0.079480552044122 -0.047494194194864 0.050482496235446 -0.107308638906253 0.611398079416736 -0.259628872459472 1.306241950456699 -3.673791772866863 -1.089132389414660
-0.080017095238653 -0.044437203797780 0.049184351873148 -0.100777429153970 0.593029120552402 -0.265074534406545 1.341731615487896 -3.773036896992377 -1.087969634900876
-0.080520982384423 -0.041472058195018 0.047858979201116 -0.094068771076530 0.574163936067440 -0.270514382581050 1.377380041572840 -3.872715070099009 -1.086806880398195
-0.080991326239806 -0.038601238514681 0.046506407288210 -0.087181870868666 0.554800360716945 -0.275948416983041 1.413187228714863 -3.972826292208964 -1.085644125888852
-0.081427235594149 -0.035827236711096 0.045126665203295 -0.080115934725092 0.534936229255900 -0.281376637612485 1.449153176907303 -4.073370563306700 -1.084481371373958
-0.081827815267775 -0.033152555564817 0.043719782015233 -0.072870168840555 0.514569376439367 -0.286799044469355 1.485277886157377 -4.174347883401097 -1.083318616867945
-0.082192166111978 -0.030579708682620 0.042285786792886 -0.065443779409768 0.493697637022361 -0.292215637553694 1.521561356459533 -4.275758252492157 -1.082155862363043
-0.082519385009026 -0.028111220497508 0.040824708605118 -0.057835972627471 0.472318845759900 -0.297626416865510 1.558003587818213 -4.377601670577658 -1.080993107841488
-0.082808564872164 -0.025749626268709 0.039336576520790 -0.050045954688380 0.450430837407012 -0.303031382404717 1.594604580230086 -4.479878137653159 -1.079830353344358
-0.083058794645606 -0.023497472081674 0.037821419608766 -0.042072931787229 0.428031446718746 -0.308430534171439 1.631364333695151 -4.582587653725323 -1.078667598832794
-0.083269159304542 -0.021357314848080 0.036279266937909 -0.033916110118754 0.405118508450120 -0.313823872165603 1.668282848218960 -4.685730218796369 -1.077504844314570
-0.083438739855136 -0.019331722305829 0.034710147577081 -0.025574695877659 0.381689857356138 -0.319211396387176 1.705360123791522 -4.789305832850754 -1.076342089820770
-0.083566613334524 -0.017423273019049 0.033114090595145 -0.017047895258701 0.357743328191884 -0.324593106836280 1.742596160424492 -4.893314495910683 -1.075179335300325
-0.083651852810817 -0.015634556378089 0.031491125060964 -0.008334914456579 0.333276755712331 -0.329969003512781 1.779990958104549 -4.997756207962833 -1.074016580795423
-0.083693527383100 -0.013968172599527 0.029841280043400 0.000565040333944 0.308287974672516 -0.335339086416758 1.817544516847236 -5.102630969004984 -1.072853826280529
-0.083690702181431 -0.012426732726165 0.028164584611316 0.009652762918180 0.282774819827492 -0.340703355548161 1.855256836637564 -5.207938779041577 -1.071691071778957
-0.083642438366840 -0.011012858627027 0.026461067833575 0.018929047101368 0.256735125932284 -0.346061810907056 1.893127917486637 -5.313679638074831 -1.070528317264063
-0.083547793131333 -0.009729182997366 0.024730758779040 0.028394686688801 0.230166727741909 -0.351414452493376 1.931157759387236 -5.419853546104747 -1.069365562756941
-0.083405819697889 -0.008578349358656 0.022973686516573 0.038050475485737 0.203067460011386 -0.356761280307161 1.969346362345470 -5.526460503126884 -1.068202808250929
-0.083215567320460 -0.007563012058599 0.021189880115037 0.047897207297465 0.175435157495751 -0.362102294348415 2.007693726354121 -5.633500509141243 -1.067040053741586
-0.082976081283973 -0.006685836271121 0.019379368643295 0.057935675929235 0.147267654950045 -0.367437494617123 2.046199851420405 -5.740973564152263 -1.065877299221141
-0.082686402904327 -0.005949497996371 0.017542181170210 0.068166675186337 0.118562787129284 -0.372766881113229 2.084864737539882 -5.848879668155504 -1.064714544726231
-0.082345569528395 -0.005356684060724 0.015678346764644 0.078590998874037 0.089318388788506 -0.378090453836860 2.123688384713662 -5.957218821157628 -1.063551790212447
-0.081952614534025 -0.004910092116782 0.013787894495459 0.089209440797605 0.059532294682718 -0.383408212787922 2.162670792943411 -6.065991023151973 -1.062389035698663
-0.081506567330037 -0.004612430643368 0.011870853431520 0.100022794762322 0.029202339566958 -0.388720157966416 2.201811962224132 -6.175196274134098 -1.061226281191541
-0.081006453356225 -0.004466418945533 0.009927252641688 0.111031854573443 -0.001673641803712 -0.394026289372373 2.241111892564152 -6.284834574126208 -1.060063526686639
-0.080451294083358 -0.004474787154552 0.007957121194826 0.122237414036264 -0.033097814674343 -0.399326607005807 2.280570583952368 -6.394905923092775 -1.058900772171745
-0.079840107013177 -0.004640276227923 0.005960488159797 0.133640266956025 -0.065072344289807 -0.404621110866665 2.320188036402104 -6.505410321071547 -1.057738017663512
-0.079171905678396 -0.004965637949372 0.003937382605463 0.145241207138036 -0.097599395895165 -0.409909800954983 2.359964249899482 -6.616347768029218 -1.056575263159720
-0.078445699642706 -0.005453634928848 0.001887833600688 0.157041028387533 -0.130681134735311 -0.415192677270781 2.359964249899482 -6.616347768029218 -1.056575263159720
-0.077660494500769 -0.006107040602525 -0.000188129785665 -0.157041028387533 0.130681134735311 0.415192677270781 2.320188036402104 -6.505410321071547 -1.057738017663512
-0.078445699642706 -0.005453634928848 0.001887833600688 -0.145241207138036 0.097599395895165 0.409909800954983 2.280570583952368 -6.394905923092775 -1.058900772171745
-0.079171905678396 -0.004965637949372 0.003937382605463 -0.133640266956025 0.065072344289807 0.404621110866665 2.241111892564152 -6.284834574126208 -1.060063526686639
-0.079840107013177 -0.004640276227923 0.005960488159797 -0.122237414036264 0.033097814674343 0.399326607005807 2.201811962224132 -6.175196274134098 -1.061226281191541
-0.080451294083358 -0.004474787154552 0.007957121194826 -0.111031854573443 0.001673641803712 0.394026289372373 2.162670792943411 -6.065991023151973 -1.062389035698663
-0.081006453356225 -0.004466418945533 0.009927252641688 -0.100022794762322 -0.029202339566958 0.388720157966416 2.123688384713662 -5.957218821157628 -1.063551790212447
-0.081506567330037 -0.004612430643368 0.011870853431520 -0.089209440797605 -0.059532294682718 0.383408212787922 2.084864737539882 -5.848879668155504 -1.064714544726231
-0.081952614534025 -0.004910092116782 0.013787894495459 -0.078590998874037 -0.089318388788506 0.378090453836860 2.046199851420405 -5.740973564152263 -1.065877299221141
-0.082345569528395 -0.005356684060724 0.015678346764644 -0.068166675186337 -0.118562787129284 0.372766881113229 2.007693726354121 -5.633500509141243 -1.067040053741586
-0.082686402904327 -0.005949497996371 0.017542181170210 -0.057935675929235 -0.147267654950045 0.367437494617123 1.969346362345470 -5.526460503126884 -1.068202808250929
-0.082976081283973 -0.006685836271121 0.019379368643295 -0.047897207297465 -0.175435157495751 0.362102294348415 1.931157759387236 -5.419853546104747 -1.069365562756941
-0.083215567320460 -0.007563012058599 0.021189880115037 -0.038050475485737 -0.203067460011386 0.356761280307161 1.893127917486637 -5.313679638074831 -1.070528317264063
-0.083405819697889 -0.008578349358656 0.022973686516573 -0.028394686688801 -0.230166727741909 0.351414452493376 1.855256836637564 -5.207938779041577 -1.071691071778957
-0.083547793131333 -0.009729182997366 0.024730758779040 -0.018929047101368 -0.256735125932284 0.346061810907056 1.817544516847236 -5.102630969004984 -1.072853826280529
-0.083642438366840 -0.011012858627027 0.026461067833575 -0.009652762918180 -0.282774819827492 0.340703355548161 1.779990958104549 -4.997756207962833 -1.074016580795423
-0.083690702181431 -0.012426732726165 0.028164584611316 -0.000565040333944 -0.308287974672516 0.335339086416758 1.742596160424492 -4.893314495910683 -1.075179335300325
-0.083693527383100 -0.013968172599527 0.029841280043400 0.008334914456579 -0.333276755712331 0.329969003512781 1.705360123791522 -4.789305832850754 -1.076342089820770
-0.083651852810817 -0.015634556378089 0.031491125060964 0.017047895258701 -0.357743328191884 0.324593106836280 1.668282848218960 -4.685730218796369 -1.077504844314570
-0.083566613334524 -0.017423273019049 0.033114090595145 0.025574695877659 -0.381689857356138 0.319211396387176 1.631364333695151 -4.582587653725323 -1.078667598832794
-0.083438739855136 -0.019331722305829 0.034710147577081 0.033916110118754 -0.405118508450120 0.313823872165603 1.594604580230086 -4.479878137653159 -1.079830353344358
-0.083269159304542 -0.021357314848080 0.036279266937909 0.042072931787229 -0.428031446718746 0.308430534171439 1.558003587818213 -4.377601670577658 -1.080993107841488
-0.083058794645606 -0.023497472081674 0.037821419608766 0.050045954688380 -0.450430837407012 0.303031382404717 1.521561356459533 -4.275758252492157 -1.082155862363043
-0.082808564872164 -0.025749626268709 0.039336576520790 0.057835972627471 -0.472318845759900 0.297626416865510 1.485277886157377 -4.174347883401097 -1.083318616867945
-0.082519385009026 -0.028111220497508 0.040824708605118 0.065443779409768 -0.493697637022361 0.292215637553694 1.449153176907303 -4.073370563306700 -1.084481371373958
-0.082192166111978 -0.030579708682620 0.042285786792886 0.072870168840555 -0.514569376439367 0.286799044469355 1.413187228714863 -3.972826292208964 -1.085644125888852
-0.081827815267775 -0.033152555564817 0.043719782015233 0.080115934725092 -0.534936229255900 0.281376637612485 1.377380041572840 -3.872715070099009 -1.086806880398195
-0.081427235594149 -0.035827236711096 0.045126665203295 0.087181870868666 -0.554800360716945 0.275948416983041 1.341731615487896 -3.773036896992377 -1.087969634900876
-0.080991326239806 -0.038601238514681 0.046506407288210 0.094068771076530 -0.574163936067440 0.270514382581050 1.306241950456699 -3.673791772866863 -1.089132389414660
-0.080520982384423 -0.041472058195018 0.047858979201116 0.100777429153970 -0.593029120552402 0.265074534406545 1.270911046480916 -3.574979697751335 -1.090295143921782
-0.080017095238653 -0.044437203797780 0.049184351873148 0.107308638906253 -0.611398079416736 0.259628872459472 1.235738903557770 -3.476600671616925 -1.091457898432235
-0.079480552044122 -0.047494194194864 0.050482496235446 0.113663194138658 -0.629272977905493 0.254177396739863 1.200725521688928 -3.378654694483618 -1.092620652944909
-0.078912236073429 -0.050640559084391 0.051753383219145 0.119841888656447 -0.646655981263577 0.248720107247702 1.165870900877719 -3.281141766342532 -1.093783407449811
-0.078313026630147 -0.053873838990709 0.052996983755384 0.125845516264891 -0.663549254735996 0.243257003982977 1.131175041116927 -3.184061887204770 -1.094946161956933
-0.077683799048822 -0.057191585264389 0.054213268775298 0.131674870769280 -0.679954963567708 0.237788086945728 1.096637942413214 -3.087415057043685 -1.096108916470717
-0.077025424694976 -0.060591360082228 0.055402209210027 0.137330745974865 -0.695875273003732 0.232313356135944 1.062259604761584 -2.991201275890365 -1.097271670977840
-0.076338770965101 -0.064070736447246 0.056563775990707 0.142813935686931 -0.711312348288951 0.226832811553590 1.028040028168697 -2.895420543727045 -1.098434425489403
-0.075624701286667 -0.067627298188691 0.057697940048475 0.148125233710739 -0.726268354668402 0.221346453198701 0.993979212624008 -2.800072860558167 -1.099597179994305
-0.074884075118113 -0.071258639962033 0.058804672314468 0.153265433851582 -0.740745457387038 0.215854281071254 0.960077158139727 -2.705158226392612 -1.100759934510309
-0.074117747948855 -0.074962367248968 0.059883943719825 0.158235329914702 -0.754745821689828 0.210356295171282 0.926333864704754 -2.610676641199294 -1.101922689010770
-0.073326571299282 -0.078736096357417 0.060935725195681 0.163035715705401 -0.768271612821791 0.204852495498731 0.892749332329634 -2.516628105020402 -1.103085443525664
-0.072511392720755 -0.082577454421526 0.061959987673175 0.167667385028925 -0.781324996027788 0.199342882053677 0.859323561004377 -2.423012617833731 -1.104248198033897
-0.071673055795610 -0.086484079401665 0.062956702083443 0.172131131690573 -0.793908136552890 0.193827454836049 0.826056550734533 -2.329830179630399 -1.105410952542130
-0.070812400137157 -0.090453620084430 0.063925839357623 0.176427749495595 -0.806023199642059 0.188306213845879 0.792948301520102 -2.237080790430390 -1.106573707054803
-0.069930261389679 -0.094483736082640 0.064867370426853 0.180558032249267 -0.817672350540211 0.182779159083168 0.759998813360530 -2.144764450229264 -1.107736461558595
-0.069027471228433 -0.098572097835341 0.065781266222268 0.184522773756868 -0.828857754492363 0.177246290547894 0.727208086254150 -2.052881159004816 -1.108899216071269
-0.068104857359649 -0.102716386607803 0.066667497675008 0.188322767823670 -0.839581576743509 0.171707608240101 0.694576120202628 -1.961430916792573 -1.110061970579501
-0.067163243520530 -0.106914294491521 0.067526035716208 0.191958808254941 -0.849845982538533 0.166163112159745 0.662102915205409 -1.870413723568110 -1.111224725088844
-0.066203449479256 -0.111163524404213 0.068356851277007 0.195431688855954 -0.859653137122496 0.160612802306848 0.629788471263049 -1.779829579335868 -1.112387479594856
-0.065226291034976 -0.115461790089826 0.069159915288541 0.198742203431981 -0.869005205740336 0.155056678681403 0.597632788373603 -1.689678484098067 -1.113550234115301
-0.064232580017816 -0.119806816118527 0.069935198681948 0.201891145788297 -0.877904353637016 0.149494741283429 0.565635866541792 -1.599960437863590 -1.114712988611322
-0.063223124288874 -0.124196337886712 0.070682672388366 0.204879309730165 -0.886352746057506 0.143926990112853 0.533797705760675 -1.510675440610232 -1.115875743127326
-0.062198727740224 -0.128628101617000 0.071402307338930 0.207707489062874 -0.894352548246824 0.138353425169796 0.502118306036636 -1.421823492357976 -1.117038497630007
-0.061160190294909 -0.133099864358234 0.072094074464779 0.210376477591677 -0.901905925449875 0.132774046454159 0.470597667364681 -1.333404593102383 -1.118201252152673
-0.060108307906951 -0.137609393985483 0.072757944697050 0.212887069121860 -0.909015042911665 0.127188853966009 0.439235789750636 -1.245418742834570 -1.119364006646473
-0.059043872561341 -0.142154469200042 0.073393888966880 0.215240057458684 -0.915682065877177 0.121597847705246 0.408032673186454 -1.157865941567859 -1.120526761169138
-0.057967672274048 -0.146732879529428 0.074001878205406 0.217436236407437 -0.921909159591350 0.116001027672014 0.376988317681848 -1.070746189291150 -1.121689515664048
-0.056880491092011 -0.151342425327384 0.074581883343766 0.219476399773369 -0.927698489299189 0.110398393866168 0.346102723226271 -0.984059486011102 -1.122852270185604
-0.055783109093144 -0.155980917773880 0.075133875313097 0.221361341361778 -0.933052220245645 0.104789946287848 0.315375889829994 -0.897805831723275 -1.124015024690506
-0.054676302386335 -0.160646178875109 0.075657825044536 0.223091854977910 -0.937972517675700 0.099175684936920 0.284807817485799 -0.811985226434331 -1.125177779199849
-0.053560843111446 -0.165336041463487 0.076153703469221 0.224668734427060 -0.942461546834317 0.093555609813467 0.254398506193687 -0.726597670130946 -1.126340533708081
-0.052437499439310 -0.170048349197659 0.076621481518288 0.226092773514489 -0.946521472966488 0.087929720917468 0.224147955962262 -0.641643162835326 -1.127503288216314
-0.051307035571738 -0.174780956562491 0.077061130122875 0.227364766045457 -0.950154461317143 0.082298018248927 0.194056166779311 -0.557121704516383 -1.128666042727877
-0.050170211741511 -0.179531728869077 0.077472620214120 0.228485505825268 -0.953362677131320 0.076660501807846 0.164123138652883 -0.473033295209646 -1.129828797236110
-0.049027784212384 -0.184298542254733 0.077855922723159 0.229455786659165 -0.956148285653902 0.071017171594207 0.134348871581313 -0.389377934886248 -1.130991551748783
-0.047880505279088 -0.189079283683003 0.078211008581130 0.230276402352429 -0.958513452129950 0.065368027608026 0.104733365564325 -0.306155623561732 -1.132154306252575
-0.046729123267326 -0.193871850943653 0.078537848719170 0.230948146710336 -0.960460341804381 0.059713069849282 0.075276620600251 -0.223366361226107 -1.133317060763028
-0.045574382533775 -0.198674152652675 0.078836414068417 0.231471813538157 -0.961991119922190 0.054052298318019 0.045978636691590 -0.141010147888254 -1.134479815275702
-0.044417023466084 -0.203484108252286 0.079106675560007 0.231848196641159 -0.963107951728320 0.048385713014204 0.016839413838621 -0.059086983554835 -1.135642569779494
-0.043257782482878 -0.208299648010927 0.079348604125078 0.232078089824617 -0.963813002467762 0.042713313937826 -0.012141047962266 0.022403131804127 -1.136805324294388
-0.042097392033755 -0.213118713023266 0.079562170694767 0.232162286893810 -0.964108437385536 0.037035101088928 -0.040962748706352 0.103460198154215 -1.137968078798179
-0.040936580599286 -0.217939255210194 0.079747346200212 0.232101581653998 -0.963996421726515 0.031351074467456 -0.069625688398078 0.184084215508751 -1.139130833310853
-0.039776072691016 -0.222759237318826 0.079904101572549 0.231896767910467 -0.963479120735744 0.025661234073465 -0.098129867036889 0.264275183887719 -1.140293587822416
-0.038616588851464 -0.227576632922505 0.080032407742916 0.231548639468476 -0.962558699658200 0.019965579906911 -0.126475284616123 0.344033103246710 -1.141456342323988
-0.037458845654121 -0.232389426420796 0.080132235642451 0.231057990133292 -0.961237323738762 0.014264111967799 -0.154661941143830 0.423357973629024 -1.142619096841102
-0.036303555703455 -0.237195613039490 0.080203556202290 0.230425613710211 -0.959517158222528 0.008556830256179 -0.182689836617789 0.502249795005794 -1.143781851346004
-0.035151427634904 -0.241993198830602 0.080246340353571 0.229652304004492 -0.957400368354383 0.002843734771973 -0.210558971035502 0.580708567397004 -1.144944605853127
-0.034003166114881 -0.246780200672374 0.080260559027431 0.228738854821403 -0.954889119379354 -0.002875174484757 -0.238269344402520 0.658734290794882 -1.146107360369131
-0.032859471840774 -0.251554646269271 0.080246183155007 0.227686059966226 -0.951985576542369 -0.008599897514022 -0.265820956711349 0.736326965191658 -1.147270114872923
-0.031721041540943 -0.256314574151983 0.080203183667437 0.226494713244213 -0.948691905088395 -0.014330434315868 -0.293213807965875 0.813486590593993 -1.148432869384486
-0.030588567974722 -0.261058033677425 0.080131531495857 0.225165608460656 -0.945010270262436 -0.020066784890233 -0.320447898167625 0.890213167001885 -1.149595623893829
-0.029462739932419 -0.265783085028737 0.080031197571406 0.223699539420827 -0.940942837309466 -0.025808949237155 -0.347523227315072 0.966506694426439 -1.150758378402061
-0.028344242235315 -0.270487799215284 0.079902152825220 0.222097299929989 -0.936491771474457 -0.031556927356624 -0.374439795407105 1.042367172845449 -1.151921132910294
-0.027233755735665 -0.275170258072657 0.079744368188437 0.220359683793413 -0.931659238002325 -0.037310719248634 -0.401197602442893 1.117794602265576 -1.153083887421857
-0.026131957316698 -0.279828554262668 0.079557814592194 0.218487484816378 -0.926447402138098 -0.043070324913186 -0.427796648428819 1.192788982709025 -1.154246641927870
-0.025039519892616 -0.284460791273359 0.079342462967628 0.216481496804163 -0.920858429126770 -0.048835744350295 -0.454236933358221 1.267350314142490 -1.155409396441653
-0.023957112408595 -0.289065083418993 0.079098284245877 0.214342513562019 -0.914894484213225 -0.054606977559934 -0.480518457231516 1.341478596585954 -1.156572150945445
-0.022885399840785 -0.293639555840059 0.078825249358077 0.212071328895228 -0.908557732642512 -0.060384024542143 -0.506641220050508 1.415173830034977 -1.157734905460339
-0.021825043196309 -0.298182344503271 0.078523329235366 0.209668736609071 -0.901850339659582 -0.066166885296870 -0.532605221818944 1.488436014500660 -1.158897659963021
-0.020776699513263 -0.302691596201569 0.078192494808882 0.207135530508818 -0.894774470509407 -0.071955559824172 -0.558410462528081 1.561265149943036 -1.160060414479025
-0.019741021860719 -0.307165468554116 0.077832717009761 0.204472504399723 -0.887332290436904 -0.077750048123987 -0.584056942187217 1.633661236430939 -1.161223168985037
-0.018718659338721 -0.311602130006301 0.077443966769141 0.201680452087083 -0.879525964687189 -0.083550350196382 -0.609544660786360 1.705624273884432 -1.162385923495490
-0.017710257078285 -0.315999759829737 0.077026215018159 0.198760167376147 -0.871357658505034 -0.089356466041307 -0.634873618337722 1.777154262379010 -1.163548678001503
-0.016716456241404 -0.320356548122262 0.076579432687953 0.195712444072215 -0.862829537135612 -0.095168395658785 -0.660043814830275 1.848251201852502 -1.164711432514176
-0.015737894021043 -0.324670695807940 0.076103590709659 0.192538075980526 -0.853943765823717 -0.100986139048792 -0.685055250269140 1.918915092347095 -1.165874187021299
-0.014775203641141 -0.328940414637059 0.075598660014415 0.189237856906375 -0.844702509814454 -0.106809696211363 -0.709907924653436 1.989145933831704 -1.167036941529531
-0.013829014356609 -0.333163927186131 0.075064611533358 0.185812580655029 -0.835107934352719 -0.112639067146469 -0.734601837984944 2.058943726348517 -1.168199696043315
-0.012899951453334 -0.337339466857894 0.074501416197626 0.182263041031762 -0.825162204683560 -0.118474251854117 -0.759136990261672 2.128308469846463 -1.169362450545997
-0.011988636248175 -0.341465277881312 0.073909044938355 0.178590031841837 -0.814867486051818 -0.124315250334334 -0.783513381480905 2.197240164356629 -1.170525205063111
-0.011095686088966 -0.345539615311571 0.073287468686683 0.174794346890529 -0.804225943702586 -0.130162062587064 -0.807731011649504 2.265738809879014 -1.171687959566903
-0.010221714354513 -0.349560745030084 0.072636658373748 0.170876779983125 -0.793239742880802 -0.136014688612379 -0.831789880761380 2.333804406395856 -1.172850714076246
-0.009367330454597 -0.353526943744488 0.071956584930686 0.166838124924877 -0.781911048831407 -0.141873128410214 -0.855689988819369 2.401436953922698 -1.174013468586699
-0.008533139829973 -0.357436498988645 0.071247219288635 0.162679175521070 -0.770242026799428 -0.147737381980595 -0.879431335823327 2.468636452466200 -1.175176223097152
-0.007719743952368 -0.361287709122642 0.070508532378732 0.158400725576973 -0.758234842029815 -0.153607449323528 -0.903013921774509 2.535402902008599 -1.176338977603164
-0.006927740324483 -0.365078883332791 0.069740495132114 0.154003568897857 -0.745891659767484 -0.159483330439014 -0.926437746669662 2.601736302545454 -1.177501732113617
-0.006157722479994 -0.368808341631629 0.068943078479919 0.149488499288984 -0.733214645257441 -0.165365025327030 -0.949702810505781 2.667636654096750 -1.178664486625181
-0.005410279983549 -0.372474414857916 0.068116253353284 0.144856310555636 -0.720205963744713 -0.171252533987598 -0.972809113297113 2.733103956660266 -1.179827241132303
-0.004685998430770 -0.376075444676640 0.067259990683346 0.140107796503107 -0.706867780474230 -0.177145856420724 -0.995756655027619 2.798138210222678 -1.180989995641646
-0.003985459448255 -0.379609783579011 0.066374261401243 0.135243750936621 -0.693202260690928 -0.183044992626386 -1.018545435700763 2.862739414777327 -1.182152750150989
-0.003309240693572 -0.383075794882465 0.065459036438111 0.130264967661483 -0.679211569639815 -0.188949942604594 -1.041175455326682 2.926907570361958 -1.183315504661442
-0.002657915855264 -0.386471852730665 0.064514286725088 0.125172240482979 -0.664897872565928 -0.194860706355349 -1.063646713897540 2.990642676947708 -1.184478259166344
-0.002032054652849 -0.389796342093494 0.063539983193311 0.119966363206346 -0.650263334714118 -0.200777283878656 -1.085959211410276 3.053944734527914 -1.185641013682348
-0.001432222836818 -0.393047658767065 0.062536096773918 0.114648129636858 -0.635310121329380 -0.206699675174488 -1.108112947866316 3.116813743113678 -1.186803768188360
-0.000858982188633 -0.396224209373712 0.061502598398045 0.109218333579807 -0.620040397656740 -0.212627880242899 -1.130107923274781 3.179249702709441 -1.187966522694373
-0.000312890520734 -0.399324411361995 0.060439458996831 0.103677768840475 -0.604456328941172 -0.218561899083841 -1.151944137622596 3.241252613312984 -1.189129277207046
0.000205498323468 -0.402346693006701 0.059346649501412 0.098027229224102 -0.588560080427625 -0.224501731697313 -1.173621590928631 3.302822474939848 -1.190292031713058
0.000695634469588 -0.405289493408839 0.058224140842925 0.092267508535989 -0.572353817361060 -0.230447378083348 -1.195140283157295 3.363959287523421 -1.191454786227952
0.001156972012268 -0.408151262495645 0.057071903952508 0.086399400581345 -0.555839704986361 -0.236398838241914 -1.216500214348826 3.424663051152521 -1.192617540736185
0.001588969015175 -0.410930461020576 0.055889909761299 0.080423699165559 -0.539019908548743 -0.242356112173053 -1.237701384490772 3.484933765796061 -1.193780295237756
0.001991087511003 -0.413625560563320 0.054678129200433 0.074341198093815 -0.521896593292981 -0.248319199876734 -1.258743793556665 3.544771431396310 -1.194943049755981
0.002362793501472 -0.416235043529785 0.053436533201050 0.068152691171361 -0.504471924464001 -0.254288101352923 -1.279627441588722 3.604176048050967 -1.196105804261993
0.002703556957329 -0.418757403152105 0.052165092694285 0.061858972203578 -0.486748067307019 -0.260262816601703 -1.300352328552287 3.663147615677875 -1.197268558769116
0.003012851818347 -0.421191143488640 0.050863778611277 0.055460834995634 -0.468727187066764 -0.266243345623013 -1.320918454479833 3.721686134356972 -1.198431313279569
0.003290155993325 -0.423534779423974 0.049532561883162 0.048959073352873 -0.450411448988375 -0.272229688416858 -1.341325819324904 3.779791603966132 -1.199594067788912
0.003534951360089 -0.425786836668916 0.048171413441077 0.042354481080473 -0.431803018316590 -0.278221844983256 -1.361574423141831 3.837464024654125 -1.200756822299365
0.003746723765492 -0.427945851760499 0.046780304216161 0.035647851983849 -0.412904060296759 -0.284219815322201 -1.381664265889051 3.894703396301047 -1.201919576809818
0.003924963025411 -0.430010372061983 0.045359205139550 0.028839979868140 -0.393716740173489 -0.290223599433698 -1.401595347593695 3.951509718991275 -1.203082331312499
0.004069162924752 -0.431978955762850 0.043908087142382 0.021931658538694 -0.374243223191983 -0.296233197317747 -1.421367668226411 4.007882992642653 -1.204245085830724
0.004178821217445 -0.433850171878810 0.042426921155793 0.014923681800726 -0.354485674597027 -0.302248608974309 -1.440981227824115 4.063823217346219 -1.205407840332295
0.004253439626449 -0.435622600251795 0.040915678110921 0.007816843459594 -0.334446259633814 -0.308269834403463 -1.460436026358910 4.119330393026477 -1.206570594847189
0.004292523843747 -0.437294831549964 0.039374328938904 0.000611937320473 -0.314127143547083 -0.314296873605124 -1.479732063829689 4.174404519701191 -1.207733349353202
0.004295583530349 -0.438865467267700 0.037802844570878 -0.006690242811321 -0.293530491581950 -0.320329726579360 -1.498869340261222 4.229045597416992 -1.208896103860324
0.004262132316292 -0.440333119725609 0.036201195937982 -0.014088903130470 -0.272658468983444 -0.326368393326126 -1.517847855633386 4.283253626113925 -1.210058858372998
0.004191687800640 -0.441696412070527 0.034569353971351 -0.021583249831776 -0.251513240996359 -0.332412873845428 -1.536667609951248 4.337028605829740 -1.211221612884561
0.004083771551481 -0.442953978275508 0.032907289602124 -0.029172489109943 -0.230096972865790 -0.338463168137293 -1.555328603208075 4.390370536533350 -1.212384367387243
0.003937909105931 -0.444104463139837 0.031214973761437 -0.036855827159699 -0.208411829836641 -0.344519276201716 -1.573830835419031 4.443279418264723 -1.213547121901026
0.003753629970133 -0.445146522289021 0.029492377380429 -0.044632470175739 -0.186459977153974 -0.350581198038652 -1.592174306573012 4.495755250983891 -1.214709876410369
0.003530467619254 -0.446078822174790 0.027739471390235 -0.052501624352834 -0.164243580062651 -0.356648933648157 -1.610359016672203 4.547798034719719 -1.215872630914161
0.003267959497490 -0.446900040075104 0.025956226721995 -0.060462495885700 -0.141764803807731 -0.362722483030209 -1.628384965719556 4.599407769463326 -1.217035385431275
0.002965647018062 -0.447608864094142 0.024142614306844 -0.068514290969061 -0.119025813634133 -0.368801846184780 -1.646252153698832 4.650584455179185 -1.218198139933957
0.002623075563216 -0.448203993162313 0.022298605075920 -0.076656215797658 -0.096028774786816 -0.374887023111936 -1.663960580642956 4.701328091947232 -1.219360894448851
0.002239794484228 -0.448684137036247 0.020424169960360 -0.084887476566152 -0.072775852510920 -0.380978013811606 -1.681510246528303 4.751638679711956 -1.220523648953753
0.001815357101397 -0.449048016298802 0.018519279891302 -0.093207279469367 -0.049269212051184 -0.387074818283850 -1.698901151345328 4.801516218453372 -1.221686403465316
0.001349320704050 -0.449294362359058 0.016583905799883 -0.101614830702009 -0.025511018652624 -0.393177436528619 -1.716133295131764 4.850960708246976 -1.222849157972439
0.000841246550540 -0.449421917452321 0.014618018617240 -0.110109336458735 -0.001503437560357 -0.399285868545945 -1.733206677826638 4.899972148957321 -1.224011912484002
0.000290699868247 -0.449429434640122 0.012621589274510 -0.118690002934394 0.022751365980878 -0.405400114335808 -1.750121299517265 4.948550540806451 -1.225174666988904
-0.000302750146425 -0.449315677810218 0.010594588702831 -0.127356036323527 0.047251226725664 -0.411520173898228 -1.766877160106900 4.996695883539015 -1.226337421504908
-0.000939530328043 -0.449079421676590 0.008536987833340 -0.136106642821114 0.071993979429696 -0.417646047233172 -1.783474259668860 5.044408177348192 -1.227500176009810
