-0.004238509622374 -0.450454397279242 0.000000000000000 0.132529044554357 -0.115016215064556 0.333770136967004 -0.985438998161692 2.765530611805733 -0.905381465776678
-0.003575864399603 -0.451029478354565 0.001668850684835 0.127601849563549 -0.101188562005528 0.329243229638121 -0.985018037715726 2.764892318105616 -0.902575780115100
-0.002937855151785 -0.451535421164592 0.003315066833026 0.122676759374970 -0.087364100414999 0.324730350737545 -0.984415521659185 2.763734861688238 -0.899770094451302
-0.002324471354910 -0.451972241666667 0.004938718586713 0.117754681766674 -0.073545426106558 0.320231500265289 -0.983631449959377 2.762058242429255 -0.896964408789724
-0.001735697946077 -0.452339968797200 0.006539876088040 0.112836524516877 -0.059735134894412 0.315746678221340 -0.982665822647083 2.759862460446350 -0.894158723128147
-0.001171515323492 -0.452638644471672 0.008118609479146 0.107923195403642 -0.045935822592180 0.311275884605700 -0.981518639672602 2.757147515577429 -0.891353037459908
-0.000631899346474 -0.452868323584633 0.009674988902175 0.103015602205279 -0.032150085014293 0.306819119418400 -0.980189901112274 2.753913408042319 -0.888547351800550
-0.000116821335448 -0.453029074009704 0.011209084499267 0.098114652699718 -0.018380517974081 0.302376382659397 -0.978679606882768 2.750160137616753 -0.885741666138973
0.000373751928051 -0.453120976599575 0.012720966412564 0.093221254665304 -0.004629717285998 0.297947674328702 -0.976987757054584 2.745887704485028 -0.882935980472954
0.000839858201377 -0.453144125186005 0.014210704784207 0.088336315880031 0.009099721236427 0.293532994426338 -0.975114351585116 2.741096108538343 -0.880130294809156
0.001281539780778 -0.453098626579823 0.015678369756339 0.083460744122105 0.022805201779119 0.289132342952292 -0.973059390479564 2.735785349787800 -0.877324609149799
0.001698843501388 -0.452984600570927 0.017124031471101 0.078595447169707 0.036484128528058 0.284745719906543 -0.970822873761315 2.729955428293351 -0.874518923483780
0.002091820737237 -0.452802179928287 0.018547760070633 0.073741332800901 0.050133905669525 0.280373125289124 -0.968404801391862 2.723606343957297 -0.871713237822203
0.002460527401241 -0.452551510399939 0.019949625697079 0.068899308793942 0.063751937389311 0.276014559100013 -0.965805173408427 2.716738096872895 -0.868907552158404
0.002805023945211 -0.452232750712993 0.021329698492579 0.064070282926899 0.077335627873676 0.271670021339221 -0.963023989801956 2.709350687029044 -0.866101866494606
0.003125375359845 -0.451846072573624 0.022688048599275 0.059255162977890 0.090882381308821 0.267339512006748 -0.960061250548268 2.701444114334706 -0.863296180833029
0.003421651174735 -0.451391660667080 0.024024746159309 0.054454856725148 0.104389601880495 0.263023031102583 -0.956916955680807 2.693018378912004 -0.860490495167010
0.003693925458361 -0.450869712657678 0.025339861314822 0.049670271946744 0.117854693775055 0.258720578626748 -0.953591105171750 2.684073480663240 -0.857684809509873
0.003942276818094 -0.450280439188802 0.026633464207956 0.044902316420885 0.131275061178371 0.254432154579198 -0.950083699045381 2.674609419663909 -0.854879123839414
0.004166788400199 -0.449624063882911 0.027905624980852 0.040151897925659 0.144648108276690 0.250157758960001 -0.946394737271553 2.664626195827413 -0.852073438184497
0.004367547889827 -0.448900823341527 0.029156413775652 0.035419924239301 0.157971239255827 0.245897391769079 -0.942524219893145 2.654123809275877 -0.849267752514038
0.004544647511024 -0.448110967145248 0.030385900734497 0.030707303139835 0.171241858302207 0.241651053006509 -0.938472146871996 2.643102259898278 -0.846462066854681
0.004698184026723 -0.447254757853737 0.031594155999529 0.026014942405475 0.184457369601698 0.237418742672235 -0.934238518214836 2.631561547712380 -0.843656381190883
0.004828258738750 -0.446332471005728 0.032781249712891 0.021343749814401 0.197615177340260 0.233200460766281 -0.929823333945951 2.619501672804780 -0.840850695529305
0.004934977487822 -0.445344395119027 0.033947252016722 0.016694633144671 0.210712685704284 0.228996207288634 -0.925226594035572 2.606922635062237 -0.838045009865507
0.005018450653545 -0.444290831690506 0.035092233053165 0.012068500174493 0.223747298879595 0.224805982239307 -0.920448298494178 2.593824434535819 -0.835239324197268
0.005078793154418 -0.443172095196108 0.036216262964362 0.007466258682022 0.236716421052274 0.220629785618320 -0.915488447330373 2.580207071243290 -0.832433638542351
0.005116124447828 -0.441988513090846 0.037319411892453 0.002888816445371 0.249617456408491 0.216467617425609 -0.910347040541312 2.566070545173549 -0.829627952874112
0.005130568530055 -0.440740425808804 0.038401749979581 -0.001662918757336 0.262447809134359 0.212319477661238 -0.905024078106179 2.551414856275525 -0.826822267214755
0.005122253936268 -0.439428186763132 0.039463347367888 -0.006188039147867 0.275204883415736 0.208185366325164 -0.899519560061818 2.536240004638035 -0.824016581546516
0.005091313740529 -0.438052162346053 0.040504274199513 -0.010685636948176 0.287886083438926 0.204065283417432 -0.893833486372078 2.520545990185585 -0.821210895889379
0.005037885555788 -0.436612731928859 0.041524600616601 -0.015154804380036 0.300488813389854 0.199959228937985 -0.887965857066311 2.504332812973686 -0.818405210223361
0.004962111533888 -0.435110287861910 0.042524396761290 -0.019594633665368 0.313010477454723 0.195867202886868 -0.881916672122521 2.487600472951268 -0.815599524561783
0.004864138365561 -0.433545235474636 0.043503732775725 -0.024004217025981 0.325448479819479 0.191789205264059 -0.875685931553613 2.470348970160519 -0.812793838893544
0.004744117280431 -0.431917993075539 0.044462678802045 -0.028382646683749 0.337800224670282 0.187725236069591 -0.869273635348208 2.452578304559250 -0.809988153234187
0.004602204047012 -0.430228991952187 0.045401304982393 -0.032729014860490 0.350063116193078 0.183675295303420 -0.862679783529899 2.434288476222957 -0.807182467574830
0.004438558972710 -0.428478676371222 0.046319681458910 -0.037042413778139 0.362234558574193 0.179639382965546 -0.855904376061215 2.415479485038396 -0.804376781904370
0.004253346903819 -0.426667503578351 0.047217878373738 -0.041321935658445 0.374311955999385 0.175617499056024 -0.848947412981568 2.396151331118812 -0.801571096247233
0.004046737225527 -0.424795943798354 0.048095965869018 -0.045566672723353 0.386292712654979 0.171609643574788 -0.841808894259353 2.376304014377606 -0.798765410581215
0.003818903861910 -0.422864480235079 0.048954014086892 -0.049775717194650 0.398174232726867 0.167615816521882 -0.834488819920452 2.355937534890273 -0.795959724919637
0.003570025275937 -0.420873609071445 0.049792093169501 -0.053948161294252 0.409953920401318 0.163636017897284 -0.826987189939052 2.335051892570217 -0.793154039253618
0.003300284469466 -0.418823839469438 0.050610273258988 -0.058083097243947 0.421629179864169 0.159670247701016 -0.819304004339022 2.313647087504034 -0.790348353596482
0.003009868983246 -0.416715693570117 0.051408624497493 -0.062179617265642 0.433197415301689 0.155718505933033 -0.811439263105512 2.291723119638434 -0.787542667928243
0.002698970896918 -0.414549706493609 0.052187217027158 -0.066236813581170 0.444656030899881 0.151780792593392 -0.803392966245467 2.269279988991180 -0.784736982266665
0.002367786829012 -0.412326426339109 0.052946120990125 -0.070253778412397 0.456002430844837 0.147857107682059 -0.795165113747462 2.246317695535627 -0.781931296602867
0.002016517936950 -0.410046414184885 0.053685406528535 -0.074229603981135 0.467234019322516 0.143947451199045 -0.786755705632983 2.222836239333947 -0.779125610941289
0.001645369917044 -0.407710244088273 0.054405143784531 -0.078163382509300 0.478348200519185 0.140051823144338 -0.778164741875345 2.198835620303985 -0.776319925277491
0.001254553004498 -0.405318503085677 0.055105402900252 -0.082054206218676 0.489342378620705 0.136170223517951 -0.769392222508200 2.174315838541219 -0.773514239615913
0.000844281973404 -0.402871791192573 0.055786254017842 -0.085901167331217 0.500213957813411 0.132302652319871 -0.760438147490022 2.149276893941288 -0.770708553949895
0.000414776136748 -0.400370721403506 0.056447767279441 -0.089703358068667 0.510960342283118 0.128449109550122 -0.751302516858732 2.123718786590789 -0.767902868288317
-0.000033740653595 -0.397815919692090 0.057090012827192 -0.093459870652961 0.521578936216072 0.124609595208680 -0.741985330584352 2.097641516418669 -0.765097182624519
-0.000501040006860 -0.395208025011010 0.057713060803235 -0.097169797305883 0.532067143798165 0.120784109295557 -0.732486588694292 2.071045083507084 -0.762291496962941
-0.000986888993389 -0.392547689292019 0.058316981349713 -0.100832230249354 0.542422369215700 0.116972651810743 -0.722806291169331 2.043929487780538 -0.759485811301364
-0.001491050144636 -0.389835577445941 0.058901844608767 -0.104446261705201 0.552642016654603 0.113175222754236 -0.712944438010579 2.016294729267898 -0.756680125633125
-0.002013281453162 -0.387072367362668 0.059467720722538 -0.108010983895254 0.562723490300943 0.109391822126070 -0.702901029235314 1.988140807995809 -0.753874439975988
-0.002553336372638 -0.384258749911163 0.060014679833168 -0.111525489041430 0.572664194340922 0.105622449926190 -0.692676064813144 1.959467723899877 -0.751068754307749
-0.003110963817846 -0.381395428939458 0.060542792082799 -0.114988869365496 0.582461532960421 0.101867106154652 -0.682269544774045 1.930275477040055 -0.748263068648392
-0.003685908164673 -0.378483121274656 0.061052127613573 -0.118400217089366 0.592112910345621 0.098125790811410 -0.671681469107538 1.900564067409682 -0.745457382982373
-0.004277909250120 -0.375522556722928 0.061542756567630 -0.121758624434904 0.601615730682670 0.094398503896498 -0.660911837803563 1.870333494968790 -0.742651697323016
-0.004886702372294 -0.372514478069515 0.062014749087112 -0.125063183623922 0.610967398157514 0.090685245409883 -0.649960650873915 1.839583759744023 -0.739846011654777
-0.005512018290414 -0.369459641078727 0.062468175314162 -0.128312986878291 0.620165316956234 0.086986015351609 -0.638827908315404 1.808314861748705 -0.737040325997640
-0.006153583224805 -0.366358814493946 0.062903105390920 -0.131507126419868 0.629206891264977 0.083300813721621 -0.627513610127400 1.776526800956191 -0.734234640331621
-0.006811118856905 -0.363212780037621 0.063319609459528 -0.134644694470505 0.638089525269758 0.079629640519963 -0.616017756313175 1.744219577393125 -0.731428954665603
-0.007484342329257 -0.360022332411272 0.063717757662128 -0.137724783252071 0.646810623156724 0.075972495746635 -0.604340346861620 1.711393191015098 -0.728623269008466
-0.008172966245518 -0.356788279295489 0.064097620140861 -0.140746484986379 0.655367589111799 0.072329379401592 -0.592481381791327 1.678047641890945 -0.725817583340227
-0.008876698670450 -0.353511441349930 0.064459267037869 -0.143708891895336 0.663757827321254 0.068700291484891 -0.580440861082732 1.644182929947391 -0.723011897680870
-0.009595243129926 -0.350192652213324 0.064802768495293 -0.146611096200750 0.671978741970991 0.065085231996487 -0.568218784751179 1.609799055237726 -0.720206212014851
-0.010328298610930 -0.346832758503469 0.065128194655276 -0.149452190124506 0.680027737247180 0.061484200936412 -0.555815152786171 1.574896017728644 -0.717400526355494
-0.011075559561552 -0.343432619817233 0.065435615659958 -0.152231265888436 0.687902217335823 0.057897198304635 -0.543229965195918 1.539473817457893 -0.714594840689475
-0.011836715890995 -0.339993108730554 0.065725101651481 -0.154947415714416 0.695599586423112 0.054324224101188 -0.530463221974087 1.503532454374401 -0.711789155025677
-0.012611452969567 -0.336515110798438 0.065996722771987 -0.157599731824287 0.703117248694984 0.050765278326059 -0.517514923121587 1.467071928522579 -0.708983469366320
-0.013399451628688 -0.332999524554963 0.066250549163617 -0.160187306439894 0.710452608337597 0.047220360979228 -0.504385068643837 1.430092239880221 -0.706177783700301
-0.014200388160888 -0.329447261513275 0.066486650968513 -0.162709231783114 0.717603069536998 0.043689472060726 -0.491073658532154 1.392593388447327 -0.703372098038724
-0.015013934319803 -0.325859246165590 0.066705098328817 -0.165164600075774 0.724566036479235 0.040172611570533 -0.477580692798896 1.354575374248324 -0.700566412372705
-0.015839757320182 -0.322236415983194 0.066905961386669 -0.167552503539769 0.731338913350477 0.036669779508669 -0.463906171425527 1.316038197232139 -0.697760726713348
-0.016677519837881 -0.318579721416442 0.067089310284213 -0.169872034396897 0.737919104336637 0.033180975875102 -0.450050094432802 1.276981857463166 -0.694955041049550
-0.017526880009865 -0.314890125894758 0.067255215163588 -0.172122284869061 0.744304013623953 0.029706200669855 -0.436012461804691 1.237406354883674 -0.692149355383531
-0.018387491434211 -0.311168605826639 0.067403746166938 -0.174302347178084 0.750491045398372 0.026245453892937 -0.421793273552157 1.197311689535852 -0.689343669726394
-0.019259003170101 -0.307416150599647 0.067534973436402 -0.176411313545845 0.756477603846051 0.022798735544305 -0.407392529663264 1.156697861386391 -0.686537984055935
-0.020141059737830 -0.303633762580417 0.067648967114124 -0.178448276194161 0.762261093152983 0.019366045624025 -0.392810230154528 1.115564870475261 -0.683732298398798
-0.021033301118801 -0.299822457114652 0.067745797342244 -0.180412327344934 0.767838917505359 0.015947384132031 -0.378046375009988 1.073912716755832 -0.680926612732780
-0.021935362755526 -0.295983262527125 0.067825534262904 -0.182302559219984 0.773208481089138 0.012542751068367 -0.363100964239776 1.031741400265851 -0.678120927068981
-0.022846875551626 -0.292117220121679 0.067888248018246 -0.184118064041183 0.778367188090467 0.009152146433022 -0.347973997833761 0.989050920972012 -0.675315241411845
-0.023767465871832 -0.288225384181227 0.067934008750411 -0.185857934030351 0.783312442695328 0.005775570225963 -0.332665475808042 0.945841278914283 -0.672509555741385
-0.024696755541983 -0.284308821967750 0.067962886601541 -0.187521261409392 0.788041649089899 0.002413022447256 -0.317175398147768 0.902112474066019 -0.669703870082028
-0.025634361849030 -0.280368613722301 0.067974951713777 -0.189107138400130 0.792552211460229 -0.000935496903154 -0.301503764859601 0.857864506424999 -0.666898184416009
-0.026579897541031 -0.276405852665000 0.067970274229261 -0.190614657224428 0.796841533992354 -0.004269987825234 -0.285650575940349 0.813097375993443 -0.664092498756652
-0.027532970827153 -0.272421644995038 0.067948924290135 -0.192042910104130 0.800907020872321 -0.007590450319017 -0.269615831393344 0.767811082797998 -0.661286813092854
-0.028493185377674 -0.268417109890676 0.067910972038540 -0.193390989261097 0.804746076286311 -0.010896884384481 -0.253399531217890 0.722005626796474 -0.658481127429056
-0.029460140323979 -0.264393379509245 0.067856487616618 -0.194657986917186 0.808356104420294 -0.014189290021627 -0.237001675412463 0.675681008019957 -0.655675441763037
-0.030433430258565 -0.260351598987143 0.067785541166510 -0.195842995294249 0.811734509460393 -0.017467667230442 -0.220422263977893 0.628837226457346 -0.652869756108121
-0.031412645235036 -0.256292926439841 0.067698202830357 -0.196945106614138 0.814878695592680 -0.020732016010983 -0.203661296911128 0.581474282097538 -0.650064070435441
-0.032397370768107 -0.252218532961878 0.067594542750302 -0.197963413098694 0.817786067003168 -0.023982336363160 -0.186718774223826 0.533592174979391 -0.647258384778304
-0.033387187833601 -0.248129602626862 0.067474631068487 -0.198897006969813 0.820454027878065 -0.027218628287051 -0.169594695896835 0.485190905042954 -0.644452699114506
-0.034381672868450 -0.244027332487472 0.067338537927051 -0.199744980449297 0.822879982403280 -0.030440891782624 -0.152289061946531 0.436270472342626 -0.641647013450708
-0.035380397770696 -0.239912932575455 0.067186333468138 -0.200506425759030 0.825061334764993 -0.033649126849877 -0.134801872367363 0.386830876856203 -0.638841327786910
-0.036382929899491 -0.235787625901630 0.067018087833889 -0.201180435120867 0.826995489149274 -0.036843333488812 -0.117133127155167 0.336872118570364 -0.636035642125332
-0.037388832075096 -0.231652648455884 0.066833871166445 -0.201766100756642 0.828679849742125 -0.040023511699439 -0.099282826318825 0.286394197518414 -0.633229956459314
-0.038397662578879 -0.227509249207173 0.066633753607948 -0.202262514888236 0.830111820729718 -0.043189661481735 -0.081250969846958 0.235397113659275 -0.630424270802177
-0.039408975153320 -0.223358690103525 0.066417805300539 -0.202668769737471 0.831288806298014 -0.046341782835746 -0.063037557753720 0.183880867036246 -0.627618585131717
-0.040422319002007 -0.219202246072035 0.066186096386360 -0.202983957526240 0.832208210633195 -0.049479875761405 -0.044642590023847 0.131845457611579 -0.624812899474581
-0.041437238789639 -0.215041205018869 0.065938697007553 -0.203207170476359 0.832867437921253 -0.052603940258777 -0.026066066668995 0.079290885408589 -0.622007213808562
-0.042453274642020 -0.210876867829262 0.065675677306259 -0.203337500809704 0.833263892348296 -0.055713976327820 -0.007307987685001 0.026217150423946 -0.619201528144764
-0.043469962146069 -0.206710548367521 0.065397107424620 -0.203374040748129 0.833394978100416 -0.058809983968544 0.011631646930632 -0.027375747353453 -0.616395842485407
-0.044486832349810 -0.202543573477019 0.065103057504777 -0.203315882513476 0.833258099363648 -0.061891963180971 0.030752837172909 -0.081487807913616 -0.613590156819388
-0.045503411762377 -0.198377282980201 0.064793597688873 -0.203162118327611 0.832850660324080 -0.064959913965068 0.050055583045716 -0.136119031257653 -0.610784471155590
-0.046519222354015 -0.194213029678580 0.064468798119047 -0.202911840412383 0.832170065167792 -0.068013836320846 0.069539884549052 -0.191269417395556 -0.607978785496233
-0.047533781556077 -0.190052179352741 0.064128728937443 -0.202564140989638 0.831213718080814 -0.071053730248327 0.089205741678478 -0.246938966297350 -0.605173099830214
-0.048546602261025 -0.185896110762337 0.063773460286201 -0.202118112281245 0.829979023249328 -0.074079595747478 0.109053154438432 -0.303127678009663 -0.602367414168636
-0.049557192822431 -0.181746215646090 0.063403062307464 -0.201572846509053 0.828463384859279 -0.077091432818321 0.129082122829194 -0.359835552494747 -0.599561728504838
-0.050565057054977 -0.177603898721794 0.063017605143372 -0.200927435894907 0.826664207096806 -0.080089241460846 0.149292646847154 -0.417062589763706 -0.596756042838820
-0.051569694234451 -0.173470577686310 0.062617158936068 -0.200180972660671 0.824578894147987 -0.083073021675040 0.169684726495922 -0.474808789825421 -0.593950357181683
-0.052570599097755 -0.169347683215570 0.062201793827693 -0.199332549028192 0.822204850198860 -0.086042773460948 0.190258361770779 -0.533074152664348 -0.591144671515664
-0.053567261842895 -0.165236658964576 0.061771579960388 -0.198381257219338 0.819539479435538 -0.088998496818526 0.211013552679773 -0.591858678298252 -0.588338985849646
-0.054559168128992 -0.161138961567398 0.061326587476296 -0.197326189455939 0.816580186044047 -0.091940191747775 0.231950299212358 -0.651162366702707 -0.585533300194729
-0.055545799076272 -0.157056060637178 0.060866886517557 -0.196166437959877 0.813324374210533 -0.094867858248748 0.253068601378525 -0.710985217913240 -0.582727614519829
-0.056526631266071 -0.152989438766125 0.060392547226313 -0.194901094952984 0.809769448120967 -0.097781496321347 0.274368459171614 -0.771327231887664 -0.579921928867133
-0.057501136740836 -0.148940591525520 0.059903639744706 -0.193529252657126 0.805912811961529 -0.100681105965683 0.295849872596066 -0.832188408663725 -0.577116243201115
-0.058468783004122 -0.144911027465713 0.059400234214878 -0.192050003294146 0.801751869918210 -0.103566687181689 0.317512841646883 -0.893568748219220 -0.574310557537316
-0.059429033020593 -0.140902268116122 0.058882400778969 -0.190462439085912 0.797284026177114 -0.106438239969375 0.339357366329063 -0.955468250556368 -0.571504871873518
-0.060381345216022 -0.136915847985236 0.058350209579123 -0.188765652254266 0.792506684924332 -0.109295764328743 0.361383446637886 -1.017886915684052 -0.568699186209720
-0.061325173477293 -0.132953314560614 0.057803730757479 -0.186958735021077 0.787417250345912 -0.112139260259791 0.383591082579737 -1.080824743593389 -0.565893500550363
-0.062259967152399 -0.129016228308885 0.057243034456180 -0.185040779608178 0.782013126627945 -0.114968727762543 0.405980274149065 -1.144281734293262 -0.563087814882124
-0.063185171050440 -0.125106162675745 0.056668190817367 -0.183010878237433 0.776291717956479 -0.117784166836954 0.428551021345314 -1.208257887774788 -0.560282129224987
-0.064100225441627 -0.121224704085963 0.056079269983182 -0.180868123130706 0.770250428517605 -0.120585577483079 0.451303324173757 -1.272753204042409 -0.557476443554528
-0.065004566057280 -0.117373451943375 0.055476342095767 -0.178611606509838 0.763886662497393 -0.123372959700851 0.474237182631621 -1.337767683096125 -0.554670757901832
-0.065897624089830 -0.113554018630888 0.054859477297263 -0.176240420596679 0.757197824081912 -0.126146313490361 0.497352596714462 -1.403301324933715 -0.551865072229152
-0.066778826192813 -0.109768029510478 0.054228745729811 -0.173753657613107 0.750181317457244 -0.128905638851506 0.520649566431164 -1.469354129557399 -0.549059386569795
-0.067647594480879 -0.106017122923192 0.053584217535553 -0.171150409780951 0.742834546809457 -0.131650935784355 0.544128091776175 -1.535926096964957 -0.546253700908217
-0.068503346529783 -0.102302950189145 0.052925962856632 -0.168429769322070 0.735154916324632 -0.134382204288896 0.567788172748385 -1.603017227158610 -0.543448015242198
-0.069345495376394 -0.098627175607522 0.052254051835187 -0.165590828458329 0.727139830188839 -0.137099444365107 0.591629809351124 -1.670627520142798 -0.540642329580621
-0.070173449518685 -0.094991476456577 0.051568554613362 -0.162632679411573 0.718786692588125 -0.139802656013011 0.615653001582173 -1.738756975904199 -0.537836643919043
-0.070986612915743 -0.091397542993637 0.050869541333297 -0.159554414403662 0.710092907708604 -0.142491839232606 0.639857749444861 -1.807405594460576 -0.535030958253024
-0.071784384987761 -0.087847078455094 0.050157082137133 -0.156355125656438 0.701055879736301 -0.145166994023871 0.664244052934748 -1.876573375789725 -0.532225272591447
-0.072566160616044 -0.084341799056412 0.049431247167014 -0.153033905391764 0.691673012857352 -0.147828120386828 0.688811912051834 -1.946260319916071 -0.529419586929869
-0.073331330143002 -0.080883433992125 0.048692106565080 -0.149589845831505 0.681941711257772 -0.150475218321477 0.713561326802781 -2.016466426819630 -0.526613901263850
-0.074079279372160 -0.077473725435837 0.047939730473473 -0.146022039197491 0.671859379123674 -0.153108287827797 0.738492297180926 -2.087191696513724 -0.523808215602273
-0.074809389568147 -0.074114428540218 0.047174189034334 -0.142329577711586 0.661423420641105 -0.155727328905808 0.763604823185160 -2.158436128991692 -0.521002529940695
-0.075521037456705 -0.070807311437013 0.046395552389805 -0.138511553595660 0.650631239996147 -0.158332341555512 0.788898904824364 -2.230199724251314 -0.518196844274676
-0.076213595224684 -0.067554155237032 0.045603890682027 -0.134567059071539 0.639480241374890 -0.160923325776885 0.814374542087437 -2.302482482305912 -0.515391158610878
-0.076886430520041 -0.064356754030158 0.044799274053143 -0.130495186361101 0.627967828963361 -0.163500281569939 0.840031734983260 -2.375284403135502 -0.512585472953742
-0.077538906451847 -0.061216914885341 0.043981772645293 -0.126295027686185 0.616091406947683 -0.166063208934708 0.865870483507392 -2.448605486753408 -0.509779787285503
-0.078170381590278 -0.058136457850602 0.043151456600619 -0.121965675268648 0.603848379513916 -0.168612107871136 0.891890787659833 -2.522445733159628 -0.506974101623925
-0.078780209966621 -0.055117215953033 0.042308396061264 -0.117506221330349 0.591236150848118 -0.171146978379255 0.918092647440583 -2.596805142349723 -0.504168415957906
-0.079367741073273 -0.052161035198792 0.041452661169367 -0.112915758093146 0.578252125136369 -0.173667820459045 0.944476062854083 -2.671683714325912 -0.501362730302990
-0.079932319863738 -0.049269774573110 0.040584322067072 -0.108193377778876 0.564893706564740 -0.176174634110560 0.971041033893671 -2.747081449083755 -0.498557044632530
-0.080473286752633 -0.046445306040287 0.039703448896519 -0.103338172609407 0.551158299319321 -0.178667419333722 0.997787560563790 -2.822998346634353 -0.495751358970953
-0.080989977615680 -0.043689514543690 0.038810111799851 -0.098349234806588 0.537043307586149 -0.181146176128577 1.024715642861107 -2.899434406962165 -0.492945673307155
-0.081481723789713 -0.041004298005759 0.037904380919208 -0.093225656592283 0.522546135551338 -0.183610904495113 1.051825280792285 -2.976389630080511 -0.490139987650018
-0.081947852072674 -0.038391567328003 0.036986326396732 -0.087966530188321 0.507664187400936 -0.186061604433363 1.079116474347330 -3.053864015980512 -0.487334301977338
-0.082387684723616 -0.035853246390998 0.036056018374566 -0.082570947816585 0.492394867321033 -0.188498275943250 1.106589223534016 -3.131857564671048 -0.484528616322422
-0.082800539462699 -0.033391272054393 0.035113526994849 -0.077038001698915 0.476735579497678 -0.190920919024862 1.134243528352341 -3.210370276143237 -0.481722930654183
-0.083185729471193 -0.031007594156904 0.034158922399725 -0.071366784057153 0.460683728116962 -0.193329533678133 1.162079388793424 -3.289402150399301 -0.478917244994825
-0.083542563391479 -0.028704175516319 0.033192274731334 -0.065556387113186 0.444236717364965 -0.195724119903107 1.190096804869478 -3.368953187450341 -0.476111559331027
-0.083870345327045 -0.026482991929495 0.032213654131819 -0.059605903088839 0.427391951427714 -0.198104677699762 1.218295776572731 -3.449023387269712 -0.473305873665009
-0.084168374842489 -0.024346032172356 0.031223130743320 -0.053514424205975 0.410146834491365 -0.200471207068087 1.246676303906513 -3.529612749888500 -0.470500188007872
-0.084435946963519 -0.022295297999899 0.030220774707980 -0.047281042686442 0.392498770741923 -0.202823708008126 1.275238386865274 -3.610721275291162 -0.467694502337412
-0.084672352176951 -0.020332804146190 0.029206656167939 -0.040904850752116 0.374445164365467 -0.205162180519813 1.303982025457895 -3.692348963471037 -0.464888816678055
-0.084876876430712 -0.018460578324362 0.028180845265340 -0.034384940624826 0.355983419548112 -0.207486624603204 1.332907219678825 -3.774495814445888 -0.462083131016477
-0.085048801133836 -0.016680661226622 0.027143412142324 -0.027720404526432 0.337110940475882 -0.209797040258286 1.362013969528064 -3.857161828204614 -0.459277445348238
-0.085187403156468 -0.014995106524242 0.026094426941032 -0.020910334678792 0.317825131334859 -0.212093427485027 1.391302275004502 -3.940347004736111 -0.456471759691102
-0.085291954829862 -0.013405980867568 0.025033959803607 -0.013953823303769 0.298123396311178 -0.214375786283483 1.420772136114801 -4.024051344071466 -0.453666074029524
-0.085361723946381 -0.011915363886012 0.023962080872190 -0.006849962623195 0.278003139590821 -0.216644116653630 1.450423552850078 -4.108274846181814 -0.450860388359065
-0.085395973759497 -0.010525348188058 0.022878860288922 0.000402155141055 0.257461765359912 -0.218898418595426 1.480256525216994 -4.193017511080477 -0.448054702701928
-0.085393962983792 -0.009238039361258 0.021784368195945 0.007803437767140 0.236496677804510 -0.221138692108935 1.510271053212220 -4.278279338758573 -0.445249017031468
-0.085354945794956 -0.008055555972236 0.020678674735400 0.015354793033201 0.215105281110717 -0.223364937194093 1.540467136836865 -4.364060329236086 -0.442443331376552
-0.085278171829790 -0.006980029566682 0.019561850049429 0.023057128717385 0.193284979464536 -0.225577153850975 1.570844776089819 -4.450360482477489 -0.439637645710533
-0.085162886186203 -0.006013604669360 0.018433964280175 0.030911352597834 0.171033177052149 -0.227775342079528 1.601403970973303 -4.537179798527191 -0.436831960048956
-0.085008329423214 -0.005158438784099 0.017295087569777 0.038918372452701 0.148347278059513 -0.229959501879773 1.632144721485096 -4.624518277347445 -0.434026274382937
-0.084813737560950 -0.004416702393801 0.016145290060378 0.047079096060126 0.125224686672776 -0.232129633251688 1.663067027626308 -4.712375918956013 -0.431220588719139
-0.084578342080650 -0.003790578960437 0.014984641894120 0.055394431198258 0.101662807077996 -0.234285736195283 1.694170889398050 -4.800752723357338 -0.428414903059782
-0.084301369924659 -0.003282264925048 0.013813213213143 0.063865285645248 0.077659043461209 -0.236427810710582 1.725456306796991 -4.889648690529214 -0.425609217395984
-0.083982043496432 -0.002893969707741 0.012631074159590 0.072492567179233 0.053210800008563 -0.238555856797562 1.756923279825351 -4.979063820502727 -0.422803531729965
-0.083619580660536 -0.002627915707699 0.011438294875602 0.081277183578360 0.028315480906049 -0.240669874456212 1.788571808484241 -5.068998113253453 -0.419997846072828
-0.083213194742644 -0.002486338303168 0.010234945503321 0.090220042620781 0.002970490339782 -0.242769863686576 1.820401892770329 -5.159451568785833 -0.417192160400148
-0.082762094529540 -0.002471485851470 0.009021096184888 0.099322052084633 -0.022826767504147 -0.244855824488577 1.852413532688058 -5.250424187108749 -0.414386474749673
-0.082265484269117 -0.002585619688990 0.007796817062446 0.108584119748073 -0.049078888439691 -0.246927756862325 1.884606728234095 -5.341915968222199 -0.411580789074772
-0.081722563670377 -0.002831014131189 0.006562178278134 0.118007153389244 -0.075788468280802 -0.248985660807699 1.916981479407331 -5.433926912108422 -0.408775103417636
-0.081132527903431 -0.003209956472593 0.005317249974095 0.127592060786280 -0.102958102841344 -0.251029536324787 1.949537786213318 -5.526457018791842 -0.405969417751617
-0.080494567599499 -0.003724746986799 0.004062102292472 0.137339749717347 -0.130590387935303 -0.253059383413545 1.982275648645393 -5.619506288252474 -0.403163732096701
-0.079807868850913 -0.004377698926476 0.002796805375404 0.147251127960574 -0.158687919376566 -0.255075202074029 2.015195066709108 -5.713074720501421 -0.400358046424021
-0.079071613211110 -0.005171138523359 0.001521429365034 0.157327103294119 -0.187253292979073 -0.257076992306149 2.015195066709108 -5.713074720501421 -0.400358046424021
-0.078284977694639 -0.006107404988254 0.000236044403503 -0.157327103294119 0.187253292979073 0.257076992306149 1.982275648645393 -5.619506288252474 -0.403163732096701
-0.079071613211110 -0.005171138523359 0.001521429365034 -0.147251127960574 0.158687919376566 0.255075202074029 1.949537786213318 -5.526457018791842 -0.405969417751617
-0.079807868850913 -0.004377698926476 0.002796805375404 -0.137339749717347 0.130590387935303 0.253059383413545 1.916981479407331 -5.433926912108422 -0.408775103417636
-0.080494567599499 -0.003724746986799 0.004062102292472 -0.127592060786280 0.102958102841344 0.251029536324787 1.884606728234095 -5.341915968222199 -0.411580789074772
-0.081132527903431 -0.003209956472593 0.005317249974095 -0.118007153389244 0.075788468280802 0.248985660807699 1.852413532688058 -5.250424187108749 -0.414386474749673
-0.081722563670377 -0.002831014131189 0.006562178278134 -0.108584119748073 0.049078888439691 0.246927756862325 1.820401892770329 -5.159451568785833 -0.417192160400148
-0.082265484269117 -0.002585619688990 0.007796817062446 -0.099322052084633 0.022826767504147 0.244855824488577 1.788571808484241 -5.068998113253453 -0.419997846072828
-0.082762094529540 -0.002471485851470 0.009021096184888 -0.090220042620781 -0.002970490339782 0.242769863686576 1.756923279825351 -4.979063820502727 -0.422803531729965
-0.083213194742644 -0.002486338303168 0.010234945503321 -0.081277183578360 -0.028315480906049 0.240669874456212 1.725456306796991 -4.889648690529214 -0.425609217395984
-0.083619580660536 -0.002627915707699 0.011438294875602 -0.072492567179233 -0.053210800008563 0.238555856797562 1.694170889398050 -4.800752723357338 -0.428414903059782
-0.083982043496432 -0.002893969707741 0.012631074159590 -0.063865285645248 -0.077659043461209 0.236427810710582 1.663067027626308 -4.712375918956013 -0.431220588719139
-0.084301369924659 -0.003282264925048 0.013813213213143 -0.055394431198258 -0.101662807077996 0.234285736195283 1.632144721485096 -4.624518277347445 -0.434026274382937
-0.084578342080650 -0.003790578960437 0.014984641894120 -0.047079096060126 -0.125224686672776 0.232129633251688 1.601403970973303 -4.537179798527191 -0.436831960048956
-0.084813737560950 -0.004416702393801 0.016145290060378 -0.038918372452701 -0.148347278059513 0.229959501879773 1.570844776089819 -4.450360482477489 -0.439637645710533
-0.085008329423214 -0.005158438784099 0.017295087569777 -0.030911352597834 -0.171033177052149 0.227775342079528 1.540467136836865 -4.364060329236086 -0.442443331376552
-0.085162886186203 -0.006013604669360 0.018433964280175 -0.023057128717385 -0.193284979464536 0.225577153850975 1.510271053212220 -4.278279338758573 -0.445249017031468
-0.085278171829790 -0.006980029566682 0.019561850049429 -0.015354793033201 -0.215105281110717 0.223364937194093 1.480256525216994 -4.193017511080477 -0.448054702701928
-0.085354945794956 -0.008055555972236 0.020678674735400 -0.007803437767140 -0.236496677804510 0.221138692108935 1.450423552850078 -4.108274846181814 -0.450860388359065
-0.085393962983792 -0.009238039361258 0.021784368195945 -0.000402155141055 -0.257461765359912 0.218898418595426 1.420772136114801 -4.024051344071466 -0.453666074029524
-0.085395973759497 -0.010525348188058 0.022878860288922 0.006849962623195 -0.278003139590821 0.216644116653630 1.391302275004502 -3.940347004736111 -0.456471759691102
-0.085361723946381 -0.011915363886012 0.023962080872190 0.013953823303769 -0.298123396311178 0.214375786283483 1.362013969528064 -3.857161828204614 -0.459277445348238
-0.085291954829862 -0.013405980867568 0.025033959803607 0.020910334678792 -0.317825131334859 0.212093427485027 1.332907219678825 -3.774495814445888 -0.462083131016477
-0.085187403156468 -0.014995106524242 0.026094426941032 0.027720404526432 -0.337110940475882 0.209797040258286 1.303982025457895 -3.692348963471037 -0.464888816678055
-0.085048801133836 -0.016680661226622 0.027143412142324 0.034384940624826 -0.355983419548112 0.207486624603204 1.275238386865274 -3.610721275291162 -0.467694502337412
-0.084876876430712 -0.018460578324362 0.028180845265340 0.040904850752116 -0.374445164365467 0.205162180519813 1.246676303906513 -3.529612749888500 -0.470500188007872
-0.084672352176951 -0.020332804146190 0.029206656167939 0.047281042686442 -0.392498770741923 0.202823708008126 1.218295776572731 -3.449023387269712 -0.473305873665009
-0.084435946963519 -0.022295297999899 0.030220774707980 0.053514424205975 -0.410146834491365 0.200471207068087 1.190096804869478 -3.368953187450341 -0.476111559331027
-0.084168374842489 -0.024346032172356 0.031223130743320 0.059605903088839 -0.427391951427714 0.198104677699762 1.162079388793424 -3.289402150399301 -0.478917244994825
-0.083870345327045 -0.026482991929495 0.032213654131819 0.065556387113186 -0.444236717364965 0.195724119903107 1.134243528352341 -3.210370276143237 -0.481722930654183
-0.083542563391479 -0.028704175516319 0.033192274731334 0.071366784057153 -0.460683728116962 0.193329533678133 1.106589223534016 -3.131857564671048 -0.484528616322422
-0.083185729471193 -0.031007594156904 0.034158922399725 0.077038001698915 -0.476735579497678 0.190920919024862 1.079116474347330 -3.053864015980512 -0.487334301977338
-0.082800539462699 -0.033391272054393 0.035113526994849 0.082570947816585 -0.492394867321033 0.188498275943250 1.051825280792285 -2.976389630080511 -0.490139987650018
-0.082387684723616 -0.035853246390998 0.036056018374566 0.087966530188321 -0.507664187400936 0.186061604433363 1.024715642861107 -2.899434406962165 -0.492945673307155
-0.081947852072674 -0.038391567328003 0.036986326396732 0.093225656592283 -0.522546135551338 0.183610904495113 0.997787560563790 -2.822998346634353 -0.495751358970953
-0.081481723789713 -0.041004298005759 0.037904380919208 0.098349234806588 -0.537043307586149 0.181146176128577 0.971041033893671 -2.747081449083755 -0.498557044632530
-0.080989977615680 -0.043689514543690 0.038810111799851 0.103338172609407 -0.551158299319321 0.178667419333722 0.944476062854083 -2.671683714325912 -0.501362730302990
-0.080473286752633 -0.046445306040287 0.039703448896519 0.108193377778876 -0.564893706564740 0.176174634110560 0.918092647440583 -2.596805142349723 -0.504168415957906
-0.079932319863738 -0.049269774573110 0.040584322067072 0.112915758093146 -0.578252125136369 0.173667820459045 0.891890787659833 -2.522445733159628 -0.506974101623925
-0.079367741073273 -0.052161035198792 0.041452661169367 0.117506221330349 -0.591236150848118 0.171146978379255 0.865870483507392 -2.448605486753408 -0.509779787285503
-0.078780209966621 -0.055117215953033 0.042308396061264 0.121965675268648 -0.603848379513916 0.168612107871136 0.840031734983260 -2.375284403135502 -0.512585472953742
-0.078170381590278 -0.058136457850602 0.043151456600619 0.126295027686185 -0.616091406947683 0.166063208934708 0.814374542087437 -2.302482482305912 -0.515391158610878
-0.077538906451847 -0.061216914885341 0.043981772645293 0.130495186361101 -0.627967828963361 0.163500281569939 0.788898904824364 -2.230199724251314 -0.518196844274676
-0.076886430520041 -0.064356754030158 0.044799274053143 0.134567059071539 -0.639480241374890 0.160923325776885 0.763604823185160 -2.158436128991692 -0.521002529940695
-0.076213595224684 -0.067554155237032 0.045603890682027 0.138511553595660 -0.650631239996147 0.158332341555512 0.738492297180926 -2.087191696513724 -0.523808215602273
-0.075521037456705 -0.070807311437013 0.046395552389805 0.142329577711586 -0.661423420641105 0.155727328905808 0.713561326802781 -2.016466426819630 -0.526613901263850
-0.074809389568147 -0.074114428540218 0.047174189034334 0.146022039197491 -0.671859379123674 0.153108287827797 0.688811912051834 -1.946260319916071 -0.529419586929869
-0.074079279372160 -0.077473725435837 0.047939730473473 0.149589845831505 -0.681941711257772 0.150475218321477 0.664244052934748 -1.876573375789725 -0.532225272591447
-0.073331330143002 -0.080883433992125 0.048692106565080 0.153033905391764 -0.691673012857352 0.147828120386828 0.639857749444861 -1.807405594460576 -0.535030958253024
-0.072566160616044 -0.084341799056412 0.049431247167014 0.156355125656438 -0.701055879736301 0.145166994023871 0.615653001582173 -1.738756975904199 -0.537836643919043
-0.071784384987761 -0.087847078455094 0.050157082137133 0.159554414403662 -0.710092907708604 0.142491839232606 0.591629809351124 -1.670627520142798 -0.540642329580621
-0.070986612915743 -0.091397542993637 0.050869541333297 0.162632679411573 -0.718786692588125 0.139802656013011 0.567788172748385 -1.603017227158610 -0.543448015242198
-0.070173449518685 -0.094991476456577 0.051568554613362 0.165590828458329 -0.727139830188839 0.137099444365107 0.544128091776175 -1.535926096964957 -0.546253700908217
-0.069345495376394 -0.098627175607522 0.052254051835187 0.168429769322070 -0.735154916324632 0.134382204288896 0.520649566431164 -1.469354129557399 -0.549059386569795
-0.068503346529783 -0.102302950189145 0.052925962856632 0.171150409780951 -0.742834546809457 0.131650935784355 0.497352596714462 -1.403301324933715 -0.551865072229152
-0.067647594480879 -0.106017122923192 0.053584217535553 0.173753657613107 -0.750181317457244 0.128905638851506 0.474237182631621 -1.337767683096125 -0.554670757901832
-0.066778826192813 -0.109768029510478 0.054228745729811 0.176240420596679 -0.757197824081912 0.126146313490361 0.451303324173757 -1.272753204042409 -0.557476443554528
-0.065897624089830 -0.113554018630888 0.054859477297263 0.178611606509838 -0.763886662497393 0.123372959700851 0.428551021345314 -1.208257887774788 -0.560282129224987
-0.065004566057280 -0.117373451943375 0.055476342095767 0.180868123130706 -0.770250428517605 0.120585577483079 0.405980274149065 -1.144281734293262 -0.563087814882124
-0.064100225441627 -0.121224704085963 0.056079269983182 0.183010878237433 -0.776291717956479 0.117784166836954 0.383591082579737 -1.080824743593389 -0.565893500550363
-0.063185171050440 -0.125106162675745 0.056668190817367 0.185040779608178 -0.782013126627945 0.114968727762543 0.361383446637886 -1.017886915684052 -0.568699186209720
-0.062259967152399 -0.129016228308885 0.057243034456180 0.186958735021077 -0.787417250345912 0.112139260259791 0.339357366329063 -0.955468250556368 -0.571504871873518
-0.061325173477293 -0.132953314560614 0.057803730757479 0.188765652254266 -0.792506684924332 0.109295764328743 0.317512841646883 -0.893568748219220 -0.574310557537316
-0.060381345216022 -0.136915847985236 0.058350209579123 0.190462439085912 -0.797284026177114 0.106438239969375 0.295849872596066 -0.832188408663725 -0.577116243201115
-0.059429033020593 -0.140902268116122 0.058882400778969 0.192050003294146 -0.801751869918210 0.103566687181689 0.274368459171614 -0.771327231887664 -0.579921928867133
-0.058468783004122 -0.144911027465713 0.059400234214878 0.193529252657126 -0.805912811961529 0.100681105965683 0.253068601378525 -0.710985217913240 -0.582727614519829
-0.057501136740836 -0.148940591525520 0.059903639744706 0.194901094952984 -0.809769448120967 0.097781496321347 0.231950299212358 -0.651162366702707 -0.585533300194729
-0.056526631266071 -0.152989438766125 0.060392547226313 0.196166437959877 -0.813324374210533 0.094867858248748 0.211013552679773 -0.591858678298252 -0.588338985849646
-0.055545799076272 -0.157056060637178 0.060866886517557 0.197326189455939 -0.816580186044047 0.091940191747775 0.190258361770779 -0.533074152664348 -0.591144671515664
-0.054559168128992 -0.161138961567398 0.061326587476296 0.198381257219338 -0.819539479435538 0.088998496818526 0.169684726495922 -0.474808789825421 -0.593950357181683
-0.053567261842895 -0.165236658964576 0.061771579960388 0.199332549028192 -0.822204850198860 0.086042773460948 0.149292646847154 -0.417062589763706 -0.596756042838820
-0.052570599097755 -0.169347683215570 0.062201793827693 0.200180972660671 -0.824578894147987 0.083073021675040 0.129082122829194 -0.359835552494747 -0.599561728504838
-0.051569694234451 -0.173470577686310 0.062617158936068 0.200927435894907 -0.826664207096806 0.080089241460846 0.109053154438432 -0.303127678009663 -0.602367414168636
-0.050565057054977 -0.177603898721794 0.063017605143372 0.201572846509053 -0.828463384859279 0.077091432818321 0.089205741678478 -0.246938966297350 -0.605173099830214
-0.049557192822431 -0.181746215646090 0.063403062307464 0.202118112281245 -0.829979023249328 0.074079595747478 0.069539884549052 -0.191269417395556 -0.607978785496233
-0.048546602261025 -0.185896110762337 0.063773460286201 0.202564140989638 -0.831213718080814 0.071053730248327 0.050055583045716 -0.136119031257653 -0.610784471155590
-0.047533781556077 -0.190052179352741 0.064128728937443 0.202911840412383 -0.832170065167792 0.068013836320846 0.030752837172909 -0.081487807913616 -0.613590156819388
-0.046519222354015 -0.194213029678580 0.064468798119047 0.203162118327611 -0.832850660324080 0.064959913965068 0.011631646930632 -0.027375747353453 -0.616395842485407
-0.045503411762377 -0.198377282980201 0.064793597688873 0.203315882513476 -0.833258099363648 0.061891963180971 -0.007307987685001 0.026217150423946 -0.619201528144764
-0.044486832349810 -0.202543573477019 0.065103057504777 0.203374040748129 -0.833394978100416 0.058809983968544 -0.026066066668995 0.079290885408589 -0.622007213808562
-0.043469962146069 -0.206710548367521 0.065397107424620 0.203337500809704 -0.833263892348296 0.055713976327820 -0.044642590023847 0.131845457611579 -0.624812899474581
-0.042453274642020 -0.210876867829262 0.065675677306259 0.203207170476359 -0.832867437921253 0.052603940258777 -0.063037557753720 0.183880867036246 -0.627618585131717
-0.041437238789639 -0.215041205018869 0.065938697007553 0.202983957526240 -0.832208210633195 0.049479875761405 -0.081250969846958 0.235397113659275 -0.630424270802177
-0.040422319002007 -0.219202246072035 0.066186096386360 0.202668769737471 -0.831288806298014 0.046341782835746 -0.099282826318825 0.286394197518414 -0.633229956459314
-0.039408975153320 -0.223358690103525 0.066417805300539 0.202262514888236 -0.830111820729718 0.043189661481735 -0.117133127155167 0.336872118570364 -0.636035642125332
-0.038397662578879 -0.227509249207173 0.066633753607948 0.201766100756642 -0.828679849742125 0.040023511699439 -0.134801872367363 0.386830876856203 -0.638841327786910
-0.037388832075096 -0.231652648455884 0.066833871166445 0.201180435120867 -0.826995489149274 0.036843333488812 -0.152289061946531 0.436270472342626 -0.641647013450708
-0.036382929899491 -0.235787625901630 0.067018087833889 0.200506425759030 -0.825061334764993 0.033649126849877 -0.169594695896835 0.485190905042954 -0.644452699114506
-0.035380397770696 -0.239912932575455 0.067186333468138 0.199744980449297 -0.822879982403280 0.030440891782624 -0.186718774223826 0.533592174979391 -0.647258384778304
-0.034381672868450 -0.244027332487472 0.067338537927051 0.198897006969813 -0.820454027878065 0.027218628287051 -0.203661296911128 0.581474282097538 -0.650064070435441
-0.033387187833601 -0.248129602626862 0.067474631068487 0.197963413098694 -0.817786067003168 0.023982336363160 -0.220422263977893 0.628837226457346 -0.652869756108121
-0.032397370768107 -0.252218532961878 0.067594542750302 0.196945106614138 -0.814878695592680 0.020732016010983 -0.237001675412463 0.675681008019957 -0.655675441763037
-0.031412645235036 -0.256292926439841 0.067698202830357 0.195842995294249 -0.811734509460393 0.017467667230442 -0.253399531217890 0.722005626796474 -0.658481127429056
-0.030433430258565 -0.260351598987143 0.067785541166510 0.194657986917186 -0.808356104420294 0.014189290021627 -0.269615831393344 0.767811082797998 -0.661286813092854
-0.029460140323979 -0.264393379509245 0.067856487616618 0.193390989261097 -0.804746076286311 0.010896884384481 -0.285650575940349 0.813097375993443 -0.664092498756652
-0.028493185377674 -0.268417109890676 0.067910972038540 0.192042910104130 -0.800907020872321 0.007590450319017 -0.301503764859601 0.857864506424999 -0.666898184416009
-0.027532970827153 -0.272421644995038 0.067948924290135 0.190614657224428 -0.796841533992354 0.004269987825234 -0.317175398147768 0.902112474066019 -0.669703870082028
-0.026579897541031 -0.276405852665000 0.067970274229261 0.189107138400130 -0.792552211460229 0.000935496903154 -0.332665475808042 0.945841278914283 -0.672509555741385
-0.025634361849030 -0.280368613722301 0.067974951713777 0.187521261409392 -0.788041649089899 -0.002413022447256 -0.347973997833761 0.989050920972012 -0.675315241411845
-0.024696755541983 -0.284308821967750 0.067962886601541 0.185857934030351 -0.783312442695328 -0.005775570225963 -0.363100964239776 1.031741400265851 -0.678120927068981
-0.023767465871832 -0.288225384181227 0.067934008750411 0.184118064041183 -0.778367188090467 -0.009152146433022 -0.378046375009988 1.073912716755832 -0.680926612732780
-0.022846875551626 -0.292117220121679 0.067888248018246 0.182302559219984 -0.773208481089138 -0.012542751068367 -0.392810230154528 1.115564870475261 -0.683732298398798
-0.021935362755526 -0.295983262527125 0.067825534262904 0.180412327344934 -0.767838917505359 -0.015947384132031 -0.407392529663264 1.156697861386391 -0.686537984055935
-0.021033301118801 -0.299822457114652 0.067745797342244 0.178448276194161 -0.762261093152983 -0.019366045624025 -0.421793273552157 1.197311689535852 -0.689343669726394
-0.020141059737830 -0.303633762580417 0.067648967114124 0.176411313545845 -0.756477603846051 -0.022798735544305 -0.436012461804691 1.237406354883674 -0.692149355383531
-0.019259003170101 -0.307416150599647 0.067534973436402 0.174302347178084 -0.750491045398372 -0.026245453892937 -0.450050094432802 1.276981857463166 -0.694955041049550
-0.018387491434211 -0.311168605826639 0.067403746166938 0.172122284869061 -0.744304013623953 -0.029706200669855 -0.463906171425527 1.316038197232139 -0.697760726713348
-0.017526880009865 -0.314890125894758 0.067255215163588 0.169872034396897 -0.737919104336637 -0.033180975875102 -0.477580692798896 1.354575374248324 -0.700566412372705
-0.016677519837881 -0.318579721416442 0.067089310284213 0.167552503539769 -0.731338913350477 -0.036669779508669 -0.491073658532154 1.392593388447327 -0.703372098038724
-0.015839757320182 -0.322236415983194 0.066905961386669 0.165164600075774 -0.724566036479235 -0.040172611570533 -0.504385068643837 1.430092239880221 -0.706177783700301
-0.015013934319803 -0.325859246165590 0.066705098328817 0.162709231783114 -0.717603069536998 -0.043689472060726 -0.517514923121587 1.467071928522579 -0.708983469366320
-0.014200388160888 -0.329447261513275 0.066486650968513 0.160187306439894 -0.710452608337597 -0.047220360979228 -0.530463221974087 1.503532454374401 -0.711789155025677
-0.013399451628688 -0.332999524554963 0.066250549163617 0.157599731824287 -0.703117248694984 -0.050765278326059 -0.543229965195918 1.539473817457893 -0.714594840689475
-0.012611452969567 -0.336515110798438 0.065996722771987 0.154947415714416 -0.695599586423112 -0.054324224101188 -0.555815152786171 1.574896017728644 -0.717400526355494
-0.011836715890995 -0.339993108730554 0.065725101651481 0.152231265888436 -0.687902217335823 -0.057897198304635 -0.568218784751179 1.609799055237726 -0.720206212014851
-0.011075559561552 -0.343432619817233 0.065435615659958 0.149452190124506 -0.680027737247180 -0.061484200936412 -0.580440861082732 1.644182929947391 -0.723011897680870
-0.010328298610930 -0.346832758503469 0.065128194655276 0.146611096200750 -0.671978741970991 -0.065085231996487 -0.592481381791327 1.678047641890945 -0.725817583340227
-0.009595243129926 -0.350192652213324 0.064802768495293 0.143708891895336 -0.663757827321254 -0.068700291484891 -0.604340346861620 1.711393191015098 -0.728623269008466
-0.008876698670450 -0.353511441349930 0.064459267037869 0.140746484986379 -0.655367589111799 -0.072329379401592 -0.616017756313175 1.744219577393125 -0.731428954665603
-0.008172966245518 -0.356788279295489 0.064097620140861 0.137724783252071 -0.646810623156724 -0.075972495746635 -0.627513610127400 1.776526800956191 -0.734234640331621
-0.007484342329257 -0.360022332411272 0.063717757662128 0.134644694470505 -0.638089525269758 -0.079629640519963 -0.638827908315404 1.808314861748705 -0.737040325997640
-0.006811118856905 -0.363212780037621 0.063319609459528 0.131507126419868 -0.629206891264977 -0.083300813721621 -0.649960650873915 1.839583759744023 -0.739846011654777
-0.006153583224805 -0.366358814493946 0.062903105390920 0.128312986878291 -0.620165316956234 -0.086986015351609 -0.660911837803563 1.870333494968790 -0.742651697323016
-0.005512018290414 -0.369459641078727 0.062468175314162 0.125063183623922 -0.610967398157514 -0.090685245409883 -0.671681469107538 1.900564067409682 -0.745457382982373
-0.004886702372294 -0.372514478069515 0.062014749087112 0.121758624434904 -0.601615730682670 -0.094398503896498 -0.682269544774045 1.930275477040055 -0.748263068648392
-0.004277909250120 -0.375522556722928 0.061542756567630 0.118400217089366 -0.592112910345621 -0.098125790811410 -0.692676064813144 1.959467723899877 -0.751068754307749
-0.003685908164673 -0.378483121274656 0.061052127613573 0.114988869365496 -0.582461532960421 -0.101867106154652 -0.702901029235314 1.988140807995809 -0.753874439975988
-0.003110963817846 -0.381395428939458 0.060542792082799 0.111525489041430 -0.572664194340922 -0.105622449926190 -0.712944438010579 2.016294729267898 -0.756680125633125
-0.002553336372638 -0.384258749911163 0.060014679833168 0.108010983895254 -0.562723490300943 -0.109391822126070 -0.722806291169331 2.043929487780538 -0.759485811301364
-0.002013281453162 -0.387072367362668 0.059467720722538 0.104446261705201 -0.552642016654603 -0.113175222754236 -0.732486588694292 2.071045083507084 -0.762291496962941
-0.001491050144636 -0.389835577445941 0.058901844608767 0.100832230249354 -0.542422369215700 -0.116972651810743 -0.741985330584352 2.097641516418669 -0.765097182624519
-0.000986888993389 -0.392547689292019 0.058316981349713 0.097169797305883 -0.532067143798165 -0.120784109295557 -0.751302516858732 2.123718786590789 -0.767902868288317
-0.000501040006860 -0.395208025011010 0.057713060803235 0.093459870652961 -0.521578936216072 -0.124609595208680 -0.760438147490022 2.149276893941288 -0.770708553949895
-0.000033740653595 -0.397815919692090 0.057090012827192 0.089703358068667 -0.510960342283118 -0.128449109550122 -0.769392222508200 2.174315838541219 -0.773514239615913
0.000414776136748 -0.400370721403506 0.056447767279441 0.085901167331217 -0.500213957813411 -0.132302652319871 -0.778164741875345 2.198835620303985 -0.776319925277491
0.000844281973404 -0.402871791192573 0.055786254017842 0.082054206218676 -0.489342378620705 -0.136170223517951 -0.786755705632983 2.222836239333947 -0.779125610941289
0.001254553004498 -0.405318503085677 0.055105402900252 0.078163382509300 -0.478348200519185 -0.140051823144338 -0.795165113747462 2.246317695535627 -0.781931296602867
0.001645369917044 -0.407710244088273 0.054405143784531 0.074229603981135 -0.467234019322516 -0.143947451199045 -0.803392966245467 2.269279988991180 -0.784736982266665
0.002016517936950 -0.410046414184885 0.053685406528535 0.070253778412397 -0.456002430844837 -0.147857107682059 -0.811439263105512 2.291723119638434 -0.787542667928243
0.002367786829012 -0.412326426339109 0.052946120990125 0.066236813581170 -0.444656030899881 -0.151780792593392 -0.819304004339022 2.313647087504034 -0.790348353596482
0.002698970896918 -0.414549706493609 0.052187217027158 0.062179617265642 -0.433197415301689 -0.155718505933033 -0.826987189939052 2.335051892570217 -0.793154039253618
0.003009868983246 -0.416715693570117 0.051408624497493 0.058083097243947 -0.421629179864169 -0.159670247701016 -0.834488819920452 2.355937534890273 -0.795959724919637
0.003300284469466 -0.418823839469438 0.050610273258988 0.053948161294252 -0.409953920401318 -0.163636017897284 -0.841808894259353 2.376304014377606 -0.798765410581215
0.003570025275937 -0.420873609071445 0.049792093169501 0.049775717194650 -0.398174232726867 -0.167615816521882 -0.848947412981568 2.396151331118812 -0.801571096247233
0.003818903861910 -0.422864480235079 0.048954014086892 0.045566672723353 -0.386292712654979 -0.171609643574788 -0.855904376061215 2.415479485038396 -0.804376781904370
0.004046737225527 -0.424795943798354 0.048095965869018 0.041321935658445 -0.374311955999385 -0.175617499056024 -0.862679783529899 2.434288476222957 -0.807182467574830
0.004253346903819 -0.426667503578351 0.047217878373738 0.037042413778139 -0.362234558574193 -0.179639382965546 -0.869273635348208 2.452578304559250 -0.809988153234187
0.004438558972710 -0.428478676371222 0.046319681458910 0.032729014860490 -0.350063116193078 -0.183675295303420 -0.875685931553613 2.470348970160519 -0.812793838893544
0.004602204047012 -0.430228991952187 0.045401304982393 0.028382646683749 -0.337800224670282 -0.187725236069591 -0.881916672122521 2.487600472951268 -0.815599524561783
0.004744117280431 -0.431917993075539 0.044462678802045 0.024004217025981 -0.325448479819479 -0.191789205264059 -0.887965857066311 2.504332812973686 -0.818405210223361
0.004864138365561 -0.433545235474636 0.043503732775725 0.019594633665368 -0.313010477454723 -0.195867202886868 -0.893833486372078 2.520545990185585 -0.821210895889379
0.004962111533888 -0.435110287861910 0.042524396761290 0.015154804380036 -0.300488813389854 -0.199959228937985 -0.899519560061818 2.536240004638035 -0.824016581546516
0.005037885555788 -0.436612731928859 0.041524600616601 0.010685636948176 -0.287886083438926 -0.204065283417432 -0.905024078106179 2.551414856275525 -0.826822267214755
0.005091313740529 -0.438052162346053 0.040504274199513 0.006188039147867 -0.275204883415736 -0.208185366325164 -0.910347040541312 2.566070545173549 -0.829627952874112
0.005122253936268 -0.439428186763132 0.039463347367888 0.001662918757336 -0.262447809134359 -0.212319477661238 -0.915488447330373 2.580207071243290 -0.832433638542351
0.005130568530055 -0.440740425808804 0.038401749979581 -0.002888816445371 -0.249617456408491 -0.216467617425609 -0.920448298494178 2.593824434535819 -0.835239324197268
0.005116124447828 -0.441988513090846 0.037319411892453 -0.007466258682022 -0.236716421052274 -0.220629785618320 -0.925226594035572 2.606922635062237 -0.838045009865507
0.005078793154418 -0.443172095196108 0.036216262964362 -0.012068500174493 -0.223747298879595 -0.224805982239307 -0.929823333945951 2.619501672804780 -0.840850695529305
0.005018450653545 -0.444290831690506 0.035092233053165 -0.016694633144671 -0.210712685704284 -0.228996207288634 -0.934238518214836 2.631561547712380 -0.843656381190883
0.004934977487822 -0.445344395119027 0.033947252016722 -0.021343749814401 -0.197615177340260 -0.233200460766281 -0.938472146871996 2.643102259898278 -0.846462066854681
0.004828258738750 -0.446332471005728 0.032781249712891 -0.026014942405475 -0.184457369601698 -0.237418742672235 -0.942524219893145 2.654123809275877 -0.849267752514038
0.004698184026723 -0.447254757853737 0.031594155999529 -0.030707303139835 -0.171241858302207 -0.241651053006509 -0.946394737271553 2.664626195827413 -0.852073438184497
0.004544647511024 -0.448110967145248 0.030385900734497 -0.035419924239301 -0.157971239255827 -0.245897391769079 -0.950083699045381 2.674609419663909 -0.854879123839414
0.004367547889827 -0.448900823341527 0.029156413775652 -0.040151897925659 -0.144648108276690 -0.250157758960001 -0.953591105171750 2.684073480663240 -0.857684809509873
0.004166788400199 -0.449624063882911 0.027905624980852 -0.044902316420885 -0.131275061178371 -0.254432154579198 -0.956916955680807 2.693018378912004 -0.860490495167010
0.003942276818094 -0.450280439188802 0.026633464207956 -0.049670271946744 -0.117854693775055 -0.258720578626748 -0.960061250548268 2.701444114334706 -0.863296180833029
0.003693925458361 -0.450869712657678 0.025339861314822 -0.054454856725148 -0.104389601880495 -0.263023031102583 -0.963023989801956 2.709350687029044 -0.866101866494606
0.003421651174735 -0.451391660667080 0.024024746159309 -0.059255162977890 -0.090882381308821 -0.267339512006748 -0.965805173408427 2.716738096872895 -0.868907552158404
0.003125375359845 -0.451846072573624 0.022688048599275 -0.064070282926899 -0.077335627873676 -0.271670021339221 -0.968404801391862 2.723606343957297 -0.871713237822203
0.002805023945211 -0.452232750712993 0.021329698492579 -0.068899308793942 -0.063751937389311 -0.276014559100013 -0.970822873761315 2.729955428293351 -0.874518923483780
0.002460527401241 -0.452551510399939 0.019949625697079 -0.073741332800901 -0.050133905669525 -0.280373125289124 -0.973059390479564 2.735785349787800 -0.877324609149799
0.002091820737237 -0.452802179928287 0.018547760070633 -0.078595447169707 -0.036484128528058 -0.284745719906543 -0.975114351585116 2.741096108538343 -0.880130294809156
0.001698843501388 -0.452984600570927 0.017124031471101 -0.083460744122105 -0.022805201779119 -0.289132342952292 -0.976987757054584 2.745887704485028 -0.882935980472954
0.001281539780778 -0.453098626579823 0.015678369756339 -0.088336315880031 -0.009099721236427 -0.293532994426338 -0.978679606882768 2.750160137616753 -0.885741666138973
0.000839858201377 -0.453144125186005 0.014210704784207 -0.093221254665304 0.004629717285998 -0.297947674328702 -0.980189901112274 2.753913408042319 -0.888547351800550
0.000373751928051 -0.453120976599575 0.012720966412564 -0.098114652699718 0.018380517974081 -0.302376382659397 -0.981518639672602 2.757147515577429 -0.891353037459908
-0.000116821335448 -0.453029074009704 0.011209084499267 -0.103015602205279 0.032150085014293 -0.306819119418400 -0.982665822647083 2.759862460446350 -0.894158723128147
-0.000631899346474 -0.452868323584633 0.009674988902175 -0.107923195403642 0.045935822592180 -0.311275884605700 -0.983631449959377 2.762058242429255 -0.896964408789724
-0.001171515323492 -0.452638644471672 0.008118609479146 -0.112836524516877 0.059735134894412 -0.315746678221340 -0.984415521659185 2.763734861688238 -0.899770094451302
-0.001735697946077 -0.452339968797200 0.006539876088040 -0.117754681766674 0.073545426106558 -0.320231500265289 -0.985018037715726 2.764892318105616 -0.902575780115100
