-0.005942453941269 -0.443324749252483 0.000000000000000 0.156185081791757 -0.117967007511610 0.439805455817749 -2.368948384157721 7.092338068031001 -1.311158070095297
-0.005161528532310 -0.443914584290041 0.002199027279089 0.144340339870968 -0.082505317171455 0.433249665467272 -2.334279268829570 6.987340406490183 -1.312402659212619
-0.004439826832955 -0.444327110875898 0.004365275606425 0.132668943526820 -0.047568615139004 0.426687652171209 -2.299561347366402 6.882225366522388 -1.313647248336602
-0.003776482115321 -0.444564953951593 0.006498713867281 0.121171136789988 -0.013157488306392 0.420119415929526 -2.264794619777233 6.776992948163141 -1.314891837453924
-0.003170626431371 -0.444630741393125 0.008599310946929 0.109847163691102 0.020727476434423 0.413544956742257 -2.229979086054018 6.671643151379136 -1.316136426570136
-0.002621390612916 -0.444527104010953 0.010667035730640 0.098697268260832 0.054085692191319 0.406964274609406 -2.195114746196114 6.566175976168154 -1.317381015695229
-0.002127904271612 -0.444256675549997 0.012701857103687 0.087721694529851 0.086916572072160 0.400377369530930 -2.160201600231987 6.460591422625672 -1.318625604814772
-0.001689295798962 -0.443822092689636 0.014703743951342 0.076920686528691 0.119219529185288 0.393784241506856 -2.125239648110183 6.354889490585158 -1.319870193933204
-0.001304692366319 -0.443225995043709 0.016672665158876 0.066294488288141 0.150993976638214 0.387184890537190 -2.090228889870954 6.249070180182059 -1.321114783048305
-0.000973219924878 -0.442471025160518 0.018608589611562 0.055843343838786 0.182239327539124 0.380579316621948 -2.055169325507547 6.143133491378627 -1.322359372177839
-0.000694003205684 -0.441559828522823 0.020511486194672 0.045567497211248 0.212954994996017 0.373967519761059 -2.020060955008687 6.037079424152658 -1.323603961286279
-0.000466165719628 -0.440495053547843 0.022381323793477 0.035467192436205 0.243140392116781 0.367349499954628 -1.984903778376561 5.930907978506372 -1.324848550414703
-0.000288829757447 -0.439279351587259 0.024218071293250 0.025542673544322 0.272794932009313 0.360725257202554 -1.949697795619112 5.824619154466415 -1.326093139530915
-0.000161116389725 -0.437915376927212 0.026021697579263 0.015794184566226 0.301918027781645 0.354094791504900 -1.914443006740471 5.718212952048329 -1.327337728651568
-0.000082145466894 -0.436405786788304 0.027792171536787 0.006221969532524 0.330509092541886 0.347458102861642 -1.879139411711285 5.611689371147754 -1.328582317770000
-0.000051035619232 -0.434753241325595 0.029529462051096 -0.003173727526033 0.358567539397625 0.340815191272792 -1.843787010575825 5.505048411924562 -1.329826906892873
-0.000066904256862 -0.432960403628606 0.031233538007460 -0.012392662578912 0.386092781457248 0.334166056738328 -1.808385803293774 5.398290074225542 -1.331071496006864
-0.000128867569756 -0.431029939721320 0.032904368291151 -0.021434591595381 0.413084231828376 0.327510699258293 -1.772935789891676 5.291414358161717 -1.332316085133067
-0.000236040527733 -0.428964518562178 0.034541921787443 -0.030299270544839 0.439541303619184 0.320849118832628 -1.737436970355583 5.184421263670913 -1.333560674245948
-0.000387536880457 -0.426766812044082 0.036146167381606 -0.038986455396617 0.465463409937539 0.314181315461398 -1.701889344690698 5.077310790768674 -1.334805263373262
-0.000582469157441 -0.424439494994395 0.037717073958913 -0.047495902120070 0.490849963891382 0.307507289144532 -1.666292912897889 4.970082939477205 -1.336049852486143
-0.000819948668041 -0.421985245174938 0.039254610404635 -0.055827366684560 0.515700378588768 0.300827039882101 -1.630647674973618 4.862737709760978 -1.337294441609016
-0.001099085501464 -0.419406743281994 0.040758745604046 -0.063980605059428 0.540014067137573 0.294140567674056 -1.594953630918508 4.755275101635537 -1.338539030729669
-0.001418988526761 -0.416706672946306 0.042229448442416 -0.071955373214020 0.563790442645751 0.287447872520408 -1.559210780741094 4.647695115125305 -1.339783619846990
-0.001778765392831 -0.413887720733077 0.043666687805018 -0.079751427117726 0.587028918221377 0.280748954421173 -1.523419124423234 4.539997750176994 -1.341028208970974
-0.002177522528420 -0.410952576141970 0.045070432577124 -0.087368522739842 0.609728906972262 0.274043813376318 -1.487578661981995 4.432183006837231 -1.342272798088295
-0.002614365142119 -0.407903931607109 0.046440651644006 -0.094806416049752 0.631889822006448 0.267332449385876 -1.451689393415015 4.324250885090475 -1.343517387204507
-0.003088397222367 -0.404744482497077 0.047777313890935 -0.102064863016827 0.653511076431901 0.260614862449854 -1.415751318711403 4.216201384938945 -1.344761976328490
-0.003598721537452 -0.401476927114917 0.049080388203184 -0.109143619610384 0.674592083356595 0.253891052568211 -1.379764437882369 4.108034506369318 -1.346006565442481
-0.004144439635504 -0.398103966698134 0.050349843466025 -0.116042441799796 0.695132255888442 0.247161019740999 -1.343728750916664 3.999750249383816 -1.347251154570905
-0.004724651844503 -0.394628305418692 0.051585648564730 -0.122761085554379 0.715131007135361 0.240424763968144 -1.307644257835733 3.891348614022405 -1.348495743686007
-0.005338457272274 -0.391052650383015 0.052787772384571 -0.129299306843558 0.734587750205473 0.233682285249714 -1.271510958610056 3.782829600220694 -1.349740332804439
-0.005984953806492 -0.387379711631988 0.053956183810820 -0.135656861636608 0.753501898206577 0.226933583585692 -1.235328853265927 3.674193208036414 -1.350984921928422
-0.006663238114675 -0.383612202140955 0.055090851728748 -0.141833505902938 0.771872864246759 0.220178658976050 -1.199097941782035 3.565439437411833 -1.352229511044634
-0.007372405644190 -0.379752837819721 0.056191745023628 -0.147828995611848 0.789700061433818 0.213417511420827 -1.162818224180878 3.456568288422446 -1.353474100165286
-0.008111550622249 -0.375804337512552 0.057258832580733 -0.153643086732752 0.806982902875930 0.206650140920001 -1.126489700436845 3.347579760983876 -1.354718689283718
-0.008879766055913 -0.371769422998173 0.058292083285333 -0.159275535234937 0.823720801680849 0.199876547473582 -1.090112370575808 3.238473855164958 -1.355963278403260
-0.009676143732088 -0.367650818989768 0.059291466022701 -0.164726097087816 0.839913170956674 0.193096731081566 -1.053686234575163 3.129250570927944 -1.357207867526133
-0.010499774217527 -0.363451253134985 0.060256949678108 -0.169994528260691 0.855559423811314 0.186310691743935 -1.017211292451209 3.019909908281715 -1.358452456644565
-0.011349746858830 -0.359173456015928 0.061188503136828 -0.175080584722948 0.870658973352723 0.179518429460712 -0.980687544194014 2.910451867232933 -1.359697045761887
-0.012225149782445 -0.354820161149165 0.062086095284132 -0.179984022443918 0.885211232688887 0.172719944231903 -0.944114989809841 2.800876447772715 -1.360941634884760
-0.013125069894664 -0.350394104985720 0.062949695005291 -0.184704597392967 0.899215614927751 0.165915236057479 -0.907493629294931 2.691183649907725 -1.362186224003192
-0.014048592881629 -0.345898026911082 0.063779271185578 -0.189242065539441 0.912671533177289 0.159104304937463 -0.870823462650955 2.581373473629078 -1.363430813122735
-0.014994803209327 -0.341334669245195 0.064574792710266 -0.193596182852696 0.925578400545435 0.152287150871849 -0.834104489877280 2.471445918952320 -1.364675402243387
-0.015962784123590 -0.336706777242468 0.065336228464625 -0.197766705302083 0.937935630140196 0.145463773860632 -0.797336710973290 2.361400985855244 -1.365919991359599
-0.016951617650100 -0.332017099091767 0.066063547333928 -0.201753388856949 0.949742635069473 0.138634173903834 -0.760520125939745 2.251238674357836 -1.367164580485802
-0.017960384594385 -0.327268385916420 0.066756718203447 -0.205555989486648 0.960998828441262 0.131798351001405 -0.723654734778867 2.140958984460095 -1.368409169600904
-0.018988164541818 -0.322463391774213 0.067415709958454 -0.209174263160542 0.971703623363562 0.124956305153401 -0.686740537485242 2.030561916135376 -1.369653758721556
-0.020034035857621 -0.317604873657396 0.068040491484221 -0.212607965847968 0.981856432944239 0.118108036359793 -0.649777534063173 1.920047469412545 -1.370898347838878
-0.021097075686861 -0.312695591492674 0.068631031666020 -0.215856853518284 0.991456670291302 0.111253544620599 -0.612765724512798 1.809415644291601 -1.372142936960641
-0.022176359954452 -0.307738308141218 0.069187299389123 -0.218920682140848 1.000503748512760 0.104392829935795 -0.575705108834257 1.698666440754781 -1.373387526083514
-0.023270963365157 -0.302735789398654 0.069709263538802 -0.221799207685019 1.008997080716534 0.097525892305378 -0.538595687020194 1.587799858797645 -1.374632115200836
-0.024379959403582 -0.297690803995071 0.070196893000329 -0.224492186120120 1.016936080010522 0.090652731729374 -0.501437459081155 1.476815898457939 -1.375876704318157
-0.025502420334182 -0.292606123595019 0.070650156658976 -0.226999373415526 1.024320159502812 0.083773348207783 -0.464230425011869 1.365714559680153 -1.377121293441030
-0.026637417201260 -0.287484522797505 0.071069023400015 -0.229320525540586 1.031148732301213 0.076887741740578 -0.426974584814277 1.254495842535341 -1.378365882558352
-0.027784019828963 -0.282328779135999 0.071453462108718 -0.231455398464657 1.037421211513889 0.069995912327786 -0.389669938485881 1.143159746939126 -1.379610471680115
-0.028941296821286 -0.277141673078429 0.071803441670357 -0.233403748157086 1.043137010248585 0.063097859969385 -0.352316486025295 1.031706272964783 -1.380855060796327
-0.030108315562072 -0.271925988027186 0.072118930970204 -0.235165330587213 1.048295541613409 0.056193584665404 -0.314914227439733 0.920135420565682 -1.382099649920310
-0.031284142215008 -0.266684510319119 0.072399898893531 -0.236739901724412 1.052896218716237 0.049283086415802 -0.277463162719482 0.808447189766248 -1.383344239039852
-0.032467841723630 -0.261420029225538 0.072646314325610 -0.238127217538009 1.056938454665068 0.042366365220603 -0.239963291875922 0.696641580562041 -1.384588828156064
-0.033658477811320 -0.256135336952213 0.072858146151713 -0.239327033997389 1.060421662567879 0.035443421079823 -0.202414614898783 0.584718592950839 -1.385833417281157
-0.034855112981307 -0.250833228639373 0.073035363257112 -0.240339107071882 1.063345255532633 0.028514253993417 -0.164817131792783 0.472678226918211 -1.387078006392928
-0.036056808516666 -0.245516502361710 0.073177934527079 -0.241163192730846 1.065708646667224 0.021578863961452 -0.127170842556257 0.360520482491911 -1.388322595521352
-0.037262624480320 -0.240187959128374 0.073285828846886 -0.241799046943628 1.067511249079683 0.014637250983845 -0.089475747191703 0.248245359648624 -1.389567184634233
-0.038471619715038 -0.234850402882976 0.073359015101806 -0.242246425679586 1.068752475877927 0.007689415060674 -0.051731845696901 0.135852858402785 -1.390811773757106
-0.039682851843436 -0.229506640503586 0.073397462177109 -0.242505084908071 1.069431740169940 0.000735356191889 -0.013939138073515 0.023342978751062 -1.392056362877758
-0.040895377267977 -0.224159481802736 0.073401138958068 -0.242574780598438 1.069548455063696 -0.006224925622500 0.023902375680396 -0.089284279313206 -1.393300951993970
-0.042108251170969 -0.218811739527418 0.073370014329956 -0.242455268720036 1.069102033667130 -0.013191430382470 0.061792695565110 -0.202028915785579 -1.394545541119063
-0.043320527514569 -0.213466229359082 0.073304057178043 -0.242146305242211 1.068091889088202 -0.020164158088065 0.099731821577020 -0.314890930662726 -1.395790130233054
-0.044531259040780 -0.208125769913641 0.073203236387603 -0.241647646134326 1.066517434434888 -0.027143108739230 0.137719753717791 -0.427870323944646 -1.397034719354817
-0.045739497271452 -0.202793182741467 0.073067520843907 -0.240959047365737 1.064378082815165 -0.034128282336005 0.175756491993251 -0.540967095650213 -1.398279308477690
-0.046944292508281 -0.197471292327391 0.072896879432227 -0.240080264905770 1.061673247336914 -0.041119678878393 0.213842036392298 -0.654181245740570 -1.399523897593902
-0.048144693832809 -0.192162926090706 0.072691281037835 -0.239011054723809 1.058402341108211 -0.048117298366362 0.251976386922981 -0.767512774251244 -1.400768486714554
-0.049339749106428 -0.186870914385165 0.072450694546003 -0.237751172789194 1.054564777236955 -0.055121140799935 0.290159543585577 -0.880961681173353 -1.402013075830766
-0.050528504970374 -0.181598090498980 0.072175088842004 -0.236300375071266 1.050159968831088 -0.062131206179089 0.328391506373982 -0.994527966495795 -1.403257664959190
-0.051710006845731 -0.176347290654825 0.071864432811108 -0.234658417539396 1.045187328998609 -0.069147494503885 0.366672275295965 -1.108211630229672 -1.404502254068740
-0.052883298933428 -0.171121354009832 0.071518695338589 -0.232825056162916 1.039646270847461 -0.076170005774229 0.405001850343201 -1.222012672374984 -1.405746843197164
-0.054047424214242 -0.165923122655595 0.071137845309718 -0.230800046911200 1.033536207485586 -0.083198739990215 0.443380231523183 -1.335931092913967 -1.406991432310045
-0.055201424448798 -0.160755441618167 0.070721851609766 -0.228583145753584 1.026856552021016 -0.090233697151765 0.481807418831470 -1.449966891877708 -1.408236021432918
-0.056344340177566 -0.155621158858062 0.070270683124008 -0.226174108659427 1.019606717561627 -0.097274877258929 0.520283412269729 -1.564120069241781 -1.409480610555791
-0.057475210720863 -0.150523125270254 0.069784308737713 -0.223572691598078 1.011786117215419 -0.104322280311708 0.558808211836292 -1.678390625010628 -1.410725199667562
-0.058593074178854 -0.145464194684176 0.069262697336154 -0.220778650538897 1.003394164090365 -0.111375906310046 0.597381817534215 -1.792778559193131 -1.411969788795986
-0.059696967431548 -0.140447223863725 0.068705817804604 -0.217791741451226 0.994430271294400 -0.118435755254026 0.636004229361276 -1.907283871782628 -1.413214377908867
-0.060785926138804 -0.135475072507253 0.068113639028334 -0.214611720304420 0.984893851935487 -0.125501827143570 0.674675447316919 -2.021906562774678 -1.414458967033960
-0.061858984740326 -0.130550603247575 0.067486129892616 -0.211238343067835 0.974784319121613 -0.132574121978740 0.713395471402811 -2.136646632175943 -1.415703556149062
-0.062915176455666 -0.125676681651967 0.066823259282723 -0.207671365710821 0.964101085960734 -0.139652639759485 0.752164301618952 -2.251504079999744 -1.416948145270824
-0.063953533284220 -0.120856176222163 0.066124996083925 -0.203910544202726 0.952843565560735 -0.146737380485840 0.790981937960900 -2.366478906199454 -1.418192734389256
-0.064973086005233 -0.116091958394360 0.065391309181496 -0.199955634512922 0.941011171029738 -0.153828344157786 0.829848380440312 -2.481571110846126 -1.419437323514350
-0.065972864177798 -0.111386902539211 0.064622167460707 -0.195806392610720 0.928603315475507 -0.160925530775358 0.868763629041647 -2.596780693868705 -1.420681912626121
-0.066951896140852 -0.106743885961834 0.063817539806830 -0.191462574465512 0.915619412006163 -0.168028940338488 0.907727683775450 -2.712107655311602 -1.421926501752324
-0.067909209013179 -0.102165788901803 0.062977395105138 -0.186923936046635 0.902058873729605 -0.175138572847250 0.946740544638391 -2.827551995170374 -1.423171090866315
-0.068843828693412 -0.097655494533155 0.062101702240901 -0.182190233323443 0.887921113753753 -0.182254428301581 0.985802211631581 -2.943113713420598 -1.424415679990299
-0.069754779860030 -0.093215888964386 0.061190430099394 -0.177261222265285 0.873205545186651 -0.189376506701533 1.024912684753354 -3.058792810091138 -1.425660269108731
-0.070641085971356 -0.088849861238453 0.060243547565886 -0.172136658841518 0.857911581136195 -0.196504808047077 1.064071964005375 -3.174589285159790 -1.426904858230493
-0.071501769265564 -0.084560303332772 0.059261023525651 -0.166816299021491 0.842038634710396 -0.203639332338229 1.103280049387645 -3.290503138646539 -1.428149447348925
-0.072335850760671 -0.080350110159220 0.058242826863959 -0.161299898774553 0.825586119017163 -0.210780079574974 1.142536940898498 -3.406534370535841 -1.429394036461806
-0.073142350254544 -0.076222179564134 0.057188926466085 -0.155587214070060 0.808553447164484 -0.217927049757283 1.181842638537933 -3.522682980832137 -1.430638625593561
-0.073920286324894 -0.072179412328311 0.056099291217298 -0.149678000877371 0.790940032260323 -0.225080242885251 1.221197142308172 -3.638948969535427 -1.431883214705332
-0.074668676329281 -0.068224712167010 0.054973890002872 -0.143572015165830 0.772745287412646 -0.232239658958777 1.260600452209215 -3.755332336654593 -1.433127803824874
-0.075386536405110 -0.064360985729947 0.053812691708078 -0.137269012904784 0.753968625729373 -0.239405297977902 1.300052568236620 -3.871833082165210 -1.434372392952188
-0.076072881469634 -0.060591142601300 0.052615665218188 -0.130768750063601 0.734609460318547 -0.246577159942662 1.339553490397050 -3.988451206105026 -1.435616982063959
-0.076726725219952 -0.056918095299707 0.051382779418475 -0.124070982611615 0.714667204288022 -0.253755244852982 1.379103218684397 -4.105186708431852 -1.436861571184611
-0.077347080133010 -0.053344759278267 0.050114003194210 -0.117175466518193 0.694141270745863 -0.260939552708905 1.418701753101992 -4.222039589185655 -1.438106160306374
-0.077932957465601 -0.049874052924538 0.048809305430666 -0.110081957752683 0.673031072799934 -0.268130083510437 1.458349093650946 -4.339009848328690 -1.439350749425916
-0.078483367254364 -0.046508897560538 0.047468655013114 -0.102790212284429 0.651336023558291 -0.275326837257567 1.498045240327373 -4.456097485894261 -1.440595338547679
-0.078997318315787 -0.043252217442746 0.046092020826826 -0.095299986082792 0.629055536128820 -0.282529813950305 1.537790193132382 -4.573302501862386 -1.441839927663890
-0.079473818246201 -0.040106939762102 0.044679371757074 -0.087611035117130 0.606189023619508 -0.289739013588625 1.577583952070971 -4.690624896235285 -1.443084516784543
-0.079911873421786 -0.037075994644005 0.043230676689131 -0.079723115356775 0.582735899138331 -0.296954436172547 1.617426517134812 -4.808064669019618 -1.444329105904085
-0.080310488998570 -0.034162315148313 0.041745904508268 -0.071635982771101 0.558695575793233 -0.304176081702068 1.657317888331122 -4.925621820210946 -1.445573695022517
-0.080668668912426 -0.031368837269347 0.040225024099758 -0.063349393329445 0.534067466692179 -0.311403950177180 1.697258065655460 -5.043296349811488 -1.446818284146500
-0.080985415879073 -0.028698499935886 0.038668004348872 -0.054863103001168 0.508850984943121 -0.318638041597913 1.737247049110047 -5.161088257814583 -1.448062873262712
-0.081259731394079 -0.026154245011171 0.037074814140882 -0.046176867755618 0.483045543654048 -0.325878355964226 1.777284838693216 -5.278997544235775 -1.449307462383365
-0.081490615732857 -0.023739017292900 0.035445422361061 -0.037290443562152 0.456650555932869 -0.333124893276143 1.817371434408299 -5.397024209050638 -1.450552051504017
-0.081677067950667 -0.021455764513236 0.033779797894681 -0.028203586390110 0.429665434887616 -0.340377653533663 1.857506836250300 -5.515168252288039 -1.451796640625780
-0.081818085882618 -0.019307437338798 0.032077909627012 -0.018916052208859 0.402089593626176 -0.347636636736792 1.897691044223104 -5.633429673921331 -1.453041229737551
-0.081912666143662 -0.017296989370667 0.030339726443328 -0.009427596987743 0.373922445256569 -0.354901842885480 1.937924058325047 -5.751808473970499 -1.454285818865975
-0.081959804128601 -0.015427377144384 0.028565217228901 0.000262023303882 0.345163402886717 -0.362173271979810 1.978205878556683 -5.870304652420000 -1.455530407978856
-0.081958494012082 -0.013701560129951 0.026754350869002 0.010153052696665 0.315811879624617 -0.369450924019704 2.018536504919122 -5.988918209289817 -1.456774997103949
-0.081907728748598 -0.012122500731827 0.024907096248903 0.020245735221261 0.285867288578168 -0.376734799005224 2.058915937408479 -6.107649144551086 -1.458019586219050
-0.081806500072492 -0.010693164288937 0.023023422253877 0.030540314908303 0.255329042855412 -0.384024896936319 2.099344176030860 -6.226497458232672 -1.459264175341923
-0.081653798497950 -0.009416519074660 0.021103297769196 0.041037035788458 0.224196555564249 -0.391321217813029 2.139821220779048 -6.345463150319031 -1.460508764461466
-0.081448613319008 -0.008295536296838 0.019146691680131 0.051736141892353 0.192469239812654 -0.398623761635336 2.180347071658595 -6.464546220805722 -1.461753353584339
-0.081189932609546 -0.007333190097775 0.017153572871954 0.062637877250646 0.160146508708625 -0.405932528403258 2.220921728668945 -6.583746669712731 -1.462997942697220
-0.080876743223293 -0.006532457554232 0.015123910229938 0.073742485893991 0.127227775360061 -0.413247518116744 2.261545191806769 -6.703064497017852 -1.464242531815652
-0.080508030793823 -0.005896318677432 0.013057672639354 0.085050211853024 0.093712452874972 -0.420568730775822 2.302217461075395 -6.822499702738849 -1.465487120944076
-0.080082779734558 -0.005427756413057 0.010954828985475 0.096561299158401 0.059599954361278 -0.427896166380543 2.342938536472605 -6.942052286855738 -1.466731710061397
-0.079599973238766 -0.005129756641250 0.008815348153572 0.108275991840764 0.024889692926999 -0.435229824930849 2.383708418000063 -7.061722249395164 -1.467976299175389
-0.079058593279562 -0.005005308176615 0.006639199028918 0.120194533930765 -0.010418918319977 -0.442569706426726 2.424527105657215 -7.181509590332702 -1.469220888302702
-0.078457620609908 -0.005057402768215 0.004426350496784 0.132317169459051 -0.046326466271640 -0.449915810868240 2.465394599444060 -7.301414309679455 -1.470465477414473
-0.077796034762613 -0.005289035099573 0.002176771442443 0.144644142456271 -0.082833537820037 -0.457268138255312 2.465394599444060 -7.301414309679455 -1.470465477414473
-0.077072814050332 -0.005703202788674 -0.000109569248834 -0.144644142456271 0.082833537820037 0.457268138255312 2.424527105657215 -7.181509590332702 -1.469220888302702
-0.077796034762613 -0.005289035099573 0.002176771442443 -0.132317169459051 0.046326466271640 0.449915810868240 2.383708418000063 -7.061722249395164 -1.467976299175389
-0.078457620609908 -0.005057402768215 0.004426350496784 -0.120194533930765 0.010418918319977 0.442569706426726 2.342938536472605 -6.942052286855738 -1.466731710061397
-0.079058593279562 -0.005005308176615 0.006639199028918 -0.108275991840764 -0.024889692926999 0.435229824930849 2.302217461075395 -6.822499702738849 -1.465487120944076
-0.079599973238766 -0.005129756641250 0.008815348153572 -0.096561299158401 -0.059599954361278 0.427896166380543 2.261545191806769 -6.703064497017852 -1.464242531815652
-0.080082779734558 -0.005427756413057 0.010954828985475 -0.085050211853024 -0.093712452874972 0.420568730775822 2.220921728668945 -6.583746669712731 -1.462997942697220
-0.080508030793823 -0.005896318677432 0.013057672639354 -0.073742485893991 -0.127227775360061 0.413247518116744 2.180347071658595 -6.464546220805722 -1.461753353584339
-0.080876743223293 -0.006532457554232 0.015123910229938 -0.062637877250646 -0.160146508708625 0.405932528403258 2.139821220779048 -6.345463150319031 -1.460508764461466
-0.081189932609546 -0.007333190097775 0.017153572871954 -0.051736141892353 -0.192469239812654 0.398623761635336 2.099344176030860 -6.226497458232672 -1.459264175341923
-0.081448613319008 -0.008295536296838 0.019146691680131 -0.041037035788458 -0.224196555564249 0.391321217813029 2.058915937408479 -6.107649144551086 -1.458019586219050
-0.081653798497950 -0.009416519074660 0.021103297769196 -0.030540314908303 -0.255329042855412 0.384024896936319 2.018536504919122 -5.988918209289817 -1.456774997103949
-0.081806500072492 -0.010693164288937 0.023023422253877 -0.020245735221261 -0.285867288578168 0.376734799005224 1.978205878556683 -5.870304652420000 -1.455530407978856
-0.081907728748598 -0.012122500731827 0.024907096248903 -0.010153052696665 -0.315811879624617 0.369450924019704 1.937924058325047 -5.751808473970499 -1.454285818865975
-0.081958494012082 -0.013701560129951 0.026754350869002 -0.000262023303882 -0.345163402886717 0.362173271979810 1.897691044223104 -5.633429673921331 -1.453041229737551
-0.081959804128601 -0.015427377144384 0.028565217228901 0.009427596987743 -0.373922445256569 0.354901842885480 1.857506836250300 -5.515168252288039 -1.451796640625780
-0.081912666143662 -0.017296989370667 0.030339726443328 0.018916052208859 -0.402089593626176 0.347636636736792 1.817371434408299 -5.397024209050638 -1.450552051504017
-0.081818085882618 -0.019307437338798 0.032077909627012 0.028203586390110 -0.429665434887616 0.340377653533663 1.777284838693216 -5.278997544235775 -1.449307462383365
-0.081677067950667 -0.021455764513236 0.033779797894681 0.037290443562152 -0.456650555932869 0.333124893276143 1.737247049110047 -5.161088257814583 -1.448062873262712
-0.081490615732857 -0.023739017292900 0.035445422361061 0.046176867755618 -0.483045543654048 0.325878355964226 1.697258065655460 -5.043296349811488 -1.446818284146500
-0.081259731394079 -0.026154245011171 0.037074814140882 0.054863103001168 -0.508850984943121 0.318638041597913 1.657317888331122 -4.925621820210946 -1.445573695022517
-0.080985415879073 -0.028698499935886 0.038668004348872 0.063349393329445 -0.534067466692179 0.311403950177180 1.617426517134812 -4.808064669019618 -1.444329105904085
-0.080668668912426 -0.031368837269347 0.040225024099758 0.071635982771101 -0.558695575793233 0.304176081702068 1.577583952070971 -4.690624896235285 -1.443084516784543
-0.080310488998570 -0.034162315148313 0.041745904508268 0.079723115356775 -0.582735899138331 0.296954436172547 1.537790193132382 -4.573302501862386 -1.441839927663890
-0.079911873421786 -0.037075994644005 0.043230676689131 0.087611035117130 -0.606189023619508 0.289739013588625 1.498045240327373 -4.456097485894261 -1.440595338547679
-0.079473818246201 -0.040106939762102 0.044679371757074 0.095299986082792 -0.629055536128820 0.282529813950305 1.458349093650946 -4.339009848328690 -1.439350749425916
-0.078997318315787 -0.043252217442746 0.046092020826826 0.102790212284429 -0.651336023558291 0.275326837257567 1.418701753101992 -4.222039589185655 -1.438106160306374
-0.078483367254364 -0.046508897560538 0.047468655013114 0.110081957752683 -0.673031072799934 0.268130083510437 1.379103218684397 -4.105186708431852 -1.436861571184611
-0.077932957465601 -0.049874052924538 0.048809305430666 0.117175466518193 -0.694141270745863 0.260939552708905 1.339553490397050 -3.988451206105026 -1.435616982063959
-0.077347080133010 -0.053344759278267 0.050114003194210 0.124070982611615 -0.714667204288022 0.253755244852982 1.300052568236620 -3.871833082165210 -1.434372392952188
-0.076726725219952 -0.056918095299707 0.051382779418475 0.130768750063601 -0.734609460318547 0.246577159942662 1.260600452209215 -3.755332336654593 -1.433127803824874
-0.076072881469634 -0.060591142601300 0.052615665218188 0.137269012904784 -0.753968625729373 0.239405297977902 1.221197142308172 -3.638948969535427 -1.431883214705332
-0.075386536405110 -0.064360985729947 0.053812691708078 0.143572015165830 -0.772745287412646 0.232239658958777 1.181842638537933 -3.522682980832137 -1.430638625593561
-0.074668676329281 -0.068224712167010 0.054973890002872 0.149678000877371 -0.790940032260323 0.225080242885251 1.142536940898498 -3.406534370535841 -1.429394036461806
-0.073920286324894 -0.072179412328311 0.056099291217298 0.155587214070060 -0.808553447164484 0.217927049757283 1.103280049387645 -3.290503138646539 -1.428149447348925
-0.073142350254544 -0.076222179564134 0.057188926466085 0.161299898774553 -0.825586119017163 0.210780079574974 1.064071964005375 -3.174589285159790 -1.426904858230493
-0.072335850760671 -0.080350110159220 0.058242826863959 0.166816299021491 -0.842038634710396 0.203639332338229 1.024912684753354 -3.058792810091138 -1.425660269108731
-0.071501769265564 -0.084560303332772 0.059261023525651 0.172136658841518 -0.857911581136195 0.196504808047077 0.985802211631581 -2.943113713420598 -1.424415679990299
-0.070641085971356 -0.088849861238453 0.060243547565886 0.177261222265285 -0.873205545186651 0.189376506701533 0.946740544638391 -2.827551995170374 -1.423171090866315
-0.069754779860030 -0.093215888964386 0.061190430099394 0.182190233323443 -0.887921113753753 0.182254428301581 0.907727683775450 -2.712107655311602 -1.421926501752324
-0.068843828693412 -0.097655494533155 0.062101702240901 0.186923936046635 -0.902058873729605 0.175138572847250 0.868763629041647 -2.596780693868705 -1.420681912626121
-0.067909209013179 -0.102165788901803 0.062977395105138 0.191462574465512 -0.915619412006163 0.168028940338488 0.829848380440312 -2.481571110846126 -1.419437323514350
-0.066951896140852 -0.106743885961834 0.063817539806830 0.195806392610720 -0.928603315475507 0.160925530775358 0.790981937960900 -2.366478906199454 -1.418192734389256
-0.065972864177798 -0.111386902539211 0.064622167460707 0.199955634512922 -0.941011171029738 0.153828344157786 0.752164301618952 -2.251504079999744 -1.416948145270824
-0.064973086005233 -0.116091958394360 0.065391309181496 0.203910544202726 -0.952843565560735 0.146737380485840 0.713395471402811 -2.136646632175943 -1.415703556149062
-0.063953533284220 -0.120856176222163 0.066124996083925 0.207671365710821 -0.964101085960734 0.139652639759485 0.674675447316919 -2.021906562774678 -1.414458967033960
-0.062915176455666 -0.125676681651967 0.066823259282723 0.211238343067835 -0.974784319121613 0.132574121978740 0.636004229361276 -1.907283871782628 -1.413214377908867
-0.061858984740326 -0.130550603247575 0.067486129892616 0.214611720304420 -0.984893851935487 0.125501827143570 0.597381817534215 -1.792778559193131 -1.411969788795986
-0.060785926138804 -0.135475072507253 0.068113639028334 0.217791741451226 -0.994430271294400 0.118435755254026 0.558808211836292 -1.678390625010628 -1.410725199667562
-0.059696967431548 -0.140447223863725 0.068705817804604 0.220778650538897 -1.003394164090365 0.111375906310046 0.520283412269729 -1.564120069241781 -1.409480610555791
-0.058593074178854 -0.145464194684176 0.069262697336154 0.223572691598078 -1.011786117215419 0.104322280311708 0.481807418831470 -1.449966891877708 -1.408236021432918
-0.057475210720863 -0.150523125270254 0.069784308737713 0.226174108659427 -1.019606717561627 0.097274877258929 0.443380231523183 -1.335931092913967 -1.406991432310045
-0.056344340177566 -0.155621158858062 0.070270683124008 0.228583145753584 -1.026856552021016 0.090233697151765 0.405001850343201 -1.222012672374984 -1.405746843197164
-0.055201424448798 -0.160755441618167 0.070721851609766 0.230800046911200 -1.033536207485586 0.083198739990215 0.366672275295965 -1.108211630229672 -1.404502254068740
-0.054047424214242 -0.165923122655595 0.071137845309718 0.232825056162916 -1.039646270847461 0.076170005774229 0.328391506373982 -0.994527966495795 -1.403257664959190
-0.052883298933428 -0.171121354009832 0.071518695338589 0.234658417539396 -1.045187328998609 0.069147494503885 0.290159543585577 -0.880961681173353 -1.402013075830766
-0.051710006845731 -0.176347290654825 0.071864432811108 0.236300375071266 -1.050159968831088 0.062131206179089 0.251976386922981 -0.767512774251244 -1.400768486714554
-0.050528504970374 -0.181598090498980 0.072175088842004 0.237751172789194 -1.054564777236955 0.055121140799935 0.213842036392298 -0.654181245740570 -1.399523897593902
-0.049339749106428 -0.186870914385165 0.072450694546003 0.239011054723809 -1.058402341108211 0.048117298366362 0.175756491993251 -0.540967095650213 -1.398279308477690
-0.048144693832809 -0.192162926090706 0.072691281037835 0.240080264905770 -1.061673247336914 0.041119678878393 0.137719753717791 -0.427870323944646 -1.397034719354817
-0.046944292508281 -0.197471292327391 0.072896879432227 0.240959047365737 -1.064378082815165 0.034128282336005 0.099731821577020 -0.314890930662726 -1.395790130233054
-0.045739497271452 -0.202793182741467 0.073067520843907 0.241647646134326 -1.066517434434888 0.027143108739230 0.061792695565110 -0.202028915785579 -1.394545541119063
-0.044531259040780 -0.208125769913641 0.073203236387603 0.242146305242211 -1.068091889088202 0.020164158088065 0.023902375680396 -0.089284279313206 -1.393300951993970
-0.043320527514569 -0.213466229359082 0.073304057178043 0.242455268720036 -1.069102033667130 0.013191430382470 -0.013939138073515 0.023342978751062 -1.392056362877758
-0.042108251170969 -0.218811739527418 0.073370014329956 0.242574780598438 -1.069548455063696 0.006224925622500 -0.051731845696901 0.135852858402785 -1.390811773757106
-0.040895377267977 -0.224159481802736 0.073401138958068 0.242505084908071 -1.069431740169940 -0.000735356191889 -0.089475747191703 0.248245359648624 -1.389567184634233
-0.039682851843436 -0.229506640503586 0.073397462177109 0.242246425679586 -1.068752475877927 -0.007689415060674 -0.127170842556257 0.360520482491911 -1.388322595521352
-0.038471619715038 -0.234850402882976 0.073359015101806 0.241799046943628 -1.067511249079683 -0.014637250983845 -0.164817131792783 0.472678226918211 -1.387078006392928
-0.037262624480320 -0.240187959128374 0.073285828846886 0.241163192730846 -1.065708646667224 -0.021578863961452 -0.202414614898783 0.584718592950839 -1.385833417281157
-0.036056808516666 -0.245516502361710 0.073177934527079 0.240339107071882 -1.063345255532633 -0.028514253993417 -0.239963291875922 0.696641580562041 -1.384588828156064
-0.034855112981307 -0.250833228639373 0.073035363257112 0.239327033997389 -1.060421662567879 -0.035443421079823 -0.277463162719482 0.808447189766248 -1.383344239039852
-0.033658477811320 -0.256135336952213 0.072858146151713 0.238127217538009 -1.056938454665068 -0.042366365220603 -0.314914227439733 0.920135420565682 -1.382099649920310
-0.032467841723630 -0.261420029225538 0.072646314325610 0.236739901724412 -1.052896218716237 -0.049283086415802 -0.352316486025295 1.031706272964783 -1.380855060796327
-0.031284142215008 -0.266684510319119 0.072399898893531 0.235165330587213 -1.048295541613409 -0.056193584665404 -0.389669938485881 1.143159746939126 -1.379610471680115
-0.030108315562072 -0.271925988027186 0.072118930970204 0.233403748157086 -1.043137010248585 -0.063097859969385 -0.426974584814277 1.254495842535341 -1.378365882558352
-0.028941296821286 -0.277141673078429 0.071803441670357 0.231455398464657 -1.037421211513889 -0.069995912327786 -0.464230425011869 1.365714559680153 -1.377121293441030
-0.027784019828963 -0.282328779135999 0.071453462108718 0.229320525540586 -1.031148732301213 -0.076887741740578 -0.501437459081155 1.476815898457939 -1.375876704318157
-0.026637417201260 -0.287484522797505 0.071069023400015 0.226999373415526 -1.024320159502812 -0.083773348207783 -0.538595687020194 1.587799858797645 -1.374632115200836
-0.025502420334182 -0.292606123595019 0.070650156658976 0.224492186120120 -1.016936080010522 -0.090652731729374 -0.575705108834257 1.698666440754781 -1.373387526083514
-0.024379959403582 -0.297690803995071 0.070196893000329 0.221799207685019 -1.008997080716534 -0.097525892305378 -0.612765724512798 1.809415644291601 -1.372142936960641
-0.023270963365157 -0.302735789398654 0.069709263538802 0.218920682140848 -1.000503748512760 -0.104392829935795 -0.649777534063173 1.920047469412545 -1.370898347838878
-0.022176359954452 -0.307738308141218 0.069187299389123 0.215856853518284 -0.991456670291302 -0.111253544620599 -0.686740537485242 2.030561916135376 -1.369653758721556
-0.021097075686861 -0.312695591492674 0.068631031666020 0.212607965847968 -0.981856432944239 -0.118108036359793 -0.723654734778867 2.140958984460095 -1.368409169600904
-0.020034035857621 -0.317604873657396 0.068040491484221 0.209174263160542 -0.971703623363562 -0.124956305153401 -0.760520125939745 2.251238674357836 -1.367164580485802
-0.018988164541818 -0.322463391774213 0.067415709958454 0.205555989486648 -0.960998828441262 -0.131798351001405 -0.797336710973290 2.361400985855244 -1.365919991359599
-0.017960384594385 -0.327268385916420 0.066756718203447 0.201753388856949 -0.949742635069473 -0.138634173903834 -0.834104489877280 2.471445918952320 -1.364675402243387
-0.016951617650100 -0.332017099091767 0.066063547333928 0.197766705302083 -0.937935630140196 -0.145463773860632 -0.870823462650955 2.581373473629078 -1.363430813122735
-0.015962784123590 -0.336706777242468 0.065336228464625 0.193596182852696 -0.925578400545435 -0.152287150871849 -0.907493629294931 2.691183649907725 -1.362186224003192
-0.014994803209327 -0.341334669245195 0.064574792710266 0.189242065539441 -0.912671533177289 -0.159104304937463 -0.944114989809841 2.800876447772715 -1.360941634884760
-0.014048592881629 -0.345898026911082 0.063779271185578 0.184704597392967 -0.899215614927751 -0.165915236057479 -0.980687544194014 2.910451867232933 -1.359697045761887
-0.013125069894664 -0.350394104985720 0.062949695005291 0.179984022443918 -0.885211232688887 -0.172719944231903 -1.017211292451209 3.019909908281715 -1.358452456644565
-0.012225149782445 -0.354820161149165 0.062086095284132 0.175080584722948 -0.870658973352723 -0.179518429460712 -1.053686234575163 3.129250570927944 -1.357207867526133
-0.011349746858830 -0.359173456015928 0.061188503136828 0.169994528260691 -0.855559423811314 -0.186310691743935 -1.090112370575808 3.238473855164958 -1.355963278403260
-0.010499774217527 -0.363451253134985 0.060256949678108 0.164726097087816 -0.839913170956674 -0.193096731081566 -1.126489700436845 3.347579760983876 -1.354718689283718
-0.009676143732088 -0.367650818989768 0.059291466022701 0.159275535234937 -0.823720801680849 -0.199876547473582 -1.162818224180878 3.456568288422446 -1.353474100165286
-0.008879766055913 -0.371769422998173 0.058292083285333 0.153643086732752 -0.806982902875930 -0.206650140920001 -1.199097941782035 3.565439437411833 -1.352229511044634
-0.008111550622249 -0.375804337512552 0.057258832580733 0.147828995611848 -0.789700061433818 -0.213417511420827 -1.235328853265927 3.674193208036414 -1.350984921928422
-0.007372405644190 -0.379752837819721 0.056191745023628 0.141833505902938 -0.771872864246759 -0.220178658976050 -1.271510958610056 3.782829600220694 -1.349740332804439
-0.006663238114675 -0.383612202140955 0.055090851728748 0.135656861636608 -0.753501898206577 -0.226933583585692 -1.307644257835733 3.891348614022405 -1.348495743686007
-0.005984953806492 -0.387379711631988 0.053956183810820 0.129299306843558 -0.734587750205473 -0.233682285249714 -1.343728750916664 3.999750249383816 -1.347251154570905
-0.005338457272274 -0.391052650383015 0.052787772384571 0.122761085554379 -0.715131007135361 -0.240424763968144 -1.379764437882369 4.108034506369318 -1.346006565442481
-0.004724651844503 -0.394628305418692 0.051585648564730 0.116042441799796 -0.695132255888442 -0.247161019740999 -1.415751318711403 4.216201384938945 -1.344761976328490
-0.004144439635504 -0.398103966698134 0.050349843466025 0.109143619610384 -0.674592083356595 -0.253891052568211 -1.451689393415015 4.324250885090475 -1.343517387204507
-0.003598721537452 -0.401476927114917 0.049080388203184 0.102064863016827 -0.653511076431901 -0.260614862449854 -1.487578661981995 4.432183006837231 -1.342272798088295
-0.003088397222367 -0.404744482497077 0.047777313890935 0.094806416049752 -0.631889822006448 -0.267332449385876 -1.523419124423234 4.539997750176994 -1.341028208970974
-0.002614365142119 -0.407903931607109 0.046440651644006 0.087368522739842 -0.609728906972262 -0.274043813376318 -1.559210780741094 4.647695115125305 -1.339783619846990
-0.002177522528420 -0.410952576141970 0.045070432577124 0.079751427117726 -0.587028918221377 -0.280748954421173 -1.594953630918508 4.755275101635537 -1.338539030729669
-0.001778765392831 -0.413887720733077 0.043666687805018 0.071955373214020 -0.563790442645751 -0.287447872520408 -1.630647674973618 4.862737709760978 -1.337294441609016
-0.001418988526761 -0.416706672946306 0.042229448442416 0.063980605059428 -0.540014067137573 -0.294140567674056 -1.666292912897889 4.970082939477205 -1.336049852486143
-0.001099085501464 -0.419406743281994 0.040758745604046 0.055827366684560 -0.515700378588768 -0.300827039882101 -1.701889344690698 5.077310790768674 -1.334805263373262
-0.000819948668041 -0.421985245174938 0.039254610404635 0.047495902120070 -0.490849963891382 -0.307507289144532 -1.737436970355583 5.184421263670913 -1.333560674245948
-0.000582469157441 -0.424439494994395 0.037717073958913 0.038986455396617 -0.465463409937539 -0.314181315461398 -1.772935789891676 5.291414358161717 -1.332316085133067
-0.000387536880457 -0.426766812044082 0.036146167381606 0.030299270544839 -0.439541303619184 -0.320849118832628 -1.808385803293774 5.398290074225542 -1.331071496006864
-0.000236040527733 -0.428964518562178 0.034541921787443 0.021434591595381 -0.413084231828376 -0.327510699258293 -1.843787010575825 5.505048411924562 -1.329826906892873
-0.000128867569756 -0.431029939721320 0.032904368291151 0.012392662578912 -0.386092781457248 -0.334166056738328 -1.879139411711285 5.611689371147754 -1.328582317770000
-0.000066904256862 -0.432960403628606 0.031233538007460 0.003173727526033 -0.358567539397625 -0.340815191272792 -1.914443006740471 5.718212952048329 -1.327337728651568
-0.000051035619232 -0.434753241325595 0.029529462051096 -0.006221969532524 -0.330509092541886 -0.347458102861642 -1.949697795619112 5.824619154466415 -1.326093139530915
-0.000082145466894 -0.436405786788304 0.027792171536787 -0.015794184566226 -0.301918027781645 -0.354094791504900 -1.984903778376561 5.930907978506372 -1.324848550414703
-0.000161116389725 -0.437915376927212 0.026021697579263 -0.025542673544322 -0.272794932009313 -0.360725257202554 -2.020060955008687 6.037079424152658 -1.323603961286279
-0.000288829757447 -0.439279351587259 0.024218071293250 -0.035467192436205 -0.243140392116781 -0.367349499954628 -2.055169325507547 6.143133491378627 -1.322359372177839
-0.000466165719628 -0.440495053547843 0.022381323793477 -0.045567497211248 -0.212954994996017 -0.373967519761059 -2.090228889870954 6.249070180182059 -1.321114783048305
-0.000694003205684 -0.441559828522823 0.020511486194672 -0.055843343838786 -0.182239327539124 -0.380579316621948 -2.125239648110183 6.354889490585158 -1.319870193933204
-0.000973219924878 -0.442471025160518 0.018608589611562 -0.066294488288141 -0.150993976638214 -0.387184890537190 -2.160201600231987 6.460591422625672 -1.318625604814772
-0.001304692366319 -0.443225995043709 0.016672665158876 -0.076920686528691 -0.119219529185288 -0.393784241506856 -2.195114746196114 6.566175976168154 -1.317381015695229
-0.001689295798962 -0.443822092689636 0.014703743951342 -0.087721694529851 -0.086916572072160 -0.400377369530930 -2.229979086054018 6.671643151379136 -1.316136426570136
-0.002127904271612 -0.444256675549997 0.012701857103687 -0.098697268260832 -0.054085692191319 -0.406964274609406 -2.264794619777233 6.776992948163141 -1.314891837453924
-0.002621390612916 -0.444527104010953 0.010667035730640 -0.109847163691102 -0.020727476434423 -0.413544956742257 -2.299561347366402 6.882225366522388 -1.313647248336602
-0.003170626431371 -0.444630741393125 0.008599310946929 -0.121171136789988 0.013157488306392 -0.420119415929526 -2.334279268829570 6.987340406490183 -1.312402659212619
