0.015953614810651 -0.445763844436012 0.000000000000000 0.163263580900055 -0.056424671305455 0.514510246938049 -5.681806911864151 15.610636192044947 -1.659703335974427
0.016769932715151 -0.446045967792539 0.002572551234690 0.134854546340735 0.021628509654770 0.506211730258177 -5.511742398747743 15.143387782410311 -1.681025534598923
0.017444205446855 -0.445937825244265 0.005103609885981 0.107295834346996 0.097345448566821 0.497806602585182 -5.343217313691223 14.680368916610842 -1.702347733210097
0.017980684618590 -0.445451098001431 0.007592642898907 0.080579747778540 0.170747293149875 0.489294863919132 -5.176231656704721 14.221579594659861 -1.723669931830152
0.018383583357482 -0.444597361535682 0.010039117218503 0.054698589495016 0.241855191123175 0.480676514259981 -5.010785427783659 13.767019816564030 -1.744992130454648
0.018657076304957 -0.443388085580066 0.012442499789803 0.029644662356098 0.310690290205995 0.471951553607708 -4.846878626921930 13.316689582310026 -1.766314329065821
0.018805299616738 -0.441834634129036 0.014802257557841 0.005410269221488 0.377273738117545 0.463119981962379 -4.684511254132024 12.870588891906731 -1.787636527690317
0.018832350962845 -0.439948265438448 0.017117857467653 -0.018012287049172 0.441626682577079 0.454181799323927 -4.523683309402282 12.428717745345264 -1.808958726310372
0.018742289527599 -0.437740132025563 0.019388766464273 -0.040630703596183 0.503770271303805 0.445137005692375 -4.364394792737563 11.991076142634505 -1.830280924925987
0.018539136009618 -0.435221280669044 0.021614451492735 -0.062452677559871 0.563725652016978 0.435985601067745 -4.206645704140505 11.557664083770014 -1.851603123546042
0.018226872621819 -0.432402652408959 0.023794379498073 -0.083485906080574 0.621513972435828 0.426727585450015 -4.050436043610827 11.128481568765114 -1.872925322161656
0.017809443091416 -0.429295082546780 0.025928017425323 -0.103738086298628 0.677156380279653 0.417362958839207 -3.895765811144092 10.703528597604262 -1.894247520786152
0.017290752659923 -0.425909300645381 0.028014832219519 -0.123216915354348 0.730674023267674 0.407891721235276 -3.742635006737660 10.282805170269693 -1.915569719401766
0.016674668083151 -0.422255930529043 0.030054290825696 -0.141930090388036 0.782088049119023 0.398313872638267 -3.591043630401663 9.866311286805818 -1.936891918021821
0.015965017631211 -0.418345490283448 0.032045860188887 -0.159885308540045 0.831419605553052 0.388629413048158 -3.440991682130967 9.454046947188210 -1.958214116637436
0.015165591088511 -0.414188392255682 0.033989007254128 -0.177090266950700 0.878689840288993 0.378838342464971 -3.292479161925637 9.046012151414651 -1.979536315261932
0.014280139753757 -0.409794943054238 0.035883198966453 -0.193552662760328 0.923919901046066 0.368940660888661 -3.145506069779508 8.642206899474036 -2.000858513877546
0.013312376439956 -0.405175343549007 0.037727902270896 -0.209280193109225 0.967130935543437 0.358936368319274 -3.000072405705478 8.242631191404115 -2.022180712497601
0.012265975474410 -0.400339688871290 0.039522584112492 -0.224280555137753 1.008344091500457 0.348825464756786 -2.856178169692924 7.847285027176021 -2.043502911117656
0.011144572698721 -0.395297968413788 0.041266711436276 -0.238561445986217 1.047580516636337 0.338607950201197 -2.713823361748946 7.456168406789754 -2.064825109733270
0.009951765468790 -0.390060065830606 0.042959751187282 -0.252130562794962 1.084861358670286 0.328283824652531 -2.573007981867892 7.069281330260857 -2.086147308357766
0.008691112654815 -0.384635759037255 0.044601170310545 -0.264995602704302 1.120207765321590 0.317853088110742 -2.433732030049096 6.686623797560465 -2.107469506968940
0.007366134641294 -0.379034720210647 0.046190435751099 -0.277164262854547 1.153640884309393 0.307315740575898 -2.295995506300519 6.308195808730765 -2.128791705588995
0.005980313327021 -0.373266515789100 0.047727014453978 -0.288644240386050 1.185181863353046 0.296671782047953 -2.159798410615388 5.933997363738452 -2.150113904213491
0.004537092125091 -0.367340606472334 0.049210373364218 -0.299443232439127 1.214851850171739 0.285921212526885 -2.025140742990605 5.564028462585746 -2.171436102833546
0.003039875962895 -0.361266347221476 0.050639979426852 -0.309568936154080 1.242671992484667 0.275064032012717 -1.892022503439739 5.198289105301512 -2.192758301444719
0.001492031282125 -0.355052987259052 0.052015299586916 -0.319029048671278 1.268663438011175 0.264100240505494 -1.760443691949598 4.836779291854665 -2.214080500069215
-0.000103113961232 -0.348709670068997 0.053335800789443 -0.327831267131026 1.292847334470448 0.253029838005148 -1.630404308521349 4.479499022238542 -2.235402698684830
-0.001742270296887 -0.342245433396644 0.054600949979469 -0.335983288673633 1.315244829581641 0.241852824511724 -1.501904353163053 4.126448296499774 -2.256724897304885
-0.003422186740255 -0.335669209248736 0.055810214102028 -0.343492810439448 1.335877071064140 0.230569200025199 -1.374943825868113 3.777627114593951 -2.278047095929381
-0.005139650792452 -0.328989823893415 0.056963060102154 -0.350367529568789 1.354765206637110 0.219178964545552 -1.249522726638752 3.433035476529955 -2.299369294540554
-0.006891488440296 -0.322215997860230 0.058058954924882 -0.356615143201983 1.371930384019759 0.207682118072849 -1.125641055473026 3.092673382323330 -2.320691493160609
-0.008674564156306 -0.315356345940131 0.059097365515246 -0.362243348479348 1.387393750931376 0.196078660607046 -1.003298812375930 2.756540831971854 -2.342013691780664
-0.010485780898703 -0.308419377185474 0.060077758818281 -0.367259842541227 1.401176455091235 0.184368592148143 -0.882495997341082 2.424637825448883 -2.363335890400720
-0.012322080111409 -0.301413494910018 0.060999601779022 -0.371672322527933 1.413299644218480 0.172551912696139 -0.763232610368758 2.096964362785503 -2.384658089020775
-0.014180441724049 -0.294346996688926 0.061862361342502 -0.375488485579777 1.423784466032407 0.160628622251036 -0.645508651470339 1.773520443975052 -2.405980287636389
-0.016057884151948 -0.287228074358764 0.062665504453758 -0.378716028837128 1.432652068252283 0.148598720812854 -0.529324120625840 1.454306068993105 -2.427302486260885
-0.017951464296133 -0.280064814017502 0.063408498057822 -0.381362649440257 1.439923598597248 0.136462208381549 -0.414679017856634 1.139321237881852 -2.448624684867617
-0.019858277543335 -0.272865196024516 0.064090809099730 -0.383436044529541 1.445620204786657 0.124219084957211 -0.301573343146344 0.828565950603544 -2.469946883500995
-0.021775457765982 -0.265637095000583 0.064711904524516 -0.384943911245272 1.449763034539675 0.111869350539706 -0.190007096501354 0.522040207173724 -2.491269082112169
-0.023700177322209 -0.258388279827884 0.065271251277214 -0.385893946727779 1.452373235575544 0.099413005129145 -0.079980277925829 0.219744007602385 -2.512591280732224
-0.025629647055848 -0.251126413650007 0.065768316302860 -0.386293848117408 1.453471955613556 0.086850048725484 0.028507112587728 -0.078322648128237 -2.533913479352279
-0.027561116296435 -0.243859053871939 0.066202566546487 -0.386151312554470 1.453080342372914 0.074180481328723 0.135455075035984 -0.372159760012591 -2.555235677972334
-0.029491872859207 -0.236593652160074 0.066573468953131 -0.385474037179290 1.451219543572851 0.061404302938861 0.240863609419772 -0.661767328049567 -2.576557876587948
-0.031419243045103 -0.229337554442210 0.066880490467825 -0.384269719132191 1.447910706932604 0.048521513555921 0.344732715736873 -0.947145352232504 -2.597880075208003
-0.033340591640764 -0.222098000907547 0.067123098035605 -0.382546055553507 1.443174980171441 0.035532113179881 0.447062393988396 -1.228293832571392 -2.619202273828058
-0.035253321918532 -0.214882126006690 0.067300758601504 -0.380310743583565 1.437033511008584 0.022436101810741 0.547852644177949 -1.505212769066233 -2.640524472448114
-0.037154875636450 -0.207696958451647 0.067412939110558 -0.377571480362675 1.429507447163253 0.009233479448501 0.647103466298038 -1.777902161704814 -2.661846671059287
-0.039042733038263 -0.200549421215831 0.067459106507801 -0.374335963031185 1.420617936354729 -0.004075753906796 0.744814860354770 -2.046362010501568 -2.683168869688224
-0.040914412853419 -0.193446331534057 0.067438727738267 -0.370611888729411 1.410386126302221 -0.017491598255237 0.840986826348145 -2.310592315448723 -2.704491068303838
-0.042767472297066 -0.186394400902546 0.067351269746990 -0.366406954597670 1.398833164724977 -0.031014053596756 0.935619364275941 -2.570593076549610 -2.725813266919452
-0.044599507070054 -0.179400235078921 0.067196199479007 -0.361728857776290 1.385980199342229 -0.044643119931354 1.028712474134830 -2.826364293802008 -2.747135465543948
-0.046408151358936 -0.172470334082210 0.066972983879350 -0.356585295405616 1.371848377873219 -0.058378797259073 1.120266155932026 -3.077905967197037 -2.768457664159563
-0.048191077835964 -0.165611092192844 0.066681089893054 -0.350983964625956 1.356458848037234 -0.072221085579871 1.210280409664755 -3.325218096768001 -2.789779862775177
-0.049945997659094 -0.158828797952657 0.066319984465155 -0.344932562577632 1.339832757553394 -0.086169984893747 1.298755235329963 -3.568300682463832 -2.811102061399673
-0.051670660471982 -0.152129634164891 0.065889134540686 -0.338438786400982 1.321991254141075 -0.100225495200745 1.385690632931813 -3.807153724331158 -2.832424260015287
-0.053362854403987 -0.145519677894185 0.065388007064683 -0.331510333236323 1.302955485519419 -0.114387616500822 1.471086602467531 -4.041777222338894 -2.853746458639783
-0.055020406070168 -0.139004900466588 0.064816068982179 -0.324154900223986 1.282746599407725 -0.128656348794021 1.554943143937670 -4.272171176509243 -2.875068657250957
-0.056641180571288 -0.132591167469549 0.064172787238208 -0.316380184504297 1.261385743525179 -0.143031692080275 1.637260257342787 -4.498335586817781 -2.896390855875453
-0.058223081493810 -0.126284238751924 0.063457628777807 -0.308193883217583 1.238894065591090 -0.157513646359653 1.718037942684547 -4.720270453291153 -2.917713054491067
-0.059764050909898 -0.120089768423968 0.062670060546009 -0.299603693504161 1.215292713324634 -0.172102211632108 1.797276199958231 -4.937975775909376 -2.939035253111122
-0.061262069377419 -0.114013304857345 0.061809549487848 -0.290617312504370 1.190602834445087 -0.186797387897664 1.874975029172166 -5.151451554690212 -2.960357451731177
-0.062715155939940 -0.108060290685119 0.060875562548360 -0.281242437358509 1.164845576671636 -0.201599175156320 1.951134430313584 -5.360697789609237 -2.981679650346791
-0.064121368126733 -0.102236062801761 0.059867566672578 -0.271486765206941 1.138042087723590 -0.216507573408053 2.025754403394142 -5.565714480684214 -3.003001848975728
-0.065478801952768 -0.096545852363143 0.058785028805538 -0.261357993189970 1.110213515320169 -0.231522582652932 2.098834948408568 -5.766501627917364 -3.024324047578020
-0.066785591918717 -0.090994784786542 0.057627415892273 -0.250863818447927 1.081381007180582 -0.246644202890822 2.170376065359081 -5.963059231299805 -3.045646246211398
-0.068039911010957 -0.085587879750640 0.056394194877819 -0.240011938121132 1.051565711024083 -0.261872434121879 2.240377754244571 -6.155387290831538 -3.066968444822571
-0.069239970701563 -0.080330051195519 0.055084832707210 -0.228810049349909 1.020788774569925 -0.277207276345992 2.308840015062819 -6.343485806517002 -3.088290643442626
-0.070384020948312 -0.075226107322670 0.053698796325480 -0.217265849274595 0.989071345537340 -0.292648729563205 2.375762847816043 -6.527354778358418 -3.109612842067122
-0.071470350194685 -0.070280750594983 0.052235552677664 -0.205387035035515 0.956434571645548 -0.308196793773541 2.441146252506465 -6.706994206344685 -3.130935040678295
-0.072497285369863 -0.065498577736755 0.050694568708796 -0.193181303772982 0.922899600613825 -0.323851468976932 2.504990229129644 -6.882404090491345 -3.152257239302791
-0.073463191888728 -0.060884079733686 0.049075311363912 -0.180656352627334 0.888487580161368 -0.339612755173446 2.567294777688911 -7.053584430780635 -3.173579437918406
-0.074366473651864 -0.056441641832879 0.047377247588044 -0.167819878738890 0.853219658007465 -0.355480652363038 2.628059898183155 -7.220535227232538 -3.194901636538461
-0.075205573045559 -0.052175543542842 0.045599844326229 -0.154679579247974 0.817116981871302 -0.371455160545731 2.687285590609045 -7.383256479827072 -3.216223835158516
-0.075978970941799 -0.048089958633485 0.043742568523500 -0.141243151294929 0.780200699472167 -0.387536279721523 2.744971854975464 -7.541748188579778 -3.237546033774130
-0.076685186698273 -0.044188955136124 0.041804887124893 -0.127518292020051 0.742491958529268 -0.403724009890394 2.801118691271309 -7.696010353483995 -3.258868232398626
-0.077322778158374 -0.040476495343478 0.039786267075441 -0.113512698563695 0.704011906761848 -0.420018351052387 2.855726099505462 -7.846042974537504 -3.280190431014240
-0.077890341651192 -0.036956435809669 0.037686175320179 -0.099234068066167 0.664781691889160 -0.436419303207458 2.908794079673482 -7.991846051744744 -3.301512629629855
-0.078386511991523 -0.033632527350223 0.035504078804142 -0.084690097667800 0.624822461630437 -0.452926866355607 2.960322631775369 -8.133419585105717 -3.322834828254351
-0.078809962479862 -0.030508415042071 0.033239444472364 -0.069888484508923 0.584155363704908 -0.469541040496879 3.010311755813344 -8.270763574613760 -3.344157026869965
-0.079159404902407 -0.027587638223546 0.030891739269879 -0.054836925729856 0.542801545831839 -0.486261825631229 3.058761451786296 -8.403878020282196 -3.365479225490020
-0.079433589531056 -0.024873630494387 0.028460430141723 -0.039543118470925 0.500782155730428 -0.503089221758679 3.105671719693115 -8.532762922095483 -3.386801424110075
-0.079631305123411 -0.022369719715735 0.025944984032930 -0.024014759872459 0.458118341119951 -0.520023228879229 3.151042559537132 -8.657418280064721 -3.408123622725689
-0.079751378922773 -0.020079128010135 0.023344867888534 -0.008259547074774 0.414831249719627 -0.537063846992858 3.194873971310574 -8.777844094185472 -3.429445821350185
-0.079792676658147 -0.018004971761537 0.020659548653569 0.007714822781779 0.370942029248700 -0.554211076099609 3.237165955024546 -8.894040364455513 -3.450768019965800
-0.079754102544238 -0.016150261615294 0.017888493273071 0.023900652556902 0.326471827426422 -0.571464916199438 3.277918510671274 -9.006007090883728 -3.472090218581414
-0.079634599281453 -0.014517902478162 0.015031168692074 0.040290245110258 0.281441791972004 -0.588825367292345 3.317131638252979 -9.113744273454571 -3.493412417205910
-0.079433148055902 -0.013110693518302 0.012087041855612 0.056875903301523 0.235873070604731 -0.606292429378374 3.354805337768552 -9.217251912183588 -3.514734615821524
-0.079148768539394 -0.011931328165278 0.009055579708720 0.073649929990366 0.189786811043813 -0.623866102457482 3.390939609222432 -9.316530007075219 -3.536056814441579
-0.078780518889443 -0.010982394110059 0.005936249196433 0.090604628036478 0.143204161008437 -0.641546386529690 3.425534452604628 -9.411578558096156 -3.557379013061635
-0.078327495749260 -0.010266373305017 0.002728517263785 0.107732300299501 0.096146268217956 -0.659333281594998 3.458589867928463 -9.502397565286369 -3.578701211677249
-0.077788834247763 -0.009785641963927 -0.000568149144190 0.125025249639144 0.048634280391524 -0.677226787653384 3.458589867928463 -9.502397565286369 -3.578701211677249
-0.077163707999567 -0.009542470561969 -0.003954283082457 -0.125025249639144 -0.048634280391524 0.677226787653384 3.425534452604628 -9.411578558096156 -3.557379013061635
-0.077788834247763 -0.009785641963927 -0.000568149144190 -0.107732300299501 -0.096146268217956 0.659333281594998 3.390939609222432 -9.316530007075219 -3.536056814441579
-0.078327495749260 -0.010266373305017 0.002728517263785 -0.090604628036478 -0.143204161008437 0.641546386529690 3.354805337768552 -9.217251912183588 -3.514734615821524
-0.078780518889443 -0.010982394110059 0.005936249196433 -0.073649929990366 -0.189786811043813 0.623866102457482 3.317131638252979 -9.113744273454571 -3.493412417205910
-0.079148768539394 -0.011931328165278 0.009055579708720 -0.056875903301523 -0.235873070604731 0.606292429378374 3.277918510671274 -9.006007090883728 -3.472090218581414
-0.079433148055902 -0.013110693518302 0.012087041855612 -0.040290245110258 -0.281441791972004 0.588825367292345 3.237165955024546 -8.894040364455513 -3.450768019965800
-0.079634599281453 -0.014517902478162 0.015031168692074 -0.023900652556902 -0.326471827426422 0.571464916199438 3.194873971310574 -8.777844094185472 -3.429445821350185
-0.079754102544238 -0.016150261615294 0.017888493273071 -0.007714822781779 -0.370942029248700 0.554211076099609 3.151042559537132 -8.657418280064721 -3.408123622725689
-0.079792676658147 -0.018004971761537 0.020659548653569 0.008259547074774 -0.414831249719627 0.537063846992858 3.105671719693115 -8.532762922095483 -3.386801424110075
-0.079751378922773 -0.020079128010135 0.023344867888534 0.024014759872459 -0.458118341119951 0.520023228879229 3.058761451786296 -8.403878020282196 -3.365479225490020
-0.079631305123411 -0.022369719715735 0.025944984032930 0.039543118470925 -0.500782155730428 0.503089221758679 3.010311755813344 -8.270763574613760 -3.344157026869965
-0.079433589531056 -0.024873630494387 0.028460430141723 0.054836925729856 -0.542801545831839 0.486261825631229 2.960322631775369 -8.133419585105717 -3.322834828254351
-0.079159404902407 -0.027587638223546 0.030891739269879 0.069888484508923 -0.584155363704908 0.469541040496879 2.908794079673482 -7.991846051744744 -3.301512629629855
-0.078809962479862 -0.030508415042071 0.033239444472364 0.084690097667800 -0.624822461630437 0.452926866355607 2.855726099505462 -7.846042974537504 -3.280190431014240
-0.078386511991523 -0.033632527350223 0.035504078804142 0.099234068066167 -0.664781691889160 0.436419303207458 2.801118691271309 -7.696010353483995 -3.258868232398626
-0.077890341651192 -0.036956435809669 0.037686175320179 0.113512698563695 -0.704011906761848 0.420018351052387 2.744971854975464 -7.541748188579778 -3.237546033774130
-0.077322778158374 -0.040476495343478 0.039786267075441 0.127518292020051 -0.742491958529268 0.403724009890394 2.687285590609045 -7.383256479827072 -3.216223835158516
-0.076685186698273 -0.044188955136124 0.041804887124893 0.141243151294929 -0.780200699472167 0.387536279721523 2.628059898183155 -7.220535227232538 -3.194901636538461
-0.075978970941799 -0.048089958633485 0.043742568523500 0.154679579247974 -0.817116981871302 0.371455160545731 2.567294777688911 -7.053584430780635 -3.173579437918406
-0.075205573045559 -0.052175543542842 0.045599844326229 0.167819878738890 -0.853219658007465 0.355480652363038 2.504990229129644 -6.882404090491345 -3.152257239302791
-0.074366473651864 -0.056441641832879 0.047377247588044 0.180656352627334 -0.888487580161368 0.339612755173446 2.441146252506465 -6.706994206344685 -3.130935040678295
-0.073463191888728 -0.060884079733686 0.049075311363912 0.193181303772982 -0.922899600613825 0.323851468976932 2.375762847816043 -6.527354778358418 -3.109612842067122
-0.072497285369863 -0.065498577736755 0.050694568708796 0.205387035035515 -0.956434571645548 0.308196793773541 2.308840015062819 -6.343485806517002 -3.088290643442626
-0.071470350194685 -0.070280750594983 0.052235552677664 0.217265849274595 -0.989071345537340 0.292648729563205 2.240377754244571 -6.155387290831538 -3.066968444822571
-0.070384020948312 -0.075226107322670 0.053698796325480 0.228810049349909 -1.020788774569925 0.277207276345992 2.170376065359081 -5.963059231299805 -3.045646246211398
-0.069239970701563 -0.080330051195519 0.055084832707210 0.240011938121132 -1.051565711024083 0.261872434121879 2.098834948408568 -5.766501627917364 -3.024324047578020
-0.068039911010957 -0.085587879750640 0.056394194877819 0.250863818447927 -1.081381007180582 0.246644202890822 2.025754403394142 -5.565714480684214 -3.003001848975728
-0.066785591918717 -0.090994784786542 0.057627415892273 0.261357993189970 -1.110213515320169 0.231522582652932 1.951134430313584 -5.360697789609237 -2.981679650346791
-0.065478801952768 -0.096545852363143 0.058785028805538 0.271486765206941 -1.138042087723590 0.216507573408053 1.874975029172166 -5.151451554690212 -2.960357451731177
-0.064121368126733 -0.102236062801761 0.059867566672578 0.281242437358509 -1.164845576671636 0.201599175156320 1.797276199958231 -4.937975775909376 -2.939035253111122
-0.062715155939940 -0.108060290685119 0.060875562548360 0.290617312504370 -1.190602834445087 0.186797387897664 1.718037942684547 -4.720270453291153 -2.917713054491067
-0.061262069377419 -0.114013304857345 0.061809549487848 0.299603693504161 -1.215292713324634 0.172102211632108 1.637260257342787 -4.498335586817781 -2.896390855875453
-0.059764050909898 -0.120089768423968 0.062670060546009 0.308193883217583 -1.238894065591090 0.157513646359653 1.554943143937670 -4.272171176509243 -2.875068657250957
-0.058223081493810 -0.126284238751924 0.063457628777807 0.316380184504297 -1.261385743525179 0.143031692080275 1.471086602467531 -4.041777222338894 -2.853746458639783
-0.056641180571288 -0.132591167469549 0.064172787238208 0.324154900223986 -1.282746599407725 0.128656348794021 1.385690632931813 -3.807153724331158 -2.832424260015287
-0.055020406070168 -0.139004900466588 0.064816068982179 0.331510333236323 -1.302955485519419 0.114387616500822 1.298755235329963 -3.568300682463832 -2.811102061399673
-0.053362854403987 -0.145519677894185 0.065388007064683 0.338438786400982 -1.321991254141075 0.100225495200745 1.210280409664755 -3.325218096768001 -2.789779862775177
-0.051670660471982 -0.152129634164891 0.065889134540686 0.344932562577632 -1.339832757553394 0.086169984893747 1.120266155932026 -3.077905967197037 -2.768457664159563
-0.049945997659094 -0.158828797952657 0.066319984465155 0.350983964625956 -1.356458848037234 0.072221085579871 1.028712474134830 -2.826364293802008 -2.747135465543948
-0.048191077835964 -0.165611092192844 0.066681089893054 0.356585295405616 -1.371848377873219 0.058378797259073 0.935619364275941 -2.570593076549610 -2.725813266919452
-0.046408151358936 -0.172470334082210 0.066972983879350 0.361728857776290 -1.385980199342229 0.044643119931354 0.840986826348145 -2.310592315448723 -2.704491068303838
-0.044599507070054 -0.179400235078921 0.067196199479007 0.366406954597670 -1.398833164724977 0.031014053596756 0.744814860354770 -2.046362010501568 -2.683168869688224
-0.042767472297066 -0.186394400902546 0.067351269746990 0.370611888729411 -1.410386126302221 0.017491598255237 0.647103466298038 -1.777902161704814 -2.661846671059287
-0.040914412853419 -0.193446331534057 0.067438727738267 0.374335963031185 -1.420617936354729 0.004075753906796 0.547852644177949 -1.505212769066233 -2.640524472448114
-0.039042733038263 -0.200549421215831 0.067459106507801 0.377571480362675 -1.429507447163253 -0.009233479448501 0.447062393988396 -1.228293832571392 -2.619202273828058
-0.037154875636450 -0.207696958451647 0.067412939110558 0.380310743583565 -1.437033511008584 -0.022436101810741 0.344732715736873 -0.947145352232504 -2.597880075208003
-0.035253321918532 -0.214882126006690 0.067300758601504 0.382546055553507 -1.443174980171441 -0.035532113179881 0.240863609419772 -0.661767328049567 -2.576557876587948
-0.033340591640764 -0.222098000907547 0.067123098035605 0.384269719132191 -1.447910706932604 -0.048521513555921 0.135455075035984 -0.372159760012591 -2.555235677972334
-0.031419243045103 -0.229337554442210 0.066880490467825 0.385474037179290 -1.451219543572851 -0.061404302938861 0.028507112587728 -0.078322648128237 -2.533913479352279
-0.029491872859207 -0.236593652160074 0.066573468953131 0.386151312554470 -1.453080342372914 -0.074180481328723 -0.079980277925829 0.219744007602385 -2.512591280732224
-0.027561116296435 -0.243859053871939 0.066202566546487 0.386293848117408 -1.453471955613556 -0.086850048725484 -0.190007096501354 0.522040207173724 -2.491269082112169
-0.025629647055848 -0.251126413650007 0.065768316302860 0.385893946727779 -1.452373235575544 -0.099413005129145 -0.301573343146344 0.828565950603544 -2.469946883500995
-0.023700177322209 -0.258388279827884 0.065271251277214 0.384943911245272 -1.449763034539675 -0.111869350539706 -0.414679017856634 1.139321237881852 -2.448624684867617
-0.021775457765982 -0.265637095000583 0.064711904524516 0.383436044529541 -1.445620204786657 -0.124219084957211 -0.529324120625840 1.454306068993105 -2.427302486260885
-0.019858277543335 -0.272865196024516 0.064090809099730 0.381362649440257 -1.439923598597248 -0.136462208381549 -0.645508651470339 1.773520443975052 -2.405980287636389
-0.017951464296133 -0.280064814017502 0.063408498057822 0.378716028837128 -1.432652068252283 -0.148598720812854 -0.763232610368758 2.096964362785503 -2.384658089020775
-0.016057884151948 -0.287228074358764 0.062665504453758 0.375488485579777 -1.423784466032407 -0.160628622251036 -0.882495997341082 2.424637825448883 -2.363335890400720
-0.014180441724049 -0.294346996688926 0.061862361342502 0.371672322527933 -1.413299644218480 -0.172551912696139 -1.003298812375930 2.756540831971854 -2.342013691780664
-0.012322080111409 -0.301413494910018 0.060999601779022 0.367259842541227 -1.401176455091235 -0.184368592148143 -1.125641055473026 3.092673382323330 -2.320691493160609
-0.010485780898703 -0.308419377185474 0.060077758818281 0.362243348479348 -1.387393750931376 -0.196078660607046 -1.249522726638752 3.433035476529955 -2.299369294540554
-0.008674564156306 -0.315356345940131 0.059097365515246 0.356615143201983 -1.371930384019759 -0.207682118072849 -1.374943825868113 3.777627114593951 -2.278047095929381
-0.006891488440296 -0.322215997860230 0.058058954924882 0.350367529568789 -1.354765206637110 -0.219178964545552 -1.501904353163053 4.126448296499774 -2.256724897304885
-0.005139650792452 -0.328989823893415 0.056963060102154 0.343492810439448 -1.335877071064140 -0.230569200025199 -1.630404308521349 4.479499022238542 -2.235402698684830
-0.003422186740255 -0.335669209248736 0.055810214102028 0.335983288673633 -1.315244829581641 -0.241852824511724 -1.760443691949598 4.836779291854665 -2.214080500069215
-0.001742270296887 -0.342245433396644 0.054600949979469 0.327831267131026 -1.292847334470448 -0.253029838005148 -1.892022503439739 5.198289105301512 -2.192758301444719
-0.000103113961232 -0.348709670068997 0.053335800789443 0.319029048671278 -1.268663438011175 -0.264100240505494 -2.025140742990605 5.564028462585746 -2.171436102833546
0.001492031282125 -0.355052987259052 0.052015299586916 0.309568936154080 -1.242671992484667 -0.275064032012717 -2.159798410615388 5.933997363738452 -2.150113904213491
0.003039875962895 -0.361266347221476 0.050639979426852 0.299443232439127 -1.214851850171739 -0.285921212526885 -2.295995506300519 6.308195808730765 -2.128791705588995
0.004537092125091 -0.367340606472334 0.049210373364218 0.288644240386050 -1.185181863353046 -0.296671782047953 -2.433732030049096 6.686623797560465 -2.107469506968940
0.005980313327021 -0.373266515789100 0.047727014453978 0.277164262854547 -1.153640884309393 -0.307315740575898 -2.573007981867892 7.069281330260857 -2.086147308357766
0.007366134641294 -0.379034720210647 0.046190435751099 0.264995602704302 -1.120207765321590 -0.317853088110742 -2.713823361748946 7.456168406789754 -2.064825109733270
0.008691112654815 -0.384635759037255 0.044601170310545 0.252130562794962 -1.084861358670286 -0.328283824652531 -2.856178169692924 7.847285027176021 -2.043502911117656
0.009951765468790 -0.390060065830606 0.042959751187282 0.238561445986217 -1.047580516636337 -0.338607950201197 -3.000072405705478 8.242631191404115 -2.022180712497601
0.011144572698721 -0.395297968413788 0.041266711436276 0.224280555137753 -1.008344091500457 -0.348825464756786 -3.145506069779508 8.642206899474036 -2.000858513877546
0.012265975474410 -0.400339688871290 0.039522584112492 0.209280193109225 -0.967130935543437 -0.358936368319274 -3.292479161925637 9.046012151414651 -1.979536315261932
0.013312376439956 -0.405175343549007 0.037727902270896 0.193552662760328 -0.923919901046066 -0.368940660888661 -3.440991682130967 9.454046947188210 -1.958214116637436
0.014280139753757 -0.409794943054238 0.035883198966453 0.177090266950700 -0.878689840288993 -0.378838342464971 -3.591043630401663 9.866311286805818 -1.936891918021821
0.015165591088511 -0.414188392255682 0.033989007254128 0.159885308540045 -0.831419605553052 -0.388629413048158 -3.742635006737660 10.282805170269693 -1.915569719401766
0.015965017631211 -0.418345490283448 0.032045860188887 0.141930090388036 -0.782088049119023 -0.398313872638267 -3.895765811144092 10.703528597604262 -1.894247520786152
0.016674668083151 -0.422255930529043 0.030054290825696 0.123216915354348 -0.730674023267674 -0.407891721235276 -4.050436043610827 11.128481568765114 -1.872925322161656
0.017290752659923 -0.425909300645381 0.028014832219519 0.103738086298628 -0.677156380279653 -0.417362958839207 -4.206645704140505 11.557664083770014 -1.851603123546042
0.017809443091416 -0.429295082546780 0.025928017425323 0.083485906080574 -0.621513972435828 -0.426727585450015 -4.364394792737563 11.991076142634505 -1.830280924925987
0.018226872621819 -0.432402652408959 0.023794379498073 0.062452677559871 -0.563725652016978 -0.435985601067745 -4.523683309402282 12.428717745345264 -1.808958726310372
0.018539136009618 -0.435221280669044 0.021614451492735 0.040630703596183 -0.503770271303805 -0.445137005692375 -4.684511254132024 12.870588891906731 -1.787636527690317
0.018742289527599 -0.437740132025563 0.019388766464273 0.018012287049172 -0.441626682577079 -0.454181799323927 -4.846878626921930 13.316689582310026 -1.766314329065821
0.018832350962845 -0.439948265438448 0.017117857467653 -0.005410269221488 -0.377273738117545 -0.463119981962379 -5.010785427783659 13.767019816564030 -1.744992130454648
0.018805299616738 -0.441834634129036 0.014802257557841 -0.029644662356098 -0.310690290205995 -0.471951553607708 -5.176231656704721 14.221579594659861 -1.723669931830152
0.018657076304957 -0.443388085580066 0.012442499789803 -0.054698589495016 -0.241855191123175 -0.480676514259981 -5.343217313691223 14.680368916610842 -1.702347733210097
0.018383583357482 -0.444597361535682 0.010039117218503 -0.080579747778540 -0.170747293149875 -0.489294863919132 -5.511742398747743 15.143387782410311 -1.681025534598923
