-0.003579904200428 -0.449559969303235 0.000000000000000 0.148847165800383 -0.136660545422429 0.383159122661819 -1.269314693057144 3.520707215276531 -1.044610295591886
-0.002835668371426 -0.450243272030347 0.001915795613309 0.142500592335097 -0.119057009346046 0.377936071183860 -1.264463702565571 3.507695891877827 -1.042150709532619
-0.002123165409750 -0.450838557077078 0.003805475969228 0.136178273822269 -0.101518529886657 0.372725317636197 -1.259425458482644 3.494156731496112 -1.039691123471131
-0.001442274040639 -0.451346149726511 0.005669102557409 0.129881146529856 -0.084047746229177 0.367526862018841 -1.254199960799113 3.480089734106961 -1.037231537401873
-0.000792868307990 -0.451766388457657 0.007506736867504 0.123610146725860 -0.066647297558642 0.362340704331832 -1.248787209563798 3.465494899845822 -1.034771951340385
-0.000174817574360 -0.452099624945450 0.009318440389163 0.117366210678041 -0.049319823059413 0.357166844575130 -1.243187204702026 3.450372228495091 -1.032312365281118
0.000412013479030 -0.452346224060747 0.011104274612038 0.111150274654531 -0.032067961916937 0.352005282748724 -1.237399946274684 3.434721720243505 -1.029852779216300
0.000967764852302 -0.452506563870332 0.012864301025782 0.104963274923158 -0.014894353315720 0.346856018852643 -1.231425434242150 3.418543374966720 -1.027393193150372
0.001492581226918 -0.452581035636910 0.014598581120045 0.098806147751947 0.002198363559114 0.341719052886891 -1.225263668634818 3.401837192744672 -1.024933607087775
0.001986611965678 -0.452570043819115 0.016307176384480 0.092679829408773 0.019207549522837 0.336594384851452 -1.218914649430761 3.384603173537393 -1.022474021027397
0.002450011112722 -0.452474006071501 0.017990148308737 0.086585256161619 0.036130565390524 0.331482014746315 -1.212378376648607 3.366841317378189 -1.020014434962579
0.002882937393530 -0.452293353244548 0.019647558382469 0.080523364278376 0.052964771977415 0.326381942571502 -1.205654850259460 3.348551624187124 -1.017554848896651
0.003285554214922 -0.452028529384661 0.021279468095326 0.074495090027079 0.069707530098351 0.321294168327019 -1.198744070302557 3.329734094086323 -1.015095262839605
0.003658029665057 -0.451679991734169 0.022885938936961 0.068501369675566 0.086356200568782 0.316218692012821 -1.191646036736058 3.310388726949220 -1.012635676771456
0.004000536513435 -0.451248210731325 0.024467032397025 0.062543139491886 0.102908144203528 0.311155513628963 -1.184360749603464 3.290515522895721 -1.010176090707748
0.004313252210894 -0.450733670010308 0.026022809965170 0.056621335743869 0.119360721818007 0.306104633175425 -1.176888208862872 3.270114481810360 -1.007716504648482
0.004596358889614 -0.450136866401218 0.027553333131047 0.050736894699554 0.135711294227059 0.301066050652182 -1.169228414543838 3.249185603788618 -1.005256918581443
0.004850043363112 -0.449458309930082 0.029058663384308 0.044890752626835 0.151957222246002 0.296039766059275 -1.161381366637307 3.227728888790526 -1.002797332518846
0.005074497126246 -0.448698523818852 0.030538862214604 0.039083845793648 0.168095866689955 0.291025779396681 -1.153347065133287 3.205744336778338 -1.000337746457358
0.005269916355214 -0.447858044485403 0.031993991111588 0.033317110467982 0.184124588373846 0.286024090664394 -1.145125510049194 3.183231947838649 -0.997878160394761
0.005436501907554 -0.446937421543533 0.033424111564910 0.027591482917736 0.200040748113040 0.281034699862420 -1.136716701374552 3.160191721893746 -0.995418574327722
0.005574459322143 -0.445937217802968 0.034829285064222 0.021907899410863 0.215841706722508 0.276057606990782 -1.128120639108249 3.136623658976934 -0.992958988269566
0.005683998819197 -0.444858009269356 0.036209573099176 0.016267296215322 0.231524825017393 0.271092812049434 -1.119337323258474 3.112527759105976 -0.990499402203637
0.005765335300274 -0.443700385144269 0.037565037159423 0.010670609599030 0.247087463812923 0.266140315038416 -1.110366753813777 3.087904022223142 -0.988039816138819
0.005818688348269 -0.442464947825204 0.038895738734615 0.005118775829961 0.262526983924039 0.261200115957722 -1.101208930783595 3.062752448386163 -0.985580230075112
0.005844282227418 -0.441152312905584 0.040201739314404 -0.000387268823957 0.277840746165969 0.256272214807346 -1.091863854169178 3.037073037588378 -0.983120644016955
0.005842345883299 -0.439763109174754 0.041483100388440 -0.005846588094803 0.293026111353911 0.251356611587261 -1.082331523957827 3.010865789780937 -0.980661057949916
0.005813112942825 -0.438297978617984 0.042739883446377 -0.011258245714592 0.308080440302816 0.246453306297512 -1.072611940166820 2.984130705028232 -0.978201471887319
0.005756821714252 -0.436757576416470 0.043972149977864 -0.016621305415426 0.323001093827957 0.241562298938075 -1.062705102780892 2.956867783283634 -0.975741885824721
0.005673715187175 -0.435142570947330 0.045179961472555 -0.021934830929331 0.337785432744375 0.236683589508951 -1.052611011801152 2.929077024547144 -0.973282299763234
0.005564041032528 -0.433453643783609 0.046363379420099 -0.027197885988337 0.352430817867111 0.231817178010135 -1.042329667252789 2.900758428889816 -0.970822713695085
0.005428051602586 -0.431691489694273 0.047522465310150 -0.032409534324600 0.366934610011560 0.226963064441660 -1.031861069090631 2.871911996189525 -0.968363127633598
0.005266003930963 -0.429856816644215 0.048657280632358 -0.037568839670054 0.381294169992508 0.222121248803492 -1.021205217360543 2.842537726568395 -0.965903541572111
0.005078159732613 -0.427950345794253 0.049767886876376 -0.042674865756856 0.395506858625350 0.217291731095631 -1.010362112024224 2.812635619928727 -0.963443955508403
0.004864785403829 -0.425972811501126 0.050854345531854 -0.047726676316977 0.409570036724993 0.212474511318089 -0.999331753121363 2.782205676363780 -0.960984369446916
0.004626152022244 -0.423924961317501 0.051916718088444 -0.052723335082584 0.423481065106812 0.207669589470855 -0.988114140608523 2.751247895766973 -0.958524783378767
0.004362535346831 -0.421807555991967 0.052955066035799 -0.057663905785627 0.437237304585647 0.202876965553961 -0.976709274517865 2.719762278231563 -0.956065197318390
0.004074215817903 -0.419621369469039 0.053969450863569 -0.062547452158216 0.450836115976805 0.198096639567369 -0.965117154829928 2.687748823695379 -0.953605611258013
0.003761478557112 -0.417367188889155 0.054959934061405 -0.067373037932366 0.464274860095282 0.193328611511079 -0.953337781575103 2.655207532236137 -0.951146025188754
0.003424613367450 -0.415045814588678 0.055926577118961 -0.072139726840241 0.477550897756462 0.188572881385135 -0.941371154703982 2.622138403731711 -0.948686439133928
0.003063914733249 -0.412658060099896 0.056869441525886 -0.076846582613761 0.490661589775121 0.183829449189465 -0.929217274260735 2.588541438290903 -0.946226853060228
0.002679681820180 -0.410204752151020 0.057788588771834 -0.081492668985065 0.503604296966575 0.179098314924164 -0.916876140223294 2.554416635862644 -0.943767267005402
0.002272218475255 -0.407686730666187 0.058684080346455 -0.086077049686181 0.516376380145889 0.174379478589137 -0.904347752598358 2.519763996466917 -0.941307680937253
0.001841833226824 -0.405104848765458 0.059555977739400 -0.090598788449173 0.528975200128223 0.169672940184451 -0.891632111388979 2.484583520097061 -0.938848094874656
0.001388839284578 -0.402459972764817 0.060404342440323 -0.095056949006118 0.541398117728709 0.164978699710078 -0.878729216583218 2.448875206733092 -0.936388508815389
0.000913554539547 -0.399752982176173 0.061229235938873 -0.099450595089034 0.553642493762374 0.160296757166001 -0.865639068198462 2.412639056430521 -0.933928922748350
0.000416301564102 -0.396984769707362 0.062030719724703 -0.103778790430026 0.565705689044527 0.155627112552259 -0.852361666216495 2.375875069111633 -0.931469336684643
-0.000102592388048 -0.394156241262139 0.062808855287464 -0.108040598761109 0.577585064390085 0.150969765868836 -0.838897010649389 2.338583244838599 -0.929009750626486
-0.000642795381854 -0.391268315940188 0.063563704116808 -0.112235083814356 0.589277980614278 0.146324717115703 -0.825245101495550 2.300763583589216 -0.926550164553896
-0.001203970800925 -0.388321926037117 0.064295327702387 -0.116361309321834 0.600781798532224 0.141691966292934 -0.811405938744431 2.262416085345720 -0.924090578502401
-0.001785777347535 -0.385318017044456 0.065003787533852 -0.120418339015556 0.612093878958953 0.137071513400422 -0.797379522418651 2.223540750156960 -0.921630992429812
-0.002387869042612 -0.382257547649661 0.065689145100854 -0.124405236627649 0.623211582709737 0.132463358438273 -0.783165852498086 2.184137577985190 -0.919171406371655
-0.003009895225751 -0.379141489736113 0.066351461893045 -0.128321065890140 0.634132270599663 0.127867501406415 -0.768764928980942 2.144206568810425 -0.916711820305727
-0.003651500555201 -0.375970828383114 0.066990799400077 -0.132164890535044 0.644853303443715 0.123283942304886 -0.754176751889685 2.103747722694838 -0.914252234243129
-0.004312325007877 -0.372746561865896 0.067607219111602 -0.135935774294493 0.655372042057190 0.118712681133670 -0.739401321197747 2.062761039578476 -0.911792648182752
-0.004992003879349 -0.369469701655610 0.068200782517270 -0.139632780900481 0.665685847255082 0.114153717892757 -0.724438636918595 2.021246519492426 -0.909333062115714
-0.005690167783851 -0.366141272419334 0.068771551106734 -0.143254974085074 0.675792079852544 0.109607052582178 -0.709288699063254 1.979204162456671 -0.906873476053116
-0.006406442654277 -0.362762312020072 0.069319586369645 -0.146801417580391 0.685688100664827 0.105072685201912 -0.693951507604318 1.936633968406820 -0.904413889990519
-0.007140449742179 -0.359333871516747 0.069844949795654 -0.150271175118412 0.695371270506862 0.100550615751960 -0.678427062561493 1.893535937400603 -0.901954303929031
-0.007891805617771 -0.355857015164213 0.070347702874414 -0.153663310431220 0.704838950193865 0.096040844232315 -0.662715363934224 1.849910069415817 -0.899494717864213
-0.008660122169927 -0.352332820413244 0.070827907095576 -0.156976887250891 0.714088500540944 0.091543370642994 -0.646816411716616 1.805756364463562 -0.897035131799395
-0.009445006606181 -0.348762377910539 0.071285623948790 -0.160210969309474 0.723117282363261 0.087058194983997 -0.630730205905677 1.761074822521635 -0.894575545735687
-0.010246061452729 -0.345146791498723 0.071720914923710 -0.163364620339002 0.731922656475870 0.082585317255318 -0.614456746513348 1.715865443616682 -0.892115959679751
-0.011062884554424 -0.341487178216343 0.072133841509987 -0.166436904071569 0.740501983693953 0.078124737456919 -0.597996033525133 1.670128227724277 -0.889656373608272
-0.011895069074782 -0.337784668297874 0.072524465197272 -0.169426884239195 0.748852624832574 0.073676455588878 -0.581348066953852 1.623863174862183 -0.887196787547895
-0.012742203495978 -0.334040405173711 0.072892847475216 -0.172333624573964 0.756971940706885 0.069240471651139 -0.564512846792170 1.577070285030402 -0.884737201485297
-0.013603871618847 -0.330255545470176 0.073239049833472 -0.175156188807925 0.764857292132037 0.064816785643712 -0.547490373042081 1.529749558213389 -0.882277615419369
-0.014479652562887 -0.326431259009516 0.073563133761690 -0.177893640673135 0.772506039923104 0.060405397566615 -0.530280645703873 1.481900994428909 -0.879818029361212
-0.015369120766253 -0.322568728809901 0.073865160749523 -0.180545043901655 0.779915544895249 0.056006307419809 -0.512883664774144 1.433524593656976 -0.877358443296394
-0.016271845985761 -0.318669151085424 0.074145192286622 -0.183109462225525 0.787083167863534 0.051619515203327 -0.495299430259832 1.384620355926458 -0.874898857229356
-0.017187393296889 -0.314733735246107 0.074403289862639 -0.185585959376824 0.794006269643166 0.047245020917180 -0.477527942155526 1.335188281204047 -0.872439271166758
-0.018115323093773 -0.310763703897891 0.074639514967225 -0.187973599087602 0.800682211049186 0.042882824561347 -0.459569200461363 1.285228369516389 -0.869979685110822
-0.019055191089211 -0.306760292842645 0.074853929090032 -0.190271445089909 0.807108352896768 0.038532926135793 -0.441423205180119 1.234740620850161 -0.867520099037122
-0.020006548314660 -0.302724751078161 0.075046593720711 -0.192478561115809 0.813282056001019 0.034195325640607 -0.423089956308881 1.183725035205363 -0.865060512980076
-0.020968941120239 -0.298658340798156 0.075217570348914 -0.194594010897354 0.819200681177046 0.029870023075707 -0.404569453853754 1.132181612599759 -0.862600926917478
-0.021941911174726 -0.294562337392271 0.075366920464292 -0.196616858166623 0.824861589240045 0.025557018441119 -0.385861697797946 1.080110352980057 -0.860141340851550
-0.022924995465559 -0.290438029446071 0.075494705556498 -0.198546166655612 0.830262141004945 0.021256311736861 -0.366966688172543 1.027511256441738 -0.857681754787842
-0.023917726298837 -0.286286718741046 0.075600987115182 -0.200381000096475 0.835399697287154 0.016967902962922 -0.347884424940770 0.974384322880439 -0.855222168729686
-0.024919631299320 -0.282109720254610 0.075685826629997 -0.202120422221179 0.840271618901556 0.012691792119274 -0.328614908128855 0.920729552364996 -0.852762582661537
-0.025930233410426 -0.277908362160102 0.075749285590593 -0.203763496761823 0.844875266663381 0.008427979205966 -0.309158137727500 0.866546944866542 -0.850302996598939
-0.026949050894235 -0.273683985826785 0.075791425486623 -0.205309287450461 0.849208001387713 0.004176464222971 -0.289514113739342 0.811836500402840 -0.847843410537452
-0.027975597331487 -0.269437945819847 0.075812307807738 -0.206756858019157 0.853267183889728 -0.000062752829716 -0.269682836154528 0.756598218942806 -0.845383824467083
-0.029009381621583 -0.265171609900398 0.075811994043589 -0.208105272199930 0.857050174984442 -0.004289671952051 -0.249664304993180 0.700832100535287 -0.842924238417808
-0.030049907982582 -0.260886359025476 0.075790545683829 -0.209353593724896 0.860554335487118 -0.008504293144140 -0.229458520233788 0.644538145126994 -0.840464652342998
-0.031096675951207 -0.256583587348040 0.075748024218108 -0.210500886326065 0.863777026212753 -0.012706616405855 -0.209065481888426 0.587716352757894 -0.838005066284842
-0.032149180382837 -0.252264702216977 0.075684491136079 -0.211546213735507 0.866715607976543 -0.016896641737280 -0.188485189959176 0.530366723416886 -0.835545480216693
-0.033206911451515 -0.247931124177094 0.075600007927393 -0.212488639685303 0.869367441593627 -0.021074369138363 -0.167717644432852 0.472489257076214 -0.833085894161867
-0.034269354649941 -0.243584286969126 0.075494636081701 -0.213327227907467 0.871729887879008 -0.025239798609172 -0.146762845323889 0.414083953786948 -0.830626308091498
-0.035335990789479 -0.239225637529731 0.075368437088655 -0.214061042134087 0.873800307647943 -0.029392930149630 -0.125620792626735 0.355150813514671 -0.828166722030010
-0.036406296000149 -0.234856635991491 0.075221472437907 -0.214689146097220 0.875576061715516 -0.033533763759780 -0.104291486336672 0.295689836250501 -0.825707135968523
-0.037479741730635 -0.230478755682913 0.075053803619108 -0.215210603528904 0.877054510896769 -0.037662299439623 -0.082774926460916 0.235701022035517 -0.823247549902595
-0.038555794748280 -0.226093483128430 0.074865492121910 -0.215624478161208 0.878233016006946 -0.041778537189135 -0.061071112996136 0.175184370825310 -0.820787963843328
-0.039633917139086 -0.221702318048395 0.074656599435964 -0.215929833726189 0.879108937861073 -0.045882477008352 -0.039180045943166 0.114139882652076 -0.818328377775179
-0.040713566307717 -0.217306773359089 0.074427187050922 -0.216125733955905 0.879679637274333 -0.049974118897228 -0.017101725303115 0.052567557503602 -0.815868791717023
-0.041794194977496 -0.212908375172718 0.074177316456436 -0.216211242582420 0.879942475061851 -0.054053462855813 0.005163848931788 -0.009532604638984 -0.813409205647764
-0.042875251190408 -0.208508662797409 0.073907049142157 -0.216185423337761 0.879894812038656 -0.058120508884052 0.027616676747944 -0.072160603733495 -0.810949619587387
-0.043956178307097 -0.204109188737215 0.073616446597737 -0.216047339954022 0.879534009019989 -0.062175256981989 0.050256758152845 -0.135316439808797 -0.808490033528120
-0.045036415006867 -0.199711518692115 0.073305570312827 -0.215796056163257 0.878857426820945 -0.066217707149629 0.073084093155651 -0.199000112879322 -0.806030447459971
-0.046115395287683 -0.195317231558011 0.072974481777079 -0.215430635697479 0.877862426256548 -0.070247859386929 0.096098681735546 -0.263211622899551 -0.803570861399594
-0.047192548466171 -0.190927919426728 0.072623242480144 -0.214950142288801 0.876546368142050 -0.074265713693927 0.119300523911126 -0.327950969911672 -0.801111275333666
-0.048267299177615 -0.186545187586018 0.072251913911674 -0.214353639669246 0.874906613292492 -0.078271270070596 0.142689619673231 -0.393218153895702 -0.798651689272178
-0.049339067375961 -0.182170654519555 0.071860557561321 -0.213640191570880 0.872940522523014 -0.082264528516957 0.166265969023249 -0.459013174844980 -0.796192103209581
-0.050407268333816 -0.177805951906940 0.071449234918737 -0.212808861725763 0.870645456648789 -0.086245489033004 0.190029571960904 -0.525336032786150 -0.793732517142542
-0.051471312642444 -0.173452724623696 0.071018007473572 -0.211858713865959 0.868018776484858 -0.090214151618717 0.213980428491467 -0.592186727694788 -0.791272931083276
-0.052530606211774 -0.169112630741272 0.070566936715478 -0.210788811723502 0.865057842846384 -0.094170516274134 0.238118538605780 -0.659565259573114 -0.788813345019568
-0.053584550270392 -0.164787341527040 0.070096084134107 -0.209598219030473 0.861760016548518 -0.098114582999231 0.262443902311615 -0.727471628445553 -0.786353758954750
-0.054632541365544 -0.160478541444297 0.069605511219111 -0.208285999518915 0.858122658406291 -0.102046351794005 0.286956519604253 -0.795905834265476 -0.783894172894373
-0.055673971363139 -0.156187928152266 0.069095279460141 -0.206851216920893 0.854143129234963 -0.105965822658477 0.311656390487303 -0.864867877088393 -0.781434586828444
-0.056708227447743 -0.151917212506091 0.068565450346849 -0.205292934968457 0.849818789849521 -0.109872995592619 0.336543514956877 -0.934357756872117 -0.778975000763626
-0.057734692122585 -0.147668118556843 0.068016085368886 -0.203610217393672 0.845147001065161 -0.113767870596437 0.361617893016863 -1.004375473636632 -0.776515414703249
-0.058752743209554 -0.143442383551518 0.067447246015904 -0.201802127928588 0.840125123696978 -0.117650447669954 0.386879524665040 -1.074921027368614 -0.774055828640652
-0.059761753849197 -0.139241757933033 0.066858993777554 -0.199867730305263 0.834750518560134 -0.121520726813157 0.412328409899743 -1.145994418090268 -0.771596242578054
-0.060761092500723 -0.135068005340232 0.066251390143488 -0.197806088255764 0.829020546469683 -0.125378708026047 0.437964548727354 -1.217595645774949 -0.769136656509906
-0.061750122942002 -0.130922902607884 0.065624496603358 -0.195616265512127 0.822932568240808 -0.129224391308597 0.463787941138993 -1.289724710444862 -0.766677070455080
-0.062728204269562 -0.126808239766680 0.064978374646815 -0.193297325806432 0.816483944688584 -0.133057776660872 0.489798587141044 -1.362381612077801 -0.764217484380270
-0.063694690898595 -0.122725820043237 0.064313085763510 -0.190848332870727 0.809672036628195 -0.136878864082773 0.515996486731840 -1.435566350698192 -0.761757898325444
-0.064648932562948 -0.118677459860096 0.063628691443097 -0.188268350437068 0.802494204874704 -0.140687653574401 0.542381639912493 -1.509278926288271 -0.759298312259515
-0.065590274315134 -0.114664988835722 0.062925253175225 -0.185556442237506 0.794947810243263 -0.144484145135698 0.568954046679115 -1.583519338856920 -0.756838726200249
-0.066518056526321 -0.110690249784506 0.062202832449546 -0.182711672004110 0.787030213548978 -0.148268338766699 0.595713707035039 -1.658287588397478 -0.754379140130990
-0.067431614886342 -0.106755098716761 0.061461490755713 -0.179733103468935 0.778738775606991 -0.152040234467354 0.622660620981930 -1.733583674921046 -0.751919554070613
-0.068330280403686 -0.102861404838726 0.060701289583376 -0.176619800364025 0.770070857232386 -0.155799832237707 0.649794788514235 -1.809407598405421 -0.749459968005795
-0.069213379405506 -0.099011050552564 0.059922290422187 -0.173370826421454 0.761023819240358 -0.159547132077736 0.677116209636952 -1.885759358886130 -0.747000381945417
-0.070080233537614 -0.095205931456362 0.059124554761799 -0.169985245373269 0.751595022445928 -0.163282133987463 0.704624884346750 -1.962638956325424 -0.744540795881710
-0.070930159764480 -0.091447956344133 0.058308144091861 -0.166462120951535 0.741781827664301 -0.167004837966872 0.732320812646403 -2.040046390741068 -0.742081209815781
-0.071762470369238 -0.087739047205811 0.057473119902027 -0.162800516888303 0.731581595710595 -0.170715244015951 0.760203994535913 -2.117981662144164 -0.739621623758735
-0.072576472953679 -0.084081139227258 0.056619543681947 -0.158999496915624 0.720991687399875 -0.174413352134745 0.788274430010283 -2.196444770514727 -0.737162037685035
-0.073371470438257 -0.080476180790259 0.055747476921273 -0.155058124765572 0.710009463547301 -0.178099162323170 0.816532119077285 -2.275435715861640 -0.734702451630209
-0.074146761062085 -0.076926133472522 0.054856981109658 -0.150975464170186 0.698632284967993 -0.181772674581321 0.844977061729146 -2.354954498184902 -0.732242865565391
-0.074901638382936 -0.073432972047682 0.053948117736751 -0.146750578861540 0.686857512477068 -0.185433888909148 0.873609257971419 -2.435001117482294 -0.729783279499463
-0.075635391277244 -0.069998684485297 0.053020948292205 -0.142382532571683 0.674682506889657 -0.189082805306645 0.902428707804659 -2.515575573756035 -0.727323693443527
-0.076347303940102 -0.066625271950849 0.052075534265672 -0.137870389032660 0.662104629020877 -0.192719423773863 0.931435411222203 -2.596677867008346 -0.724864107367607
-0.077036655885266 -0.063314748805744 0.051111937146803 -0.133213211976549 0.649121239685835 -0.196343744310701 0.960629368229604 -2.678307997228124 -0.722404521315001
-0.077702721945148 -0.060069142607315 0.050130218425249 -0.128410065135401 0.635729699699694 -0.199955766917276 0.990010578827416 -2.760465964435355 -0.719944935250183
-0.078344772270825 -0.056890494108817 0.049130439590663 -0.123460012241264 0.621927369877517 -0.203555491593527 1.019579043012864 -2.843151768607832 -0.717485349182034
-0.078962072332032 -0.053780857259429 0.048112662132695 -0.118362117026199 0.607711611034478 -0.207142918339437 1.049334760784837 -2.926365409758880 -0.715025763122767
-0.079553882917163 -0.050742299204257 0.047076947540998 -0.113115443222275 0.593079783985684 -0.210718047155051 1.079277732149442 -3.010106887890718 -0.712566177059060
-0.080119460133274 -0.047776900284328 0.046023357305223 -0.107719054561528 0.578029249546230 -0.214280878040346 1.109407957098352 -3.094376202987803 -0.710106590998683
-0.080658055406082 -0.044886754036597 0.044951952915021 -0.102172014776036 0.562557368531291 -0.217831410995339 1.139725435638783 -3.179173355067899 -0.707647004928313
-0.081168915479962 -0.042073967193941 0.043862795860044 -0.096473387597842 0.546661501755952 -0.221369646019981 1.170230167766295 -3.264498344128786 -0.705187418870157
-0.081651282417951 -0.039340659685161 0.042755947629944 -0.090622236759011 0.530339010035308 -0.224895583114332 1.200922153483663 -3.350351170150478 -0.702727832804229
-0.082104393601746 -0.036688964634984 0.041631469714373 -0.084617625991593 0.513587254184555 -0.228409222278353 1.231801392788667 -3.436731833159623 -0.700268246747182
-0.082527481731704 -0.034121028364062 0.040489423602981 -0.078458619027649 0.496403595018757 -0.231910563512089 1.262867885681307 -3.523640333140676 -0.697808660673482
-0.082919774826842 -0.031639010388968 0.039329870785421 -0.072144279599243 0.478785393353054 -0.235399606815456 1.294121632166023 -3.611076670093638 -0.695349074618656
-0.083280496224838 -0.029245083422203 0.038152872751343 -0.065673671438413 0.460730010002586 -0.238876352188550 1.325562632235600 -3.699040844031831 -0.692889488554949
-0.083608864582031 -0.026941433372190 0.036958490990401 -0.059045858277235 0.442234805782427 -0.242340799631324 1.357190885893367 -3.787532854930831 -0.690429902487910
-0.083904093873417 -0.024730259343278 0.035746786992244 -0.052259903847768 0.423297141507772 -0.245792949143764 1.389006393145431 -3.876552702821723 -0.687970316426423
-0.084165393392656 -0.022613773635739 0.034517822246525 -0.045314871882041 0.403914377993664 -0.249232800725896 1.421009153979025 -3.966100387677862 -0.685510730367156
-0.084391967752066 -0.020594201745770 0.033271658242896 -0.038209826112146 0.384083876055274 -0.252660354377732 1.453199168404695 -4.056175909512572 -0.683051144296787
-0.084583016882626 -0.018673782365494 0.032008356471007 -0.030943830270122 0.363802996507712 -0.256075610099216 1.485576436420777 -4.146779268321410 -0.680591558233079
-0.084737736033977 -0.016854767382955 0.030727978420511 -0.023515948088018 0.343069100166105 -0.259478567890381 1.518140958020608 -4.237910464106598 -0.678131972180473
-0.084855315774417 -0.015139421882125 0.029430585581059 -0.015925243297915 0.321879547845572 -0.262869227751283 1.550892733212517 -4.329569496868135 -0.675672386106774
-0.084934941990907 -0.013530024142897 0.028116239442303 -0.008170779631853 0.300231700361231 -0.266247589681817 1.583831761992616 -4.421756366606022 -0.673212800047507
-0.084975795889066 -0.012028865641091 0.026785001493893 -0.000251620821889 0.278122918528201 -0.269613653682055 1.616958044359795 -4.514471073315818 -0.670753213982689
-0.084977053993175 -0.010638251048450 0.025436933225483 0.007833169399910 0.255550563161622 -0.272967419751968 1.650271580317941 -4.607713617006404 -0.668293627923422
-0.084937888146176 -0.009360498232642 0.024072096126723 0.016084527301499 0.232511995076590 -0.276308887891585 1.683772369860947 -4.701483997668898 -0.665834041850832
-0.084857465509668 -0.008197938257259 0.022690551687265 0.024503389150804 0.209004575088245 -0.279638058100840 1.717460412997696 -4.795782215305522 -0.663374455803778
-0.084734948563914 -0.007152915381818 0.021292361396761 0.033090691215792 0.185025664011718 -0.282954930379858 1.751335709718194 -4.890608269920715 -0.660914869726748
-0.084569495107835 -0.006227787061759 0.019877586744862 0.041847369764383 0.160572622662114 -0.286259504728492 1.785398260030768 -4.985962161514479 -0.658455283664150
-0.084360258259014 -0.005424923948448 0.018446289221219 0.050774361064537 0.135642811854542 -0.289551781146813 1.819648063929313 -5.081843890075710 -0.655995697610434
-0.084106386453691 -0.004746709889176 0.016998530315485 0.059872601384184 0.110233592404163 -0.292831759634865 1.854085121418270 -5.178253455617732 -0.653536111534514
-0.083807023446770 -0.004195541927155 0.015534371517311 0.069143026991275 0.084342325126074 -0.296099440192538 1.888709432493751 -5.275190858140544 -0.651076525484129
-0.083461308311814 -0.003773830301525 0.014053874316348 0.078586574153744 0.057966370835372 -0.299354822819958 1.923520997160755 -5.372656097621942 -0.648616939411539
-0.083068375441045 -0.003483998447348 0.012557100202249 0.088204179139548 0.031103090347262 -0.302597907517016 1.958519815413728 -5.470649174095232 -0.646157353354493
-0.082627354545347 -0.003328482995611 0.011044110664664 0.097996778216616 0.003749844476786 -0.305828694283788 1.993705887257669 -5.569170087542652 -0.643697767285234
-0.082137370654264 -0.003309733773227 0.009514967193245 0.107965307652905 -0.024096005960927 -0.309047183120215 2.029079212686469 -5.668218837955319 -0.641238181227077
-0.081597544115999 -0.003430213803032 0.007969731277643 0.118110703716337 -0.052437100150704 -0.312253374026350 2.064639791707901 -5.767795425353217 -0.638778595162259
-0.081006990597418 -0.003692399303786 0.006408464407512 0.128433902674877 -0.081276077277470 -0.315447267002161 2.100387624316968 -5.867899849725244 -0.636319009101882
-0.080364821084043 -0.004098779690173 0.004831228072501 0.138935840796461 -0.110615576526096 -0.318628862047671 2.136322710510896 -5.968532111064739 -0.633859423027072
-0.079670141880061 -0.004651857572803 0.003238083762263 0.149617454349016 -0.140458237081420 -0.321798159162806 2.172445050299121 -6.069692209391686 -0.631399836975577
-0.078922054608316 -0.005354148758211 0.001629092966449 0.160479679600511 -0.170806698128378 -0.324955158347684 2.172445050299121 -6.069692209391686 -0.631399836975577
-0.078119656210313 -0.006208182248852 0.000004317174710 -0.160479679600511 0.170806698128378 0.324955158347684 2.136322710510896 -5.968532111064739 -0.633859423027072
-0.078922054608316 -0.005354148758211 0.001629092966449 -0.149617454349016 0.140458237081420 0.321798159162806 2.100387624316968 -5.867899849725244 -0.636319009101882
-0.079670141880061 -0.004651857572803 0.003238083762263 -0.138935840796461 0.110615576526096 0.318628862047671 2.064639791707901 -5.767795425353217 -0.638778595162259
-0.080364821084043 -0.004098779690173 0.004831228072501 -0.128433902674877 0.081276077277470 0.315447267002161 2.029079212686469 -5.668218837955319 -0.641238181227077
-0.081006990597418 -0.003692399303786 0.006408464407512 -0.118110703716337 0.052437100150704 0.312253374026350 1.993705887257669 -5.569170087542652 -0.643697767285234
-0.081597544115999 -0.003430213803032 0.007969731277643 -0.107965307652905 0.024096005960927 0.309047183120215 1.958519815413728 -5.470649174095232 -0.646157353354493
-0.082137370654264 -0.003309733773227 0.009514967193245 -0.097996778216616 -0.003749844476786 0.305828694283788 1.923520997160755 -5.372656097621942 -0.648616939411539
-0.082627354545347 -0.003328482995611 0.011044110664664 -0.088204179139548 -0.031103090347262 0.302597907517016 1.888709432493751 -5.275190858140544 -0.651076525484129
-0.083068375441045 -0.003483998447348 0.012557100202249 -0.078586574153744 -0.057966370835372 0.299354822819958 1.854085121418270 -5.178253455617732 -0.653536111534514
-0.083461308311814 -0.003773830301525 0.014053874316348 -0.069143026991275 -0.084342325126074 0.296099440192538 1.819648063929313 -5.081843890075710 -0.655995697610434
-0.083807023446770 -0.004195541927155 0.015534371517311 -0.059872601384184 -0.110233592404163 0.292831759634865 1.785398260030768 -4.985962161514479 -0.658455283664150
-0.084106386453691 -0.004746709889176 0.016998530315485 -0.050774361064537 -0.135642811854542 0.289551781146813 1.751335709718194 -4.890608269920715 -0.660914869726748
-0.084360258259014 -0.005424923948448 0.018446289221219 -0.041847369764383 -0.160572622662114 0.286259504728492 1.717460412997696 -4.795782215305522 -0.663374455803778
-0.084569495107835 -0.006227787061759 0.019877586744862 -0.033090691215792 -0.185025664011718 0.282954930379858 1.683772369860947 -4.701483997668898 -0.665834041850832
-0.084734948563914 -0.007152915381818 0.021292361396761 -0.024503389150804 -0.209004575088245 0.279638058100840 1.650271580317941 -4.607713617006404 -0.668293627923422
-0.084857465509668 -0.008197938257259 0.022690551687265 -0.016084527301499 -0.232511995076590 0.276308887891585 1.616958044359795 -4.514471073315818 -0.670753213982689
-0.084937888146176 -0.009360498232642 0.024072096126723 -0.007833169399910 -0.255550563161622 0.272967419751968 1.583831761992616 -4.421756366606022 -0.673212800047507
-0.084977053993175 -0.010638251048450 0.025436933225483 0.000251620821889 -0.278122918528201 0.269613653682055 1.550892733212517 -4.329569496868135 -0.675672386106774
-0.084975795889066 -0.012028865641091 0.026785001493893 0.008170779631853 -0.300231700361231 0.266247589681817 1.518140958020608 -4.237910464106598 -0.678131972180473
-0.084934941990907 -0.013530024142897 0.028116239442303 0.015925243297915 -0.321879547845572 0.262869227751283 1.485576436420777 -4.146779268321410 -0.680591558233079
-0.084855315774417 -0.015139421882125 0.029430585581059 0.023515948088018 -0.343069100166105 0.259478567890381 1.453199168404695 -4.056175909512572 -0.683051144296787
-0.084737736033977 -0.016854767382955 0.030727978420511 0.030943830270122 -0.363802996507712 0.256075610099216 1.421009153979025 -3.966100387677862 -0.685510730367156
-0.084583016882626 -0.018673782365494 0.032008356471007 0.038209826112146 -0.384083876055274 0.252660354377732 1.389006393145431 -3.876552702821723 -0.687970316426423
-0.084391967752066 -0.020594201745770 0.033271658242896 0.045314871882041 -0.403914377993664 0.249232800725896 1.357190885893367 -3.787532854930831 -0.690429902487910
-0.084165393392656 -0.022613773635739 0.034517822246525 0.052259903847768 -0.423297141507772 0.245792949143764 1.325562632235600 -3.699040844031831 -0.692889488554949
-0.083904093873417 -0.024730259343278 0.035746786992244 0.059045858277235 -0.442234805782427 0.242340799631324 1.294121632166023 -3.611076670093638 -0.695349074618656
-0.083608864582031 -0.026941433372190 0.036958490990401 0.065673671438413 -0.460730010002586 0.238876352188550 1.262867885681307 -3.523640333140676 -0.697808660673482
-0.083280496224838 -0.029245083422203 0.038152872751343 0.072144279599243 -0.478785393353054 0.235399606815456 1.231801392788667 -3.436731833159623 -0.700268246747182
-0.082919774826842 -0.031639010388968 0.039329870785421 0.078458619027649 -0.496403595018757 0.231910563512089 1.200922153483663 -3.350351170150478 -0.702727832804229
-0.082527481731704 -0.034121028364062 0.040489423602981 0.084617625991593 -0.513587254184555 0.228409222278353 1.170230167766295 -3.264498344128786 -0.705187418870157
-0.082104393601746 -0.036688964634984 0.041631469714373 0.090622236759011 -0.530339010035308 0.224895583114332 1.139725435638783 -3.179173355067899 -0.707647004928313
-0.081651282417951 -0.039340659685161 0.042755947629944 0.096473387597842 -0.546661501755952 0.221369646019981 1.109407957098352 -3.094376202987803 -0.710106590998683
-0.081168915479962 -0.042073967193941 0.043862795860044 0.102172014776036 -0.562557368531291 0.217831410995339 1.079277732149442 -3.010106887890718 -0.712566177059060
-0.080658055406082 -0.044886754036597 0.044951952915021 0.107719054561528 -0.578029249546230 0.214280878040346 1.049334760784837 -2.926365409758880 -0.715025763122767
-0.080119460133274 -0.047776900284328 0.046023357305223 0.113115443222275 -0.593079783985684 0.210718047155051 1.019579043012864 -2.843151768607832 -0.717485349182034
-0.079553882917163 -0.050742299204257 0.047076947540998 0.118362117026199 -0.607711611034478 0.207142918339437 0.990010578827416 -2.760465964435355 -0.719944935250183
-0.078962072332032 -0.053780857259429 0.048112662132695 0.123460012241264 -0.621927369877517 0.203555491593527 0.960629368229604 -2.678307997228124 -0.722404521315001
-0.078344772270825 -0.056890494108817 0.049130439590663 0.128410065135401 -0.635729699699694 0.199955766917276 0.931435411222203 -2.596677867008346 -0.724864107367607
-0.077702721945148 -0.060069142607315 0.050130218425249 0.133213211976549 -0.649121239685835 0.196343744310701 0.902428707804659 -2.515575573756035 -0.727323693443527
-0.077036655885266 -0.063314748805744 0.051111937146803 0.137870389032660 -0.662104629020877 0.192719423773863 0.873609257971419 -2.435001117482294 -0.729783279499463
-0.076347303940102 -0.066625271950849 0.052075534265672 0.142382532571683 -0.674682506889657 0.189082805306645 0.844977061729146 -2.354954498184902 -0.732242865565391
-0.075635391277244 -0.069998684485297 0.053020948292205 0.146750578861540 -0.686857512477068 0.185433888909148 0.816532119077285 -2.275435715861640 -0.734702451630209
-0.074901638382936 -0.073432972047682 0.053948117736751 0.150975464170186 -0.698632284967993 0.181772674581321 0.788274430010283 -2.196444770514727 -0.737162037685035
-0.074146761062085 -0.076926133472522 0.054856981109658 0.155058124765572 -0.710009463547301 0.178099162323170 0.760203994535913 -2.117981662144164 -0.739621623758735
-0.073371470438257 -0.080476180790259 0.055747476921273 0.158999496915624 -0.720991687399875 0.174413352134745 0.732320812646403 -2.040046390741068 -0.742081209815781
-0.072576472953679 -0.084081139227258 0.056619543681947 0.162800516888303 -0.731581595710595 0.170715244015951 0.704624884346750 -1.962638956325424 -0.744540795881710
-0.071762470369238 -0.087739047205811 0.057473119902027 0.166462120951535 -0.741781827664301 0.167004837966872 0.677116209636952 -1.885759358886130 -0.747000381945417
-0.070930159764480 -0.091447956344133 0.058308144091861 0.169985245373269 -0.751595022445928 0.163282133987463 0.649794788514235 -1.809407598405421 -0.749459968005795
-0.070080233537614 -0.095205931456362 0.059124554761799 0.173370826421454 -0.761023819240358 0.159547132077736 0.622660620981930 -1.733583674921046 -0.751919554070613
-0.069213379405506 -0.099011050552564 0.059922290422187 0.176619800364025 -0.770070857232386 0.155799832237707 0.595713707035039 -1.658287588397478 -0.754379140130990
-0.068330280403686 -0.102861404838726 0.060701289583376 0.179733103468935 -0.778738775606991 0.152040234467354 0.568954046679115 -1.583519338856920 -0.756838726200249
-0.067431614886342 -0.106755098716761 0.061461490755713 0.182711672004110 -0.787030213548978 0.148268338766699 0.542381639912493 -1.509278926288271 -0.759298312259515
-0.066518056526321 -0.110690249784506 0.062202832449546 0.185556442237506 -0.794947810243263 0.144484145135698 0.515996486731840 -1.435566350698192 -0.761757898325444
-0.065590274315134 -0.114664988835722 0.062925253175225 0.188268350437068 -0.802494204874704 0.140687653574401 0.489798587141044 -1.362381612077801 -0.764217484380270
-0.064648932562948 -0.118677459860096 0.063628691443097 0.190848332870727 -0.809672036628195 0.136878864082773 0.463787941138993 -1.289724710444862 -0.766677070455080
-0.063694690898595 -0.122725820043237 0.064313085763510 0.193297325806432 -0.816483944688584 0.133057776660872 0.437964548727354 -1.217595645774949 -0.769136656509906
-0.062728204269562 -0.126808239766680 0.064978374646815 0.195616265512127 -0.822932568240808 0.129224391308597 0.412328409899743 -1.145994418090268 -0.771596242578054
-0.061750122942002 -0.130922902607884 0.065624496603358 0.197806088255764 -0.829020546469683 0.125378708026047 0.386879524665040 -1.074921027368614 -0.774055828640652
-0.060761092500723 -0.135068005340232 0.066251390143488 0.199867730305263 -0.834750518560134 0.121520726813157 0.361617893016863 -1.004375473636632 -0.776515414703249
-0.059761753849197 -0.139241757933033 0.066858993777554 0.201802127928588 -0.840125123696978 0.117650447669954 0.336543514956877 -0.934357756872117 -0.778975000763626
-0.058752743209554 -0.143442383551518 0.067447246015904 0.203610217393672 -0.845147001065161 0.113767870596437 0.311656390487303 -0.864867877088393 -0.781434586828444
-0.057734692122585 -0.147668118556843 0.068016085368886 0.205292934968457 -0.849818789849521 0.109872995592619 0.286956519604253 -0.795905834265476 -0.783894172894373
-0.056708227447743 -0.151917212506091 0.068565450346849 0.206851216920893 -0.854143129234963 0.105965822658477 0.262443902311615 -0.727471628445553 -0.786353758954750
-0.055673971363139 -0.156187928152266 0.069095279460141 0.208285999518915 -0.858122658406291 0.102046351794005 0.238118538605780 -0.659565259573114 -0.788813345019568
-0.054632541365544 -0.160478541444297 0.069605511219111 0.209598219030473 -0.861760016548518 0.098114582999231 0.213980428491467 -0.592186727694788 -0.791272931083276
-0.053584550270392 -0.164787341527040 0.070096084134107 0.210788811723502 -0.865057842846384 0.094170516274134 0.190029571960904 -0.525336032786150 -0.793732517142542
-0.052530606211774 -0.169112630741272 0.070566936715478 0.211858713865959 -0.868018776484858 0.090214151618717 0.166265969023249 -0.459013174844980 -0.796192103209581
-0.051471312642444 -0.173452724623696 0.071018007473572 0.212808861725763 -0.870645456648789 0.086245489033004 0.142689619673231 -0.393218153895702 -0.798651689272178
-0.050407268333816 -0.177805951906940 0.071449234918737 0.213640191570880 -0.872940522523014 0.082264528516957 0.119300523911126 -0.327950969911672 -0.801111275333666
-0.049339067375961 -0.182170654519555 0.071860557561321 0.214353639669246 -0.874906613292492 0.078271270070596 0.096098681735546 -0.263211622899551 -0.803570861399594
-0.048267299177615 -0.186545187586018 0.072251913911674 0.214950142288801 -0.876546368142050 0.074265713693927 0.073084093155651 -0.199000112879322 -0.806030447459971
-0.047192548466171 -0.190927919426728 0.072623242480144 0.215430635697479 -0.877862426256548 0.070247859386929 0.050256758152845 -0.135316439808797 -0.808490033528120
-0.046115395287683 -0.195317231558011 0.072974481777079 0.215796056163257 -0.878857426820945 0.066217707149629 0.027616676747944 -0.072160603733495 -0.810949619587387
-0.045036415006867 -0.199711518692115 0.073305570312827 0.216047339954022 -0.879534009019989 0.062175256981989 0.005163848931788 -0.009532604638984 -0.813409205647764
-0.043956178307097 -0.204109188737215 0.073616446597737 0.216185423337761 -0.879894812038656 0.058120508884052 -0.017101725303115 0.052567557503602 -0.815868791717023
-0.042875251190408 -0.208508662797409 0.073907049142157 0.216211242582420 -0.879942475061851 0.054053462855813 -0.039180045943166 0.114139882652076 -0.818328377775179
-0.041794194977496 -0.212908375172718 0.074177316456436 0.216125733955905 -0.879679637274333 0.049974118897228 -0.061071112996136 0.175184370825310 -0.820787963843328
-0.040713566307717 -0.217306773359089 0.074427187050922 0.215929833726189 -0.879108937861073 0.045882477008352 -0.082774926460916 0.235701022035517 -0.823247549902595
-0.039633917139086 -0.221702318048395 0.074656599435964 0.215624478161208 -0.878233016006946 0.041778537189135 -0.104291486336672 0.295689836250501 -0.825707135968523
-0.038555794748280 -0.226093483128430 0.074865492121910 0.215210603528904 -0.877054510896769 0.037662299439623 -0.125620792626735 0.355150813514671 -0.828166722030010
-0.037479741730635 -0.230478755682913 0.075053803619108 0.214689146097220 -0.875576061715516 0.033533763759780 -0.146762845323889 0.414083953786948 -0.830626308091498
-0.036406296000149 -0.234856635991491 0.075221472437907 0.214061042134087 -0.873800307647943 0.029392930149630 -0.167717644432852 0.472489257076214 -0.833085894161867
-0.035335990789479 -0.239225637529731 0.075368437088655 0.213327227907467 -0.871729887879008 0.025239798609172 -0.188485189959176 0.530366723416886 -0.835545480216693
-0.034269354649941 -0.243584286969126 0.075494636081701 0.212488639685303 -0.869367441593627 0.021074369138363 -0.209065481888426 0.587716352757894 -0.838005066284842
-0.033206911451515 -0.247931124177094 0.075600007927393 0.211546213735507 -0.866715607976543 0.016896641737280 -0.229458520233788 0.644538145126994 -0.840464652342998
-0.032149180382837 -0.252264702216977 0.075684491136079 0.210500886326065 -0.863777026212753 0.012706616405855 -0.249664304993180 0.700832100535287 -0.842924238417808
-0.031096675951207 -0.256583587348040 0.075748024218108 0.209353593724896 -0.860554335487118 0.008504293144140 -0.269682836154528 0.756598218942806 -0.845383824467083
-0.030049907982582 -0.260886359025476 0.075790545683829 0.208105272199930 -0.857050174984442 0.004289671952051 -0.289514113739342 0.811836500402840 -0.847843410537452
-0.029009381621583 -0.265171609900398 0.075811994043589 0.206756858019157 -0.853267183889728 0.000062752829716 -0.309158137727500 0.866546944866542 -0.850302996598939
-0.027975597331487 -0.269437945819847 0.075812307807738 0.205309287450461 -0.849208001387713 -0.004176464222971 -0.328614908128855 0.920729552364996 -0.852762582661537
-0.026949050894235 -0.273683985826785 0.075791425486623 0.203763496761823 -0.844875266663381 -0.008427979205966 -0.347884424940770 0.974384322880439 -0.855222168729686
-0.025930233410426 -0.277908362160102 0.075749285590593 0.202120422221179 -0.840271618901556 -0.012691792119274 -0.366966688172543 1.027511256441738 -0.857681754787842
-0.024919631299320 -0.282109720254610 0.075685826629997 0.200381000096475 -0.835399697287154 -0.016967902962922 -0.385861697797946 1.080110352980057 -0.860141340851550
-0.023917726298837 -0.286286718741046 0.075600987115182 0.198546166655612 -0.830262141004945 -0.021256311736861 -0.404569453853754 1.132181612599759 -0.862600926917478
-0.022924995465559 -0.290438029446071 0.075494705556498 0.196616858166623 -0.824861589240045 -0.025557018441119 -0.423089956308881 1.183725035205363 -0.865060512980076
-0.021941911174726 -0.294562337392271 0.075366920464292 0.194594010897354 -0.819200681177046 -0.029870023075707 -0.441423205180119 1.234740620850161 -0.867520099037122
-0.020968941120239 -0.298658340798156 0.075217570348914 0.192478561115809 -0.813282056001019 -0.034195325640607 -0.459569200461363 1.285228369516389 -0.869979685110822
-0.020006548314660 -0.302724751078161 0.075046593720711 0.190271445089909 -0.807108352896768 -0.038532926135793 -0.477527942155526 1.335188281204047 -0.872439271166758
-0.019055191089211 -0.306760292842645 0.074853929090032 0.187973599087602 -0.800682211049186 -0.042882824561347 -0.495299430259832 1.384620355926458 -0.874898857229356
-0.018115323093773 -0.310763703897891 0.074639514967225 0.185585959376824 -0.794006269643166 -0.047245020917180 -0.512883664774144 1.433524593656976 -0.877358443296394
-0.017187393296889 -0.314733735246107 0.074403289862639 0.183109462225525 -0.787083167863534 -0.051619515203327 -0.530280645703873 1.481900994428909 -0.879818029361212
-0.016271845985761 -0.318669151085424 0.074145192286622 0.180545043901655 -0.779915544895249 -0.056006307419809 -0.547490373042081 1.529749558213389 -0.882277615419369
-0.015369120766253 -0.322568728809901 0.073865160749523 0.177893640673135 -0.772506039923104 -0.060405397566615 -0.564512846792170 1.577070285030402 -0.884737201485297
-0.014479652562887 -0.326431259009516 0.073563133761690 0.175156188807925 -0.764857292132037 -0.064816785643712 -0.581348066953852 1.623863174862183 -0.887196787547895
-0.013603871618847 -0.330255545470176 0.073239049833472 0.172333624573964 -0.756971940706885 -0.069240471651139 -0.597996033525133 1.670128227724277 -0.889656373608272
-0.012742203495978 -0.334040405173711 0.072892847475216 0.169426884239195 -0.748852624832574 -0.073676455588878 -0.614456746513348 1.715865443616682 -0.892115959679751
-0.011895069074782 -0.337784668297874 0.072524465197272 0.166436904071569 -0.740501983693953 -0.078124737456919 -0.630730205905677 1.761074822521635 -0.894575545735687
-0.011062884554424 -0.341487178216343 0.072133841509987 0.163364620339002 -0.731922656475870 -0.082585317255318 -0.646816411716616 1.805756364463562 -0.897035131799395
-0.010246061452729 -0.345146791498723 0.071720914923710 0.160210969309474 -0.723117282363261 -0.087058194983997 -0.662715363934224 1.849910069415817 -0.899494717864213
-0.009445006606181 -0.348762377910539 0.071285623948790 0.156976887250891 -0.714088500540944 -0.091543370642994 -0.678427062561493 1.893535937400603 -0.901954303929031
-0.008660122169927 -0.352332820413244 0.070827907095576 0.153663310431220 -0.704838950193865 -0.096040844232315 -0.693951507604318 1.936633968406820 -0.904413889990519
-0.007891805617771 -0.355857015164213 0.070347702874414 0.150271175118412 -0.695371270506862 -0.100550615751960 -0.709288699063254 1.979204162456671 -0.906873476053116
-0.007140449742179 -0.359333871516747 0.069844949795654 0.146801417580391 -0.685688100664827 -0.105072685201912 -0.724438636918595 2.021246519492426 -0.909333062115714
-0.006406442654277 -0.362762312020072 0.069319586369645 0.143254974085074 -0.675792079852544 -0.109607052582178 -0.739401321197747 2.062761039578476 -0.911792648182752
-0.005690167783851 -0.366141272419334 0.068771551106734 0.139632780900481 -0.665685847255082 -0.114153717892757 -0.754176751889685 2.103747722694838 -0.914252234243129
-0.004992003879349 -0.369469701655610 0.068200782517270 0.135935774294493 -0.655372042057190 -0.118712681133670 -0.768764928980942 2.144206568810425 -0.916711820305727
-0.004312325007877 -0.372746561865896 0.067607219111602 0.132164890535044 -0.644853303443715 -0.123283942304886 -0.783165852498086 2.184137577985190 -0.919171406371655
-0.003651500555201 -0.375970828383114 0.066990799400077 0.128321065890140 -0.634132270599663 -0.127867501406415 -0.797379522418651 2.223540750156960 -0.921630992429812
-0.003009895225751 -0.379141489736113 0.066351461893045 0.124405236627649 -0.623211582709737 -0.132463358438273 -0.811405938744431 2.262416085345720 -0.924090578502401
-0.002387869042612 -0.382257547649661 0.065689145100854 0.120418339015556 -0.612093878958953 -0.137071513400422 -0.825245101495550 2.300763583589216 -0.926550164553896
-0.001785777347535 -0.385318017044456 0.065003787533852 0.116361309321834 -0.600781798532224 -0.141691966292934 -0.838897010649389 2.338583244838599 -0.929009750626486
-0.001203970800925 -0.388321926037117 0.064295327702387 0.112235083814356 -0.589277980614278 -0.146324717115703 -0.852361666216495 2.375875069111633 -0.931469336684643
-0.000642795381854 -0.391268315940188 0.063563704116808 0.108040598761109 -0.577585064390085 -0.150969765868836 -0.865639068198462 2.412639056430521 -0.933928922748350
-0.000102592388048 -0.394156241262139 0.062808855287464 0.103778790430026 -0.565705689044527 -0.155627112552259 -0.878729216583218 2.448875206733092 -0.936388508815389
0.000416301564102 -0.396984769707362 0.062030719724703 0.099450595089034 -0.553642493762374 -0.160296757166001 -0.891632111388979 2.484583520097061 -0.938848094874656
0.000913554539547 -0.399752982176173 0.061229235938873 0.095056949006118 -0.541398117728709 -0.164978699710078 -0.904347752598358 2.519763996466917 -0.941307680937253
0.001388839284578 -0.402459972764817 0.060404342440323 0.090598788449173 -0.528975200128223 -0.169672940184451 -0.916876140223294 2.554416635862644 -0.943767267005402
0.001841833226824 -0.405104848765458 0.059555977739400 0.086077049686181 -0.516376380145889 -0.174379478589137 -0.929217274260735 2.588541438290903 -0.946226853060228
0.002272218475255 -0.407686730666187 0.058684080346455 0.081492668985065 -0.503604296966575 -0.179098314924164 -0.941371154703982 2.622138403731711 -0.948686439133928
0.002679681820180 -0.410204752151020 0.057788588771834 0.076846582613761 -0.490661589775121 -0.183829449189465 -0.953337781575103 2.655207532236137 -0.951146025188754
0.003063914733249 -0.412658060099896 0.056869441525886 0.072139726840241 -0.477550897756462 -0.188572881385135 -0.965117154829928 2.687748823695379 -0.953605611258013
0.003424613367450 -0.415045814588678 0.055926577118961 0.067373037932366 -0.464274860095282 -0.193328611511079 -0.976709274517865 2.719762278231563 -0.956065197318390
0.003761478557112 -0.417367188889155 0.054959934061405 0.062547452158216 -0.450836115976805 -0.198096639567369 -0.988114140608523 2.751247895766973 -0.958524783378767
0.004074215817903 -0.419621369469039 0.053969450863569 0.057663905785627 -0.437237304585647 -0.202876965553961 -0.999331753121363 2.782205676363780 -0.960984369446916
0.004362535346831 -0.421807555991967 0.052955066035799 0.052723335082584 -0.423481065106812 -0.207669589470855 -1.010362112024224 2.812635619928727 -0.963443955508403
0.004626152022244 -0.423924961317501 0.051916718088444 0.047726676316977 -0.409570036724993 -0.212474511318089 -1.021205217360543 2.842537726568395 -0.965903541572111
0.004864785403829 -0.425972811501126 0.050854345531854 0.042674865756856 -0.395506858625350 -0.217291731095631 -1.031861069090631 2.871911996189525 -0.968363127633598
0.005078159732613 -0.427950345794253 0.049767886876376 0.037568839670054 -0.381294169992508 -0.222121248803492 -1.042329667252789 2.900758428889816 -0.970822713695085
0.005266003930963 -0.429856816644215 0.048657280632358 0.032409534324600 -0.366934610011560 -0.226963064441660 -1.052611011801152 2.929077024547144 -0.973282299763234
0.005428051602586 -0.431691489694273 0.047522465310150 0.027197885988337 -0.352430817867111 -0.231817178010135 -1.062705102780892 2.956867783283634 -0.975741885824721
0.005564041032528 -0.433453643783609 0.046363379420099 0.021934830929331 -0.337785432744375 -0.236683589508951 -1.072611940166820 2.984130705028232 -0.978201471887319
0.005673715187175 -0.435142570947330 0.045179961472555 0.016621305415426 -0.323001093827957 -0.241562298938075 -1.082331523957827 3.010865789780937 -0.980661057949916
0.005756821714252 -0.436757576416470 0.043972149977864 0.011258245714592 -0.308080440302816 -0.246453306297512 -1.091863854169178 3.037073037588378 -0.983120644016955
0.005813112942825 -0.438297978617984 0.042739883446377 0.005846588094803 -0.293026111353911 -0.251356611587261 -1.101208930783595 3.062752448386163 -0.985580230075112
0.005842345883299 -0.439763109174754 0.041483100388440 0.000387268823957 -0.277840746165969 -0.256272214807346 -1.110366753813777 3.087904022223142 -0.988039816138819
0.005844282227418 -0.441152312905584 0.040201739314404 -0.005118775829961 -0.262526983924039 -0.261200115957722 -1.119337323258474 3.112527759105976 -0.990499402203637
0.005818688348269 -0.442464947825204 0.038895738734615 -0.010670609599030 -0.247087463812923 -0.266140315038416 -1.128120639108249 3.136623658976934 -0.992958988269566
0.005765335300274 -0.443700385144269 0.037565037159423 -0.016267296215322 -0.231524825017393 -0.271092812049434 -1.136716701374552 3.160191721893746 -0.995418574327722
0.005683998819197 -0.444858009269356 0.036209573099176 -0.021907899410863 -0.215841706722508 -0.276057606990782 -1.145125510049194 3.183231947838649 -0.997878160394761
0.005574459322143 -0.445937217802968 0.034829285064222 -0.027591482917736 -0.200040748113040 -0.281034699862420 -1.153347065133287 3.205744336778338 -1.000337746457358
0.005436501907554 -0.446937421543533 0.033424111564910 -0.033317110467982 -0.184124588373846 -0.286024090664394 -1.161381366637307 3.227728888790526 -1.002797332518846
0.005269916355214 -0.447858044485403 0.031993991111588 -0.039083845793648 -0.168095866689955 -0.291025779396681 -1.169228414543838 3.249185603788618 -1.005256918581443
0.005074497126246 -0.448698523818852 0.030538862214604 -0.044890752626835 -0.151957222246002 -0.296039766059275 -1.176888208862872 3.270114481810360 -1.007716504648482
0.004850043363112 -0.449458309930082 0.029058663384308 -0.050736894699554 -0.135711294227059 -0.301066050652182 -1.184360749603464 3.290515522895721 -1.010176090707748
0.004596358889614 -0.450136866401218 0.027553333131047 -0.056621335743869 -0.119360721818007 -0.306104633175425 -1.191646036736058 3.310388726949220 -1.012635676771456
0.004313252210894 -0.450733670010308 0.026022809965170 -0.062543139491886 -0.102908144203528 -0.311155513628963 -1.198744070302557 3.329734094086323 -1.015095262839605
0.004000536513435 -0.451248210731325 0.024467032397025 -0.068501369675566 -0.086356200568782 -0.316218692012821 -1.205654850259460 3.348551624187124 -1.017554848896651
0.003658029665057 -0.451679991734169 0.022885938936961 -0.074495090027079 -0.069707530098351 -0.321294168327019 -1.212378376648607 3.366841317378189 -1.020014434962579
0.003285554214922 -0.452028529384661 0.021279468095326 -0.080523364278376 -0.052964771977415 -0.326381942571502 -1.218914649430761 3.384603173537393 -1.022474021027397
0.002882937393530 -0.452293353244548 0.019647558382469 -0.086585256161619 -0.036130565390524 -0.331482014746315 -1.225263668634818 3.401837192744672 -1.024933607087775
0.002450011112722 -0.452474006071501 0.017990148308737 -0.092679829408773 -0.019207549522837 -0.336594384851452 -1.231425434242150 3.418543374966720 -1.027393193150372
0.001986611965678 -0.452570043819115 0.016307176384480 -0.098806147751947 -0.002198363559114 -0.341719052886891 -1.237399946274684 3.434721720243505 -1.029852779216300
0.001492581226918 -0.452581035636910 0.014598581120045 -0.104963274923158 0.014894353315720 -0.346856018852643 -1.243187204702026 3.450372228495091 -1.032312365281118
0.000967764852302 -0.452506563870332 0.012864301025782 -0.111150274654531 0.032067961916937 -0.352005282748724 -1.248787209563798 3.465494899845822 -1.034771951340385
0.000412013479030 -0.452346224060747 0.011104274612038 -0.117366210678041 0.049319823059413 -0.357166844575130 -1.254199960799113 3.480089734106961 -1.037231537401873
-0.000174817574360 -0.452099624945450 0.009318440389163 -0.123610146725860 0.066647297558642 -0.362340704331832 -1.259425458482644 3.494156731496112 -1.039691123471131
-0.000792868307990 -0.451766388457657 0.007506736867504 -0.129881146529856 0.084047746229177 -0.367526862018841 -1.264463702565571 3.507695891877827 -1.042150709532619
